case_id,expanded_route_id,input_xml_path,status,severity,r2_decisions,clienteMunicipioVivienda,clienteMunicipioTrabajo,has_hist_vivienda,has_hist_trabajo,target_cn_vivienda,target_cn_trabajo,message
GPA-001__R2-001__R1-001__0001,GPA-001__R2-001__R1-001,02_inputs_xml_flat/GPA-001__R2-001__R1-001__0001.xml,PASS,INFO,R1.D01=SI;R1.D02=SI;R2.D01=SI;R2.D02=SI;R2.D03=SI,MUNICIPIO30611,MUNICIPIO_SIN_CN_TRAB,Si,No,30611,,Regla 2 coherente para validaciones implementadas.
GPA-001__R2-001__R1-001__0002,GPA-001__R2-001__R1-001,02_inputs_xml_flat/GPA-001__R2-001__R1-001__0002.xml,PASS,INFO,R1.D01=SI;R1.D02=SI;R2.D01=SI;R2.D02=SI;R2.D03=SI,MUNICIPIO30612,MUNICIPIO_SIN_CN_TRAB,Si,No,30612,,Regla 2 coherente para validaciones implementadas.
GPA-001__R2-001__R1-001__0003,GPA-001__R2-001__R1-001,02_inputs_xml_flat/GPA-001__R2-001__R1-001__0003.xml,PASS,INFO,R1.D01=SI;R1.D02=SI;R2.D01=SI;R2.D02=SI;R2.D03=SI,MUNICIPIO30613,MUNICIPIO_SIN_CN_TRAB,Si,No,30613,,Regla 2 coherente para validaciones implementadas.
GPA-001__R2-001__R1-001__0004,GPA-001__R2-001__R1-001,02_inputs_xml_flat/GPA-001__R2-001__R1-001__0004.xml,PASS,INFO,R1.D01=SI;R1.D02=SI;R2.D01=SI;R2.D02=SI;R2.D03=SI,MUNICIPIO30611,MUNICIPIO_SIN_CN_TRAB,Si,No,30611,,Regla 2 coherente para validaciones implementadas.
GPA-001__R2-001__R1-001__0005,GPA-001__R2-001__R1-001,02_inputs_xml_flat/GPA-001__R2-001__R1-001__0005.xml,PASS,INFO,R1.D01=SI;R1.D02=SI;R2.D01=SI;R2.D02=SI;R2.D03=SI,MUNICIPIO30612,MUNICIPIO_SIN_CN_TRAB,Si,No,30612,,Regla 2 coherente para validaciones implementadas.
GPA-001__R2-001__R1-001__0006,GPA-001__R2-001__R1-001,02_inputs_xml_flat/GPA-001__R2-001__R1-001__0006.xml,PASS,INFO,R1.D01=SI;R1.D02=SI;R2.D01=SI;R2.D02=SI;R2.D03=SI,MUNICIPIO30613,MUNICIPIO_SIN_CN_TRAB,Si,No,30613,,Regla 2 coherente para validaciones implementadas.
GPA-001__R2-001__R1-001__0007,GPA-001__R2-001__R1-001,02_inputs_xml_flat/GPA-001__R2-001__R1-001__0007.xml,PASS,INFO,R1.D01=SI;R1.D02=SI;R2.D01=SI;R2.D02=SI;R2.D03=SI,MUNICIPIO30611,MUNICIPIO_SIN_CN_TRAB,Si,No,30611,,Regla 2 coherente para validaciones implementadas.
GPA-001__R2-001__R1-001__0008,GPA-001__R2-001__R1-001,02_inputs_xml_flat/GPA-001__R2-001__R1-001__0008.xml,PASS,INFO,R1.D01=SI;R1.D02=SI;R2.D01=SI;R2.D02=SI;R2.D03=SI,MUNICIPIO30612,MUNICIPIO_SIN_CN_TRAB,Si,No,30612,,Regla 2 coherente para validaciones implementadas.
GPA-001__R2-001__R1-001__0009,GPA-001__R2-001__R1-001,02_inputs_xml_flat/GPA-001__R2-001__R1-001__0009.xml,PASS,INFO,R1.D01=SI;R1.D02=SI;R2.D01=SI;R2.D02=SI;R2.D03=SI,MUNICIPIO30613,MUNICIPIO_SIN_CN_TRAB,Si,No,30613,,Regla 2 coherente para validaciones implementadas.
GPA-001__R2-001__R1-001__0010,GPA-001__R2-001__R1-001,02_inputs_xml_flat/GPA-001__R2-001__R1-001__0010.xml,PASS,INFO,R1.D01=SI;R1.D02=SI;R2.D01=SI;R2.D02=SI;R2.D03=SI,MUNICIPIO30611,MUNICIPIO_SIN_CN_TRAB,Si,No,30611,,Regla 2 coherente para validaciones implementadas.
GPA-001__R2-001__R1-001__0011,GPA-001__R2-001__R1-001,02_inputs_xml_flat/GPA-001__R2-001__R1-001__0011.xml,PASS,INFO,R1.D01=SI;R1.D02=SI;R2.D01=SI;R2.D02=SI;R2.D03=SI,MUNICIPIO30612,MUNICIPIO_SIN_CN_TRAB,Si,No,30612,,Regla 2 coherente para validaciones implementadas.
GPA-001__R2-001__R1-001__0012,GPA-001__R2-001__R1-001,02_inputs_xml_flat/GPA-001__R2-001__R1-001__0012.xml,PASS,INFO,R1.D01=SI;R1.D02=SI;R2.D01=SI;R2.D02=SI;R2.D03=SI,MUNICIPIO30613,MUNICIPIO_SIN_CN_TRAB,Si,No,30613,,Regla 2 coherente para validaciones implementadas.
GPA-001__R2-001__R1-001__0013,GPA-001__R2-001__R1-001,02_inputs_xml_flat/GPA-001__R2-001__R1-001__0013.xml,PASS,INFO,R1.D01=SI;R1.D02=SI;R2.D01=SI;R2.D02=SI;R2.D03=SI,MUNICIPIO30611,MUNICIPIO_SIN_CN_TRAB,Si,No,30611,,Regla 2 coherente para validaciones implementadas.
GPA-001__R2-001__R1-001__0014,GPA-001__R2-001__R1-001,02_inputs_xml_flat/GPA-001__R2-001__R1-001__0014.xml,PASS,INFO,R1.D01=SI;R1.D02=SI;R2.D01=SI;R2.D02=SI;R2.D03=SI,MUNICIPIO30612,MUNICIPIO_SIN_CN_TRAB,Si,No,30612,,Regla 2 coherente para validaciones implementadas.
GPA-001__R2-001__R1-001__0015,GPA-001__R2-001__R1-001,02_inputs_xml_flat/GPA-001__R2-001__R1-001__0015.xml,PASS,INFO,R1.D01=SI;R1.D02=SI;R2.D01=SI;R2.D02=SI;R2.D03=SI,MUNICIPIO30613,MUNICIPIO_SIN_CN_TRAB,Si,No,30613,,Regla 2 coherente para validaciones implementadas.
GPA-001__R2-001__R1-001__0016,GPA-001__R2-001__R1-001,02_inputs_xml_flat/GPA-001__R2-001__R1-001__0016.xml,PASS,INFO,R1.D01=SI;R1.D02=SI;R2.D01=SI;R2.D02=SI;R2.D03=SI,MUNICIPIO30611,MUNICIPIO_SIN_CN_TRAB,Si,No,30611,,Regla 2 coherente para validaciones implementadas.
GPA-001__R2-001__R1-001__0017,GPA-001__R2-001__R1-001,02_inputs_xml_flat/GPA-001__R2-001__R1-001__0017.xml,PASS,INFO,R1.D01=SI;R1.D02=SI;R2.D01=SI;R2.D02=SI;R2.D03=SI,MUNICIPIO30612,MUNICIPIO_SIN_CN_TRAB,Si,No,30612,,Regla 2 coherente para validaciones implementadas.
GPA-001__R2-001__R1-001__0018,GPA-001__R2-001__R1-001,02_inputs_xml_flat/GPA-001__R2-001__R1-001__0018.xml,PASS,INFO,R1.D01=SI;R1.D02=SI;R2.D01=SI;R2.D02=SI;R2.D03=SI,MUNICIPIO30613,MUNICIPIO_SIN_CN_TRAB,Si,No,30613,,Regla 2 coherente para validaciones implementadas.
GPA-001__R2-001__R1-001__0019,GPA-001__R2-001__R1-001,02_inputs_xml_flat/GPA-001__R2-001__R1-001__0019.xml,PASS,INFO,R1.D01=SI;R1.D02=SI;R2.D01=SI;R2.D02=SI;R2.D03=SI,MUNICIPIO30611,MUNICIPIO_SIN_CN_TRAB,Si,No,30611,,Regla 2 coherente para validaciones implementadas.
GPA-001__R2-001__R1-001__0020,GPA-001__R2-001__R1-001,02_inputs_xml_flat/GPA-001__R2-001__R1-001__0020.xml,PASS,INFO,R1.D01=SI;R1.D02=SI;R2.D01=SI;R2.D02=SI;R2.D03=SI,MUNICIPIO30612,MUNICIPIO_SIN_CN_TRAB,Si,No,30612,,Regla 2 coherente para validaciones implementadas.
GPA-001__R2-001__R1-001__0021,GPA-001__R2-001__R1-001,02_inputs_xml_flat/GPA-001__R2-001__R1-001__0021.xml,PASS,INFO,R1.D01=SI;R1.D02=SI;R2.D01=SI;R2.D02=SI;R2.D03=SI,MUNICIPIO30613,MUNICIPIO_SIN_CN_TRAB,Si,No,30613,,Regla 2 coherente para validaciones implementadas.
GPA-001__R2-001__R1-001__0022,GPA-001__R2-001__R1-001,02_inputs_xml_flat/GPA-001__R2-001__R1-001__0022.xml,PASS,INFO,R1.D01=SI;R1.D02=SI;R2.D01=SI;R2.D02=SI;R2.D03=SI,MUNICIPIO30611,MUNICIPIO_SIN_CN_TRAB,Si,No,30611,,Regla 2 coherente para validaciones implementadas.
GPA-001__R2-001__R1-001__0023,GPA-001__R2-001__R1-001,02_inputs_xml_flat/GPA-001__R2-001__R1-001__0023.xml,PASS,INFO,R1.D01=SI;R1.D02=SI;R2.D01=SI;R2.D02=SI;R2.D03=SI,MUNICIPIO30612,MUNICIPIO_SIN_CN_TRAB,Si,No,30612,,Regla 2 coherente para validaciones implementadas.
GPA-001__R2-001__R1-001__0024,GPA-001__R2-001__R1-001,02_inputs_xml_flat/GPA-001__R2-001__R1-001__0024.xml,PASS,INFO,R1.D01=SI;R1.D02=SI;R2.D01=SI;R2.D02=SI;R2.D03=SI,MUNICIPIO30613,MUNICIPIO_SIN_CN_TRAB,Si,No,30613,,Regla 2 coherente para validaciones implementadas.
GPA-001__R2-001__R1-001__0025,GPA-001__R2-001__R1-001,02_inputs_xml_flat/GPA-001__R2-001__R1-001__0025.xml,PASS,INFO,R1.D01=SI;R1.D02=SI;R2.D01=SI;R2.D02=SI;R2.D03=SI,MUNICIPIO30611,MUNICIPIO_SIN_CN_TRAB,Si,No,30611,,Regla 2 coherente para validaciones implementadas.
GPA-001__R2-001__R1-001__0026,GPA-001__R2-001__R1-001,02_inputs_xml_flat/GPA-001__R2-001__R1-001__0026.xml,PASS,INFO,R1.D01=SI;R1.D02=SI;R2.D01=SI;R2.D02=SI;R2.D03=SI,MUNICIPIO30612,MUNICIPIO_SIN_CN_TRAB,Si,No,30612,,Regla 2 coherente para validaciones implementadas.
GPA-001__R2-001__R1-001__0027,GPA-001__R2-001__R1-001,02_inputs_xml_flat/GPA-001__R2-001__R1-001__0027.xml,PASS,INFO,R1.D01=SI;R1.D02=SI;R2.D01=SI;R2.D02=SI;R2.D03=SI,MUNICIPIO30613,MUNICIPIO_SIN_CN_TRAB,Si,No,30613,,Regla 2 coherente para validaciones implementadas.
GPA-001__R2-001__R1-001__0028,GPA-001__R2-001__R1-001,02_inputs_xml_flat/GPA-001__R2-001__R1-001__0028.xml,PASS,INFO,R1.D01=SI;R1.D02=SI;R2.D01=SI;R2.D02=SI;R2.D03=SI,MUNICIPIO30611,MUNICIPIO_SIN_CN_TRAB,Si,No,30611,,Regla 2 coherente para validaciones implementadas.
GPA-001__R2-001__R1-001__0029,GPA-001__R2-001__R1-001,02_inputs_xml_flat/GPA-001__R2-001__R1-001__0029.xml,PASS,INFO,R1.D01=SI;R1.D02=SI;R2.D01=SI;R2.D02=SI;R2.D03=SI,MUNICIPIO30612,MUNICIPIO_SIN_CN_TRAB,Si,No,30612,,Regla 2 coherente para validaciones implementadas.
GPA-001__R2-001__R1-001__0030,GPA-001__R2-001__R1-001,02_inputs_xml_flat/GPA-001__R2-001__R1-001__0030.xml,PASS,INFO,R1.D01=SI;R1.D02=SI;R2.D01=SI;R2.D02=SI;R2.D03=SI,MUNICIPIO30613,MUNICIPIO_SIN_CN_TRAB,Si,No,30613,,Regla 2 coherente para validaciones implementadas.
GPA-001__R2-001__R1-001__0031,GPA-001__R2-001__R1-001,02_inputs_xml_flat/GPA-001__R2-001__R1-001__0031.xml,PASS,INFO,R1.D01=SI;R1.D02=SI;R2.D01=SI;R2.D02=SI;R2.D03=SI,MUNICIPIO30611,MUNICIPIO_SIN_CN_TRAB,Si,No,30611,,Regla 2 coherente para validaciones implementadas.
GPA-001__R2-001__R1-001__0032,GPA-001__R2-001__R1-001,02_inputs_xml_flat/GPA-001__R2-001__R1-001__0032.xml,PASS,INFO,R1.D01=SI;R1.D02=SI;R2.D01=SI;R2.D02=SI;R2.D03=SI,MUNICIPIO30612,MUNICIPIO_SIN_CN_TRAB,Si,No,30612,,Regla 2 coherente para validaciones implementadas.
GPA-001__R2-001__R1-001__0033,GPA-001__R2-001__R1-001,02_inputs_xml_flat/GPA-001__R2-001__R1-001__0033.xml,PASS,INFO,R1.D01=SI;R1.D02=SI;R2.D01=SI;R2.D02=SI;R2.D03=SI,MUNICIPIO30613,MUNICIPIO_SIN_CN_TRAB,Si,No,30613,,Regla 2 coherente para validaciones implementadas.
GPA-001__R2-001__R1-001__0034,GPA-001__R2-001__R1-001,02_inputs_xml_flat/GPA-001__R2-001__R1-001__0034.xml,PASS,INFO,R1.D01=SI;R1.D02=SI;R2.D01=SI;R2.D02=SI;R2.D03=SI,MUNICIPIO30611,MUNICIPIO_SIN_CN_TRAB,Si,No,30611,,Regla 2 coherente para validaciones implementadas.
GPA-001__R2-001__R1-001__0035,GPA-001__R2-001__R1-001,02_inputs_xml_flat/GPA-001__R2-001__R1-001__0035.xml,PASS,INFO,R1.D01=SI;R1.D02=SI;R2.D01=SI;R2.D02=SI;R2.D03=SI,MUNICIPIO30612,MUNICIPIO_SIN_CN_TRAB,Si,No,30612,,Regla 2 coherente para validaciones implementadas.
GPA-001__R2-001__R1-001__0036,GPA-001__R2-001__R1-001,02_inputs_xml_flat/GPA-001__R2-001__R1-001__0036.xml,PASS,INFO,R1.D01=SI;R1.D02=SI;R2.D01=SI;R2.D02=SI;R2.D03=SI,MUNICIPIO30613,MUNICIPIO_SIN_CN_TRAB,Si,No,30613,,Regla 2 coherente para validaciones implementadas.
GPA-001__R2-001__R1-001__0037,GPA-001__R2-001__R1-001,02_inputs_xml_flat/GPA-001__R2-001__R1-001__0037.xml,PASS,INFO,R1.D01=SI;R1.D02=SI;R2.D01=SI;R2.D02=SI;R2.D03=SI,MUNICIPIO30611,MUNICIPIO_SIN_CN_TRAB,Si,No,30611,,Regla 2 coherente para validaciones implementadas.
GPA-001__R2-001__R1-001__0038,GPA-001__R2-001__R1-001,02_inputs_xml_flat/GPA-001__R2-001__R1-001__0038.xml,PASS,INFO,R1.D01=SI;R1.D02=SI;R2.D01=SI;R2.D02=SI;R2.D03=SI,MUNICIPIO30612,MUNICIPIO_SIN_CN_TRAB,Si,No,30612,,Regla 2 coherente para validaciones implementadas.
GPA-001__R2-001__R1-001__0039,GPA-001__R2-001__R1-001,02_inputs_xml_flat/GPA-001__R2-001__R1-001__0039.xml,PASS,INFO,R1.D01=SI;R1.D02=SI;R2.D01=SI;R2.D02=SI;R2.D03=SI,MUNICIPIO30613,MUNICIPIO_SIN_CN_TRAB,Si,No,30613,,Regla 2 coherente para validaciones implementadas.
GPA-001__R2-001__R1-001__0040,GPA-001__R2-001__R1-001,02_inputs_xml_flat/GPA-001__R2-001__R1-001__0040.xml,PASS,INFO,R1.D01=SI;R1.D02=SI;R2.D01=SI;R2.D02=SI;R2.D03=SI,MUNICIPIO30611,MUNICIPIO_SIN_CN_TRAB,Si,No,30611,,Regla 2 coherente para validaciones implementadas.
GPA-001__R2-001__R1-001__0041,GPA-001__R2-001__R1-001,02_inputs_xml_flat/GPA-001__R2-001__R1-001__0041.xml,PASS,INFO,R1.D01=SI;R1.D02=SI;R2.D01=SI;R2.D02=SI;R2.D03=SI,MUNICIPIO30612,MUNICIPIO_SIN_CN_TRAB,Si,No,30612,,Regla 2 coherente para validaciones implementadas.
GPA-001__R2-001__R1-001__0042,GPA-001__R2-001__R1-001,02_inputs_xml_flat/GPA-001__R2-001__R1-001__0042.xml,PASS,INFO,R1.D01=SI;R1.D02=SI;R2.D01=SI;R2.D02=SI;R2.D03=SI,MUNICIPIO30613,MUNICIPIO_SIN_CN_TRAB,Si,No,30613,,Regla 2 coherente para validaciones implementadas.
GPA-001__R2-001__R1-001__0043,GPA-001__R2-001__R1-001,02_inputs_xml_flat/GPA-001__R2-001__R1-001__0043.xml,PASS,INFO,R1.D01=SI;R1.D02=SI;R2.D01=SI;R2.D02=SI;R2.D03=SI,MUNICIPIO30611,MUNICIPIO_SIN_CN_TRAB,Si,No,30611,,Regla 2 coherente para validaciones implementadas.
GPA-001__R2-001__R1-001__0044,GPA-001__R2-001__R1-001,02_inputs_xml_flat/GPA-001__R2-001__R1-001__0044.xml,PASS,INFO,R1.D01=SI;R1.D02=SI;R2.D01=SI;R2.D02=SI;R2.D03=SI,MUNICIPIO30612,MUNICIPIO_SIN_CN_TRAB,Si,No,30612,,Regla 2 coherente para validaciones implementadas.
GPA-001__R2-001__R1-001__0045,GPA-001__R2-001__R1-001,02_inputs_xml_flat/GPA-001__R2-001__R1-001__0045.xml,PASS,INFO,R1.D01=SI;R1.D02=SI;R2.D01=SI;R2.D02=SI;R2.D03=SI,MUNICIPIO30613,MUNICIPIO_SIN_CN_TRAB,Si,No,30613,,Regla 2 coherente para validaciones implementadas.
GPA-001__R2-001__R1-001__0046,GPA-001__R2-001__R1-001,02_inputs_xml_flat/GPA-001__R2-001__R1-001__0046.xml,PASS,INFO,R1.D01=SI;R1.D02=SI;R2.D01=SI;R2.D02=SI;R2.D03=SI,MUNICIPIO30611,MUNICIPIO_SIN_CN_TRAB,Si,No,30611,,Regla 2 coherente para validaciones implementadas.
GPA-001__R2-001__R1-001__0047,GPA-001__R2-001__R1-001,02_inputs_xml_flat/GPA-001__R2-001__R1-001__0047.xml,PASS,INFO,R1.D01=SI;R1.D02=SI;R2.D01=SI;R2.D02=SI;R2.D03=SI,MUNICIPIO30612,MUNICIPIO_SIN_CN_TRAB,Si,No,30612,,Regla 2 coherente para validaciones implementadas.
GPA-001__R2-001__R1-001__0048,GPA-001__R2-001__R1-001,02_inputs_xml_flat/GPA-001__R2-001__R1-001__0048.xml,PASS,INFO,R1.D01=SI;R1.D02=SI;R2.D01=SI;R2.D02=SI;R2.D03=SI,MUNICIPIO30613,MUNICIPIO_SIN_CN_TRAB,Si,No,30613,,Regla 2 coherente para validaciones implementadas.
GPA-001__R2-001__R1-001__0049,GPA-001__R2-001__R1-001,02_inputs_xml_flat/GPA-001__R2-001__R1-001__0049.xml,PASS,INFO,R1.D01=SI;R1.D02=SI;R2.D01=SI;R2.D02=SI;R2.D03=SI,MUNICIPIO30611,MUNICIPIO_SIN_CN_TRAB,Si,No,30611,,Regla 2 coherente para validaciones implementadas.
GPA-001__R2-001__R1-001__0050,GPA-001__R2-001__R1-001,02_inputs_xml_flat/GPA-001__R2-001__R1-001__0050.xml,PASS,INFO,R1.D01=SI;R1.D02=SI;R2.D01=SI;R2.D02=SI;R2.D03=SI,MUNICIPIO30612,MUNICIPIO_SIN_CN_TRAB,Si,No,30612,,Regla 2 coherente para validaciones implementadas.
GPA-001__R2-001__R1-001__0051,GPA-001__R2-001__R1-001,02_inputs_xml_flat/GPA-001__R2-001__R1-001__0051.xml,PASS,INFO,R1.D01=SI;R1.D02=SI;R2.D01=SI;R2.D02=SI;R2.D03=SI,MUNICIPIO30613,MUNICIPIO_SIN_CN_TRAB,Si,No,30613,,Regla 2 coherente para validaciones implementadas.
GPA-001__R2-001__R1-001__0052,GPA-001__R2-001__R1-001,02_inputs_xml_flat/GPA-001__R2-001__R1-001__0052.xml,PASS,INFO,R1.D01=SI;R1.D02=SI;R2.D01=SI;R2.D02=SI;R2.D03=SI,MUNICIPIO30611,MUNICIPIO_SIN_CN_TRAB,Si,No,30611,,Regla 2 coherente para validaciones implementadas.
GPA-001__R2-001__R1-001__0053,GPA-001__R2-001__R1-001,02_inputs_xml_flat/GPA-001__R2-001__R1-001__0053.xml,PASS,INFO,R1.D01=SI;R1.D02=SI;R2.D01=SI;R2.D02=SI;R2.D03=SI,MUNICIPIO30612,MUNICIPIO_SIN_CN_TRAB,Si,No,30612,,Regla 2 coherente para validaciones implementadas.
GPA-001__R2-001__R1-001__0054,GPA-001__R2-001__R1-001,02_inputs_xml_flat/GPA-001__R2-001__R1-001__0054.xml,PASS,INFO,R1.D01=SI;R1.D02=SI;R2.D01=SI;R2.D02=SI;R2.D03=SI,MUNICIPIO30613,MUNICIPIO_SIN_CN_TRAB,Si,No,30613,,Regla 2 coherente para validaciones implementadas.
GPA-001__R2-001__R1-001__0055,GPA-001__R2-001__R1-001,02_inputs_xml_flat/GPA-001__R2-001__R1-001__0055.xml,PASS,INFO,R1.D01=SI;R1.D02=SI;R2.D01=SI;R2.D02=SI;R2.D03=SI,MUNICIPIO30611,MUNICIPIO_SIN_CN_TRAB,Si,No,30611,,Regla 2 coherente para validaciones implementadas.
GPA-001__R2-001__R1-001__0056,GPA-001__R2-001__R1-001,02_inputs_xml_flat/GPA-001__R2-001__R1-001__0056.xml,PASS,INFO,R1.D01=SI;R1.D02=SI;R2.D01=SI;R2.D02=SI;R2.D03=SI,MUNICIPIO30612,MUNICIPIO_SIN_CN_TRAB,Si,No,30612,,Regla 2 coherente para validaciones implementadas.
GPA-001__R2-001__R1-001__0057,GPA-001__R2-001__R1-001,02_inputs_xml_flat/GPA-001__R2-001__R1-001__0057.xml,PASS,INFO,R1.D01=SI;R1.D02=SI;R2.D01=SI;R2.D02=SI;R2.D03=SI,MUNICIPIO30613,MUNICIPIO_SIN_CN_TRAB,Si,No,30613,,Regla 2 coherente para validaciones implementadas.
GPA-001__R2-001__R1-001__0058,GPA-001__R2-001__R1-001,02_inputs_xml_flat/GPA-001__R2-001__R1-001__0058.xml,PASS,INFO,R1.D01=SI;R1.D02=SI;R2.D01=SI;R2.D02=SI;R2.D03=SI,MUNICIPIO30611,MUNICIPIO_SIN_CN_TRAB,Si,No,30611,,Regla 2 coherente para validaciones implementadas.
GPA-001__R2-001__R1-001__0059,GPA-001__R2-001__R1-001,02_inputs_xml_flat/GPA-001__R2-001__R1-001__0059.xml,PASS,INFO,R1.D01=SI;R1.D02=SI;R2.D01=SI;R2.D02=SI;R2.D03=SI,MUNICIPIO30612,MUNICIPIO_SIN_CN_TRAB,Si,No,30612,,Regla 2 coherente para validaciones implementadas.
GPA-001__R2-001__R1-001__0060,GPA-001__R2-001__R1-001,02_inputs_xml_flat/GPA-001__R2-001__R1-001__0060.xml,PASS,INFO,R1.D01=SI;R1.D02=SI;R2.D01=SI;R2.D02=SI;R2.D03=SI,MUNICIPIO30613,MUNICIPIO_SIN_CN_TRAB,Si,No,30613,,Regla 2 coherente para validaciones implementadas.
GPA-001__R2-001__R1-001__0061,GPA-001__R2-001__R1-001,02_inputs_xml_flat/GPA-001__R2-001__R1-001__0061.xml,PASS,INFO,R1.D01=SI;R1.D02=SI;R2.D01=SI;R2.D02=SI;R2.D03=SI,MUNICIPIO30611,MUNICIPIO_SIN_CN_TRAB,Si,No,30611,,Regla 2 coherente para validaciones implementadas.
GPA-001__R2-001__R1-001__0062,GPA-001__R2-001__R1-001,02_inputs_xml_flat/GPA-001__R2-001__R1-001__0062.xml,PASS,INFO,R1.D01=SI;R1.D02=SI;R2.D01=SI;R2.D02=SI;R2.D03=SI,MUNICIPIO30612,MUNICIPIO_SIN_CN_TRAB,Si,No,30612,,Regla 2 coherente para validaciones implementadas.
GPA-001__R2-001__R1-001__0063,GPA-001__R2-001__R1-001,02_inputs_xml_flat/GPA-001__R2-001__R1-001__0063.xml,PASS,INFO,R1.D01=SI;R1.D02=SI;R2.D01=SI;R2.D02=SI;R2.D03=SI,MUNICIPIO30613,MUNICIPIO_SIN_CN_TRAB,Si,No,30613,,Regla 2 coherente para validaciones implementadas.
GPA-001__R2-001__R1-001__0064,GPA-001__R2-001__R1-001,02_inputs_xml_flat/GPA-001__R2-001__R1-001__0064.xml,PASS,INFO,R1.D01=SI;R1.D02=SI;R2.D01=SI;R2.D02=SI;R2.D03=SI,MUNICIPIO30611,MUNICIPIO_SIN_CN_TRAB,Si,No,30611,,Regla 2 coherente para validaciones implementadas.
GPA-001__R2-001__R1-001__0065,GPA-001__R2-001__R1-001,02_inputs_xml_flat/GPA-001__R2-001__R1-001__0065.xml,PASS,INFO,R1.D01=SI;R1.D02=SI;R2.D01=SI;R2.D02=SI;R2.D03=SI,MUNICIPIO30612,MUNICIPIO_SIN_CN_TRAB,Si,No,30612,,Regla 2 coherente para validaciones implementadas.
GPA-001__R2-001__R1-001__0066,GPA-001__R2-001__R1-001,02_inputs_xml_flat/GPA-001__R2-001__R1-001__0066.xml,PASS,INFO,R1.D01=SI;R1.D02=SI;R2.D01=SI;R2.D02=SI;R2.D03=SI,MUNICIPIO30613,MUNICIPIO_SIN_CN_TRAB,Si,No,30613,,Regla 2 coherente para validaciones implementadas.
GPA-001__R2-001__R1-001__0067,GPA-001__R2-001__R1-001,02_inputs_xml_flat/GPA-001__R2-001__R1-001__0067.xml,PASS,INFO,R1.D01=SI;R1.D02=SI;R2.D01=SI;R2.D02=SI;R2.D03=SI,MUNICIPIO30611,MUNICIPIO_SIN_CN_TRAB,Si,No,30611,,Regla 2 coherente para validaciones implementadas.
GPA-001__R2-001__R1-001__0068,GPA-001__R2-001__R1-001,02_inputs_xml_flat/GPA-001__R2-001__R1-001__0068.xml,PASS,INFO,R1.D01=SI;R1.D02=SI;R2.D01=SI;R2.D02=SI;R2.D03=SI,MUNICIPIO30612,MUNICIPIO_SIN_CN_TRAB,Si,No,30612,,Regla 2 coherente para validaciones implementadas.
GPA-001__R2-001__R1-001__0069,GPA-001__R2-001__R1-001,02_inputs_xml_flat/GPA-001__R2-001__R1-001__0069.xml,PASS,INFO,R1.D01=SI;R1.D02=SI;R2.D01=SI;R2.D02=SI;R2.D03=SI,MUNICIPIO30613,MUNICIPIO_SIN_CN_TRAB,Si,No,30613,,Regla 2 coherente para validaciones implementadas.
GPA-001__R2-001__R1-001__0070,GPA-001__R2-001__R1-001,02_inputs_xml_flat/GPA-001__R2-001__R1-001__0070.xml,PASS,INFO,R1.D01=SI;R1.D02=SI;R2.D01=SI;R2.D02=SI;R2.D03=SI,MUNICIPIO30611,MUNICIPIO_SIN_CN_TRAB,Si,No,30611,,Regla 2 coherente para validaciones implementadas.
GPA-001__R2-001__R1-001__0071,GPA-001__R2-001__R1-001,02_inputs_xml_flat/GPA-001__R2-001__R1-001__0071.xml,PASS,INFO,R1.D01=SI;R1.D02=SI;R2.D01=SI;R2.D02=SI;R2.D03=SI,MUNICIPIO30612,MUNICIPIO_SIN_CN_TRAB,Si,No,30612,,Regla 2 coherente para validaciones implementadas.
GPA-001__R2-001__R1-001__0072,GPA-001__R2-001__R1-001,02_inputs_xml_flat/GPA-001__R2-001__R1-001__0072.xml,PASS,INFO,R1.D01=SI;R1.D02=SI;R2.D01=SI;R2.D02=SI;R2.D03=SI,MUNICIPIO30613,MUNICIPIO_SIN_CN_TRAB,Si,No,30613,,Regla 2 coherente para validaciones implementadas.
GPA-001__R2-001__R1-001__0073,GPA-001__R2-001__R1-001,02_inputs_xml_flat/GPA-001__R2-001__R1-001__0073.xml,PASS,INFO,R1.D01=SI;R1.D02=SI;R2.D01=SI;R2.D02=SI;R2.D03=SI,MUNICIPIO30611,MUNICIPIO_SIN_CN_TRAB,Si,No,30611,,Regla 2 coherente para validaciones implementadas.
GPA-001__R2-001__R1-001__0074,GPA-001__R2-001__R1-001,02_inputs_xml_flat/GPA-001__R2-001__R1-001__0074.xml,PASS,INFO,R1.D01=SI;R1.D02=SI;R2.D01=SI;R2.D02=SI;R2.D03=SI,MUNICIPIO30612,MUNICIPIO_SIN_CN_TRAB,Si,No,30612,,Regla 2 coherente para validaciones implementadas.
GPA-001__R2-001__R1-001__0075,GPA-001__R2-001__R1-001,02_inputs_xml_flat/GPA-001__R2-001__R1-001__0075.xml,PASS,INFO,R1.D01=SI;R1.D02=SI;R2.D01=SI;R2.D02=SI;R2.D03=SI,MUNICIPIO30613,MUNICIPIO_SIN_CN_TRAB,Si,No,30613,,Regla 2 coherente para validaciones implementadas.
GPA-001__R2-001__R1-001__0076,GPA-001__R2-001__R1-001,02_inputs_xml_flat/GPA-001__R2-001__R1-001__0076.xml,PASS,INFO,R1.D01=SI;R1.D02=SI;R2.D01=SI;R2.D02=SI;R2.D03=SI,MUNICIPIO30611,MUNICIPIO_SIN_CN_TRAB,Si,No,30611,,Regla 2 coherente para validaciones implementadas.
GPA-001__R2-001__R1-001__0077,GPA-001__R2-001__R1-001,02_inputs_xml_flat/GPA-001__R2-001__R1-001__0077.xml,PASS,INFO,R1.D01=SI;R1.D02=SI;R2.D01=SI;R2.D02=SI;R2.D03=SI,MUNICIPIO30612,MUNICIPIO_SIN_CN_TRAB,Si,No,30612,,Regla 2 coherente para validaciones implementadas.
GPA-001__R2-001__R1-001__0078,GPA-001__R2-001__R1-001,02_inputs_xml_flat/GPA-001__R2-001__R1-001__0078.xml,PASS,INFO,R1.D01=SI;R1.D02=SI;R2.D01=SI;R2.D02=SI;R2.D03=SI,MUNICIPIO30613,MUNICIPIO_SIN_CN_TRAB,Si,No,30613,,Regla 2 coherente para validaciones implementadas.
GPA-001__R2-001__R1-001__0079,GPA-001__R2-001__R1-001,02_inputs_xml_flat/GPA-001__R2-001__R1-001__0079.xml,PASS,INFO,R1.D01=SI;R1.D02=SI;R2.D01=SI;R2.D02=SI;R2.D03=SI,MUNICIPIO30611,MUNICIPIO_SIN_CN_TRAB,Si,No,30611,,Regla 2 coherente para validaciones implementadas.
GPA-001__R2-001__R1-001__0080,GPA-001__R2-001__R1-001,02_inputs_xml_flat/GPA-001__R2-001__R1-001__0080.xml,PASS,INFO,R1.D01=SI;R1.D02=SI;R2.D01=SI;R2.D02=SI;R2.D03=SI,MUNICIPIO30612,MUNICIPIO_SIN_CN_TRAB,Si,No,30612,,Regla 2 coherente para validaciones implementadas.
GPA-001__R2-001__R1-001__0081,GPA-001__R2-001__R1-001,02_inputs_xml_flat/GPA-001__R2-001__R1-001__0081.xml,PASS,INFO,R1.D01=SI;R1.D02=SI;R2.D01=SI;R2.D02=SI;R2.D03=SI,MUNICIPIO30613,MUNICIPIO_SIN_CN_TRAB,Si,No,30613,,Regla 2 coherente para validaciones implementadas.
GPA-001__R2-001__R1-001__0082,GPA-001__R2-001__R1-001,02_inputs_xml_flat/GPA-001__R2-001__R1-001__0082.xml,PASS,INFO,R1.D01=SI;R1.D02=SI;R2.D01=SI;R2.D02=SI;R2.D03=SI,MUNICIPIO30611,MUNICIPIO_SIN_CN_TRAB,Si,No,30611,,Regla 2 coherente para validaciones implementadas.
GPA-001__R2-001__R1-001__0083,GPA-001__R2-001__R1-001,02_inputs_xml_flat/GPA-001__R2-001__R1-001__0083.xml,PASS,INFO,R1.D01=SI;R1.D02=SI;R2.D01=SI;R2.D02=SI;R2.D03=SI,MUNICIPIO30612,MUNICIPIO_SIN_CN_TRAB,Si,No,30612,,Regla 2 coherente para validaciones implementadas.
GPA-001__R2-001__R1-001__0084,GPA-001__R2-001__R1-001,02_inputs_xml_flat/GPA-001__R2-001__R1-001__0084.xml,PASS,INFO,R1.D01=SI;R1.D02=SI;R2.D01=SI;R2.D02=SI;R2.D03=SI,MUNICIPIO30613,MUNICIPIO_SIN_CN_TRAB,Si,No,30613,,Regla 2 coherente para validaciones implementadas.
GPA-001__R2-001__R1-001__0085,GPA-001__R2-001__R1-001,02_inputs_xml_flat/GPA-001__R2-001__R1-001__0085.xml,PASS,INFO,R1.D01=SI;R1.D02=SI;R2.D01=SI;R2.D02=SI;R2.D03=SI,MUNICIPIO30611,MUNICIPIO_SIN_CN_TRAB,Si,No,30611,,Regla 2 coherente para validaciones implementadas.
GPA-001__R2-001__R1-001__0086,GPA-001__R2-001__R1-001,02_inputs_xml_flat/GPA-001__R2-001__R1-001__0086.xml,PASS,INFO,R1.D01=SI;R1.D02=SI;R2.D01=SI;R2.D02=SI;R2.D03=SI,MUNICIPIO30612,MUNICIPIO_SIN_CN_TRAB,Si,No,30612,,Regla 2 coherente para validaciones implementadas.
GPA-001__R2-001__R1-001__0087,GPA-001__R2-001__R1-001,02_inputs_xml_flat/GPA-001__R2-001__R1-001__0087.xml,PASS,INFO,R1.D01=SI;R1.D02=SI;R2.D01=SI;R2.D02=SI;R2.D03=SI,MUNICIPIO30613,MUNICIPIO_SIN_CN_TRAB,Si,No,30613,,Regla 2 coherente para validaciones implementadas.
GPA-001__R2-001__R1-001__0088,GPA-001__R2-001__R1-001,02_inputs_xml_flat/GPA-001__R2-001__R1-001__0088.xml,PASS,INFO,R1.D01=SI;R1.D02=SI;R2.D01=SI;R2.D02=SI;R2.D03=SI,MUNICIPIO30611,MUNICIPIO_SIN_CN_TRAB,Si,No,30611,,Regla 2 coherente para validaciones implementadas.
GPA-001__R2-001__R1-001__0089,GPA-001__R2-001__R1-001,02_inputs_xml_flat/GPA-001__R2-001__R1-001__0089.xml,PASS,INFO,R1.D01=SI;R1.D02=SI;R2.D01=SI;R2.D02=SI;R2.D03=SI,MUNICIPIO30612,MUNICIPIO_SIN_CN_TRAB,Si,No,30612,,Regla 2 coherente para validaciones implementadas.
GPA-001__R2-001__R1-001__0090,GPA-001__R2-001__R1-001,02_inputs_xml_flat/GPA-001__R2-001__R1-001__0090.xml,PASS,INFO,R1.D01=SI;R1.D02=SI;R2.D01=SI;R2.D02=SI;R2.D03=SI,MUNICIPIO30613,MUNICIPIO_SIN_CN_TRAB,Si,No,30613,,Regla 2 coherente para validaciones implementadas.
GPA-001__R2-001__R1-001__0091,GPA-001__R2-001__R1-001,02_inputs_xml_flat/GPA-001__R2-001__R1-001__0091.xml,PASS,INFO,R1.D01=SI;R1.D02=SI;R2.D01=SI;R2.D02=SI;R2.D03=SI,MUNICIPIO30611,MUNICIPIO_SIN_CN_TRAB,Si,No,30611,,Regla 2 coherente para validaciones implementadas.
GPA-001__R2-001__R1-001__0092,GPA-001__R2-001__R1-001,02_inputs_xml_flat/GPA-001__R2-001__R1-001__0092.xml,PASS,INFO,R1.D01=SI;R1.D02=SI;R2.D01=SI;R2.D02=SI;R2.D03=SI,MUNICIPIO30612,MUNICIPIO_SIN_CN_TRAB,Si,No,30612,,Regla 2 coherente para validaciones implementadas.
GPA-001__R2-001__R1-001__0093,GPA-001__R2-001__R1-001,02_inputs_xml_flat/GPA-001__R2-001__R1-001__0093.xml,PASS,INFO,R1.D01=SI;R1.D02=SI;R2.D01=SI;R2.D02=SI;R2.D03=SI,MUNICIPIO30613,MUNICIPIO_SIN_CN_TRAB,Si,No,30613,,Regla 2 coherente para validaciones implementadas.
GPA-001__R2-001__R1-001__0094,GPA-001__R2-001__R1-001,02_inputs_xml_flat/GPA-001__R2-001__R1-001__0094.xml,PASS,INFO,R1.D01=SI;R1.D02=SI;R2.D01=SI;R2.D02=SI;R2.D03=SI,MUNICIPIO30611,MUNICIPIO_SIN_CN_TRAB,Si,No,30611,,Regla 2 coherente para validaciones implementadas.
GPA-001__R2-001__R1-001__0095,GPA-001__R2-001__R1-001,02_inputs_xml_flat/GPA-001__R2-001__R1-001__0095.xml,PASS,INFO,R1.D01=SI;R1.D02=SI;R2.D01=SI;R2.D02=SI;R2.D03=SI,MUNICIPIO30612,MUNICIPIO_SIN_CN_TRAB,Si,No,30612,,Regla 2 coherente para validaciones implementadas.
GPA-001__R2-001__R1-001__0096,GPA-001__R2-001__R1-001,02_inputs_xml_flat/GPA-001__R2-001__R1-001__0096.xml,PASS,INFO,R1.D01=SI;R1.D02=SI;R2.D01=SI;R2.D02=SI;R2.D03=SI,MUNICIPIO30613,MUNICIPIO_SIN_CN_TRAB,Si,No,30613,,Regla 2 coherente para validaciones implementadas.
GPA-001__R2-001__R1-001__0097,GPA-001__R2-001__R1-001,02_inputs_xml_flat/GPA-001__R2-001__R1-001__0097.xml,PASS,INFO,R1.D01=SI;R1.D02=SI;R2.D01=SI;R2.D02=SI;R2.D03=SI,MUNICIPIO30611,MUNICIPIO_SIN_CN_TRAB,Si,No,30611,,Regla 2 coherente para validaciones implementadas.
GPA-001__R2-001__R1-001__0098,GPA-001__R2-001__R1-001,02_inputs_xml_flat/GPA-001__R2-001__R1-001__0098.xml,PASS,INFO,R1.D01=SI;R1.D02=SI;R2.D01=SI;R2.D02=SI;R2.D03=SI,MUNICIPIO30612,MUNICIPIO_SIN_CN_TRAB,Si,No,30612,,Regla 2 coherente para validaciones implementadas.
GPA-001__R2-001__R1-001__0099,GPA-001__R2-001__R1-001,02_inputs_xml_flat/GPA-001__R2-001__R1-001__0099.xml,PASS,INFO,R1.D01=SI;R1.D02=SI;R2.D01=SI;R2.D02=SI;R2.D03=SI,MUNICIPIO30613,MUNICIPIO_SIN_CN_TRAB,Si,No,30613,,Regla 2 coherente para validaciones implementadas.
GPA-001__R2-001__R1-001__0100,GPA-001__R2-001__R1-001,02_inputs_xml_flat/GPA-001__R2-001__R1-001__0100.xml,PASS,INFO,R1.D01=SI;R1.D02=SI;R2.D01=SI;R2.D02=SI;R2.D03=SI,MUNICIPIO30611,MUNICIPIO_SIN_CN_TRAB,Si,No,30611,,Regla 2 coherente para validaciones implementadas.
GPA-001__R2-001__R1-001__0101,GPA-001__R2-001__R1-001,02_inputs_xml_flat/GPA-001__R2-001__R1-001__0101.xml,PASS,INFO,R1.D01=SI;R1.D02=SI;R2.D01=SI;R2.D02=SI;R2.D03=SI,MUNICIPIO30612,MUNICIPIO_SIN_CN_TRAB,Si,No,30612,,Regla 2 coherente para validaciones implementadas.
GPA-001__R2-001__R1-001__0102,GPA-001__R2-001__R1-001,02_inputs_xml_flat/GPA-001__R2-001__R1-001__0102.xml,PASS,INFO,R1.D01=SI;R1.D02=SI;R2.D01=SI;R2.D02=SI;R2.D03=SI,MUNICIPIO30613,MUNICIPIO_SIN_CN_TRAB,Si,No,30613,,Regla 2 coherente para validaciones implementadas.
GPA-001__R2-001__R1-001__0103,GPA-001__R2-001__R1-001,02_inputs_xml_flat/GPA-001__R2-001__R1-001__0103.xml,PASS,INFO,R1.D01=SI;R1.D02=SI;R2.D01=SI;R2.D02=SI;R2.D03=SI,MUNICIPIO30611,MUNICIPIO_SIN_CN_TRAB,Si,No,30611,,Regla 2 coherente para validaciones implementadas.
GPA-001__R2-001__R1-001__0104,GPA-001__R2-001__R1-001,02_inputs_xml_flat/GPA-001__R2-001__R1-001__0104.xml,PASS,INFO,R1.D01=SI;R1.D02=SI;R2.D01=SI;R2.D02=SI;R2.D03=SI,MUNICIPIO30612,MUNICIPIO_SIN_CN_TRAB,Si,No,30612,,Regla 2 coherente para validaciones implementadas.
GPA-001__R2-001__R1-001__0105,GPA-001__R2-001__R1-001,02_inputs_xml_flat/GPA-001__R2-001__R1-001__0105.xml,PASS,INFO,R1.D01=SI;R1.D02=SI;R2.D01=SI;R2.D02=SI;R2.D03=SI,MUNICIPIO30613,MUNICIPIO_SIN_CN_TRAB,Si,No,30613,,Regla 2 coherente para validaciones implementadas.
GPA-001__R2-001__R1-001__0106,GPA-001__R2-001__R1-001,02_inputs_xml_flat/GPA-001__R2-001__R1-001__0106.xml,PASS,INFO,R1.D01=SI;R1.D02=SI;R2.D01=SI;R2.D02=SI;R2.D03=SI,MUNICIPIO30611,MUNICIPIO_SIN_CN_TRAB,Si,No,30611,,Regla 2 coherente para validaciones implementadas.
GPA-001__R2-001__R1-001__0107,GPA-001__R2-001__R1-001,02_inputs_xml_flat/GPA-001__R2-001__R1-001__0107.xml,PASS,INFO,R1.D01=SI;R1.D02=SI;R2.D01=SI;R2.D02=SI;R2.D03=SI,MUNICIPIO30612,MUNICIPIO_SIN_CN_TRAB,Si,No,30612,,Regla 2 coherente para validaciones implementadas.
GPA-001__R2-001__R1-001__0108,GPA-001__R2-001__R1-001,02_inputs_xml_flat/GPA-001__R2-001__R1-001__0108.xml,PASS,INFO,R1.D01=SI;R1.D02=SI;R2.D01=SI;R2.D02=SI;R2.D03=SI,MUNICIPIO30613,MUNICIPIO_SIN_CN_TRAB,Si,No,30613,,Regla 2 coherente para validaciones implementadas.
GPA-001__R2-001__R1-001__0109,GPA-001__R2-001__R1-001,02_inputs_xml_flat/GPA-001__R2-001__R1-001__0109.xml,PASS,INFO,R1.D01=SI;R1.D02=SI;R2.D01=SI;R2.D02=SI;R2.D03=SI,MUNICIPIO30611,MUNICIPIO_SIN_CN_TRAB,Si,No,30611,,Regla 2 coherente para validaciones implementadas.
GPA-001__R2-001__R1-001__0110,GPA-001__R2-001__R1-001,02_inputs_xml_flat/GPA-001__R2-001__R1-001__0110.xml,PASS,INFO,R1.D01=SI;R1.D02=SI;R2.D01=SI;R2.D02=SI;R2.D03=SI,MUNICIPIO30612,MUNICIPIO_SIN_CN_TRAB,Si,No,30612,,Regla 2 coherente para validaciones implementadas.
GPA-001__R2-001__R1-001__0111,GPA-001__R2-001__R1-001,02_inputs_xml_flat/GPA-001__R2-001__R1-001__0111.xml,PASS,INFO,R1.D01=SI;R1.D02=SI;R2.D01=SI;R2.D02=SI;R2.D03=SI,MUNICIPIO30613,MUNICIPIO_SIN_CN_TRAB,Si,No,30613,,Regla 2 coherente para validaciones implementadas.
GPA-001__R2-001__R1-001__0112,GPA-001__R2-001__R1-001,02_inputs_xml_flat/GPA-001__R2-001__R1-001__0112.xml,PASS,INFO,R1.D01=SI;R1.D02=SI;R2.D01=SI;R2.D02=SI;R2.D03=SI,MUNICIPIO30611,MUNICIPIO_SIN_CN_TRAB,Si,No,30611,,Regla 2 coherente para validaciones implementadas.
GPA-001__R2-001__R1-001__0113,GPA-001__R2-001__R1-001,02_inputs_xml_flat/GPA-001__R2-001__R1-001__0113.xml,PASS,INFO,R1.D01=SI;R1.D02=SI;R2.D01=SI;R2.D02=SI;R2.D03=SI,MUNICIPIO30612,MUNICIPIO_SIN_CN_TRAB,Si,No,30612,,Regla 2 coherente para validaciones implementadas.
GPA-001__R2-001__R1-001__0114,GPA-001__R2-001__R1-001,02_inputs_xml_flat/GPA-001__R2-001__R1-001__0114.xml,PASS,INFO,R1.D01=SI;R1.D02=SI;R2.D01=SI;R2.D02=SI;R2.D03=SI,MUNICIPIO30613,MUNICIPIO_SIN_CN_TRAB,Si,No,30613,,Regla 2 coherente para validaciones implementadas.
GPA-001__R2-001__R1-001__0115,GPA-001__R2-001__R1-001,02_inputs_xml_flat/GPA-001__R2-001__R1-001__0115.xml,PASS,INFO,R1.D01=SI;R1.D02=SI;R2.D01=SI;R2.D02=SI;R2.D03=SI,MUNICIPIO30611,MUNICIPIO_SIN_CN_TRAB,Si,No,30611,,Regla 2 coherente para validaciones implementadas.
GPA-001__R2-001__R1-001__0116,GPA-001__R2-001__R1-001,02_inputs_xml_flat/GPA-001__R2-001__R1-001__0116.xml,PASS,INFO,R1.D01=SI;R1.D02=SI;R2.D01=SI;R2.D02=SI;R2.D03=SI,MUNICIPIO30612,MUNICIPIO_SIN_CN_TRAB,Si,No,30612,,Regla 2 coherente para validaciones implementadas.
GPA-001__R2-001__R1-001__0117,GPA-001__R2-001__R1-001,02_inputs_xml_flat/GPA-001__R2-001__R1-001__0117.xml,PASS,INFO,R1.D01=SI;R1.D02=SI;R2.D01=SI;R2.D02=SI;R2.D03=SI,MUNICIPIO30613,MUNICIPIO_SIN_CN_TRAB,Si,No,30613,,Regla 2 coherente para validaciones implementadas.
GPA-001__R2-001__R1-001__0118,GPA-001__R2-001__R1-001,02_inputs_xml_flat/GPA-001__R2-001__R1-001__0118.xml,PASS,INFO,R1.D01=SI;R1.D02=SI;R2.D01=SI;R2.D02=SI;R2.D03=SI,MUNICIPIO30611,MUNICIPIO_SIN_CN_TRAB,Si,No,30611,,Regla 2 coherente para validaciones implementadas.
GPA-001__R2-001__R1-001__0119,GPA-001__R2-001__R1-001,02_inputs_xml_flat/GPA-001__R2-001__R1-001__0119.xml,PASS,INFO,R1.D01=SI;R1.D02=SI;R2.D01=SI;R2.D02=SI;R2.D03=SI,MUNICIPIO30612,MUNICIPIO_SIN_CN_TRAB,Si,No,30612,,Regla 2 coherente para validaciones implementadas.
GPA-001__R2-001__R1-001__0120,GPA-001__R2-001__R1-001,02_inputs_xml_flat/GPA-001__R2-001__R1-001__0120.xml,PASS,INFO,R1.D01=SI;R1.D02=SI;R2.D01=SI;R2.D02=SI;R2.D03=SI,MUNICIPIO30613,MUNICIPIO_SIN_CN_TRAB,Si,No,30613,,Regla 2 coherente para validaciones implementadas.
GPA-001__R2-001__R1-001__0121,GPA-001__R2-001__R1-001,02_inputs_xml_flat/GPA-001__R2-001__R1-001__0121.xml,PASS,INFO,R1.D01=SI;R1.D02=SI;R2.D01=SI;R2.D02=SI;R2.D03=SI,MUNICIPIO30611,MUNICIPIO_SIN_CN_TRAB,Si,No,30611,,Regla 2 coherente para validaciones implementadas.
GPA-001__R2-001__R1-001__0122,GPA-001__R2-001__R1-001,02_inputs_xml_flat/GPA-001__R2-001__R1-001__0122.xml,PASS,INFO,R1.D01=SI;R1.D02=SI;R2.D01=SI;R2.D02=SI;R2.D03=SI,MUNICIPIO30612,MUNICIPIO_SIN_CN_TRAB,Si,No,30612,,Regla 2 coherente para validaciones implementadas.
GPA-001__R2-001__R1-001__0123,GPA-001__R2-001__R1-001,02_inputs_xml_flat/GPA-001__R2-001__R1-001__0123.xml,PASS,INFO,R1.D01=SI;R1.D02=SI;R2.D01=SI;R2.D02=SI;R2.D03=SI,MUNICIPIO30613,MUNICIPIO_SIN_CN_TRAB,Si,No,30613,,Regla 2 coherente para validaciones implementadas.
GPA-001__R2-001__R1-001__0124,GPA-001__R2-001__R1-001,02_inputs_xml_flat/GPA-001__R2-001__R1-001__0124.xml,PASS,INFO,R1.D01=SI;R1.D02=SI;R2.D01=SI;R2.D02=SI;R2.D03=SI,MUNICIPIO30611,MUNICIPIO_SIN_CN_TRAB,Si,No,30611,,Regla 2 coherente para validaciones implementadas.
GPA-001__R2-001__R1-001__0125,GPA-001__R2-001__R1-001,02_inputs_xml_flat/GPA-001__R2-001__R1-001__0125.xml,PASS,INFO,R1.D01=SI;R1.D02=SI;R2.D01=SI;R2.D02=SI;R2.D03=SI,MUNICIPIO30612,MUNICIPIO_SIN_CN_TRAB,Si,No,30612,,Regla 2 coherente para validaciones implementadas.
GPA-001__R2-001__R1-001__0126,GPA-001__R2-001__R1-001,02_inputs_xml_flat/GPA-001__R2-001__R1-001__0126.xml,PASS,INFO,R1.D01=SI;R1.D02=SI;R2.D01=SI;R2.D02=SI;R2.D03=SI,MUNICIPIO30613,MUNICIPIO_SIN_CN_TRAB,Si,No,30613,,Regla 2 coherente para validaciones implementadas.
GPA-001__R2-001__R1-001__0127,GPA-001__R2-001__R1-001,02_inputs_xml_flat/GPA-001__R2-001__R1-001__0127.xml,PASS,INFO,R1.D01=SI;R1.D02=SI;R2.D01=SI;R2.D02=SI;R2.D03=SI,MUNICIPIO30611,MUNICIPIO_SIN_CN_TRAB,Si,No,30611,,Regla 2 coherente para validaciones implementadas.
GPA-001__R2-001__R1-001__0128,GPA-001__R2-001__R1-001,02_inputs_xml_flat/GPA-001__R2-001__R1-001__0128.xml,PASS,INFO,R1.D01=SI;R1.D02=SI;R2.D01=SI;R2.D02=SI;R2.D03=SI,MUNICIPIO30612,MUNICIPIO_SIN_CN_TRAB,Si,No,30612,,Regla 2 coherente para validaciones implementadas.
GPA-001__R2-001__R1-001__0129,GPA-001__R2-001__R1-001,02_inputs_xml_flat/GPA-001__R2-001__R1-001__0129.xml,PASS,INFO,R1.D01=SI;R1.D02=SI;R2.D01=SI;R2.D02=SI;R2.D03=SI,MUNICIPIO30613,MUNICIPIO_SIN_CN_TRAB,Si,No,30613,,Regla 2 coherente para validaciones implementadas.
GPA-001__R2-001__R1-001__0130,GPA-001__R2-001__R1-001,02_inputs_xml_flat/GPA-001__R2-001__R1-001__0130.xml,PASS,INFO,R1.D01=SI;R1.D02=SI;R2.D01=SI;R2.D02=SI;R2.D03=SI,MUNICIPIO30611,MUNICIPIO_SIN_CN_TRAB,Si,No,30611,,Regla 2 coherente para validaciones implementadas.
GPA-001__R2-001__R1-001__0131,GPA-001__R2-001__R1-001,02_inputs_xml_flat/GPA-001__R2-001__R1-001__0131.xml,PASS,INFO,R1.D01=SI;R1.D02=SI;R2.D01=SI;R2.D02=SI;R2.D03=SI,MUNICIPIO30612,MUNICIPIO_SIN_CN_TRAB,Si,No,30612,,Regla 2 coherente para validaciones implementadas.
GPA-001__R2-001__R1-001__0132,GPA-001__R2-001__R1-001,02_inputs_xml_flat/GPA-001__R2-001__R1-001__0132.xml,PASS,INFO,R1.D01=SI;R1.D02=SI;R2.D01=SI;R2.D02=SI;R2.D03=SI,MUNICIPIO30613,MUNICIPIO_SIN_CN_TRAB,Si,No,30613,,Regla 2 coherente para validaciones implementadas.
GPA-001__R2-001__R1-001__0133,GPA-001__R2-001__R1-001,02_inputs_xml_flat/GPA-001__R2-001__R1-001__0133.xml,PASS,INFO,R1.D01=SI;R1.D02=SI;R2.D01=SI;R2.D02=SI;R2.D03=SI,MUNICIPIO30611,MUNICIPIO_SIN_CN_TRAB,Si,No,30611,,Regla 2 coherente para validaciones implementadas.
GPA-001__R2-001__R1-001__0134,GPA-001__R2-001__R1-001,02_inputs_xml_flat/GPA-001__R2-001__R1-001__0134.xml,PASS,INFO,R1.D01=SI;R1.D02=SI;R2.D01=SI;R2.D02=SI;R2.D03=SI,MUNICIPIO30612,MUNICIPIO_SIN_CN_TRAB,Si,No,30612,,Regla 2 coherente para validaciones implementadas.
GPA-001__R2-001__R1-001__0135,GPA-001__R2-001__R1-001,02_inputs_xml_flat/GPA-001__R2-001__R1-001__0135.xml,PASS,INFO,R1.D01=SI;R1.D02=SI;R2.D01=SI;R2.D02=SI;R2.D03=SI,MUNICIPIO30613,MUNICIPIO_SIN_CN_TRAB,Si,No,30613,,Regla 2 coherente para validaciones implementadas.
GPA-001__R2-001__R1-001__0136,GPA-001__R2-001__R1-001,02_inputs_xml_flat/GPA-001__R2-001__R1-001__0136.xml,PASS,INFO,R1.D01=SI;R1.D02=SI;R2.D01=SI;R2.D02=SI;R2.D03=SI,MUNICIPIO30611,MUNICIPIO_SIN_CN_TRAB,Si,No,30611,,Regla 2 coherente para validaciones implementadas.
GPA-001__R2-001__R1-001__0137,GPA-001__R2-001__R1-001,02_inputs_xml_flat/GPA-001__R2-001__R1-001__0137.xml,PASS,INFO,R1.D01=SI;R1.D02=SI;R2.D01=SI;R2.D02=SI;R2.D03=SI,MUNICIPIO30612,MUNICIPIO_SIN_CN_TRAB,Si,No,30612,,Regla 2 coherente para validaciones implementadas.
GPA-001__R2-001__R1-001__0138,GPA-001__R2-001__R1-001,02_inputs_xml_flat/GPA-001__R2-001__R1-001__0138.xml,PASS,INFO,R1.D01=SI;R1.D02=SI;R2.D01=SI;R2.D02=SI;R2.D03=SI,MUNICIPIO30613,MUNICIPIO_SIN_CN_TRAB,Si,No,30613,,Regla 2 coherente para validaciones implementadas.
GPA-001__R2-001__R1-001__0139,GPA-001__R2-001__R1-001,02_inputs_xml_flat/GPA-001__R2-001__R1-001__0139.xml,PASS,INFO,R1.D01=SI;R1.D02=SI;R2.D01=SI;R2.D02=SI;R2.D03=SI,MUNICIPIO30611,MUNICIPIO_SIN_CN_TRAB,Si,No,30611,,Regla 2 coherente para validaciones implementadas.
GPA-001__R2-001__R1-001__0140,GPA-001__R2-001__R1-001,02_inputs_xml_flat/GPA-001__R2-001__R1-001__0140.xml,PASS,INFO,R1.D01=SI;R1.D02=SI;R2.D01=SI;R2.D02=SI;R2.D03=SI,MUNICIPIO30612,MUNICIPIO_SIN_CN_TRAB,Si,No,30612,,Regla 2 coherente para validaciones implementadas.
GPA-001__R2-001__R1-001__0141,GPA-001__R2-001__R1-001,02_inputs_xml_flat/GPA-001__R2-001__R1-001__0141.xml,PASS,INFO,R1.D01=SI;R1.D02=SI;R2.D01=SI;R2.D02=SI;R2.D03=SI,MUNICIPIO30613,MUNICIPIO_SIN_CN_TRAB,Si,No,30613,,Regla 2 coherente para validaciones implementadas.
GPA-001__R2-001__R1-001__0142,GPA-001__R2-001__R1-001,02_inputs_xml_flat/GPA-001__R2-001__R1-001__0142.xml,PASS,INFO,R1.D01=SI;R1.D02=SI;R2.D01=SI;R2.D02=SI;R2.D03=SI,MUNICIPIO30611,MUNICIPIO_SIN_CN_TRAB,Si,No,30611,,Regla 2 coherente para validaciones implementadas.
GPA-001__R2-001__R1-001__0143,GPA-001__R2-001__R1-001,02_inputs_xml_flat/GPA-001__R2-001__R1-001__0143.xml,PASS,INFO,R1.D01=SI;R1.D02=SI;R2.D01=SI;R2.D02=SI;R2.D03=SI,MUNICIPIO30612,MUNICIPIO_SIN_CN_TRAB,Si,No,30612,,Regla 2 coherente para validaciones implementadas.
GPA-001__R2-001__R1-001__0144,GPA-001__R2-001__R1-001,02_inputs_xml_flat/GPA-001__R2-001__R1-001__0144.xml,PASS,INFO,R1.D01=SI;R1.D02=SI;R2.D01=SI;R2.D02=SI;R2.D03=SI,MUNICIPIO30613,MUNICIPIO_SIN_CN_TRAB,Si,No,30613,,Regla 2 coherente para validaciones implementadas.
GPA-001__R2-001__R1-001__0145,GPA-001__R2-001__R1-001,02_inputs_xml_flat/GPA-001__R2-001__R1-001__0145.xml,PASS,INFO,R1.D01=SI;R1.D02=SI;R2.D01=SI;R2.D02=SI;R2.D03=SI,MUNICIPIO30611,MUNICIPIO_SIN_CN_TRAB,Si,No,30611,,Regla 2 coherente para validaciones implementadas.
GPA-001__R2-001__R1-001__0146,GPA-001__R2-001__R1-001,02_inputs_xml_flat/GPA-001__R2-001__R1-001__0146.xml,PASS,INFO,R1.D01=SI;R1.D02=SI;R2.D01=SI;R2.D02=SI;R2.D03=SI,MUNICIPIO30612,MUNICIPIO_SIN_CN_TRAB,Si,No,30612,,Regla 2 coherente para validaciones implementadas.
GPA-001__R2-001__R1-001__0147,GPA-001__R2-001__R1-001,02_inputs_xml_flat/GPA-001__R2-001__R1-001__0147.xml,PASS,INFO,R1.D01=SI;R1.D02=SI;R2.D01=SI;R2.D02=SI;R2.D03=SI,MUNICIPIO30613,MUNICIPIO_SIN_CN_TRAB,Si,No,30613,,Regla 2 coherente para validaciones implementadas.
GPA-001__R2-001__R1-001__0148,GPA-001__R2-001__R1-001,02_inputs_xml_flat/GPA-001__R2-001__R1-001__0148.xml,PASS,INFO,R1.D01=SI;R1.D02=SI;R2.D01=SI;R2.D02=SI;R2.D03=SI,MUNICIPIO30611,MUNICIPIO_SIN_CN_TRAB,Si,No,30611,,Regla 2 coherente para validaciones implementadas.
GPA-001__R2-001__R1-001__0149,GPA-001__R2-001__R1-001,02_inputs_xml_flat/GPA-001__R2-001__R1-001__0149.xml,PASS,INFO,R1.D01=SI;R1.D02=SI;R2.D01=SI;R2.D02=SI;R2.D03=SI,MUNICIPIO30612,MUNICIPIO_SIN_CN_TRAB,Si,No,30612,,Regla 2 coherente para validaciones implementadas.
GPA-001__R2-001__R1-001__0150,GPA-001__R2-001__R1-001,02_inputs_xml_flat/GPA-001__R2-001__R1-001__0150.xml,PASS,INFO,R1.D01=SI;R1.D02=SI;R2.D01=SI;R2.D02=SI;R2.D03=SI,MUNICIPIO30613,MUNICIPIO_SIN_CN_TRAB,Si,No,30613,,Regla 2 coherente para validaciones implementadas.
GPA-001__R2-001__R1-001__0151,GPA-001__R2-001__R1-001,02_inputs_xml_flat/GPA-001__R2-001__R1-001__0151.xml,PASS,INFO,R1.D01=SI;R1.D02=SI;R2.D01=SI;R2.D02=SI;R2.D03=SI,MUNICIPIO30611,MUNICIPIO_SIN_CN_TRAB,Si,No,30611,,Regla 2 coherente para validaciones implementadas.
GPA-001__R2-001__R1-001__0152,GPA-001__R2-001__R1-001,02_inputs_xml_flat/GPA-001__R2-001__R1-001__0152.xml,PASS,INFO,R1.D01=SI;R1.D02=SI;R2.D01=SI;R2.D02=SI;R2.D03=SI,MUNICIPIO30612,MUNICIPIO_SIN_CN_TRAB,Si,No,30612,,Regla 2 coherente para validaciones implementadas.
GPA-001__R2-001__R1-001__0153,GPA-001__R2-001__R1-001,02_inputs_xml_flat/GPA-001__R2-001__R1-001__0153.xml,PASS,INFO,R1.D01=SI;R1.D02=SI;R2.D01=SI;R2.D02=SI;R2.D03=SI,MUNICIPIO30613,MUNICIPIO_SIN_CN_TRAB,Si,No,30613,,Regla 2 coherente para validaciones implementadas.
GPA-001__R2-001__R1-001__0154,GPA-001__R2-001__R1-001,02_inputs_xml_flat/GPA-001__R2-001__R1-001__0154.xml,PASS,INFO,R1.D01=SI;R1.D02=SI;R2.D01=SI;R2.D02=SI;R2.D03=SI,MUNICIPIO30611,MUNICIPIO_SIN_CN_TRAB,Si,No,30611,,Regla 2 coherente para validaciones implementadas.
GPA-001__R2-001__R1-001__0155,GPA-001__R2-001__R1-001,02_inputs_xml_flat/GPA-001__R2-001__R1-001__0155.xml,PASS,INFO,R1.D01=SI;R1.D02=SI;R2.D01=SI;R2.D02=SI;R2.D03=SI,MUNICIPIO30612,MUNICIPIO_SIN_CN_TRAB,Si,No,30612,,Regla 2 coherente para validaciones implementadas.
GPA-001__R2-001__R1-001__0156,GPA-001__R2-001__R1-001,02_inputs_xml_flat/GPA-001__R2-001__R1-001__0156.xml,PASS,INFO,R1.D01=SI;R1.D02=SI;R2.D01=SI;R2.D02=SI;R2.D03=SI,MUNICIPIO30613,MUNICIPIO_SIN_CN_TRAB,Si,No,30613,,Regla 2 coherente para validaciones implementadas.
GPA-001__R2-001__R1-001__0157,GPA-001__R2-001__R1-001,02_inputs_xml_flat/GPA-001__R2-001__R1-001__0157.xml,PASS,INFO,R1.D01=SI;R1.D02=SI;R2.D01=SI;R2.D02=SI;R2.D03=SI,MUNICIPIO30611,MUNICIPIO_SIN_CN_TRAB,Si,No,30611,,Regla 2 coherente para validaciones implementadas.
GPA-001__R2-001__R1-001__0158,GPA-001__R2-001__R1-001,02_inputs_xml_flat/GPA-001__R2-001__R1-001__0158.xml,PASS,INFO,R1.D01=SI;R1.D02=SI;R2.D01=SI;R2.D02=SI;R2.D03=SI,MUNICIPIO30612,MUNICIPIO_SIN_CN_TRAB,Si,No,30612,,Regla 2 coherente para validaciones implementadas.
GPA-001__R2-001__R1-001__0159,GPA-001__R2-001__R1-001,02_inputs_xml_flat/GPA-001__R2-001__R1-001__0159.xml,PASS,INFO,R1.D01=SI;R1.D02=SI;R2.D01=SI;R2.D02=SI;R2.D03=SI,MUNICIPIO30613,MUNICIPIO_SIN_CN_TRAB,Si,No,30613,,Regla 2 coherente para validaciones implementadas.
GPA-001__R2-001__R1-001__0160,GPA-001__R2-001__R1-001,02_inputs_xml_flat/GPA-001__R2-001__R1-001__0160.xml,PASS,INFO,R1.D01=SI;R1.D02=SI;R2.D01=SI;R2.D02=SI;R2.D03=SI,MUNICIPIO30611,MUNICIPIO_SIN_CN_TRAB,Si,No,30611,,Regla 2 coherente para validaciones implementadas.
GPA-001__R2-001__R1-001__0161,GPA-001__R2-001__R1-001,02_inputs_xml_flat/GPA-001__R2-001__R1-001__0161.xml,PASS,INFO,R1.D01=SI;R1.D02=SI;R2.D01=SI;R2.D02=SI;R2.D03=SI,MUNICIPIO30612,MUNICIPIO_SIN_CN_TRAB,Si,No,30612,,Regla 2 coherente para validaciones implementadas.
GPA-001__R2-001__R1-001__0162,GPA-001__R2-001__R1-001,02_inputs_xml_flat/GPA-001__R2-001__R1-001__0162.xml,PASS,INFO,R1.D01=SI;R1.D02=SI;R2.D01=SI;R2.D02=SI;R2.D03=SI,MUNICIPIO30613,MUNICIPIO_SIN_CN_TRAB,Si,No,30613,,Regla 2 coherente para validaciones implementadas.
GPA-001__R2-001__R1-001__0163,GPA-001__R2-001__R1-001,02_inputs_xml_flat/GPA-001__R2-001__R1-001__0163.xml,PASS,INFO,R1.D01=SI;R1.D02=SI;R2.D01=SI;R2.D02=SI;R2.D03=SI,MUNICIPIO30611,MUNICIPIO_SIN_CN_TRAB,Si,No,30611,,Regla 2 coherente para validaciones implementadas.
GPA-001__R2-001__R1-001__0164,GPA-001__R2-001__R1-001,02_inputs_xml_flat/GPA-001__R2-001__R1-001__0164.xml,PASS,INFO,R1.D01=SI;R1.D02=SI;R2.D01=SI;R2.D02=SI;R2.D03=SI,MUNICIPIO30612,MUNICIPIO_SIN_CN_TRAB,Si,No,30612,,Regla 2 coherente para validaciones implementadas.
GPA-001__R2-001__R1-001__0165,GPA-001__R2-001__R1-001,02_inputs_xml_flat/GPA-001__R2-001__R1-001__0165.xml,PASS,INFO,R1.D01=SI;R1.D02=SI;R2.D01=SI;R2.D02=SI;R2.D03=SI,MUNICIPIO30613,MUNICIPIO_SIN_CN_TRAB,Si,No,30613,,Regla 2 coherente para validaciones implementadas.
GPA-001__R2-001__R1-001__0166,GPA-001__R2-001__R1-001,02_inputs_xml_flat/GPA-001__R2-001__R1-001__0166.xml,PASS,INFO,R1.D01=SI;R1.D02=SI;R2.D01=SI;R2.D02=SI;R2.D03=SI,MUNICIPIO30611,MUNICIPIO_SIN_CN_TRAB,Si,No,30611,,Regla 2 coherente para validaciones implementadas.
GPA-001__R2-001__R1-001__0167,GPA-001__R2-001__R1-001,02_inputs_xml_flat/GPA-001__R2-001__R1-001__0167.xml,PASS,INFO,R1.D01=SI;R1.D02=SI;R2.D01=SI;R2.D02=SI;R2.D03=SI,MUNICIPIO30612,MUNICIPIO_SIN_CN_TRAB,Si,No,30612,,Regla 2 coherente para validaciones implementadas.
GPA-001__R2-001__R1-001__0168,GPA-001__R2-001__R1-001,02_inputs_xml_flat/GPA-001__R2-001__R1-001__0168.xml,PASS,INFO,R1.D01=SI;R1.D02=SI;R2.D01=SI;R2.D02=SI;R2.D03=SI,MUNICIPIO30613,MUNICIPIO_SIN_CN_TRAB,Si,No,30613,,Regla 2 coherente para validaciones implementadas.
GPA-001__R2-001__R1-001__0169,GPA-001__R2-001__R1-001,02_inputs_xml_flat/GPA-001__R2-001__R1-001__0169.xml,PASS,INFO,R1.D01=SI;R1.D02=SI;R2.D01=SI;R2.D02=SI;R2.D03=SI,MUNICIPIO30611,MUNICIPIO_SIN_CN_TRAB,Si,No,30611,,Regla 2 coherente para validaciones implementadas.
GPA-001__R2-001__R1-001__0170,GPA-001__R2-001__R1-001,02_inputs_xml_flat/GPA-001__R2-001__R1-001__0170.xml,PASS,INFO,R1.D01=SI;R1.D02=SI;R2.D01=SI;R2.D02=SI;R2.D03=SI,MUNICIPIO30612,MUNICIPIO_SIN_CN_TRAB,Si,No,30612,,Regla 2 coherente para validaciones implementadas.
GPA-001__R2-001__R1-001__0171,GPA-001__R2-001__R1-001,02_inputs_xml_flat/GPA-001__R2-001__R1-001__0171.xml,PASS,INFO,R1.D01=SI;R1.D02=SI;R2.D01=SI;R2.D02=SI;R2.D03=SI,MUNICIPIO30613,MUNICIPIO_SIN_CN_TRAB,Si,No,30613,,Regla 2 coherente para validaciones implementadas.
GPA-001__R2-001__R1-001__0172,GPA-001__R2-001__R1-001,02_inputs_xml_flat/GPA-001__R2-001__R1-001__0172.xml,PASS,INFO,R1.D01=SI;R1.D02=SI;R2.D01=SI;R2.D02=SI;R2.D03=SI,MUNICIPIO30611,MUNICIPIO_SIN_CN_TRAB,Si,No,30611,,Regla 2 coherente para validaciones implementadas.
GPA-001__R2-001__R1-001__0173,GPA-001__R2-001__R1-001,02_inputs_xml_flat/GPA-001__R2-001__R1-001__0173.xml,PASS,INFO,R1.D01=SI;R1.D02=SI;R2.D01=SI;R2.D02=SI;R2.D03=SI,MUNICIPIO30612,MUNICIPIO_SIN_CN_TRAB,Si,No,30612,,Regla 2 coherente para validaciones implementadas.
GPA-001__R2-001__R1-001__0174,GPA-001__R2-001__R1-001,02_inputs_xml_flat/GPA-001__R2-001__R1-001__0174.xml,PASS,INFO,R1.D01=SI;R1.D02=SI;R2.D01=SI;R2.D02=SI;R2.D03=SI,MUNICIPIO30613,MUNICIPIO_SIN_CN_TRAB,Si,No,30613,,Regla 2 coherente para validaciones implementadas.
GPA-001__R2-001__R1-001__0175,GPA-001__R2-001__R1-001,02_inputs_xml_flat/GPA-001__R2-001__R1-001__0175.xml,PASS,INFO,R1.D01=SI;R1.D02=SI;R2.D01=SI;R2.D02=SI;R2.D03=SI,MUNICIPIO30611,MUNICIPIO_SIN_CN_TRAB,Si,No,30611,,Regla 2 coherente para validaciones implementadas.
GPA-001__R2-001__R1-001__0176,GPA-001__R2-001__R1-001,02_inputs_xml_flat/GPA-001__R2-001__R1-001__0176.xml,PASS,INFO,R1.D01=SI;R1.D02=SI;R2.D01=SI;R2.D02=SI;R2.D03=SI,MUNICIPIO30612,MUNICIPIO_SIN_CN_TRAB,Si,No,30612,,Regla 2 coherente para validaciones implementadas.
GPA-001__R2-001__R1-001__0177,GPA-001__R2-001__R1-001,02_inputs_xml_flat/GPA-001__R2-001__R1-001__0177.xml,PASS,INFO,R1.D01=SI;R1.D02=SI;R2.D01=SI;R2.D02=SI;R2.D03=SI,MUNICIPIO30613,MUNICIPIO_SIN_CN_TRAB,Si,No,30613,,Regla 2 coherente para validaciones implementadas.
GPA-001__R2-001__R1-001__0178,GPA-001__R2-001__R1-001,02_inputs_xml_flat/GPA-001__R2-001__R1-001__0178.xml,PASS,INFO,R1.D01=SI;R1.D02=SI;R2.D01=SI;R2.D02=SI;R2.D03=SI,MUNICIPIO30611,MUNICIPIO_SIN_CN_TRAB,Si,No,30611,,Regla 2 coherente para validaciones implementadas.
GPA-001__R2-001__R1-001__0179,GPA-001__R2-001__R1-001,02_inputs_xml_flat/GPA-001__R2-001__R1-001__0179.xml,PASS,INFO,R1.D01=SI;R1.D02=SI;R2.D01=SI;R2.D02=SI;R2.D03=SI,MUNICIPIO30612,MUNICIPIO_SIN_CN_TRAB,Si,No,30612,,Regla 2 coherente para validaciones implementadas.
GPA-001__R2-001__R1-001__0180,GPA-001__R2-001__R1-001,02_inputs_xml_flat/GPA-001__R2-001__R1-001__0180.xml,PASS,INFO,R1.D01=SI;R1.D02=SI;R2.D01=SI;R2.D02=SI;R2.D03=SI,MUNICIPIO30613,MUNICIPIO_SIN_CN_TRAB,Si,No,30613,,Regla 2 coherente para validaciones implementadas.
GPA-001__R2-001__R1-001__0181,GPA-001__R2-001__R1-001,02_inputs_xml_flat/GPA-001__R2-001__R1-001__0181.xml,PASS,INFO,R1.D01=SI;R1.D02=SI;R2.D01=SI;R2.D02=SI;R2.D03=SI,MUNICIPIO30611,MUNICIPIO_SIN_CN_TRAB,Si,No,30611,,Regla 2 coherente para validaciones implementadas.
GPA-001__R2-001__R1-001__0182,GPA-001__R2-001__R1-001,02_inputs_xml_flat/GPA-001__R2-001__R1-001__0182.xml,PASS,INFO,R1.D01=SI;R1.D02=SI;R2.D01=SI;R2.D02=SI;R2.D03=SI,MUNICIPIO30612,MUNICIPIO_SIN_CN_TRAB,Si,No,30612,,Regla 2 coherente para validaciones implementadas.
GPA-001__R2-001__R1-001__0183,GPA-001__R2-001__R1-001,02_inputs_xml_flat/GPA-001__R2-001__R1-001__0183.xml,PASS,INFO,R1.D01=SI;R1.D02=SI;R2.D01=SI;R2.D02=SI;R2.D03=SI,MUNICIPIO30613,MUNICIPIO_SIN_CN_TRAB,Si,No,30613,,Regla 2 coherente para validaciones implementadas.
GPA-001__R2-001__R1-001__0184,GPA-001__R2-001__R1-001,02_inputs_xml_flat/GPA-001__R2-001__R1-001__0184.xml,PASS,INFO,R1.D01=SI;R1.D02=SI;R2.D01=SI;R2.D02=SI;R2.D03=SI,MUNICIPIO30611,MUNICIPIO_SIN_CN_TRAB,Si,No,30611,,Regla 2 coherente para validaciones implementadas.
GPA-001__R2-001__R1-001__0185,GPA-001__R2-001__R1-001,02_inputs_xml_flat/GPA-001__R2-001__R1-001__0185.xml,PASS,INFO,R1.D01=SI;R1.D02=SI;R2.D01=SI;R2.D02=SI;R2.D03=SI,MUNICIPIO30612,MUNICIPIO_SIN_CN_TRAB,Si,No,30612,,Regla 2 coherente para validaciones implementadas.
GPA-001__R2-001__R1-001__0186,GPA-001__R2-001__R1-001,02_inputs_xml_flat/GPA-001__R2-001__R1-001__0186.xml,PASS,INFO,R1.D01=SI;R1.D02=SI;R2.D01=SI;R2.D02=SI;R2.D03=SI,MUNICIPIO30613,MUNICIPIO_SIN_CN_TRAB,Si,No,30613,,Regla 2 coherente para validaciones implementadas.
GPA-001__R2-001__R1-001__0187,GPA-001__R2-001__R1-001,02_inputs_xml_flat/GPA-001__R2-001__R1-001__0187.xml,PASS,INFO,R1.D01=SI;R1.D02=SI;R2.D01=SI;R2.D02=SI;R2.D03=SI,MUNICIPIO30611,MUNICIPIO_SIN_CN_TRAB,Si,No,30611,,Regla 2 coherente para validaciones implementadas.
GPA-001__R2-001__R1-001__0188,GPA-001__R2-001__R1-001,02_inputs_xml_flat/GPA-001__R2-001__R1-001__0188.xml,PASS,INFO,R1.D01=SI;R1.D02=SI;R2.D01=SI;R2.D02=SI;R2.D03=SI,MUNICIPIO30612,MUNICIPIO_SIN_CN_TRAB,Si,No,30612,,Regla 2 coherente para validaciones implementadas.
GPA-001__R2-001__R1-001__0189,GPA-001__R2-001__R1-001,02_inputs_xml_flat/GPA-001__R2-001__R1-001__0189.xml,PASS,INFO,R1.D01=SI;R1.D02=SI;R2.D01=SI;R2.D02=SI;R2.D03=SI,MUNICIPIO30613,MUNICIPIO_SIN_CN_TRAB,Si,No,30613,,Regla 2 coherente para validaciones implementadas.
GPA-001__R2-001__R1-001__0190,GPA-001__R2-001__R1-001,02_inputs_xml_flat/GPA-001__R2-001__R1-001__0190.xml,PASS,INFO,R1.D01=SI;R1.D02=SI;R2.D01=SI;R2.D02=SI;R2.D03=SI,MUNICIPIO30611,MUNICIPIO_SIN_CN_TRAB,Si,No,30611,,Regla 2 coherente para validaciones implementadas.
GPA-001__R2-001__R1-001__0191,GPA-001__R2-001__R1-001,02_inputs_xml_flat/GPA-001__R2-001__R1-001__0191.xml,PASS,INFO,R1.D01=SI;R1.D02=SI;R2.D01=SI;R2.D02=SI;R2.D03=SI,MUNICIPIO30612,MUNICIPIO_SIN_CN_TRAB,Si,No,30612,,Regla 2 coherente para validaciones implementadas.
GPA-001__R2-001__R1-001__0192,GPA-001__R2-001__R1-001,02_inputs_xml_flat/GPA-001__R2-001__R1-001__0192.xml,PASS,INFO,R1.D01=SI;R1.D02=SI;R2.D01=SI;R2.D02=SI;R2.D03=SI,MUNICIPIO30613,MUNICIPIO_SIN_CN_TRAB,Si,No,30613,,Regla 2 coherente para validaciones implementadas.
GPA-001__R2-001__R1-001__0193,GPA-001__R2-001__R1-001,02_inputs_xml_flat/GPA-001__R2-001__R1-001__0193.xml,PASS,INFO,R1.D01=SI;R1.D02=SI;R2.D01=SI;R2.D02=SI;R2.D03=SI,MUNICIPIO30611,MUNICIPIO_SIN_CN_TRAB,Si,No,30611,,Regla 2 coherente para validaciones implementadas.
GPA-001__R2-001__R1-001__0194,GPA-001__R2-001__R1-001,02_inputs_xml_flat/GPA-001__R2-001__R1-001__0194.xml,PASS,INFO,R1.D01=SI;R1.D02=SI;R2.D01=SI;R2.D02=SI;R2.D03=SI,MUNICIPIO30612,MUNICIPIO_SIN_CN_TRAB,Si,No,30612,,Regla 2 coherente para validaciones implementadas.
GPA-001__R2-001__R1-001__0195,GPA-001__R2-001__R1-001,02_inputs_xml_flat/GPA-001__R2-001__R1-001__0195.xml,PASS,INFO,R1.D01=SI;R1.D02=SI;R2.D01=SI;R2.D02=SI;R2.D03=SI,MUNICIPIO30613,MUNICIPIO_SIN_CN_TRAB,Si,No,30613,,Regla 2 coherente para validaciones implementadas.
GPA-001__R2-001__R1-001__0196,GPA-001__R2-001__R1-001,02_inputs_xml_flat/GPA-001__R2-001__R1-001__0196.xml,PASS,INFO,R1.D01=SI;R1.D02=SI;R2.D01=SI;R2.D02=SI;R2.D03=SI,MUNICIPIO30611,MUNICIPIO_SIN_CN_TRAB,Si,No,30611,,Regla 2 coherente para validaciones implementadas.
GPA-001__R2-001__R1-001__0197,GPA-001__R2-001__R1-001,02_inputs_xml_flat/GPA-001__R2-001__R1-001__0197.xml,PASS,INFO,R1.D01=SI;R1.D02=SI;R2.D01=SI;R2.D02=SI;R2.D03=SI,MUNICIPIO30612,MUNICIPIO_SIN_CN_TRAB,Si,No,30612,,Regla 2 coherente para validaciones implementadas.
GPA-001__R2-001__R1-001__0198,GPA-001__R2-001__R1-001,02_inputs_xml_flat/GPA-001__R2-001__R1-001__0198.xml,PASS,INFO,R1.D01=SI;R1.D02=SI;R2.D01=SI;R2.D02=SI;R2.D03=SI,MUNICIPIO30613,MUNICIPIO_SIN_CN_TRAB,Si,No,30613,,Regla 2 coherente para validaciones implementadas.
GPA-001__R2-001__R1-001__0199,GPA-001__R2-001__R1-001,02_inputs_xml_flat/GPA-001__R2-001__R1-001__0199.xml,PASS,INFO,R1.D01=SI;R1.D02=SI;R2.D01=SI;R2.D02=SI;R2.D03=SI,MUNICIPIO30611,MUNICIPIO_SIN_CN_TRAB,Si,No,30611,,Regla 2 coherente para validaciones implementadas.
GPA-001__R2-001__R1-001__0200,GPA-001__R2-001__R1-001,02_inputs_xml_flat/GPA-001__R2-001__R1-001__0200.xml,PASS,INFO,R1.D01=SI;R1.D02=SI;R2.D01=SI;R2.D02=SI;R2.D03=SI,MUNICIPIO30612,MUNICIPIO_SIN_CN_TRAB,Si,No,30612,,Regla 2 coherente para validaciones implementadas.
GPA-001__R2-001__R1-001__0201,GPA-001__R2-001__R1-001,02_inputs_xml_flat/GPA-001__R2-001__R1-001__0201.xml,PASS,INFO,R1.D01=SI;R1.D02=SI;R2.D01=SI;R2.D02=SI;R2.D03=SI,MUNICIPIO30613,MUNICIPIO_SIN_CN_TRAB,Si,No,30613,,Regla 2 coherente para validaciones implementadas.
GPA-001__R2-001__R1-001__0202,GPA-001__R2-001__R1-001,02_inputs_xml_flat/GPA-001__R2-001__R1-001__0202.xml,PASS,INFO,R1.D01=SI;R1.D02=SI;R2.D01=SI;R2.D02=SI;R2.D03=SI,MUNICIPIO30611,MUNICIPIO_SIN_CN_TRAB,Si,No,30611,,Regla 2 coherente para validaciones implementadas.
GPA-001__R2-001__R1-001__0203,GPA-001__R2-001__R1-001,02_inputs_xml_flat/GPA-001__R2-001__R1-001__0203.xml,PASS,INFO,R1.D01=SI;R1.D02=SI;R2.D01=SI;R2.D02=SI;R2.D03=SI,MUNICIPIO30612,MUNICIPIO_SIN_CN_TRAB,Si,No,30612,,Regla 2 coherente para validaciones implementadas.
GPA-001__R2-001__R1-001__0204,GPA-001__R2-001__R1-001,02_inputs_xml_flat/GPA-001__R2-001__R1-001__0204.xml,PASS,INFO,R1.D01=SI;R1.D02=SI;R2.D01=SI;R2.D02=SI;R2.D03=SI,MUNICIPIO30613,MUNICIPIO_SIN_CN_TRAB,Si,No,30613,,Regla 2 coherente para validaciones implementadas.
GPA-001__R2-001__R1-001__0205,GPA-001__R2-001__R1-001,02_inputs_xml_flat/GPA-001__R2-001__R1-001__0205.xml,PASS,INFO,R1.D01=SI;R1.D02=SI;R2.D01=SI;R2.D02=SI;R2.D03=SI,MUNICIPIO30611,MUNICIPIO_SIN_CN_TRAB,Si,No,30611,,Regla 2 coherente para validaciones implementadas.
GPA-001__R2-001__R1-001__0206,GPA-001__R2-001__R1-001,02_inputs_xml_flat/GPA-001__R2-001__R1-001__0206.xml,PASS,INFO,R1.D01=SI;R1.D02=SI;R2.D01=SI;R2.D02=SI;R2.D03=SI,MUNICIPIO30612,MUNICIPIO_SIN_CN_TRAB,Si,No,30612,,Regla 2 coherente para validaciones implementadas.
GPA-001__R2-001__R1-001__0207,GPA-001__R2-001__R1-001,02_inputs_xml_flat/GPA-001__R2-001__R1-001__0207.xml,PASS,INFO,R1.D01=SI;R1.D02=SI;R2.D01=SI;R2.D02=SI;R2.D03=SI,MUNICIPIO30613,MUNICIPIO_SIN_CN_TRAB,Si,No,30613,,Regla 2 coherente para validaciones implementadas.
GPA-001__R2-001__R1-001__0208,GPA-001__R2-001__R1-001,02_inputs_xml_flat/GPA-001__R2-001__R1-001__0208.xml,PASS,INFO,R1.D01=SI;R1.D02=SI;R2.D01=SI;R2.D02=SI;R2.D03=SI,MUNICIPIO30611,MUNICIPIO_SIN_CN_TRAB,Si,No,30611,,Regla 2 coherente para validaciones implementadas.
GPA-001__R2-001__R1-001__0209,GPA-001__R2-001__R1-001,02_inputs_xml_flat/GPA-001__R2-001__R1-001__0209.xml,PASS,INFO,R1.D01=SI;R1.D02=SI;R2.D01=SI;R2.D02=SI;R2.D03=SI,MUNICIPIO30612,MUNICIPIO_SIN_CN_TRAB,Si,No,30612,,Regla 2 coherente para validaciones implementadas.
GPA-001__R2-001__R1-001__0210,GPA-001__R2-001__R1-001,02_inputs_xml_flat/GPA-001__R2-001__R1-001__0210.xml,PASS,INFO,R1.D01=SI;R1.D02=SI;R2.D01=SI;R2.D02=SI;R2.D03=SI,MUNICIPIO30613,MUNICIPIO_SIN_CN_TRAB,Si,No,30613,,Regla 2 coherente para validaciones implementadas.
GPA-001__R2-001__R1-001__0211,GPA-001__R2-001__R1-001,02_inputs_xml_flat/GPA-001__R2-001__R1-001__0211.xml,PASS,INFO,R1.D01=SI;R1.D02=SI;R2.D01=SI;R2.D02=SI;R2.D03=SI,MUNICIPIO30611,MUNICIPIO_SIN_CN_TRAB,Si,No,30611,,Regla 2 coherente para validaciones implementadas.
GPA-001__R2-001__R1-001__0212,GPA-001__R2-001__R1-001,02_inputs_xml_flat/GPA-001__R2-001__R1-001__0212.xml,PASS,INFO,R1.D01=SI;R1.D02=SI;R2.D01=SI;R2.D02=SI;R2.D03=SI,MUNICIPIO30612,MUNICIPIO_SIN_CN_TRAB,Si,No,30612,,Regla 2 coherente para validaciones implementadas.
GPA-001__R2-001__R1-001__0213,GPA-001__R2-001__R1-001,02_inputs_xml_flat/GPA-001__R2-001__R1-001__0213.xml,PASS,INFO,R1.D01=SI;R1.D02=SI;R2.D01=SI;R2.D02=SI;R2.D03=SI,MUNICIPIO30613,MUNICIPIO_SIN_CN_TRAB,Si,No,30613,,Regla 2 coherente para validaciones implementadas.
GPA-001__R2-001__R1-001__0214,GPA-001__R2-001__R1-001,02_inputs_xml_flat/GPA-001__R2-001__R1-001__0214.xml,PASS,INFO,R1.D01=SI;R1.D02=SI;R2.D01=SI;R2.D02=SI;R2.D03=SI,MUNICIPIO30611,MUNICIPIO_SIN_CN_TRAB,Si,No,30611,,Regla 2 coherente para validaciones implementadas.
GPA-001__R2-001__R1-001__0215,GPA-001__R2-001__R1-001,02_inputs_xml_flat/GPA-001__R2-001__R1-001__0215.xml,PASS,INFO,R1.D01=SI;R1.D02=SI;R2.D01=SI;R2.D02=SI;R2.D03=SI,MUNICIPIO30612,MUNICIPIO_SIN_CN_TRAB,Si,No,30612,,Regla 2 coherente para validaciones implementadas.
GPA-001__R2-001__R1-001__0216,GPA-001__R2-001__R1-001,02_inputs_xml_flat/GPA-001__R2-001__R1-001__0216.xml,PASS,INFO,R1.D01=SI;R1.D02=SI;R2.D01=SI;R2.D02=SI;R2.D03=SI,MUNICIPIO30613,MUNICIPIO_SIN_CN_TRAB,Si,No,30613,,Regla 2 coherente para validaciones implementadas.
GPA-001__R2-001__R1-001__0217,GPA-001__R2-001__R1-001,02_inputs_xml_flat/GPA-001__R2-001__R1-001__0217.xml,PASS,INFO,R1.D01=SI;R1.D02=SI;R2.D01=SI;R2.D02=SI;R2.D03=SI,MUNICIPIO30611,MUNICIPIO_SIN_CN_TRAB,Si,No,30611,,Regla 2 coherente para validaciones implementadas.
GPA-001__R2-001__R1-001__0218,GPA-001__R2-001__R1-001,02_inputs_xml_flat/GPA-001__R2-001__R1-001__0218.xml,PASS,INFO,R1.D01=SI;R1.D02=SI;R2.D01=SI;R2.D02=SI;R2.D03=SI,MUNICIPIO30612,MUNICIPIO_SIN_CN_TRAB,Si,No,30612,,Regla 2 coherente para validaciones implementadas.
GPA-001__R2-001__R1-001__0219,GPA-001__R2-001__R1-001,02_inputs_xml_flat/GPA-001__R2-001__R1-001__0219.xml,PASS,INFO,R1.D01=SI;R1.D02=SI;R2.D01=SI;R2.D02=SI;R2.D03=SI,MUNICIPIO30613,MUNICIPIO_SIN_CN_TRAB,Si,No,30613,,Regla 2 coherente para validaciones implementadas.
GPA-001__R2-001__R1-001__0220,GPA-001__R2-001__R1-001,02_inputs_xml_flat/GPA-001__R2-001__R1-001__0220.xml,PASS,INFO,R1.D01=SI;R1.D02=SI;R2.D01=SI;R2.D02=SI;R2.D03=SI,MUNICIPIO30611,MUNICIPIO_SIN_CN_TRAB,Si,No,30611,,Regla 2 coherente para validaciones implementadas.
GPA-001__R2-001__R1-001__0221,GPA-001__R2-001__R1-001,02_inputs_xml_flat/GPA-001__R2-001__R1-001__0221.xml,PASS,INFO,R1.D01=SI;R1.D02=SI;R2.D01=SI;R2.D02=SI;R2.D03=SI,MUNICIPIO30612,MUNICIPIO_SIN_CN_TRAB,Si,No,30612,,Regla 2 coherente para validaciones implementadas.
GPA-001__R2-001__R1-001__0222,GPA-001__R2-001__R1-001,02_inputs_xml_flat/GPA-001__R2-001__R1-001__0222.xml,PASS,INFO,R1.D01=SI;R1.D02=SI;R2.D01=SI;R2.D02=SI;R2.D03=SI,MUNICIPIO30613,MUNICIPIO_SIN_CN_TRAB,Si,No,30613,,Regla 2 coherente para validaciones implementadas.
GPA-001__R2-001__R1-001__0223,GPA-001__R2-001__R1-001,02_inputs_xml_flat/GPA-001__R2-001__R1-001__0223.xml,PASS,INFO,R1.D01=SI;R1.D02=SI;R2.D01=SI;R2.D02=SI;R2.D03=SI,MUNICIPIO30611,MUNICIPIO_SIN_CN_TRAB,Si,No,30611,,Regla 2 coherente para validaciones implementadas.
GPA-001__R2-001__R1-001__0224,GPA-001__R2-001__R1-001,02_inputs_xml_flat/GPA-001__R2-001__R1-001__0224.xml,PASS,INFO,R1.D01=SI;R1.D02=SI;R2.D01=SI;R2.D02=SI;R2.D03=SI,MUNICIPIO30612,MUNICIPIO_SIN_CN_TRAB,Si,No,30612,,Regla 2 coherente para validaciones implementadas.
GPA-001__R2-001__R1-001__0225,GPA-001__R2-001__R1-001,02_inputs_xml_flat/GPA-001__R2-001__R1-001__0225.xml,PASS,INFO,R1.D01=SI;R1.D02=SI;R2.D01=SI;R2.D02=SI;R2.D03=SI,MUNICIPIO30613,MUNICIPIO_SIN_CN_TRAB,Si,No,30613,,Regla 2 coherente para validaciones implementadas.
GPA-001__R2-001__R1-001__0226,GPA-001__R2-001__R1-001,02_inputs_xml_flat/GPA-001__R2-001__R1-001__0226.xml,PASS,INFO,R1.D01=SI;R1.D02=SI;R2.D01=SI;R2.D02=SI;R2.D03=SI,MUNICIPIO30611,MUNICIPIO_SIN_CN_TRAB,Si,No,30611,,Regla 2 coherente para validaciones implementadas.
GPA-001__R2-001__R1-001__0227,GPA-001__R2-001__R1-001,02_inputs_xml_flat/GPA-001__R2-001__R1-001__0227.xml,PASS,INFO,R1.D01=SI;R1.D02=SI;R2.D01=SI;R2.D02=SI;R2.D03=SI,MUNICIPIO30612,MUNICIPIO_SIN_CN_TRAB,Si,No,30612,,Regla 2 coherente para validaciones implementadas.
GPA-001__R2-001__R1-001__0228,GPA-001__R2-001__R1-001,02_inputs_xml_flat/GPA-001__R2-001__R1-001__0228.xml,PASS,INFO,R1.D01=SI;R1.D02=SI;R2.D01=SI;R2.D02=SI;R2.D03=SI,MUNICIPIO30613,MUNICIPIO_SIN_CN_TRAB,Si,No,30613,,Regla 2 coherente para validaciones implementadas.
GPA-001__R2-001__R1-001__0229,GPA-001__R2-001__R1-001,02_inputs_xml_flat/GPA-001__R2-001__R1-001__0229.xml,PASS,INFO,R1.D01=SI;R1.D02=SI;R2.D01=SI;R2.D02=SI;R2.D03=SI,MUNICIPIO30611,MUNICIPIO_SIN_CN_TRAB,Si,No,30611,,Regla 2 coherente para validaciones implementadas.
GPA-001__R2-001__R1-001__0230,GPA-001__R2-001__R1-001,02_inputs_xml_flat/GPA-001__R2-001__R1-001__0230.xml,PASS,INFO,R1.D01=SI;R1.D02=SI;R2.D01=SI;R2.D02=SI;R2.D03=SI,MUNICIPIO30612,MUNICIPIO_SIN_CN_TRAB,Si,No,30612,,Regla 2 coherente para validaciones implementadas.
GPA-001__R2-001__R1-001__0231,GPA-001__R2-001__R1-001,02_inputs_xml_flat/GPA-001__R2-001__R1-001__0231.xml,PASS,INFO,R1.D01=SI;R1.D02=SI;R2.D01=SI;R2.D02=SI;R2.D03=SI,MUNICIPIO30613,MUNICIPIO_SIN_CN_TRAB,Si,No,30613,,Regla 2 coherente para validaciones implementadas.
GPA-001__R2-001__R1-001__0232,GPA-001__R2-001__R1-001,02_inputs_xml_flat/GPA-001__R2-001__R1-001__0232.xml,PASS,INFO,R1.D01=SI;R1.D02=SI;R2.D01=SI;R2.D02=SI;R2.D03=SI,MUNICIPIO30611,MUNICIPIO_SIN_CN_TRAB,Si,No,30611,,Regla 2 coherente para validaciones implementadas.
GPA-001__R2-001__R1-001__0233,GPA-001__R2-001__R1-001,02_inputs_xml_flat/GPA-001__R2-001__R1-001__0233.xml,PASS,INFO,R1.D01=SI;R1.D02=SI;R2.D01=SI;R2.D02=SI;R2.D03=SI,MUNICIPIO30612,MUNICIPIO_SIN_CN_TRAB,Si,No,30612,,Regla 2 coherente para validaciones implementadas.
GPA-001__R2-001__R1-001__0234,GPA-001__R2-001__R1-001,02_inputs_xml_flat/GPA-001__R2-001__R1-001__0234.xml,PASS,INFO,R1.D01=SI;R1.D02=SI;R2.D01=SI;R2.D02=SI;R2.D03=SI,MUNICIPIO30613,MUNICIPIO_SIN_CN_TRAB,Si,No,30613,,Regla 2 coherente para validaciones implementadas.
GPA-001__R2-001__R1-001__0235,GPA-001__R2-001__R1-001,02_inputs_xml_flat/GPA-001__R2-001__R1-001__0235.xml,PASS,INFO,R1.D01=SI;R1.D02=SI;R2.D01=SI;R2.D02=SI;R2.D03=SI,MUNICIPIO30611,MUNICIPIO_SIN_CN_TRAB,Si,No,30611,,Regla 2 coherente para validaciones implementadas.
GPA-001__R2-001__R1-001__0236,GPA-001__R2-001__R1-001,02_inputs_xml_flat/GPA-001__R2-001__R1-001__0236.xml,PASS,INFO,R1.D01=SI;R1.D02=SI;R2.D01=SI;R2.D02=SI;R2.D03=SI,MUNICIPIO30612,MUNICIPIO_SIN_CN_TRAB,Si,No,30612,,Regla 2 coherente para validaciones implementadas.
GPA-001__R2-001__R1-001__0237,GPA-001__R2-001__R1-001,02_inputs_xml_flat/GPA-001__R2-001__R1-001__0237.xml,PASS,INFO,R1.D01=SI;R1.D02=SI;R2.D01=SI;R2.D02=SI;R2.D03=SI,MUNICIPIO30613,MUNICIPIO_SIN_CN_TRAB,Si,No,30613,,Regla 2 coherente para validaciones implementadas.
GPA-001__R2-001__R1-001__0238,GPA-001__R2-001__R1-001,02_inputs_xml_flat/GPA-001__R2-001__R1-001__0238.xml,PASS,INFO,R1.D01=SI;R1.D02=SI;R2.D01=SI;R2.D02=SI;R2.D03=SI,MUNICIPIO30611,MUNICIPIO_SIN_CN_TRAB,Si,No,30611,,Regla 2 coherente para validaciones implementadas.
GPA-001__R2-001__R1-001__0239,GPA-001__R2-001__R1-001,02_inputs_xml_flat/GPA-001__R2-001__R1-001__0239.xml,PASS,INFO,R1.D01=SI;R1.D02=SI;R2.D01=SI;R2.D02=SI;R2.D03=SI,MUNICIPIO30612,MUNICIPIO_SIN_CN_TRAB,Si,No,30612,,Regla 2 coherente para validaciones implementadas.
GPA-001__R2-001__R1-001__0240,GPA-001__R2-001__R1-001,02_inputs_xml_flat/GPA-001__R2-001__R1-001__0240.xml,PASS,INFO,R1.D01=SI;R1.D02=SI;R2.D01=SI;R2.D02=SI;R2.D03=SI,MUNICIPIO30613,MUNICIPIO_SIN_CN_TRAB,Si,No,30613,,Regla 2 coherente para validaciones implementadas.
GPA-001__R2-001__R1-001__0241,GPA-001__R2-001__R1-001,02_inputs_xml_flat/GPA-001__R2-001__R1-001__0241.xml,PASS,INFO,R1.D01=SI;R1.D02=SI;R2.D01=SI;R2.D02=SI;R2.D03=SI,MUNICIPIO30611,MUNICIPIO_SIN_CN_TRAB,Si,No,30611,,Regla 2 coherente para validaciones implementadas.
GPA-001__R2-001__R1-001__0242,GPA-001__R2-001__R1-001,02_inputs_xml_flat/GPA-001__R2-001__R1-001__0242.xml,PASS,INFO,R1.D01=SI;R1.D02=SI;R2.D01=SI;R2.D02=SI;R2.D03=SI,MUNICIPIO30612,MUNICIPIO_SIN_CN_TRAB,Si,No,30612,,Regla 2 coherente para validaciones implementadas.
GPA-001__R2-001__R1-001__0243,GPA-001__R2-001__R1-001,02_inputs_xml_flat/GPA-001__R2-001__R1-001__0243.xml,PASS,INFO,R1.D01=SI;R1.D02=SI;R2.D01=SI;R2.D02=SI;R2.D03=SI,MUNICIPIO30613,MUNICIPIO_SIN_CN_TRAB,Si,No,30613,,Regla 2 coherente para validaciones implementadas.
GPA-001__R2-001__R1-001__0244,GPA-001__R2-001__R1-001,02_inputs_xml_flat/GPA-001__R2-001__R1-001__0244.xml,PASS,INFO,R1.D01=SI;R1.D02=SI;R2.D01=SI;R2.D02=SI;R2.D03=SI,MUNICIPIO30611,MUNICIPIO_SIN_CN_TRAB,Si,No,30611,,Regla 2 coherente para validaciones implementadas.
GPA-001__R2-001__R1-001__0245,GPA-001__R2-001__R1-001,02_inputs_xml_flat/GPA-001__R2-001__R1-001__0245.xml,PASS,INFO,R1.D01=SI;R1.D02=SI;R2.D01=SI;R2.D02=SI;R2.D03=SI,MUNICIPIO30612,MUNICIPIO_SIN_CN_TRAB,Si,No,30612,,Regla 2 coherente para validaciones implementadas.
GPA-001__R2-001__R1-001__0246,GPA-001__R2-001__R1-001,02_inputs_xml_flat/GPA-001__R2-001__R1-001__0246.xml,PASS,INFO,R1.D01=SI;R1.D02=SI;R2.D01=SI;R2.D02=SI;R2.D03=SI,MUNICIPIO30613,MUNICIPIO_SIN_CN_TRAB,Si,No,30613,,Regla 2 coherente para validaciones implementadas.
GPA-001__R2-001__R1-001__0247,GPA-001__R2-001__R1-001,02_inputs_xml_flat/GPA-001__R2-001__R1-001__0247.xml,PASS,INFO,R1.D01=SI;R1.D02=SI;R2.D01=SI;R2.D02=SI;R2.D03=SI,MUNICIPIO30611,MUNICIPIO_SIN_CN_TRAB,Si,No,30611,,Regla 2 coherente para validaciones implementadas.
GPA-001__R2-001__R1-001__0248,GPA-001__R2-001__R1-001,02_inputs_xml_flat/GPA-001__R2-001__R1-001__0248.xml,PASS,INFO,R1.D01=SI;R1.D02=SI;R2.D01=SI;R2.D02=SI;R2.D03=SI,MUNICIPIO30612,MUNICIPIO_SIN_CN_TRAB,Si,No,30612,,Regla 2 coherente para validaciones implementadas.
GPA-001__R2-001__R1-001__0249,GPA-001__R2-001__R1-001,02_inputs_xml_flat/GPA-001__R2-001__R1-001__0249.xml,PASS,INFO,R1.D01=SI;R1.D02=SI;R2.D01=SI;R2.D02=SI;R2.D03=SI,MUNICIPIO30613,MUNICIPIO_SIN_CN_TRAB,Si,No,30613,,Regla 2 coherente para validaciones implementadas.
GPA-001__R2-001__R1-001__0250,GPA-001__R2-001__R1-001,02_inputs_xml_flat/GPA-001__R2-001__R1-001__0250.xml,PASS,INFO,R1.D01=SI;R1.D02=SI;R2.D01=SI;R2.D02=SI;R2.D03=SI,MUNICIPIO30611,MUNICIPIO_SIN_CN_TRAB,Si,No,30611,,Regla 2 coherente para validaciones implementadas.
GPA-001__R2-001__R1-001__0251,GPA-001__R2-001__R1-001,02_inputs_xml_flat/GPA-001__R2-001__R1-001__0251.xml,PASS,INFO,R1.D01=SI;R1.D02=SI;R2.D01=SI;R2.D02=SI;R2.D03=SI,MUNICIPIO30612,MUNICIPIO_SIN_CN_TRAB,Si,No,30612,,Regla 2 coherente para validaciones implementadas.
GPA-001__R2-001__R1-001__0252,GPA-001__R2-001__R1-001,02_inputs_xml_flat/GPA-001__R2-001__R1-001__0252.xml,PASS,INFO,R1.D01=SI;R1.D02=SI;R2.D01=SI;R2.D02=SI;R2.D03=SI,MUNICIPIO30613,MUNICIPIO_SIN_CN_TRAB,Si,No,30613,,Regla 2 coherente para validaciones implementadas.
GPA-001__R2-001__R1-001__0253,GPA-001__R2-001__R1-001,02_inputs_xml_flat/GPA-001__R2-001__R1-001__0253.xml,PASS,INFO,R1.D01=SI;R1.D02=SI;R2.D01=SI;R2.D02=SI;R2.D03=SI,MUNICIPIO30611,MUNICIPIO_SIN_CN_TRAB,Si,No,30611,,Regla 2 coherente para validaciones implementadas.
GPA-001__R2-001__R1-001__0254,GPA-001__R2-001__R1-001,02_inputs_xml_flat/GPA-001__R2-001__R1-001__0254.xml,PASS,INFO,R1.D01=SI;R1.D02=SI;R2.D01=SI;R2.D02=SI;R2.D03=SI,MUNICIPIO30612,MUNICIPIO_SIN_CN_TRAB,Si,No,30612,,Regla 2 coherente para validaciones implementadas.
GPA-001__R2-001__R1-001__0255,GPA-001__R2-001__R1-001,02_inputs_xml_flat/GPA-001__R2-001__R1-001__0255.xml,PASS,INFO,R1.D01=SI;R1.D02=SI;R2.D01=SI;R2.D02=SI;R2.D03=SI,MUNICIPIO30613,MUNICIPIO_SIN_CN_TRAB,Si,No,30613,,Regla 2 coherente para validaciones implementadas.
GPA-001__R2-001__R1-001__0256,GPA-001__R2-001__R1-001,02_inputs_xml_flat/GPA-001__R2-001__R1-001__0256.xml,PASS,INFO,R1.D01=SI;R1.D02=SI;R2.D01=SI;R2.D02=SI;R2.D03=SI,MUNICIPIO30611,MUNICIPIO_SIN_CN_TRAB,Si,No,30611,,Regla 2 coherente para validaciones implementadas.
GPA-001__R2-001__R1-001__0257,GPA-001__R2-001__R1-001,02_inputs_xml_flat/GPA-001__R2-001__R1-001__0257.xml,PASS,INFO,R1.D01=SI;R1.D02=SI;R2.D01=SI;R2.D02=SI;R2.D03=SI,MUNICIPIO30612,MUNICIPIO_SIN_CN_TRAB,Si,No,30612,,Regla 2 coherente para validaciones implementadas.
GPA-001__R2-001__R1-001__0258,GPA-001__R2-001__R1-001,02_inputs_xml_flat/GPA-001__R2-001__R1-001__0258.xml,PASS,INFO,R1.D01=SI;R1.D02=SI;R2.D01=SI;R2.D02=SI;R2.D03=SI,MUNICIPIO30613,MUNICIPIO_SIN_CN_TRAB,Si,No,30613,,Regla 2 coherente para validaciones implementadas.
GPA-001__R2-001__R1-001__0259,GPA-001__R2-001__R1-001,02_inputs_xml_flat/GPA-001__R2-001__R1-001__0259.xml,PASS,INFO,R1.D01=SI;R1.D02=SI;R2.D01=SI;R2.D02=SI;R2.D03=SI,MUNICIPIO30611,MUNICIPIO_SIN_CN_TRAB,Si,No,30611,,Regla 2 coherente para validaciones implementadas.
GPA-001__R2-001__R1-001__0260,GPA-001__R2-001__R1-001,02_inputs_xml_flat/GPA-001__R2-001__R1-001__0260.xml,PASS,INFO,R1.D01=SI;R1.D02=SI;R2.D01=SI;R2.D02=SI;R2.D03=SI,MUNICIPIO30612,MUNICIPIO_SIN_CN_TRAB,Si,No,30612,,Regla 2 coherente para validaciones implementadas.
GPA-001__R2-001__R1-001__0261,GPA-001__R2-001__R1-001,02_inputs_xml_flat/GPA-001__R2-001__R1-001__0261.xml,PASS,INFO,R1.D01=SI;R1.D02=SI;R2.D01=SI;R2.D02=SI;R2.D03=SI,MUNICIPIO30613,MUNICIPIO_SIN_CN_TRAB,Si,No,30613,,Regla 2 coherente para validaciones implementadas.
GPA-001__R2-001__R1-001__0262,GPA-001__R2-001__R1-001,02_inputs_xml_flat/GPA-001__R2-001__R1-001__0262.xml,PASS,INFO,R1.D01=SI;R1.D02=SI;R2.D01=SI;R2.D02=SI;R2.D03=SI,MUNICIPIO30611,MUNICIPIO_SIN_CN_TRAB,Si,No,30611,,Regla 2 coherente para validaciones implementadas.
GPA-001__R2-001__R1-001__0263,GPA-001__R2-001__R1-001,02_inputs_xml_flat/GPA-001__R2-001__R1-001__0263.xml,PASS,INFO,R1.D01=SI;R1.D02=SI;R2.D01=SI;R2.D02=SI;R2.D03=SI,MUNICIPIO30612,MUNICIPIO_SIN_CN_TRAB,Si,No,30612,,Regla 2 coherente para validaciones implementadas.
GPA-001__R2-001__R1-001__0264,GPA-001__R2-001__R1-001,02_inputs_xml_flat/GPA-001__R2-001__R1-001__0264.xml,PASS,INFO,R1.D01=SI;R1.D02=SI;R2.D01=SI;R2.D02=SI;R2.D03=SI,MUNICIPIO30613,MUNICIPIO_SIN_CN_TRAB,Si,No,30613,,Regla 2 coherente para validaciones implementadas.
GPA-001__R2-001__R1-001__0265,GPA-001__R2-001__R1-001,02_inputs_xml_flat/GPA-001__R2-001__R1-001__0265.xml,PASS,INFO,R1.D01=SI;R1.D02=SI;R2.D01=SI;R2.D02=SI;R2.D03=SI,MUNICIPIO30611,MUNICIPIO_SIN_CN_TRAB,Si,No,30611,,Regla 2 coherente para validaciones implementadas.
GPA-001__R2-001__R1-001__0266,GPA-001__R2-001__R1-001,02_inputs_xml_flat/GPA-001__R2-001__R1-001__0266.xml,PASS,INFO,R1.D01=SI;R1.D02=SI;R2.D01=SI;R2.D02=SI;R2.D03=SI,MUNICIPIO30612,MUNICIPIO_SIN_CN_TRAB,Si,No,30612,,Regla 2 coherente para validaciones implementadas.
GPA-001__R2-001__R1-001__0267,GPA-001__R2-001__R1-001,02_inputs_xml_flat/GPA-001__R2-001__R1-001__0267.xml,PASS,INFO,R1.D01=SI;R1.D02=SI;R2.D01=SI;R2.D02=SI;R2.D03=SI,MUNICIPIO30613,MUNICIPIO_SIN_CN_TRAB,Si,No,30613,,Regla 2 coherente para validaciones implementadas.
GPA-001__R2-001__R1-001__0268,GPA-001__R2-001__R1-001,02_inputs_xml_flat/GPA-001__R2-001__R1-001__0268.xml,PASS,INFO,R1.D01=SI;R1.D02=SI;R2.D01=SI;R2.D02=SI;R2.D03=SI,MUNICIPIO30611,MUNICIPIO_SIN_CN_TRAB,Si,No,30611,,Regla 2 coherente para validaciones implementadas.
GPA-001__R2-001__R1-001__0269,GPA-001__R2-001__R1-001,02_inputs_xml_flat/GPA-001__R2-001__R1-001__0269.xml,PASS,INFO,R1.D01=SI;R1.D02=SI;R2.D01=SI;R2.D02=SI;R2.D03=SI,MUNICIPIO30612,MUNICIPIO_SIN_CN_TRAB,Si,No,30612,,Regla 2 coherente para validaciones implementadas.
GPA-001__R2-001__R1-001__0270,GPA-001__R2-001__R1-001,02_inputs_xml_flat/GPA-001__R2-001__R1-001__0270.xml,PASS,INFO,R1.D01=SI;R1.D02=SI;R2.D01=SI;R2.D02=SI;R2.D03=SI,MUNICIPIO30613,MUNICIPIO_SIN_CN_TRAB,Si,No,30613,,Regla 2 coherente para validaciones implementadas.
GPA-001__R2-001__R1-001__0271,GPA-001__R2-001__R1-001,02_inputs_xml_flat/GPA-001__R2-001__R1-001__0271.xml,PASS,INFO,R1.D01=SI;R1.D02=SI;R2.D01=SI;R2.D02=SI;R2.D03=SI,MUNICIPIO30611,MUNICIPIO_SIN_CN_TRAB,Si,No,30611,,Regla 2 coherente para validaciones implementadas.
GPA-001__R2-001__R1-001__0272,GPA-001__R2-001__R1-001,02_inputs_xml_flat/GPA-001__R2-001__R1-001__0272.xml,PASS,INFO,R1.D01=SI;R1.D02=SI;R2.D01=SI;R2.D02=SI;R2.D03=SI,MUNICIPIO30612,MUNICIPIO_SIN_CN_TRAB,Si,No,30612,,Regla 2 coherente para validaciones implementadas.
GPA-001__R2-001__R1-001__0273,GPA-001__R2-001__R1-001,02_inputs_xml_flat/GPA-001__R2-001__R1-001__0273.xml,PASS,INFO,R1.D01=SI;R1.D02=SI;R2.D01=SI;R2.D02=SI;R2.D03=SI,MUNICIPIO30613,MUNICIPIO_SIN_CN_TRAB,Si,No,30613,,Regla 2 coherente para validaciones implementadas.
GPA-001__R2-001__R1-001__0274,GPA-001__R2-001__R1-001,02_inputs_xml_flat/GPA-001__R2-001__R1-001__0274.xml,PASS,INFO,R1.D01=SI;R1.D02=SI;R2.D01=SI;R2.D02=SI;R2.D03=SI,MUNICIPIO30611,MUNICIPIO_SIN_CN_TRAB,Si,No,30611,,Regla 2 coherente para validaciones implementadas.
GPA-001__R2-001__R1-001__0275,GPA-001__R2-001__R1-001,02_inputs_xml_flat/GPA-001__R2-001__R1-001__0275.xml,PASS,INFO,R1.D01=SI;R1.D02=SI;R2.D01=SI;R2.D02=SI;R2.D03=SI,MUNICIPIO30612,MUNICIPIO_SIN_CN_TRAB,Si,No,30612,,Regla 2 coherente para validaciones implementadas.
GPA-001__R2-001__R1-001__0276,GPA-001__R2-001__R1-001,02_inputs_xml_flat/GPA-001__R2-001__R1-001__0276.xml,PASS,INFO,R1.D01=SI;R1.D02=SI;R2.D01=SI;R2.D02=SI;R2.D03=SI,MUNICIPIO30613,MUNICIPIO_SIN_CN_TRAB,Si,No,30613,,Regla 2 coherente para validaciones implementadas.
GPA-001__R2-001__R1-001__0277,GPA-001__R2-001__R1-001,02_inputs_xml_flat/GPA-001__R2-001__R1-001__0277.xml,PASS,INFO,R1.D01=SI;R1.D02=SI;R2.D01=SI;R2.D02=SI;R2.D03=SI,MUNICIPIO30611,MUNICIPIO_SIN_CN_TRAB,Si,No,30611,,Regla 2 coherente para validaciones implementadas.
GPA-001__R2-001__R1-001__0278,GPA-001__R2-001__R1-001,02_inputs_xml_flat/GPA-001__R2-001__R1-001__0278.xml,PASS,INFO,R1.D01=SI;R1.D02=SI;R2.D01=SI;R2.D02=SI;R2.D03=SI,MUNICIPIO30612,MUNICIPIO_SIN_CN_TRAB,Si,No,30612,,Regla 2 coherente para validaciones implementadas.
GPA-001__R2-001__R1-001__0279,GPA-001__R2-001__R1-001,02_inputs_xml_flat/GPA-001__R2-001__R1-001__0279.xml,PASS,INFO,R1.D01=SI;R1.D02=SI;R2.D01=SI;R2.D02=SI;R2.D03=SI,MUNICIPIO30613,MUNICIPIO_SIN_CN_TRAB,Si,No,30613,,Regla 2 coherente para validaciones implementadas.
GPA-001__R2-001__R1-001__0280,GPA-001__R2-001__R1-001,02_inputs_xml_flat/GPA-001__R2-001__R1-001__0280.xml,PASS,INFO,R1.D01=SI;R1.D02=SI;R2.D01=SI;R2.D02=SI;R2.D03=SI,MUNICIPIO30611,MUNICIPIO_SIN_CN_TRAB,Si,No,30611,,Regla 2 coherente para validaciones implementadas.
GPA-001__R2-001__R1-001__0281,GPA-001__R2-001__R1-001,02_inputs_xml_flat/GPA-001__R2-001__R1-001__0281.xml,PASS,INFO,R1.D01=SI;R1.D02=SI;R2.D01=SI;R2.D02=SI;R2.D03=SI,MUNICIPIO30612,MUNICIPIO_SIN_CN_TRAB,Si,No,30612,,Regla 2 coherente para validaciones implementadas.
GPA-001__R2-001__R1-001__0282,GPA-001__R2-001__R1-001,02_inputs_xml_flat/GPA-001__R2-001__R1-001__0282.xml,PASS,INFO,R1.D01=SI;R1.D02=SI;R2.D01=SI;R2.D02=SI;R2.D03=SI,MUNICIPIO30613,MUNICIPIO_SIN_CN_TRAB,Si,No,30613,,Regla 2 coherente para validaciones implementadas.
GPA-001__R2-001__R1-001__0283,GPA-001__R2-001__R1-001,02_inputs_xml_flat/GPA-001__R2-001__R1-001__0283.xml,PASS,INFO,R1.D01=SI;R1.D02=SI;R2.D01=SI;R2.D02=SI;R2.D03=SI,MUNICIPIO30611,MUNICIPIO_SIN_CN_TRAB,Si,No,30611,,Regla 2 coherente para validaciones implementadas.
GPA-001__R2-001__R1-001__0284,GPA-001__R2-001__R1-001,02_inputs_xml_flat/GPA-001__R2-001__R1-001__0284.xml,PASS,INFO,R1.D01=SI;R1.D02=SI;R2.D01=SI;R2.D02=SI;R2.D03=SI,MUNICIPIO30612,MUNICIPIO_SIN_CN_TRAB,Si,No,30612,,Regla 2 coherente para validaciones implementadas.
GPA-001__R2-001__R1-001__0285,GPA-001__R2-001__R1-001,02_inputs_xml_flat/GPA-001__R2-001__R1-001__0285.xml,PASS,INFO,R1.D01=SI;R1.D02=SI;R2.D01=SI;R2.D02=SI;R2.D03=SI,MUNICIPIO30613,MUNICIPIO_SIN_CN_TRAB,Si,No,30613,,Regla 2 coherente para validaciones implementadas.
GPA-001__R2-001__R1-001__0286,GPA-001__R2-001__R1-001,02_inputs_xml_flat/GPA-001__R2-001__R1-001__0286.xml,PASS,INFO,R1.D01=SI;R1.D02=SI;R2.D01=SI;R2.D02=SI;R2.D03=SI,MUNICIPIO30611,MUNICIPIO_SIN_CN_TRAB,Si,No,30611,,Regla 2 coherente para validaciones implementadas.
GPA-001__R2-001__R1-001__0287,GPA-001__R2-001__R1-001,02_inputs_xml_flat/GPA-001__R2-001__R1-001__0287.xml,PASS,INFO,R1.D01=SI;R1.D02=SI;R2.D01=SI;R2.D02=SI;R2.D03=SI,MUNICIPIO30612,MUNICIPIO_SIN_CN_TRAB,Si,No,30612,,Regla 2 coherente para validaciones implementadas.
GPA-001__R2-001__R1-001__0288,GPA-001__R2-001__R1-001,02_inputs_xml_flat/GPA-001__R2-001__R1-001__0288.xml,PASS,INFO,R1.D01=SI;R1.D02=SI;R2.D01=SI;R2.D02=SI;R2.D03=SI,MUNICIPIO30613,MUNICIPIO_SIN_CN_TRAB,Si,No,30613,,Regla 2 coherente para validaciones implementadas.
GPA-001__R2-001__R1-001__0289,GPA-001__R2-001__R1-001,02_inputs_xml_flat/GPA-001__R2-001__R1-001__0289.xml,PASS,INFO,R1.D01=SI;R1.D02=SI;R2.D01=SI;R2.D02=SI;R2.D03=SI,MUNICIPIO30611,MUNICIPIO_SIN_CN_TRAB,Si,No,30611,,Regla 2 coherente para validaciones implementadas.
GPA-001__R2-001__R1-001__0290,GPA-001__R2-001__R1-001,02_inputs_xml_flat/GPA-001__R2-001__R1-001__0290.xml,PASS,INFO,R1.D01=SI;R1.D02=SI;R2.D01=SI;R2.D02=SI;R2.D03=SI,MUNICIPIO30612,MUNICIPIO_SIN_CN_TRAB,Si,No,30612,,Regla 2 coherente para validaciones implementadas.
GPA-001__R2-001__R1-001__0291,GPA-001__R2-001__R1-001,02_inputs_xml_flat/GPA-001__R2-001__R1-001__0291.xml,PASS,INFO,R1.D01=SI;R1.D02=SI;R2.D01=SI;R2.D02=SI;R2.D03=SI,MUNICIPIO30613,MUNICIPIO_SIN_CN_TRAB,Si,No,30613,,Regla 2 coherente para validaciones implementadas.
GPA-001__R2-001__R1-001__0292,GPA-001__R2-001__R1-001,02_inputs_xml_flat/GPA-001__R2-001__R1-001__0292.xml,PASS,INFO,R1.D01=SI;R1.D02=SI;R2.D01=SI;R2.D02=SI;R2.D03=SI,MUNICIPIO30611,MUNICIPIO_SIN_CN_TRAB,Si,No,30611,,Regla 2 coherente para validaciones implementadas.
GPA-001__R2-001__R1-001__0293,GPA-001__R2-001__R1-001,02_inputs_xml_flat/GPA-001__R2-001__R1-001__0293.xml,PASS,INFO,R1.D01=SI;R1.D02=SI;R2.D01=SI;R2.D02=SI;R2.D03=SI,MUNICIPIO30612,MUNICIPIO_SIN_CN_TRAB,Si,No,30612,,Regla 2 coherente para validaciones implementadas.
GPA-001__R2-001__R1-001__0294,GPA-001__R2-001__R1-001,02_inputs_xml_flat/GPA-001__R2-001__R1-001__0294.xml,PASS,INFO,R1.D01=SI;R1.D02=SI;R2.D01=SI;R2.D02=SI;R2.D03=SI,MUNICIPIO30613,MUNICIPIO_SIN_CN_TRAB,Si,No,30613,,Regla 2 coherente para validaciones implementadas.
GPA-001__R2-001__R1-001__0295,GPA-001__R2-001__R1-001,02_inputs_xml_flat/GPA-001__R2-001__R1-001__0295.xml,PASS,INFO,R1.D01=SI;R1.D02=SI;R2.D01=SI;R2.D02=SI;R2.D03=SI,MUNICIPIO30611,MUNICIPIO_SIN_CN_TRAB,Si,No,30611,,Regla 2 coherente para validaciones implementadas.
GPA-001__R2-001__R1-001__0296,GPA-001__R2-001__R1-001,02_inputs_xml_flat/GPA-001__R2-001__R1-001__0296.xml,PASS,INFO,R1.D01=SI;R1.D02=SI;R2.D01=SI;R2.D02=SI;R2.D03=SI,MUNICIPIO30612,MUNICIPIO_SIN_CN_TRAB,Si,No,30612,,Regla 2 coherente para validaciones implementadas.
GPA-001__R2-001__R1-001__0297,GPA-001__R2-001__R1-001,02_inputs_xml_flat/GPA-001__R2-001__R1-001__0297.xml,PASS,INFO,R1.D01=SI;R1.D02=SI;R2.D01=SI;R2.D02=SI;R2.D03=SI,MUNICIPIO30613,MUNICIPIO_SIN_CN_TRAB,Si,No,30613,,Regla 2 coherente para validaciones implementadas.
GPA-001__R2-001__R1-001__0298,GPA-001__R2-001__R1-001,02_inputs_xml_flat/GPA-001__R2-001__R1-001__0298.xml,PASS,INFO,R1.D01=SI;R1.D02=SI;R2.D01=SI;R2.D02=SI;R2.D03=SI,MUNICIPIO30611,MUNICIPIO_SIN_CN_TRAB,Si,No,30611,,Regla 2 coherente para validaciones implementadas.
GPA-001__R2-001__R1-001__0299,GPA-001__R2-001__R1-001,02_inputs_xml_flat/GPA-001__R2-001__R1-001__0299.xml,PASS,INFO,R1.D01=SI;R1.D02=SI;R2.D01=SI;R2.D02=SI;R2.D03=SI,MUNICIPIO30612,MUNICIPIO_SIN_CN_TRAB,Si,No,30612,,Regla 2 coherente para validaciones implementadas.
GPA-001__R2-001__R1-001__0300,GPA-001__R2-001__R1-001,02_inputs_xml_flat/GPA-001__R2-001__R1-001__0300.xml,PASS,INFO,R1.D01=SI;R1.D02=SI;R2.D01=SI;R2.D02=SI;R2.D03=SI,MUNICIPIO30613,MUNICIPIO_SIN_CN_TRAB,Si,No,30613,,Regla 2 coherente para validaciones implementadas.
GPA-001__R2-001__R1-001__0301,GPA-001__R2-001__R1-001,02_inputs_xml_flat/GPA-001__R2-001__R1-001__0301.xml,PASS,INFO,R1.D01=SI;R1.D02=SI;R2.D01=SI;R2.D02=SI;R2.D03=SI,MUNICIPIO30611,MUNICIPIO_SIN_CN_TRAB,Si,No,30611,,Regla 2 coherente para validaciones implementadas.
GPA-001__R2-001__R1-001__0302,GPA-001__R2-001__R1-001,02_inputs_xml_flat/GPA-001__R2-001__R1-001__0302.xml,PASS,INFO,R1.D01=SI;R1.D02=SI;R2.D01=SI;R2.D02=SI;R2.D03=SI,MUNICIPIO30612,MUNICIPIO_SIN_CN_TRAB,Si,No,30612,,Regla 2 coherente para validaciones implementadas.
GPA-001__R2-001__R1-001__0303,GPA-001__R2-001__R1-001,02_inputs_xml_flat/GPA-001__R2-001__R1-001__0303.xml,PASS,INFO,R1.D01=SI;R1.D02=SI;R2.D01=SI;R2.D02=SI;R2.D03=SI,MUNICIPIO30613,MUNICIPIO_SIN_CN_TRAB,Si,No,30613,,Regla 2 coherente para validaciones implementadas.
GPA-001__R2-001__R1-001__0304,GPA-001__R2-001__R1-001,02_inputs_xml_flat/GPA-001__R2-001__R1-001__0304.xml,PASS,INFO,R1.D01=SI;R1.D02=SI;R2.D01=SI;R2.D02=SI;R2.D03=SI,MUNICIPIO30611,MUNICIPIO_SIN_CN_TRAB,Si,No,30611,,Regla 2 coherente para validaciones implementadas.
GPA-001__R2-001__R1-001__0305,GPA-001__R2-001__R1-001,02_inputs_xml_flat/GPA-001__R2-001__R1-001__0305.xml,PASS,INFO,R1.D01=SI;R1.D02=SI;R2.D01=SI;R2.D02=SI;R2.D03=SI,MUNICIPIO30612,MUNICIPIO_SIN_CN_TRAB,Si,No,30612,,Regla 2 coherente para validaciones implementadas.
GPA-001__R2-001__R1-001__0306,GPA-001__R2-001__R1-001,02_inputs_xml_flat/GPA-001__R2-001__R1-001__0306.xml,PASS,INFO,R1.D01=SI;R1.D02=SI;R2.D01=SI;R2.D02=SI;R2.D03=SI,MUNICIPIO30613,MUNICIPIO_SIN_CN_TRAB,Si,No,30613,,Regla 2 coherente para validaciones implementadas.
GPA-001__R2-001__R1-001__0307,GPA-001__R2-001__R1-001,02_inputs_xml_flat/GPA-001__R2-001__R1-001__0307.xml,PASS,INFO,R1.D01=SI;R1.D02=SI;R2.D01=SI;R2.D02=SI;R2.D03=SI,MUNICIPIO30611,MUNICIPIO_SIN_CN_TRAB,Si,No,30611,,Regla 2 coherente para validaciones implementadas.
GPA-001__R2-001__R1-001__0308,GPA-001__R2-001__R1-001,02_inputs_xml_flat/GPA-001__R2-001__R1-001__0308.xml,PASS,INFO,R1.D01=SI;R1.D02=SI;R2.D01=SI;R2.D02=SI;R2.D03=SI,MUNICIPIO30612,MUNICIPIO_SIN_CN_TRAB,Si,No,30612,,Regla 2 coherente para validaciones implementadas.
GPA-001__R2-001__R1-001__0309,GPA-001__R2-001__R1-001,02_inputs_xml_flat/GPA-001__R2-001__R1-001__0309.xml,PASS,INFO,R1.D01=SI;R1.D02=SI;R2.D01=SI;R2.D02=SI;R2.D03=SI,MUNICIPIO30613,MUNICIPIO_SIN_CN_TRAB,Si,No,30613,,Regla 2 coherente para validaciones implementadas.
GPA-001__R2-001__R1-001__0310,GPA-001__R2-001__R1-001,02_inputs_xml_flat/GPA-001__R2-001__R1-001__0310.xml,PASS,INFO,R1.D01=SI;R1.D02=SI;R2.D01=SI;R2.D02=SI;R2.D03=SI,MUNICIPIO30611,MUNICIPIO_SIN_CN_TRAB,Si,No,30611,,Regla 2 coherente para validaciones implementadas.
GPA-001__R2-001__R1-001__0311,GPA-001__R2-001__R1-001,02_inputs_xml_flat/GPA-001__R2-001__R1-001__0311.xml,PASS,INFO,R1.D01=SI;R1.D02=SI;R2.D01=SI;R2.D02=SI;R2.D03=SI,MUNICIPIO30612,MUNICIPIO_SIN_CN_TRAB,Si,No,30612,,Regla 2 coherente para validaciones implementadas.
GPA-001__R2-001__R1-001__0312,GPA-001__R2-001__R1-001,02_inputs_xml_flat/GPA-001__R2-001__R1-001__0312.xml,PASS,INFO,R1.D01=SI;R1.D02=SI;R2.D01=SI;R2.D02=SI;R2.D03=SI,MUNICIPIO30613,MUNICIPIO_SIN_CN_TRAB,Si,No,30613,,Regla 2 coherente para validaciones implementadas.
GPA-001__R2-001__R1-001__0313,GPA-001__R2-001__R1-001,02_inputs_xml_flat/GPA-001__R2-001__R1-001__0313.xml,PASS,INFO,R1.D01=SI;R1.D02=SI;R2.D01=SI;R2.D02=SI;R2.D03=SI,MUNICIPIO30611,MUNICIPIO_SIN_CN_TRAB,Si,No,30611,,Regla 2 coherente para validaciones implementadas.
GPA-001__R2-001__R1-001__0314,GPA-001__R2-001__R1-001,02_inputs_xml_flat/GPA-001__R2-001__R1-001__0314.xml,PASS,INFO,R1.D01=SI;R1.D02=SI;R2.D01=SI;R2.D02=SI;R2.D03=SI,MUNICIPIO30612,MUNICIPIO_SIN_CN_TRAB,Si,No,30612,,Regla 2 coherente para validaciones implementadas.
GPA-001__R2-001__R1-001__0315,GPA-001__R2-001__R1-001,02_inputs_xml_flat/GPA-001__R2-001__R1-001__0315.xml,PASS,INFO,R1.D01=SI;R1.D02=SI;R2.D01=SI;R2.D02=SI;R2.D03=SI,MUNICIPIO30613,MUNICIPIO_SIN_CN_TRAB,Si,No,30613,,Regla 2 coherente para validaciones implementadas.
GPA-001__R2-001__R1-001__0316,GPA-001__R2-001__R1-001,02_inputs_xml_flat/GPA-001__R2-001__R1-001__0316.xml,PASS,INFO,R1.D01=SI;R1.D02=SI;R2.D01=SI;R2.D02=SI;R2.D03=SI,MUNICIPIO30611,MUNICIPIO_SIN_CN_TRAB,Si,No,30611,,Regla 2 coherente para validaciones implementadas.
GPA-001__R2-001__R1-001__0317,GPA-001__R2-001__R1-001,02_inputs_xml_flat/GPA-001__R2-001__R1-001__0317.xml,PASS,INFO,R1.D01=SI;R1.D02=SI;R2.D01=SI;R2.D02=SI;R2.D03=SI,MUNICIPIO30612,MUNICIPIO_SIN_CN_TRAB,Si,No,30612,,Regla 2 coherente para validaciones implementadas.
GPA-001__R2-001__R1-001__0318,GPA-001__R2-001__R1-001,02_inputs_xml_flat/GPA-001__R2-001__R1-001__0318.xml,PASS,INFO,R1.D01=SI;R1.D02=SI;R2.D01=SI;R2.D02=SI;R2.D03=SI,MUNICIPIO30613,MUNICIPIO_SIN_CN_TRAB,Si,No,30613,,Regla 2 coherente para validaciones implementadas.
GPA-001__R2-001__R1-001__0319,GPA-001__R2-001__R1-001,02_inputs_xml_flat/GPA-001__R2-001__R1-001__0319.xml,PASS,INFO,R1.D01=SI;R1.D02=SI;R2.D01=SI;R2.D02=SI;R2.D03=SI,MUNICIPIO30611,MUNICIPIO_SIN_CN_TRAB,Si,No,30611,,Regla 2 coherente para validaciones implementadas.
GPA-001__R2-001__R1-001__0320,GPA-001__R2-001__R1-001,02_inputs_xml_flat/GPA-001__R2-001__R1-001__0320.xml,PASS,INFO,R1.D01=SI;R1.D02=SI;R2.D01=SI;R2.D02=SI;R2.D03=SI,MUNICIPIO30612,MUNICIPIO_SIN_CN_TRAB,Si,No,30612,,Regla 2 coherente para validaciones implementadas.
GPA-001__R2-001__R1-001__0321,GPA-001__R2-001__R1-001,02_inputs_xml_flat/GPA-001__R2-001__R1-001__0321.xml,PASS,INFO,R1.D01=SI;R1.D02=SI;R2.D01=SI;R2.D02=SI;R2.D03=SI,MUNICIPIO30613,MUNICIPIO_SIN_CN_TRAB,Si,No,30613,,Regla 2 coherente para validaciones implementadas.
GPA-001__R2-001__R1-001__0322,GPA-001__R2-001__R1-001,02_inputs_xml_flat/GPA-001__R2-001__R1-001__0322.xml,PASS,INFO,R1.D01=SI;R1.D02=SI;R2.D01=SI;R2.D02=SI;R2.D03=SI,MUNICIPIO30611,MUNICIPIO_SIN_CN_TRAB,Si,No,30611,,Regla 2 coherente para validaciones implementadas.
GPA-001__R2-001__R1-001__0323,GPA-001__R2-001__R1-001,02_inputs_xml_flat/GPA-001__R2-001__R1-001__0323.xml,PASS,INFO,R1.D01=SI;R1.D02=SI;R2.D01=SI;R2.D02=SI;R2.D03=SI,MUNICIPIO30612,MUNICIPIO_SIN_CN_TRAB,Si,No,30612,,Regla 2 coherente para validaciones implementadas.
GPA-001__R2-001__R1-001__0324,GPA-001__R2-001__R1-001,02_inputs_xml_flat/GPA-001__R2-001__R1-001__0324.xml,PASS,INFO,R1.D01=SI;R1.D02=SI;R2.D01=SI;R2.D02=SI;R2.D03=SI,MUNICIPIO30613,MUNICIPIO_SIN_CN_TRAB,Si,No,30613,,Regla 2 coherente para validaciones implementadas.
GPA-001__R2-001__R1-001__0325,GPA-001__R2-001__R1-001,02_inputs_xml_flat/GPA-001__R2-001__R1-001__0325.xml,PASS,INFO,R1.D01=SI;R1.D02=SI;R2.D01=SI;R2.D02=SI;R2.D03=SI,MUNICIPIO30611,MUNICIPIO_SIN_CN_TRAB,Si,No,30611,,Regla 2 coherente para validaciones implementadas.
GPA-001__R2-001__R1-001__0326,GPA-001__R2-001__R1-001,02_inputs_xml_flat/GPA-001__R2-001__R1-001__0326.xml,PASS,INFO,R1.D01=SI;R1.D02=SI;R2.D01=SI;R2.D02=SI;R2.D03=SI,MUNICIPIO30612,MUNICIPIO_SIN_CN_TRAB,Si,No,30612,,Regla 2 coherente para validaciones implementadas.
GPA-001__R2-001__R1-001__0327,GPA-001__R2-001__R1-001,02_inputs_xml_flat/GPA-001__R2-001__R1-001__0327.xml,PASS,INFO,R1.D01=SI;R1.D02=SI;R2.D01=SI;R2.D02=SI;R2.D03=SI,MUNICIPIO30613,MUNICIPIO_SIN_CN_TRAB,Si,No,30613,,Regla 2 coherente para validaciones implementadas.
GPA-001__R2-001__R1-001__0328,GPA-001__R2-001__R1-001,02_inputs_xml_flat/GPA-001__R2-001__R1-001__0328.xml,PASS,INFO,R1.D01=SI;R1.D02=SI;R2.D01=SI;R2.D02=SI;R2.D03=SI,MUNICIPIO30611,MUNICIPIO_SIN_CN_TRAB,Si,No,30611,,Regla 2 coherente para validaciones implementadas.
GPA-001__R2-001__R1-001__0329,GPA-001__R2-001__R1-001,02_inputs_xml_flat/GPA-001__R2-001__R1-001__0329.xml,PASS,INFO,R1.D01=SI;R1.D02=SI;R2.D01=SI;R2.D02=SI;R2.D03=SI,MUNICIPIO30612,MUNICIPIO_SIN_CN_TRAB,Si,No,30612,,Regla 2 coherente para validaciones implementadas.
GPA-001__R2-001__R1-001__0330,GPA-001__R2-001__R1-001,02_inputs_xml_flat/GPA-001__R2-001__R1-001__0330.xml,PASS,INFO,R1.D01=SI;R1.D02=SI;R2.D01=SI;R2.D02=SI;R2.D03=SI,MUNICIPIO30613,MUNICIPIO_SIN_CN_TRAB,Si,No,30613,,Regla 2 coherente para validaciones implementadas.
GPA-001__R2-001__R1-001__0331,GPA-001__R2-001__R1-001,02_inputs_xml_flat/GPA-001__R2-001__R1-001__0331.xml,PASS,INFO,R1.D01=SI;R1.D02=SI;R2.D01=SI;R2.D02=SI;R2.D03=SI,MUNICIPIO30611,MUNICIPIO_SIN_CN_TRAB,Si,No,30611,,Regla 2 coherente para validaciones implementadas.
GPA-001__R2-001__R1-001__0332,GPA-001__R2-001__R1-001,02_inputs_xml_flat/GPA-001__R2-001__R1-001__0332.xml,PASS,INFO,R1.D01=SI;R1.D02=SI;R2.D01=SI;R2.D02=SI;R2.D03=SI,MUNICIPIO30612,MUNICIPIO_SIN_CN_TRAB,Si,No,30612,,Regla 2 coherente para validaciones implementadas.
GPA-001__R2-001__R1-001__0333,GPA-001__R2-001__R1-001,02_inputs_xml_flat/GPA-001__R2-001__R1-001__0333.xml,PASS,INFO,R1.D01=SI;R1.D02=SI;R2.D01=SI;R2.D02=SI;R2.D03=SI,MUNICIPIO30613,MUNICIPIO_SIN_CN_TRAB,Si,No,30613,,Regla 2 coherente para validaciones implementadas.
GPA-001__R2-001__R1-001__0334,GPA-001__R2-001__R1-001,02_inputs_xml_flat/GPA-001__R2-001__R1-001__0334.xml,PASS,INFO,R1.D01=SI;R1.D02=SI;R2.D01=SI;R2.D02=SI;R2.D03=SI,MUNICIPIO30611,MUNICIPIO_SIN_CN_TRAB,Si,No,30611,,Regla 2 coherente para validaciones implementadas.
GPA-001__R2-001__R1-001__0335,GPA-001__R2-001__R1-001,02_inputs_xml_flat/GPA-001__R2-001__R1-001__0335.xml,PASS,INFO,R1.D01=SI;R1.D02=SI;R2.D01=SI;R2.D02=SI;R2.D03=SI,MUNICIPIO30612,MUNICIPIO_SIN_CN_TRAB,Si,No,30612,,Regla 2 coherente para validaciones implementadas.
GPA-001__R2-001__R1-001__0336,GPA-001__R2-001__R1-001,02_inputs_xml_flat/GPA-001__R2-001__R1-001__0336.xml,PASS,INFO,R1.D01=SI;R1.D02=SI;R2.D01=SI;R2.D02=SI;R2.D03=SI,MUNICIPIO30613,MUNICIPIO_SIN_CN_TRAB,Si,No,30613,,Regla 2 coherente para validaciones implementadas.
GPA-001__R2-001__R1-001__0337,GPA-001__R2-001__R1-001,02_inputs_xml_flat/GPA-001__R2-001__R1-001__0337.xml,PASS,INFO,R1.D01=SI;R1.D02=SI;R2.D01=SI;R2.D02=SI;R2.D03=SI,MUNICIPIO30611,MUNICIPIO_SIN_CN_TRAB,Si,No,30611,,Regla 2 coherente para validaciones implementadas.
GPA-001__R2-001__R1-001__0338,GPA-001__R2-001__R1-001,02_inputs_xml_flat/GPA-001__R2-001__R1-001__0338.xml,PASS,INFO,R1.D01=SI;R1.D02=SI;R2.D01=SI;R2.D02=SI;R2.D03=SI,MUNICIPIO30612,MUNICIPIO_SIN_CN_TRAB,Si,No,30612,,Regla 2 coherente para validaciones implementadas.
GPA-001__R2-001__R1-001__0339,GPA-001__R2-001__R1-001,02_inputs_xml_flat/GPA-001__R2-001__R1-001__0339.xml,PASS,INFO,R1.D01=SI;R1.D02=SI;R2.D01=SI;R2.D02=SI;R2.D03=SI,MUNICIPIO30613,MUNICIPIO_SIN_CN_TRAB,Si,No,30613,,Regla 2 coherente para validaciones implementadas.
GPA-001__R2-001__R1-001__0340,GPA-001__R2-001__R1-001,02_inputs_xml_flat/GPA-001__R2-001__R1-001__0340.xml,PASS,INFO,R1.D01=SI;R1.D02=SI;R2.D01=SI;R2.D02=SI;R2.D03=SI,MUNICIPIO30611,MUNICIPIO_SIN_CN_TRAB,Si,No,30611,,Regla 2 coherente para validaciones implementadas.
GPA-001__R2-001__R1-001__0341,GPA-001__R2-001__R1-001,02_inputs_xml_flat/GPA-001__R2-001__R1-001__0341.xml,PASS,INFO,R1.D01=SI;R1.D02=SI;R2.D01=SI;R2.D02=SI;R2.D03=SI,MUNICIPIO30612,MUNICIPIO_SIN_CN_TRAB,Si,No,30612,,Regla 2 coherente para validaciones implementadas.
GPA-001__R2-001__R1-001__0342,GPA-001__R2-001__R1-001,02_inputs_xml_flat/GPA-001__R2-001__R1-001__0342.xml,PASS,INFO,R1.D01=SI;R1.D02=SI;R2.D01=SI;R2.D02=SI;R2.D03=SI,MUNICIPIO30613,MUNICIPIO_SIN_CN_TRAB,Si,No,30613,,Regla 2 coherente para validaciones implementadas.
GPA-001__R2-001__R1-001__0343,GPA-001__R2-001__R1-001,02_inputs_xml_flat/GPA-001__R2-001__R1-001__0343.xml,PASS,INFO,R1.D01=SI;R1.D02=SI;R2.D01=SI;R2.D02=SI;R2.D03=SI,MUNICIPIO30611,MUNICIPIO_SIN_CN_TRAB,Si,No,30611,,Regla 2 coherente para validaciones implementadas.
GPA-001__R2-001__R1-001__0344,GPA-001__R2-001__R1-001,02_inputs_xml_flat/GPA-001__R2-001__R1-001__0344.xml,PASS,INFO,R1.D01=SI;R1.D02=SI;R2.D01=SI;R2.D02=SI;R2.D03=SI,MUNICIPIO30612,MUNICIPIO_SIN_CN_TRAB,Si,No,30612,,Regla 2 coherente para validaciones implementadas.
GPA-001__R2-001__R1-001__0345,GPA-001__R2-001__R1-001,02_inputs_xml_flat/GPA-001__R2-001__R1-001__0345.xml,PASS,INFO,R1.D01=SI;R1.D02=SI;R2.D01=SI;R2.D02=SI;R2.D03=SI,MUNICIPIO30613,MUNICIPIO_SIN_CN_TRAB,Si,No,30613,,Regla 2 coherente para validaciones implementadas.
GPA-001__R2-001__R1-001__0346,GPA-001__R2-001__R1-001,02_inputs_xml_flat/GPA-001__R2-001__R1-001__0346.xml,PASS,INFO,R1.D01=SI;R1.D02=SI;R2.D01=SI;R2.D02=SI;R2.D03=SI,MUNICIPIO30611,MUNICIPIO_SIN_CN_TRAB,Si,No,30611,,Regla 2 coherente para validaciones implementadas.
GPA-001__R2-001__R1-001__0347,GPA-001__R2-001__R1-001,02_inputs_xml_flat/GPA-001__R2-001__R1-001__0347.xml,PASS,INFO,R1.D01=SI;R1.D02=SI;R2.D01=SI;R2.D02=SI;R2.D03=SI,MUNICIPIO30612,MUNICIPIO_SIN_CN_TRAB,Si,No,30612,,Regla 2 coherente para validaciones implementadas.
GPA-001__R2-001__R1-001__0348,GPA-001__R2-001__R1-001,02_inputs_xml_flat/GPA-001__R2-001__R1-001__0348.xml,PASS,INFO,R1.D01=SI;R1.D02=SI;R2.D01=SI;R2.D02=SI;R2.D03=SI,MUNICIPIO30613,MUNICIPIO_SIN_CN_TRAB,Si,No,30613,,Regla 2 coherente para validaciones implementadas.
GPA-001__R2-001__R1-001__0349,GPA-001__R2-001__R1-001,02_inputs_xml_flat/GPA-001__R2-001__R1-001__0349.xml,PASS,INFO,R1.D01=SI;R1.D02=SI;R2.D01=SI;R2.D02=SI;R2.D03=SI,MUNICIPIO30611,MUNICIPIO_SIN_CN_TRAB,Si,No,30611,,Regla 2 coherente para validaciones implementadas.
GPA-001__R2-001__R1-001__0350,GPA-001__R2-001__R1-001,02_inputs_xml_flat/GPA-001__R2-001__R1-001__0350.xml,PASS,INFO,R1.D01=SI;R1.D02=SI;R2.D01=SI;R2.D02=SI;R2.D03=SI,MUNICIPIO30612,MUNICIPIO_SIN_CN_TRAB,Si,No,30612,,Regla 2 coherente para validaciones implementadas.
GPA-001__R2-001__R1-001__0351,GPA-001__R2-001__R1-001,02_inputs_xml_flat/GPA-001__R2-001__R1-001__0351.xml,PASS,INFO,R1.D01=SI;R1.D02=SI;R2.D01=SI;R2.D02=SI;R2.D03=SI,MUNICIPIO30613,MUNICIPIO_SIN_CN_TRAB,Si,No,30613,,Regla 2 coherente para validaciones implementadas.
GPA-001__R2-001__R1-001__0352,GPA-001__R2-001__R1-001,02_inputs_xml_flat/GPA-001__R2-001__R1-001__0352.xml,PASS,INFO,R1.D01=SI;R1.D02=SI;R2.D01=SI;R2.D02=SI;R2.D03=SI,MUNICIPIO30611,MUNICIPIO_SIN_CN_TRAB,Si,No,30611,,Regla 2 coherente para validaciones implementadas.
GPA-001__R2-001__R1-001__0353,GPA-001__R2-001__R1-001,02_inputs_xml_flat/GPA-001__R2-001__R1-001__0353.xml,PASS,INFO,R1.D01=SI;R1.D02=SI;R2.D01=SI;R2.D02=SI;R2.D03=SI,MUNICIPIO30612,MUNICIPIO_SIN_CN_TRAB,Si,No,30612,,Regla 2 coherente para validaciones implementadas.
GPA-001__R2-001__R1-001__0354,GPA-001__R2-001__R1-001,02_inputs_xml_flat/GPA-001__R2-001__R1-001__0354.xml,PASS,INFO,R1.D01=SI;R1.D02=SI;R2.D01=SI;R2.D02=SI;R2.D03=SI,MUNICIPIO30613,MUNICIPIO_SIN_CN_TRAB,Si,No,30613,,Regla 2 coherente para validaciones implementadas.
GPA-001__R2-001__R1-001__0355,GPA-001__R2-001__R1-001,02_inputs_xml_flat/GPA-001__R2-001__R1-001__0355.xml,PASS,INFO,R1.D01=SI;R1.D02=SI;R2.D01=SI;R2.D02=SI;R2.D03=SI,MUNICIPIO30611,MUNICIPIO_SIN_CN_TRAB,Si,No,30611,,Regla 2 coherente para validaciones implementadas.
GPA-001__R2-001__R1-001__0356,GPA-001__R2-001__R1-001,02_inputs_xml_flat/GPA-001__R2-001__R1-001__0356.xml,PASS,INFO,R1.D01=SI;R1.D02=SI;R2.D01=SI;R2.D02=SI;R2.D03=SI,MUNICIPIO30612,MUNICIPIO_SIN_CN_TRAB,Si,No,30612,,Regla 2 coherente para validaciones implementadas.
GPA-001__R2-001__R1-001__0357,GPA-001__R2-001__R1-001,02_inputs_xml_flat/GPA-001__R2-001__R1-001__0357.xml,PASS,INFO,R1.D01=SI;R1.D02=SI;R2.D01=SI;R2.D02=SI;R2.D03=SI,MUNICIPIO30613,MUNICIPIO_SIN_CN_TRAB,Si,No,30613,,Regla 2 coherente para validaciones implementadas.
GPA-001__R2-001__R1-001__0358,GPA-001__R2-001__R1-001,02_inputs_xml_flat/GPA-001__R2-001__R1-001__0358.xml,PASS,INFO,R1.D01=SI;R1.D02=SI;R2.D01=SI;R2.D02=SI;R2.D03=SI,MUNICIPIO30611,MUNICIPIO_SIN_CN_TRAB,Si,No,30611,,Regla 2 coherente para validaciones implementadas.
GPA-001__R2-001__R1-001__0359,GPA-001__R2-001__R1-001,02_inputs_xml_flat/GPA-001__R2-001__R1-001__0359.xml,PASS,INFO,R1.D01=SI;R1.D02=SI;R2.D01=SI;R2.D02=SI;R2.D03=SI,MUNICIPIO30612,MUNICIPIO_SIN_CN_TRAB,Si,No,30612,,Regla 2 coherente para validaciones implementadas.
GPA-001__R2-001__R1-001__0360,GPA-001__R2-001__R1-001,02_inputs_xml_flat/GPA-001__R2-001__R1-001__0360.xml,PASS,INFO,R1.D01=SI;R1.D02=SI;R2.D01=SI;R2.D02=SI;R2.D03=SI,MUNICIPIO30613,MUNICIPIO_SIN_CN_TRAB,Si,No,30613,,Regla 2 coherente para validaciones implementadas.
GPA-001__R2-001__R1-001__0361,GPA-001__R2-001__R1-001,02_inputs_xml_flat/GPA-001__R2-001__R1-001__0361.xml,PASS,INFO,R1.D01=SI;R1.D02=SI;R2.D01=SI;R2.D02=SI;R2.D03=SI,MUNICIPIO30611,MUNICIPIO_SIN_CN_TRAB,Si,No,30611,,Regla 2 coherente para validaciones implementadas.
GPA-001__R2-001__R1-001__0362,GPA-001__R2-001__R1-001,02_inputs_xml_flat/GPA-001__R2-001__R1-001__0362.xml,PASS,INFO,R1.D01=SI;R1.D02=SI;R2.D01=SI;R2.D02=SI;R2.D03=SI,MUNICIPIO30612,MUNICIPIO_SIN_CN_TRAB,Si,No,30612,,Regla 2 coherente para validaciones implementadas.
GPA-001__R2-001__R1-001__0363,GPA-001__R2-001__R1-001,02_inputs_xml_flat/GPA-001__R2-001__R1-001__0363.xml,PASS,INFO,R1.D01=SI;R1.D02=SI;R2.D01=SI;R2.D02=SI;R2.D03=SI,MUNICIPIO30613,MUNICIPIO_SIN_CN_TRAB,Si,No,30613,,Regla 2 coherente para validaciones implementadas.
GPA-001__R2-001__R1-001__0364,GPA-001__R2-001__R1-001,02_inputs_xml_flat/GPA-001__R2-001__R1-001__0364.xml,PASS,INFO,R1.D01=SI;R1.D02=SI;R2.D01=SI;R2.D02=SI;R2.D03=SI,MUNICIPIO30611,MUNICIPIO_SIN_CN_TRAB,Si,No,30611,,Regla 2 coherente para validaciones implementadas.
GPA-001__R2-001__R1-001__0365,GPA-001__R2-001__R1-001,02_inputs_xml_flat/GPA-001__R2-001__R1-001__0365.xml,PASS,INFO,R1.D01=SI;R1.D02=SI;R2.D01=SI;R2.D02=SI;R2.D03=SI,MUNICIPIO30612,MUNICIPIO_SIN_CN_TRAB,Si,No,30612,,Regla 2 coherente para validaciones implementadas.
GPA-001__R2-001__R1-001__0366,GPA-001__R2-001__R1-001,02_inputs_xml_flat/GPA-001__R2-001__R1-001__0366.xml,PASS,INFO,R1.D01=SI;R1.D02=SI;R2.D01=SI;R2.D02=SI;R2.D03=SI,MUNICIPIO30613,MUNICIPIO_SIN_CN_TRAB,Si,No,30613,,Regla 2 coherente para validaciones implementadas.
GPA-001__R2-001__R1-001__0367,GPA-001__R2-001__R1-001,02_inputs_xml_flat/GPA-001__R2-001__R1-001__0367.xml,PASS,INFO,R1.D01=SI;R1.D02=SI;R2.D01=SI;R2.D02=SI;R2.D03=SI,MUNICIPIO30611,MUNICIPIO_SIN_CN_TRAB,Si,No,30611,,Regla 2 coherente para validaciones implementadas.
GPA-001__R2-001__R1-001__0368,GPA-001__R2-001__R1-001,02_inputs_xml_flat/GPA-001__R2-001__R1-001__0368.xml,PASS,INFO,R1.D01=SI;R1.D02=SI;R2.D01=SI;R2.D02=SI;R2.D03=SI,MUNICIPIO30612,MUNICIPIO_SIN_CN_TRAB,Si,No,30612,,Regla 2 coherente para validaciones implementadas.
GPA-001__R2-001__R1-001__0369,GPA-001__R2-001__R1-001,02_inputs_xml_flat/GPA-001__R2-001__R1-001__0369.xml,PASS,INFO,R1.D01=SI;R1.D02=SI;R2.D01=SI;R2.D02=SI;R2.D03=SI,MUNICIPIO30613,MUNICIPIO_SIN_CN_TRAB,Si,No,30613,,Regla 2 coherente para validaciones implementadas.
GPA-001__R2-001__R1-001__0370,GPA-001__R2-001__R1-001,02_inputs_xml_flat/GPA-001__R2-001__R1-001__0370.xml,PASS,INFO,R1.D01=SI;R1.D02=SI;R2.D01=SI;R2.D02=SI;R2.D03=SI,MUNICIPIO30611,MUNICIPIO_SIN_CN_TRAB,Si,No,30611,,Regla 2 coherente para validaciones implementadas.
GPA-001__R2-001__R1-001__0371,GPA-001__R2-001__R1-001,02_inputs_xml_flat/GPA-001__R2-001__R1-001__0371.xml,PASS,INFO,R1.D01=SI;R1.D02=SI;R2.D01=SI;R2.D02=SI;R2.D03=SI,MUNICIPIO30612,MUNICIPIO_SIN_CN_TRAB,Si,No,30612,,Regla 2 coherente para validaciones implementadas.
GPA-001__R2-001__R1-001__0372,GPA-001__R2-001__R1-001,02_inputs_xml_flat/GPA-001__R2-001__R1-001__0372.xml,PASS,INFO,R1.D01=SI;R1.D02=SI;R2.D01=SI;R2.D02=SI;R2.D03=SI,MUNICIPIO30613,MUNICIPIO_SIN_CN_TRAB,Si,No,30613,,Regla 2 coherente para validaciones implementadas.
GPA-001__R2-001__R1-001__0373,GPA-001__R2-001__R1-001,02_inputs_xml_flat/GPA-001__R2-001__R1-001__0373.xml,PASS,INFO,R1.D01=SI;R1.D02=SI;R2.D01=SI;R2.D02=SI;R2.D03=SI,MUNICIPIO30611,MUNICIPIO_SIN_CN_TRAB,Si,No,30611,,Regla 2 coherente para validaciones implementadas.
GPA-001__R2-001__R1-001__0374,GPA-001__R2-001__R1-001,02_inputs_xml_flat/GPA-001__R2-001__R1-001__0374.xml,PASS,INFO,R1.D01=SI;R1.D02=SI;R2.D01=SI;R2.D02=SI;R2.D03=SI,MUNICIPIO30612,MUNICIPIO_SIN_CN_TRAB,Si,No,30612,,Regla 2 coherente para validaciones implementadas.
GPA-001__R2-001__R1-001__0375,GPA-001__R2-001__R1-001,02_inputs_xml_flat/GPA-001__R2-001__R1-001__0375.xml,PASS,INFO,R1.D01=SI;R1.D02=SI;R2.D01=SI;R2.D02=SI;R2.D03=SI,MUNICIPIO30613,MUNICIPIO_SIN_CN_TRAB,Si,No,30613,,Regla 2 coherente para validaciones implementadas.
GPA-001__R2-001__R1-001__0376,GPA-001__R2-001__R1-001,02_inputs_xml_flat/GPA-001__R2-001__R1-001__0376.xml,PASS,INFO,R1.D01=SI;R1.D02=SI;R2.D01=SI;R2.D02=SI;R2.D03=SI,MUNICIPIO30611,MUNICIPIO_SIN_CN_TRAB,Si,No,30611,,Regla 2 coherente para validaciones implementadas.
GPA-001__R2-001__R1-001__0377,GPA-001__R2-001__R1-001,02_inputs_xml_flat/GPA-001__R2-001__R1-001__0377.xml,PASS,INFO,R1.D01=SI;R1.D02=SI;R2.D01=SI;R2.D02=SI;R2.D03=SI,MUNICIPIO30612,MUNICIPIO_SIN_CN_TRAB,Si,No,30612,,Regla 2 coherente para validaciones implementadas.
GPA-001__R2-001__R1-001__0378,GPA-001__R2-001__R1-001,02_inputs_xml_flat/GPA-001__R2-001__R1-001__0378.xml,PASS,INFO,R1.D01=SI;R1.D02=SI;R2.D01=SI;R2.D02=SI;R2.D03=SI,MUNICIPIO30613,MUNICIPIO_SIN_CN_TRAB,Si,No,30613,,Regla 2 coherente para validaciones implementadas.
GPA-001__R2-001__R1-001__0379,GPA-001__R2-001__R1-001,02_inputs_xml_flat/GPA-001__R2-001__R1-001__0379.xml,PASS,INFO,R1.D01=SI;R1.D02=SI;R2.D01=SI;R2.D02=SI;R2.D03=SI,MUNICIPIO30611,MUNICIPIO_SIN_CN_TRAB,Si,No,30611,,Regla 2 coherente para validaciones implementadas.
GPA-001__R2-001__R1-001__0380,GPA-001__R2-001__R1-001,02_inputs_xml_flat/GPA-001__R2-001__R1-001__0380.xml,PASS,INFO,R1.D01=SI;R1.D02=SI;R2.D01=SI;R2.D02=SI;R2.D03=SI,MUNICIPIO30612,MUNICIPIO_SIN_CN_TRAB,Si,No,30612,,Regla 2 coherente para validaciones implementadas.
GPA-001__R2-001__R1-001__0381,GPA-001__R2-001__R1-001,02_inputs_xml_flat/GPA-001__R2-001__R1-001__0381.xml,PASS,INFO,R1.D01=SI;R1.D02=SI;R2.D01=SI;R2.D02=SI;R2.D03=SI,MUNICIPIO30613,MUNICIPIO_SIN_CN_TRAB,Si,No,30613,,Regla 2 coherente para validaciones implementadas.
GPA-001__R2-001__R1-001__0382,GPA-001__R2-001__R1-001,02_inputs_xml_flat/GPA-001__R2-001__R1-001__0382.xml,PASS,INFO,R1.D01=SI;R1.D02=SI;R2.D01=SI;R2.D02=SI;R2.D03=SI,MUNICIPIO30611,MUNICIPIO_SIN_CN_TRAB,Si,No,30611,,Regla 2 coherente para validaciones implementadas.
GPA-001__R2-001__R1-001__0383,GPA-001__R2-001__R1-001,02_inputs_xml_flat/GPA-001__R2-001__R1-001__0383.xml,PASS,INFO,R1.D01=SI;R1.D02=SI;R2.D01=SI;R2.D02=SI;R2.D03=SI,MUNICIPIO30612,MUNICIPIO_SIN_CN_TRAB,Si,No,30612,,Regla 2 coherente para validaciones implementadas.
GPA-001__R2-001__R1-001__0384,GPA-001__R2-001__R1-001,02_inputs_xml_flat/GPA-001__R2-001__R1-001__0384.xml,PASS,INFO,R1.D01=SI;R1.D02=SI;R2.D01=SI;R2.D02=SI;R2.D03=SI,MUNICIPIO30613,MUNICIPIO_SIN_CN_TRAB,Si,No,30613,,Regla 2 coherente para validaciones implementadas.
GPA-001__R2-001__R1-001__0385,GPA-001__R2-001__R1-001,02_inputs_xml_flat/GPA-001__R2-001__R1-001__0385.xml,PASS,INFO,R1.D01=SI;R1.D02=SI;R2.D01=SI;R2.D02=SI;R2.D03=SI,MUNICIPIO30611,MUNICIPIO_SIN_CN_TRAB,Si,No,30611,,Regla 2 coherente para validaciones implementadas.
GPA-001__R2-001__R1-001__0386,GPA-001__R2-001__R1-001,02_inputs_xml_flat/GPA-001__R2-001__R1-001__0386.xml,PASS,INFO,R1.D01=SI;R1.D02=SI;R2.D01=SI;R2.D02=SI;R2.D03=SI,MUNICIPIO30612,MUNICIPIO_SIN_CN_TRAB,Si,No,30612,,Regla 2 coherente para validaciones implementadas.
GPA-001__R2-001__R1-001__0387,GPA-001__R2-001__R1-001,02_inputs_xml_flat/GPA-001__R2-001__R1-001__0387.xml,PASS,INFO,R1.D01=SI;R1.D02=SI;R2.D01=SI;R2.D02=SI;R2.D03=SI,MUNICIPIO30613,MUNICIPIO_SIN_CN_TRAB,Si,No,30613,,Regla 2 coherente para validaciones implementadas.
GPA-001__R2-001__R1-001__0388,GPA-001__R2-001__R1-001,02_inputs_xml_flat/GPA-001__R2-001__R1-001__0388.xml,PASS,INFO,R1.D01=SI;R1.D02=SI;R2.D01=SI;R2.D02=SI;R2.D03=SI,MUNICIPIO30611,MUNICIPIO_SIN_CN_TRAB,Si,No,30611,,Regla 2 coherente para validaciones implementadas.
GPA-001__R2-001__R1-001__0389,GPA-001__R2-001__R1-001,02_inputs_xml_flat/GPA-001__R2-001__R1-001__0389.xml,PASS,INFO,R1.D01=SI;R1.D02=SI;R2.D01=SI;R2.D02=SI;R2.D03=SI,MUNICIPIO30612,MUNICIPIO_SIN_CN_TRAB,Si,No,30612,,Regla 2 coherente para validaciones implementadas.
GPA-001__R2-001__R1-001__0390,GPA-001__R2-001__R1-001,02_inputs_xml_flat/GPA-001__R2-001__R1-001__0390.xml,PASS,INFO,R1.D01=SI;R1.D02=SI;R2.D01=SI;R2.D02=SI;R2.D03=SI,MUNICIPIO30613,MUNICIPIO_SIN_CN_TRAB,Si,No,30613,,Regla 2 coherente para validaciones implementadas.
GPA-001__R2-001__R1-001__0391,GPA-001__R2-001__R1-001,02_inputs_xml_flat/GPA-001__R2-001__R1-001__0391.xml,PASS,INFO,R1.D01=SI;R1.D02=SI;R2.D01=SI;R2.D02=SI;R2.D03=SI,MUNICIPIO30611,MUNICIPIO_SIN_CN_TRAB,Si,No,30611,,Regla 2 coherente para validaciones implementadas.
GPA-001__R2-001__R1-001__0392,GPA-001__R2-001__R1-001,02_inputs_xml_flat/GPA-001__R2-001__R1-001__0392.xml,PASS,INFO,R1.D01=SI;R1.D02=SI;R2.D01=SI;R2.D02=SI;R2.D03=SI,MUNICIPIO30612,MUNICIPIO_SIN_CN_TRAB,Si,No,30612,,Regla 2 coherente para validaciones implementadas.
GPA-001__R2-001__R1-001__0393,GPA-001__R2-001__R1-001,02_inputs_xml_flat/GPA-001__R2-001__R1-001__0393.xml,PASS,INFO,R1.D01=SI;R1.D02=SI;R2.D01=SI;R2.D02=SI;R2.D03=SI,MUNICIPIO30613,MUNICIPIO_SIN_CN_TRAB,Si,No,30613,,Regla 2 coherente para validaciones implementadas.
GPA-001__R2-001__R1-001__0394,GPA-001__R2-001__R1-001,02_inputs_xml_flat/GPA-001__R2-001__R1-001__0394.xml,PASS,INFO,R1.D01=SI;R1.D02=SI;R2.D01=SI;R2.D02=SI;R2.D03=SI,MUNICIPIO30611,MUNICIPIO_SIN_CN_TRAB,Si,No,30611,,Regla 2 coherente para validaciones implementadas.
GPA-001__R2-001__R1-001__0395,GPA-001__R2-001__R1-001,02_inputs_xml_flat/GPA-001__R2-001__R1-001__0395.xml,PASS,INFO,R1.D01=SI;R1.D02=SI;R2.D01=SI;R2.D02=SI;R2.D03=SI,MUNICIPIO30612,MUNICIPIO_SIN_CN_TRAB,Si,No,30612,,Regla 2 coherente para validaciones implementadas.
GPA-001__R2-001__R1-001__0396,GPA-001__R2-001__R1-001,02_inputs_xml_flat/GPA-001__R2-001__R1-001__0396.xml,PASS,INFO,R1.D01=SI;R1.D02=SI;R2.D01=SI;R2.D02=SI;R2.D03=SI,MUNICIPIO30613,MUNICIPIO_SIN_CN_TRAB,Si,No,30613,,Regla 2 coherente para validaciones implementadas.
GPA-001__R2-001__R1-001__0397,GPA-001__R2-001__R1-001,02_inputs_xml_flat/GPA-001__R2-001__R1-001__0397.xml,PASS,INFO,R1.D01=SI;R1.D02=SI;R2.D01=SI;R2.D02=SI;R2.D03=SI,MUNICIPIO30611,MUNICIPIO_SIN_CN_TRAB,Si,No,30611,,Regla 2 coherente para validaciones implementadas.
GPA-001__R2-001__R1-001__0398,GPA-001__R2-001__R1-001,02_inputs_xml_flat/GPA-001__R2-001__R1-001__0398.xml,PASS,INFO,R1.D01=SI;R1.D02=SI;R2.D01=SI;R2.D02=SI;R2.D03=SI,MUNICIPIO30612,MUNICIPIO_SIN_CN_TRAB,Si,No,30612,,Regla 2 coherente para validaciones implementadas.
GPA-001__R2-001__R1-001__0399,GPA-001__R2-001__R1-001,02_inputs_xml_flat/GPA-001__R2-001__R1-001__0399.xml,PASS,INFO,R1.D01=SI;R1.D02=SI;R2.D01=SI;R2.D02=SI;R2.D03=SI,MUNICIPIO30613,MUNICIPIO_SIN_CN_TRAB,Si,No,30613,,Regla 2 coherente para validaciones implementadas.
GPA-001__R2-001__R1-001__0400,GPA-001__R2-001__R1-001,02_inputs_xml_flat/GPA-001__R2-001__R1-001__0400.xml,PASS,INFO,R1.D01=SI;R1.D02=SI;R2.D01=SI;R2.D02=SI;R2.D03=SI,MUNICIPIO30611,MUNICIPIO_SIN_CN_TRAB,Si,No,30611,,Regla 2 coherente para validaciones implementadas.
GPA-001__R2-001__R1-001__0401,GPA-001__R2-001__R1-001,02_inputs_xml_flat/GPA-001__R2-001__R1-001__0401.xml,PASS,INFO,R1.D01=SI;R1.D02=SI;R2.D01=SI;R2.D02=SI;R2.D03=SI,MUNICIPIO30612,MUNICIPIO_SIN_CN_TRAB,Si,No,30612,,Regla 2 coherente para validaciones implementadas.
GPA-001__R2-001__R1-001__0402,GPA-001__R2-001__R1-001,02_inputs_xml_flat/GPA-001__R2-001__R1-001__0402.xml,PASS,INFO,R1.D01=SI;R1.D02=SI;R2.D01=SI;R2.D02=SI;R2.D03=SI,MUNICIPIO30613,MUNICIPIO_SIN_CN_TRAB,Si,No,30613,,Regla 2 coherente para validaciones implementadas.
GPA-001__R2-001__R1-001__0403,GPA-001__R2-001__R1-001,02_inputs_xml_flat/GPA-001__R2-001__R1-001__0403.xml,PASS,INFO,R1.D01=SI;R1.D02=SI;R2.D01=SI;R2.D02=SI;R2.D03=SI,MUNICIPIO30611,MUNICIPIO_SIN_CN_TRAB,Si,No,30611,,Regla 2 coherente para validaciones implementadas.
GPA-001__R2-001__R1-001__0404,GPA-001__R2-001__R1-001,02_inputs_xml_flat/GPA-001__R2-001__R1-001__0404.xml,PASS,INFO,R1.D01=SI;R1.D02=SI;R2.D01=SI;R2.D02=SI;R2.D03=SI,MUNICIPIO30612,MUNICIPIO_SIN_CN_TRAB,Si,No,30612,,Regla 2 coherente para validaciones implementadas.
GPA-001__R2-001__R1-001__0405,GPA-001__R2-001__R1-001,02_inputs_xml_flat/GPA-001__R2-001__R1-001__0405.xml,PASS,INFO,R1.D01=SI;R1.D02=SI;R2.D01=SI;R2.D02=SI;R2.D03=SI,MUNICIPIO30613,MUNICIPIO_SIN_CN_TRAB,Si,No,30613,,Regla 2 coherente para validaciones implementadas.
GPA-001__R2-001__R1-001__0406,GPA-001__R2-001__R1-001,02_inputs_xml_flat/GPA-001__R2-001__R1-001__0406.xml,PASS,INFO,R1.D01=SI;R1.D02=SI;R2.D01=SI;R2.D02=SI;R2.D03=SI,MUNICIPIO30611,MUNICIPIO_SIN_CN_TRAB,Si,No,30611,,Regla 2 coherente para validaciones implementadas.
GPA-001__R2-001__R1-001__0407,GPA-001__R2-001__R1-001,02_inputs_xml_flat/GPA-001__R2-001__R1-001__0407.xml,PASS,INFO,R1.D01=SI;R1.D02=SI;R2.D01=SI;R2.D02=SI;R2.D03=SI,MUNICIPIO30612,MUNICIPIO_SIN_CN_TRAB,Si,No,30612,,Regla 2 coherente para validaciones implementadas.
GPA-001__R2-001__R1-001__0408,GPA-001__R2-001__R1-001,02_inputs_xml_flat/GPA-001__R2-001__R1-001__0408.xml,PASS,INFO,R1.D01=SI;R1.D02=SI;R2.D01=SI;R2.D02=SI;R2.D03=SI,MUNICIPIO30613,MUNICIPIO_SIN_CN_TRAB,Si,No,30613,,Regla 2 coherente para validaciones implementadas.
GPA-001__R2-001__R1-001__0409,GPA-001__R2-001__R1-001,02_inputs_xml_flat/GPA-001__R2-001__R1-001__0409.xml,PASS,INFO,R1.D01=SI;R1.D02=SI;R2.D01=SI;R2.D02=SI;R2.D03=SI,MUNICIPIO30611,MUNICIPIO_SIN_CN_TRAB,Si,No,30611,,Regla 2 coherente para validaciones implementadas.
GPA-001__R2-001__R1-001__0410,GPA-001__R2-001__R1-001,02_inputs_xml_flat/GPA-001__R2-001__R1-001__0410.xml,PASS,INFO,R1.D01=SI;R1.D02=SI;R2.D01=SI;R2.D02=SI;R2.D03=SI,MUNICIPIO30612,MUNICIPIO_SIN_CN_TRAB,Si,No,30612,,Regla 2 coherente para validaciones implementadas.
GPA-001__R2-001__R1-001__0411,GPA-001__R2-001__R1-001,02_inputs_xml_flat/GPA-001__R2-001__R1-001__0411.xml,PASS,INFO,R1.D01=SI;R1.D02=SI;R2.D01=SI;R2.D02=SI;R2.D03=SI,MUNICIPIO30613,MUNICIPIO_SIN_CN_TRAB,Si,No,30613,,Regla 2 coherente para validaciones implementadas.
GPA-001__R2-001__R1-001__0412,GPA-001__R2-001__R1-001,02_inputs_xml_flat/GPA-001__R2-001__R1-001__0412.xml,PASS,INFO,R1.D01=SI;R1.D02=SI;R2.D01=SI;R2.D02=SI;R2.D03=SI,MUNICIPIO30611,MUNICIPIO_SIN_CN_TRAB,Si,No,30611,,Regla 2 coherente para validaciones implementadas.
GPA-001__R2-001__R1-001__0413,GPA-001__R2-001__R1-001,02_inputs_xml_flat/GPA-001__R2-001__R1-001__0413.xml,PASS,INFO,R1.D01=SI;R1.D02=SI;R2.D01=SI;R2.D02=SI;R2.D03=SI,MUNICIPIO30612,MUNICIPIO_SIN_CN_TRAB,Si,No,30612,,Regla 2 coherente para validaciones implementadas.
GPA-001__R2-001__R1-001__0414,GPA-001__R2-001__R1-001,02_inputs_xml_flat/GPA-001__R2-001__R1-001__0414.xml,PASS,INFO,R1.D01=SI;R1.D02=SI;R2.D01=SI;R2.D02=SI;R2.D03=SI,MUNICIPIO30613,MUNICIPIO_SIN_CN_TRAB,Si,No,30613,,Regla 2 coherente para validaciones implementadas.
GPA-001__R2-001__R1-001__0415,GPA-001__R2-001__R1-001,02_inputs_xml_flat/GPA-001__R2-001__R1-001__0415.xml,PASS,INFO,R1.D01=SI;R1.D02=SI;R2.D01=SI;R2.D02=SI;R2.D03=SI,MUNICIPIO30611,MUNICIPIO_SIN_CN_TRAB,Si,No,30611,,Regla 2 coherente para validaciones implementadas.
GPA-001__R2-001__R1-001__0416,GPA-001__R2-001__R1-001,02_inputs_xml_flat/GPA-001__R2-001__R1-001__0416.xml,PASS,INFO,R1.D01=SI;R1.D02=SI;R2.D01=SI;R2.D02=SI;R2.D03=SI,MUNICIPIO30612,MUNICIPIO_SIN_CN_TRAB,Si,No,30612,,Regla 2 coherente para validaciones implementadas.
GPA-001__R2-001__R1-001__0417,GPA-001__R2-001__R1-001,02_inputs_xml_flat/GPA-001__R2-001__R1-001__0417.xml,PASS,INFO,R1.D01=SI;R1.D02=SI;R2.D01=SI;R2.D02=SI;R2.D03=SI,MUNICIPIO30613,MUNICIPIO_SIN_CN_TRAB,Si,No,30613,,Regla 2 coherente para validaciones implementadas.
GPA-001__R2-001__R1-001__0418,GPA-001__R2-001__R1-001,02_inputs_xml_flat/GPA-001__R2-001__R1-001__0418.xml,PASS,INFO,R1.D01=SI;R1.D02=SI;R2.D01=SI;R2.D02=SI;R2.D03=SI,MUNICIPIO30611,MUNICIPIO_SIN_CN_TRAB,Si,No,30611,,Regla 2 coherente para validaciones implementadas.
GPA-001__R2-001__R1-001__0419,GPA-001__R2-001__R1-001,02_inputs_xml_flat/GPA-001__R2-001__R1-001__0419.xml,PASS,INFO,R1.D01=SI;R1.D02=SI;R2.D01=SI;R2.D02=SI;R2.D03=SI,MUNICIPIO30612,MUNICIPIO_SIN_CN_TRAB,Si,No,30612,,Regla 2 coherente para validaciones implementadas.
GPA-001__R2-001__R1-001__0420,GPA-001__R2-001__R1-001,02_inputs_xml_flat/GPA-001__R2-001__R1-001__0420.xml,PASS,INFO,R1.D01=SI;R1.D02=SI;R2.D01=SI;R2.D02=SI;R2.D03=SI,MUNICIPIO30613,MUNICIPIO_SIN_CN_TRAB,Si,No,30613,,Regla 2 coherente para validaciones implementadas.
GPA-001__R2-001__R1-001__0421,GPA-001__R2-001__R1-001,02_inputs_xml_flat/GPA-001__R2-001__R1-001__0421.xml,PASS,INFO,R1.D01=SI;R1.D02=SI;R2.D01=SI;R2.D02=SI;R2.D03=SI,MUNICIPIO30611,MUNICIPIO_SIN_CN_TRAB,Si,No,30611,,Regla 2 coherente para validaciones implementadas.
GPA-001__R2-001__R1-001__0422,GPA-001__R2-001__R1-001,02_inputs_xml_flat/GPA-001__R2-001__R1-001__0422.xml,PASS,INFO,R1.D01=SI;R1.D02=SI;R2.D01=SI;R2.D02=SI;R2.D03=SI,MUNICIPIO30612,MUNICIPIO_SIN_CN_TRAB,Si,No,30612,,Regla 2 coherente para validaciones implementadas.
GPA-001__R2-001__R1-001__0423,GPA-001__R2-001__R1-001,02_inputs_xml_flat/GPA-001__R2-001__R1-001__0423.xml,PASS,INFO,R1.D01=SI;R1.D02=SI;R2.D01=SI;R2.D02=SI;R2.D03=SI,MUNICIPIO30613,MUNICIPIO_SIN_CN_TRAB,Si,No,30613,,Regla 2 coherente para validaciones implementadas.
GPA-001__R2-001__R1-001__0424,GPA-001__R2-001__R1-001,02_inputs_xml_flat/GPA-001__R2-001__R1-001__0424.xml,PASS,INFO,R1.D01=SI;R1.D02=SI;R2.D01=SI;R2.D02=SI;R2.D03=SI,MUNICIPIO30611,MUNICIPIO_SIN_CN_TRAB,Si,No,30611,,Regla 2 coherente para validaciones implementadas.
GPA-001__R2-001__R1-001__0425,GPA-001__R2-001__R1-001,02_inputs_xml_flat/GPA-001__R2-001__R1-001__0425.xml,PASS,INFO,R1.D01=SI;R1.D02=SI;R2.D01=SI;R2.D02=SI;R2.D03=SI,MUNICIPIO30612,MUNICIPIO_SIN_CN_TRAB,Si,No,30612,,Regla 2 coherente para validaciones implementadas.
GPA-001__R2-001__R1-001__0426,GPA-001__R2-001__R1-001,02_inputs_xml_flat/GPA-001__R2-001__R1-001__0426.xml,PASS,INFO,R1.D01=SI;R1.D02=SI;R2.D01=SI;R2.D02=SI;R2.D03=SI,MUNICIPIO30613,MUNICIPIO_SIN_CN_TRAB,Si,No,30613,,Regla 2 coherente para validaciones implementadas.
GPA-001__R2-001__R1-001__0427,GPA-001__R2-001__R1-001,02_inputs_xml_flat/GPA-001__R2-001__R1-001__0427.xml,PASS,INFO,R1.D01=SI;R1.D02=SI;R2.D01=SI;R2.D02=SI;R2.D03=SI,MUNICIPIO30611,MUNICIPIO_SIN_CN_TRAB,Si,No,30611,,Regla 2 coherente para validaciones implementadas.
GPA-001__R2-001__R1-001__0428,GPA-001__R2-001__R1-001,02_inputs_xml_flat/GPA-001__R2-001__R1-001__0428.xml,PASS,INFO,R1.D01=SI;R1.D02=SI;R2.D01=SI;R2.D02=SI;R2.D03=SI,MUNICIPIO30612,MUNICIPIO_SIN_CN_TRAB,Si,No,30612,,Regla 2 coherente para validaciones implementadas.
GPA-001__R2-001__R1-001__0429,GPA-001__R2-001__R1-001,02_inputs_xml_flat/GPA-001__R2-001__R1-001__0429.xml,PASS,INFO,R1.D01=SI;R1.D02=SI;R2.D01=SI;R2.D02=SI;R2.D03=SI,MUNICIPIO30613,MUNICIPIO_SIN_CN_TRAB,Si,No,30613,,Regla 2 coherente para validaciones implementadas.
GPA-001__R2-001__R1-001__0430,GPA-001__R2-001__R1-001,02_inputs_xml_flat/GPA-001__R2-001__R1-001__0430.xml,PASS,INFO,R1.D01=SI;R1.D02=SI;R2.D01=SI;R2.D02=SI;R2.D03=SI,MUNICIPIO30611,MUNICIPIO_SIN_CN_TRAB,Si,No,30611,,Regla 2 coherente para validaciones implementadas.
GPA-001__R2-001__R1-001__0431,GPA-001__R2-001__R1-001,02_inputs_xml_flat/GPA-001__R2-001__R1-001__0431.xml,PASS,INFO,R1.D01=SI;R1.D02=SI;R2.D01=SI;R2.D02=SI;R2.D03=SI,MUNICIPIO30612,MUNICIPIO_SIN_CN_TRAB,Si,No,30612,,Regla 2 coherente para validaciones implementadas.
GPA-001__R2-001__R1-001__0432,GPA-001__R2-001__R1-001,02_inputs_xml_flat/GPA-001__R2-001__R1-001__0432.xml,PASS,INFO,R1.D01=SI;R1.D02=SI;R2.D01=SI;R2.D02=SI;R2.D03=SI,MUNICIPIO30613,MUNICIPIO_SIN_CN_TRAB,Si,No,30613,,Regla 2 coherente para validaciones implementadas.
GPA-001__R2-001__R1-001__0433,GPA-001__R2-001__R1-001,02_inputs_xml_flat/GPA-001__R2-001__R1-001__0433.xml,PASS,INFO,R1.D01=SI;R1.D02=SI;R2.D01=SI;R2.D02=SI;R2.D03=SI,MUNICIPIO30611,MUNICIPIO_SIN_CN_TRAB,Si,No,30611,,Regla 2 coherente para validaciones implementadas.
GPA-001__R2-001__R1-001__0434,GPA-001__R2-001__R1-001,02_inputs_xml_flat/GPA-001__R2-001__R1-001__0434.xml,PASS,INFO,R1.D01=SI;R1.D02=SI;R2.D01=SI;R2.D02=SI;R2.D03=SI,MUNICIPIO30612,MUNICIPIO_SIN_CN_TRAB,Si,No,30612,,Regla 2 coherente para validaciones implementadas.
GPA-001__R2-001__R1-001__0435,GPA-001__R2-001__R1-001,02_inputs_xml_flat/GPA-001__R2-001__R1-001__0435.xml,PASS,INFO,R1.D01=SI;R1.D02=SI;R2.D01=SI;R2.D02=SI;R2.D03=SI,MUNICIPIO30613,MUNICIPIO_SIN_CN_TRAB,Si,No,30613,,Regla 2 coherente para validaciones implementadas.
GPA-001__R2-001__R1-001__0436,GPA-001__R2-001__R1-001,02_inputs_xml_flat/GPA-001__R2-001__R1-001__0436.xml,PASS,INFO,R1.D01=SI;R1.D02=SI;R2.D01=SI;R2.D02=SI;R2.D03=SI,MUNICIPIO30611,MUNICIPIO_SIN_CN_TRAB,Si,No,30611,,Regla 2 coherente para validaciones implementadas.
GPA-001__R2-001__R1-001__0437,GPA-001__R2-001__R1-001,02_inputs_xml_flat/GPA-001__R2-001__R1-001__0437.xml,PASS,INFO,R1.D01=SI;R1.D02=SI;R2.D01=SI;R2.D02=SI;R2.D03=SI,MUNICIPIO30612,MUNICIPIO_SIN_CN_TRAB,Si,No,30612,,Regla 2 coherente para validaciones implementadas.
GPA-001__R2-001__R1-001__0438,GPA-001__R2-001__R1-001,02_inputs_xml_flat/GPA-001__R2-001__R1-001__0438.xml,PASS,INFO,R1.D01=SI;R1.D02=SI;R2.D01=SI;R2.D02=SI;R2.D03=SI,MUNICIPIO30613,MUNICIPIO_SIN_CN_TRAB,Si,No,30613,,Regla 2 coherente para validaciones implementadas.
GPA-001__R2-001__R1-001__0439,GPA-001__R2-001__R1-001,02_inputs_xml_flat/GPA-001__R2-001__R1-001__0439.xml,PASS,INFO,R1.D01=SI;R1.D02=SI;R2.D01=SI;R2.D02=SI;R2.D03=SI,MUNICIPIO30611,MUNICIPIO_SIN_CN_TRAB,Si,No,30611,,Regla 2 coherente para validaciones implementadas.
GPA-001__R2-001__R1-001__0440,GPA-001__R2-001__R1-001,02_inputs_xml_flat/GPA-001__R2-001__R1-001__0440.xml,PASS,INFO,R1.D01=SI;R1.D02=SI;R2.D01=SI;R2.D02=SI;R2.D03=SI,MUNICIPIO30612,MUNICIPIO_SIN_CN_TRAB,Si,No,30612,,Regla 2 coherente para validaciones implementadas.
GPA-001__R2-001__R1-001__0441,GPA-001__R2-001__R1-001,02_inputs_xml_flat/GPA-001__R2-001__R1-001__0441.xml,PASS,INFO,R1.D01=SI;R1.D02=SI;R2.D01=SI;R2.D02=SI;R2.D03=SI,MUNICIPIO30613,MUNICIPIO_SIN_CN_TRAB,Si,No,30613,,Regla 2 coherente para validaciones implementadas.
GPA-001__R2-001__R1-001__0442,GPA-001__R2-001__R1-001,02_inputs_xml_flat/GPA-001__R2-001__R1-001__0442.xml,PASS,INFO,R1.D01=SI;R1.D02=SI;R2.D01=SI;R2.D02=SI;R2.D03=SI,MUNICIPIO30611,MUNICIPIO_SIN_CN_TRAB,Si,No,30611,,Regla 2 coherente para validaciones implementadas.
GPA-001__R2-001__R1-001__0443,GPA-001__R2-001__R1-001,02_inputs_xml_flat/GPA-001__R2-001__R1-001__0443.xml,PASS,INFO,R1.D01=SI;R1.D02=SI;R2.D01=SI;R2.D02=SI;R2.D03=SI,MUNICIPIO30612,MUNICIPIO_SIN_CN_TRAB,Si,No,30612,,Regla 2 coherente para validaciones implementadas.
GPA-001__R2-001__R1-001__0444,GPA-001__R2-001__R1-001,02_inputs_xml_flat/GPA-001__R2-001__R1-001__0444.xml,PASS,INFO,R1.D01=SI;R1.D02=SI;R2.D01=SI;R2.D02=SI;R2.D03=SI,MUNICIPIO30613,MUNICIPIO_SIN_CN_TRAB,Si,No,30613,,Regla 2 coherente para validaciones implementadas.
GPA-001__R2-001__R1-001__0445,GPA-001__R2-001__R1-001,02_inputs_xml_flat/GPA-001__R2-001__R1-001__0445.xml,PASS,INFO,R1.D01=SI;R1.D02=SI;R2.D01=SI;R2.D02=SI;R2.D03=SI,MUNICIPIO30611,MUNICIPIO_SIN_CN_TRAB,Si,No,30611,,Regla 2 coherente para validaciones implementadas.
GPA-001__R2-001__R1-001__0446,GPA-001__R2-001__R1-001,02_inputs_xml_flat/GPA-001__R2-001__R1-001__0446.xml,PASS,INFO,R1.D01=SI;R1.D02=SI;R2.D01=SI;R2.D02=SI;R2.D03=SI,MUNICIPIO30612,MUNICIPIO_SIN_CN_TRAB,Si,No,30612,,Regla 2 coherente para validaciones implementadas.
GPA-001__R2-001__R1-001__0447,GPA-001__R2-001__R1-001,02_inputs_xml_flat/GPA-001__R2-001__R1-001__0447.xml,PASS,INFO,R1.D01=SI;R1.D02=SI;R2.D01=SI;R2.D02=SI;R2.D03=SI,MUNICIPIO30613,MUNICIPIO_SIN_CN_TRAB,Si,No,30613,,Regla 2 coherente para validaciones implementadas.
GPA-001__R2-001__R1-001__0448,GPA-001__R2-001__R1-001,02_inputs_xml_flat/GPA-001__R2-001__R1-001__0448.xml,PASS,INFO,R1.D01=SI;R1.D02=SI;R2.D01=SI;R2.D02=SI;R2.D03=SI,MUNICIPIO30611,MUNICIPIO_SIN_CN_TRAB,Si,No,30611,,Regla 2 coherente para validaciones implementadas.
GPA-001__R2-001__R1-001__0449,GPA-001__R2-001__R1-001,02_inputs_xml_flat/GPA-001__R2-001__R1-001__0449.xml,PASS,INFO,R1.D01=SI;R1.D02=SI;R2.D01=SI;R2.D02=SI;R2.D03=SI,MUNICIPIO30612,MUNICIPIO_SIN_CN_TRAB,Si,No,30612,,Regla 2 coherente para validaciones implementadas.
GPA-001__R2-001__R1-001__0450,GPA-001__R2-001__R1-001,02_inputs_xml_flat/GPA-001__R2-001__R1-001__0450.xml,PASS,INFO,R1.D01=SI;R1.D02=SI;R2.D01=SI;R2.D02=SI;R2.D03=SI,MUNICIPIO30613,MUNICIPIO_SIN_CN_TRAB,Si,No,30613,,Regla 2 coherente para validaciones implementadas.
GPA-001__R2-001__R1-001__0451,GPA-001__R2-001__R1-001,02_inputs_xml_flat/GPA-001__R2-001__R1-001__0451.xml,PASS,INFO,R1.D01=SI;R1.D02=SI;R2.D01=SI;R2.D02=SI;R2.D03=SI,MUNICIPIO30611,MUNICIPIO_SIN_CN_TRAB,Si,No,30611,,Regla 2 coherente para validaciones implementadas.
GPA-001__R2-001__R1-001__0452,GPA-001__R2-001__R1-001,02_inputs_xml_flat/GPA-001__R2-001__R1-001__0452.xml,PASS,INFO,R1.D01=SI;R1.D02=SI;R2.D01=SI;R2.D02=SI;R2.D03=SI,MUNICIPIO30612,MUNICIPIO_SIN_CN_TRAB,Si,No,30612,,Regla 2 coherente para validaciones implementadas.
GPA-001__R2-001__R1-001__0453,GPA-001__R2-001__R1-001,02_inputs_xml_flat/GPA-001__R2-001__R1-001__0453.xml,PASS,INFO,R1.D01=SI;R1.D02=SI;R2.D01=SI;R2.D02=SI;R2.D03=SI,MUNICIPIO30613,MUNICIPIO_SIN_CN_TRAB,Si,No,30613,,Regla 2 coherente para validaciones implementadas.
GPA-001__R2-001__R1-001__0454,GPA-001__R2-001__R1-001,02_inputs_xml_flat/GPA-001__R2-001__R1-001__0454.xml,PASS,INFO,R1.D01=SI;R1.D02=SI;R2.D01=SI;R2.D02=SI;R2.D03=SI,MUNICIPIO30611,MUNICIPIO_SIN_CN_TRAB,Si,No,30611,,Regla 2 coherente para validaciones implementadas.
GPA-001__R2-001__R1-001__0455,GPA-001__R2-001__R1-001,02_inputs_xml_flat/GPA-001__R2-001__R1-001__0455.xml,PASS,INFO,R1.D01=SI;R1.D02=SI;R2.D01=SI;R2.D02=SI;R2.D03=SI,MUNICIPIO30612,MUNICIPIO_SIN_CN_TRAB,Si,No,30612,,Regla 2 coherente para validaciones implementadas.
GPA-001__R2-001__R1-001__0456,GPA-001__R2-001__R1-001,02_inputs_xml_flat/GPA-001__R2-001__R1-001__0456.xml,PASS,INFO,R1.D01=SI;R1.D02=SI;R2.D01=SI;R2.D02=SI;R2.D03=SI,MUNICIPIO30613,MUNICIPIO_SIN_CN_TRAB,Si,No,30613,,Regla 2 coherente para validaciones implementadas.
GPA-001__R2-001__R1-001__0457,GPA-001__R2-001__R1-001,02_inputs_xml_flat/GPA-001__R2-001__R1-001__0457.xml,PASS,INFO,R1.D01=SI;R1.D02=SI;R2.D01=SI;R2.D02=SI;R2.D03=SI,MUNICIPIO30611,MUNICIPIO_SIN_CN_TRAB,Si,No,30611,,Regla 2 coherente para validaciones implementadas.
GPA-001__R2-001__R1-001__0458,GPA-001__R2-001__R1-001,02_inputs_xml_flat/GPA-001__R2-001__R1-001__0458.xml,PASS,INFO,R1.D01=SI;R1.D02=SI;R2.D01=SI;R2.D02=SI;R2.D03=SI,MUNICIPIO30612,MUNICIPIO_SIN_CN_TRAB,Si,No,30612,,Regla 2 coherente para validaciones implementadas.
GPA-001__R2-001__R1-001__0459,GPA-001__R2-001__R1-001,02_inputs_xml_flat/GPA-001__R2-001__R1-001__0459.xml,PASS,INFO,R1.D01=SI;R1.D02=SI;R2.D01=SI;R2.D02=SI;R2.D03=SI,MUNICIPIO30613,MUNICIPIO_SIN_CN_TRAB,Si,No,30613,,Regla 2 coherente para validaciones implementadas.
GPA-001__R2-001__R1-001__0460,GPA-001__R2-001__R1-001,02_inputs_xml_flat/GPA-001__R2-001__R1-001__0460.xml,PASS,INFO,R1.D01=SI;R1.D02=SI;R2.D01=SI;R2.D02=SI;R2.D03=SI,MUNICIPIO30611,MUNICIPIO_SIN_CN_TRAB,Si,No,30611,,Regla 2 coherente para validaciones implementadas.
GPA-001__R2-001__R1-001__0461,GPA-001__R2-001__R1-001,02_inputs_xml_flat/GPA-001__R2-001__R1-001__0461.xml,PASS,INFO,R1.D01=SI;R1.D02=SI;R2.D01=SI;R2.D02=SI;R2.D03=SI,MUNICIPIO30612,MUNICIPIO_SIN_CN_TRAB,Si,No,30612,,Regla 2 coherente para validaciones implementadas.
GPA-001__R2-001__R1-001__0462,GPA-001__R2-001__R1-001,02_inputs_xml_flat/GPA-001__R2-001__R1-001__0462.xml,PASS,INFO,R1.D01=SI;R1.D02=SI;R2.D01=SI;R2.D02=SI;R2.D03=SI,MUNICIPIO30613,MUNICIPIO_SIN_CN_TRAB,Si,No,30613,,Regla 2 coherente para validaciones implementadas.
GPA-001__R2-001__R1-001__0463,GPA-001__R2-001__R1-001,02_inputs_xml_flat/GPA-001__R2-001__R1-001__0463.xml,PASS,INFO,R1.D01=SI;R1.D02=SI;R2.D01=SI;R2.D02=SI;R2.D03=SI,MUNICIPIO30611,MUNICIPIO_SIN_CN_TRAB,Si,No,30611,,Regla 2 coherente para validaciones implementadas.
GPA-001__R2-001__R1-001__0464,GPA-001__R2-001__R1-001,02_inputs_xml_flat/GPA-001__R2-001__R1-001__0464.xml,PASS,INFO,R1.D01=SI;R1.D02=SI;R2.D01=SI;R2.D02=SI;R2.D03=SI,MUNICIPIO30612,MUNICIPIO_SIN_CN_TRAB,Si,No,30612,,Regla 2 coherente para validaciones implementadas.
GPA-001__R2-001__R1-001__0465,GPA-001__R2-001__R1-001,02_inputs_xml_flat/GPA-001__R2-001__R1-001__0465.xml,PASS,INFO,R1.D01=SI;R1.D02=SI;R2.D01=SI;R2.D02=SI;R2.D03=SI,MUNICIPIO30613,MUNICIPIO_SIN_CN_TRAB,Si,No,30613,,Regla 2 coherente para validaciones implementadas.
GPA-001__R2-001__R1-001__0466,GPA-001__R2-001__R1-001,02_inputs_xml_flat/GPA-001__R2-001__R1-001__0466.xml,PASS,INFO,R1.D01=SI;R1.D02=SI;R2.D01=SI;R2.D02=SI;R2.D03=SI,MUNICIPIO30611,MUNICIPIO_SIN_CN_TRAB,Si,No,30611,,Regla 2 coherente para validaciones implementadas.
GPA-001__R2-001__R1-001__0467,GPA-001__R2-001__R1-001,02_inputs_xml_flat/GPA-001__R2-001__R1-001__0467.xml,PASS,INFO,R1.D01=SI;R1.D02=SI;R2.D01=SI;R2.D02=SI;R2.D03=SI,MUNICIPIO30612,MUNICIPIO_SIN_CN_TRAB,Si,No,30612,,Regla 2 coherente para validaciones implementadas.
GPA-001__R2-001__R1-001__0468,GPA-001__R2-001__R1-001,02_inputs_xml_flat/GPA-001__R2-001__R1-001__0468.xml,PASS,INFO,R1.D01=SI;R1.D02=SI;R2.D01=SI;R2.D02=SI;R2.D03=SI,MUNICIPIO30613,MUNICIPIO_SIN_CN_TRAB,Si,No,30613,,Regla 2 coherente para validaciones implementadas.
GPA-001__R2-001__R1-001__0469,GPA-001__R2-001__R1-001,02_inputs_xml_flat/GPA-001__R2-001__R1-001__0469.xml,PASS,INFO,R1.D01=SI;R1.D02=SI;R2.D01=SI;R2.D02=SI;R2.D03=SI,MUNICIPIO30611,MUNICIPIO_SIN_CN_TRAB,Si,No,30611,,Regla 2 coherente para validaciones implementadas.
GPA-001__R2-001__R1-001__0470,GPA-001__R2-001__R1-001,02_inputs_xml_flat/GPA-001__R2-001__R1-001__0470.xml,PASS,INFO,R1.D01=SI;R1.D02=SI;R2.D01=SI;R2.D02=SI;R2.D03=SI,MUNICIPIO30612,MUNICIPIO_SIN_CN_TRAB,Si,No,30612,,Regla 2 coherente para validaciones implementadas.
GPA-001__R2-001__R1-001__0471,GPA-001__R2-001__R1-001,02_inputs_xml_flat/GPA-001__R2-001__R1-001__0471.xml,PASS,INFO,R1.D01=SI;R1.D02=SI;R2.D01=SI;R2.D02=SI;R2.D03=SI,MUNICIPIO30613,MUNICIPIO_SIN_CN_TRAB,Si,No,30613,,Regla 2 coherente para validaciones implementadas.
GPA-001__R2-001__R1-001__0472,GPA-001__R2-001__R1-001,02_inputs_xml_flat/GPA-001__R2-001__R1-001__0472.xml,PASS,INFO,R1.D01=SI;R1.D02=SI;R2.D01=SI;R2.D02=SI;R2.D03=SI,MUNICIPIO30611,MUNICIPIO_SIN_CN_TRAB,Si,No,30611,,Regla 2 coherente para validaciones implementadas.
GPA-001__R2-001__R1-001__0473,GPA-001__R2-001__R1-001,02_inputs_xml_flat/GPA-001__R2-001__R1-001__0473.xml,PASS,INFO,R1.D01=SI;R1.D02=SI;R2.D01=SI;R2.D02=SI;R2.D03=SI,MUNICIPIO30612,MUNICIPIO_SIN_CN_TRAB,Si,No,30612,,Regla 2 coherente para validaciones implementadas.
GPA-001__R2-001__R1-001__0474,GPA-001__R2-001__R1-001,02_inputs_xml_flat/GPA-001__R2-001__R1-001__0474.xml,PASS,INFO,R1.D01=SI;R1.D02=SI;R2.D01=SI;R2.D02=SI;R2.D03=SI,MUNICIPIO30613,MUNICIPIO_SIN_CN_TRAB,Si,No,30613,,Regla 2 coherente para validaciones implementadas.
GPA-001__R2-001__R1-001__0475,GPA-001__R2-001__R1-001,02_inputs_xml_flat/GPA-001__R2-001__R1-001__0475.xml,PASS,INFO,R1.D01=SI;R1.D02=SI;R2.D01=SI;R2.D02=SI;R2.D03=SI,MUNICIPIO30611,MUNICIPIO_SIN_CN_TRAB,Si,No,30611,,Regla 2 coherente para validaciones implementadas.
GPA-001__R2-001__R1-001__0476,GPA-001__R2-001__R1-001,02_inputs_xml_flat/GPA-001__R2-001__R1-001__0476.xml,PASS,INFO,R1.D01=SI;R1.D02=SI;R2.D01=SI;R2.D02=SI;R2.D03=SI,MUNICIPIO30612,MUNICIPIO_SIN_CN_TRAB,Si,No,30612,,Regla 2 coherente para validaciones implementadas.
GPA-001__R2-001__R1-001__0477,GPA-001__R2-001__R1-001,02_inputs_xml_flat/GPA-001__R2-001__R1-001__0477.xml,PASS,INFO,R1.D01=SI;R1.D02=SI;R2.D01=SI;R2.D02=SI;R2.D03=SI,MUNICIPIO30613,MUNICIPIO_SIN_CN_TRAB,Si,No,30613,,Regla 2 coherente para validaciones implementadas.
GPA-001__R2-001__R1-001__0478,GPA-001__R2-001__R1-001,02_inputs_xml_flat/GPA-001__R2-001__R1-001__0478.xml,PASS,INFO,R1.D01=SI;R1.D02=SI;R2.D01=SI;R2.D02=SI;R2.D03=SI,MUNICIPIO30611,MUNICIPIO_SIN_CN_TRAB,Si,No,30611,,Regla 2 coherente para validaciones implementadas.
GPA-001__R2-001__R1-001__0479,GPA-001__R2-001__R1-001,02_inputs_xml_flat/GPA-001__R2-001__R1-001__0479.xml,PASS,INFO,R1.D01=SI;R1.D02=SI;R2.D01=SI;R2.D02=SI;R2.D03=SI,MUNICIPIO30612,MUNICIPIO_SIN_CN_TRAB,Si,No,30612,,Regla 2 coherente para validaciones implementadas.
GPA-001__R2-001__R1-001__0480,GPA-001__R2-001__R1-001,02_inputs_xml_flat/GPA-001__R2-001__R1-001__0480.xml,PASS,INFO,R1.D01=SI;R1.D02=SI;R2.D01=SI;R2.D02=SI;R2.D03=SI,MUNICIPIO30613,MUNICIPIO_SIN_CN_TRAB,Si,No,30613,,Regla 2 coherente para validaciones implementadas.
GPA-001__R2-001__R1-001__0481,GPA-001__R2-001__R1-001,02_inputs_xml_flat/GPA-001__R2-001__R1-001__0481.xml,PASS,INFO,R1.D01=SI;R1.D02=SI;R2.D01=SI;R2.D02=SI;R2.D03=SI,MUNICIPIO30611,MUNICIPIO_SIN_CN_TRAB,Si,No,30611,,Regla 2 coherente para validaciones implementadas.
GPA-001__R2-001__R1-001__0482,GPA-001__R2-001__R1-001,02_inputs_xml_flat/GPA-001__R2-001__R1-001__0482.xml,PASS,INFO,R1.D01=SI;R1.D02=SI;R2.D01=SI;R2.D02=SI;R2.D03=SI,MUNICIPIO30612,MUNICIPIO_SIN_CN_TRAB,Si,No,30612,,Regla 2 coherente para validaciones implementadas.
GPA-001__R2-001__R1-001__0483,GPA-001__R2-001__R1-001,02_inputs_xml_flat/GPA-001__R2-001__R1-001__0483.xml,PASS,INFO,R1.D01=SI;R1.D02=SI;R2.D01=SI;R2.D02=SI;R2.D03=SI,MUNICIPIO30613,MUNICIPIO_SIN_CN_TRAB,Si,No,30613,,Regla 2 coherente para validaciones implementadas.
GPA-001__R2-001__R1-001__0484,GPA-001__R2-001__R1-001,02_inputs_xml_flat/GPA-001__R2-001__R1-001__0484.xml,PASS,INFO,R1.D01=SI;R1.D02=SI;R2.D01=SI;R2.D02=SI;R2.D03=SI,MUNICIPIO30611,MUNICIPIO_SIN_CN_TRAB,Si,No,30611,,Regla 2 coherente para validaciones implementadas.
GPA-001__R2-001__R1-001__0485,GPA-001__R2-001__R1-001,02_inputs_xml_flat/GPA-001__R2-001__R1-001__0485.xml,PASS,INFO,R1.D01=SI;R1.D02=SI;R2.D01=SI;R2.D02=SI;R2.D03=SI,MUNICIPIO30612,MUNICIPIO_SIN_CN_TRAB,Si,No,30612,,Regla 2 coherente para validaciones implementadas.
GPA-001__R2-001__R1-001__0486,GPA-001__R2-001__R1-001,02_inputs_xml_flat/GPA-001__R2-001__R1-001__0486.xml,PASS,INFO,R1.D01=SI;R1.D02=SI;R2.D01=SI;R2.D02=SI;R2.D03=SI,MUNICIPIO30613,MUNICIPIO_SIN_CN_TRAB,Si,No,30613,,Regla 2 coherente para validaciones implementadas.
GPA-001__R2-001__R1-001__0487,GPA-001__R2-001__R1-001,02_inputs_xml_flat/GPA-001__R2-001__R1-001__0487.xml,PASS,INFO,R1.D01=SI;R1.D02=SI;R2.D01=SI;R2.D02=SI;R2.D03=SI,MUNICIPIO30611,MUNICIPIO_SIN_CN_TRAB,Si,No,30611,,Regla 2 coherente para validaciones implementadas.
GPA-001__R2-001__R1-001__0488,GPA-001__R2-001__R1-001,02_inputs_xml_flat/GPA-001__R2-001__R1-001__0488.xml,PASS,INFO,R1.D01=SI;R1.D02=SI;R2.D01=SI;R2.D02=SI;R2.D03=SI,MUNICIPIO30612,MUNICIPIO_SIN_CN_TRAB,Si,No,30612,,Regla 2 coherente para validaciones implementadas.
GPA-001__R2-001__R1-001__0489,GPA-001__R2-001__R1-001,02_inputs_xml_flat/GPA-001__R2-001__R1-001__0489.xml,PASS,INFO,R1.D01=SI;R1.D02=SI;R2.D01=SI;R2.D02=SI;R2.D03=SI,MUNICIPIO30613,MUNICIPIO_SIN_CN_TRAB,Si,No,30613,,Regla 2 coherente para validaciones implementadas.
GPA-001__R2-001__R1-001__0490,GPA-001__R2-001__R1-001,02_inputs_xml_flat/GPA-001__R2-001__R1-001__0490.xml,PASS,INFO,R1.D01=SI;R1.D02=SI;R2.D01=SI;R2.D02=SI;R2.D03=SI,MUNICIPIO30611,MUNICIPIO_SIN_CN_TRAB,Si,No,30611,,Regla 2 coherente para validaciones implementadas.
GPA-001__R2-001__R1-001__0491,GPA-001__R2-001__R1-001,02_inputs_xml_flat/GPA-001__R2-001__R1-001__0491.xml,PASS,INFO,R1.D01=SI;R1.D02=SI;R2.D01=SI;R2.D02=SI;R2.D03=SI,MUNICIPIO30612,MUNICIPIO_SIN_CN_TRAB,Si,No,30612,,Regla 2 coherente para validaciones implementadas.
GPA-001__R2-001__R1-001__0492,GPA-001__R2-001__R1-001,02_inputs_xml_flat/GPA-001__R2-001__R1-001__0492.xml,PASS,INFO,R1.D01=SI;R1.D02=SI;R2.D01=SI;R2.D02=SI;R2.D03=SI,MUNICIPIO30613,MUNICIPIO_SIN_CN_TRAB,Si,No,30613,,Regla 2 coherente para validaciones implementadas.
GPA-001__R2-001__R1-001__0493,GPA-001__R2-001__R1-001,02_inputs_xml_flat/GPA-001__R2-001__R1-001__0493.xml,PASS,INFO,R1.D01=SI;R1.D02=SI;R2.D01=SI;R2.D02=SI;R2.D03=SI,MUNICIPIO30611,MUNICIPIO_SIN_CN_TRAB,Si,No,30611,,Regla 2 coherente para validaciones implementadas.
GPA-001__R2-001__R1-001__0494,GPA-001__R2-001__R1-001,02_inputs_xml_flat/GPA-001__R2-001__R1-001__0494.xml,PASS,INFO,R1.D01=SI;R1.D02=SI;R2.D01=SI;R2.D02=SI;R2.D03=SI,MUNICIPIO30612,MUNICIPIO_SIN_CN_TRAB,Si,No,30612,,Regla 2 coherente para validaciones implementadas.
GPA-001__R2-001__R1-001__0495,GPA-001__R2-001__R1-001,02_inputs_xml_flat/GPA-001__R2-001__R1-001__0495.xml,PASS,INFO,R1.D01=SI;R1.D02=SI;R2.D01=SI;R2.D02=SI;R2.D03=SI,MUNICIPIO30613,MUNICIPIO_SIN_CN_TRAB,Si,No,30613,,Regla 2 coherente para validaciones implementadas.
GPA-001__R2-001__R1-001__0496,GPA-001__R2-001__R1-001,02_inputs_xml_flat/GPA-001__R2-001__R1-001__0496.xml,PASS,INFO,R1.D01=SI;R1.D02=SI;R2.D01=SI;R2.D02=SI;R2.D03=SI,MUNICIPIO30611,MUNICIPIO_SIN_CN_TRAB,Si,No,30611,,Regla 2 coherente para validaciones implementadas.
GPA-001__R2-001__R1-001__0497,GPA-001__R2-001__R1-001,02_inputs_xml_flat/GPA-001__R2-001__R1-001__0497.xml,PASS,INFO,R1.D01=SI;R1.D02=SI;R2.D01=SI;R2.D02=SI;R2.D03=SI,MUNICIPIO30612,MUNICIPIO_SIN_CN_TRAB,Si,No,30612,,Regla 2 coherente para validaciones implementadas.
GPA-001__R2-001__R1-001__0498,GPA-001__R2-001__R1-001,02_inputs_xml_flat/GPA-001__R2-001__R1-001__0498.xml,PASS,INFO,R1.D01=SI;R1.D02=SI;R2.D01=SI;R2.D02=SI;R2.D03=SI,MUNICIPIO30613,MUNICIPIO_SIN_CN_TRAB,Si,No,30613,,Regla 2 coherente para validaciones implementadas.
GPA-001__R2-001__R1-001__0499,GPA-001__R2-001__R1-001,02_inputs_xml_flat/GPA-001__R2-001__R1-001__0499.xml,PASS,INFO,R1.D01=SI;R1.D02=SI;R2.D01=SI;R2.D02=SI;R2.D03=SI,MUNICIPIO30611,MUNICIPIO_SIN_CN_TRAB,Si,No,30611,,Regla 2 coherente para validaciones implementadas.
GPA-001__R2-001__R1-001__0500,GPA-001__R2-001__R1-001,02_inputs_xml_flat/GPA-001__R2-001__R1-001__0500.xml,PASS,INFO,R1.D01=SI;R1.D02=SI;R2.D01=SI;R2.D02=SI;R2.D03=SI,MUNICIPIO30612,MUNICIPIO_SIN_CN_TRAB,Si,No,30612,,Regla 2 coherente para validaciones implementadas.
GPA-001__R2-001__R1-001__0501,GPA-001__R2-001__R1-001,02_inputs_xml_flat/GPA-001__R2-001__R1-001__0501.xml,PASS,INFO,R1.D01=SI;R1.D02=SI;R2.D01=SI;R2.D02=SI;R2.D03=SI,MUNICIPIO30613,MUNICIPIO_SIN_CN_TRAB,Si,No,30613,,Regla 2 coherente para validaciones implementadas.
GPA-001__R2-001__R1-001__0502,GPA-001__R2-001__R1-001,02_inputs_xml_flat/GPA-001__R2-001__R1-001__0502.xml,PASS,INFO,R1.D01=SI;R1.D02=SI;R2.D01=SI;R2.D02=SI;R2.D03=SI,MUNICIPIO30611,MUNICIPIO_SIN_CN_TRAB,Si,No,30611,,Regla 2 coherente para validaciones implementadas.
GPA-001__R2-001__R1-001__0503,GPA-001__R2-001__R1-001,02_inputs_xml_flat/GPA-001__R2-001__R1-001__0503.xml,PASS,INFO,R1.D01=SI;R1.D02=SI;R2.D01=SI;R2.D02=SI;R2.D03=SI,MUNICIPIO30612,MUNICIPIO_SIN_CN_TRAB,Si,No,30612,,Regla 2 coherente para validaciones implementadas.
GPA-001__R2-001__R1-001__0504,GPA-001__R2-001__R1-001,02_inputs_xml_flat/GPA-001__R2-001__R1-001__0504.xml,PASS,INFO,R1.D01=SI;R1.D02=SI;R2.D01=SI;R2.D02=SI;R2.D03=SI,MUNICIPIO30613,MUNICIPIO_SIN_CN_TRAB,Si,No,30613,,Regla 2 coherente para validaciones implementadas.
GPA-001__R2-001__R1-001__0505,GPA-001__R2-001__R1-001,02_inputs_xml_flat/GPA-001__R2-001__R1-001__0505.xml,PASS,INFO,R1.D01=SI;R1.D02=SI;R2.D01=SI;R2.D02=SI;R2.D03=SI,MUNICIPIO30611,MUNICIPIO_SIN_CN_TRAB,Si,No,30611,,Regla 2 coherente para validaciones implementadas.
GPA-001__R2-001__R1-001__0506,GPA-001__R2-001__R1-001,02_inputs_xml_flat/GPA-001__R2-001__R1-001__0506.xml,PASS,INFO,R1.D01=SI;R1.D02=SI;R2.D01=SI;R2.D02=SI;R2.D03=SI,MUNICIPIO30612,MUNICIPIO_SIN_CN_TRAB,Si,No,30612,,Regla 2 coherente para validaciones implementadas.
GPA-001__R2-001__R1-001__0507,GPA-001__R2-001__R1-001,02_inputs_xml_flat/GPA-001__R2-001__R1-001__0507.xml,PASS,INFO,R1.D01=SI;R1.D02=SI;R2.D01=SI;R2.D02=SI;R2.D03=SI,MUNICIPIO30613,MUNICIPIO_SIN_CN_TRAB,Si,No,30613,,Regla 2 coherente para validaciones implementadas.
GPA-001__R2-001__R1-001__0508,GPA-001__R2-001__R1-001,02_inputs_xml_flat/GPA-001__R2-001__R1-001__0508.xml,PASS,INFO,R1.D01=SI;R1.D02=SI;R2.D01=SI;R2.D02=SI;R2.D03=SI,MUNICIPIO30611,MUNICIPIO_SIN_CN_TRAB,Si,No,30611,,Regla 2 coherente para validaciones implementadas.
GPA-001__R2-001__R1-001__0509,GPA-001__R2-001__R1-001,02_inputs_xml_flat/GPA-001__R2-001__R1-001__0509.xml,PASS,INFO,R1.D01=SI;R1.D02=SI;R2.D01=SI;R2.D02=SI;R2.D03=SI,MUNICIPIO30612,MUNICIPIO_SIN_CN_TRAB,Si,No,30612,,Regla 2 coherente para validaciones implementadas.
GPA-001__R2-001__R1-001__0510,GPA-001__R2-001__R1-001,02_inputs_xml_flat/GPA-001__R2-001__R1-001__0510.xml,PASS,INFO,R1.D01=SI;R1.D02=SI;R2.D01=SI;R2.D02=SI;R2.D03=SI,MUNICIPIO30613,MUNICIPIO_SIN_CN_TRAB,Si,No,30613,,Regla 2 coherente para validaciones implementadas.
GPA-001__R2-001__R1-001__0511,GPA-001__R2-001__R1-001,02_inputs_xml_flat/GPA-001__R2-001__R1-001__0511.xml,PASS,INFO,R1.D01=SI;R1.D02=SI;R2.D01=SI;R2.D02=SI;R2.D03=SI,MUNICIPIO30611,MUNICIPIO_SIN_CN_TRAB,Si,No,30611,,Regla 2 coherente para validaciones implementadas.
GPA-001__R2-001__R1-001__0512,GPA-001__R2-001__R1-001,02_inputs_xml_flat/GPA-001__R2-001__R1-001__0512.xml,PASS,INFO,R1.D01=SI;R1.D02=SI;R2.D01=SI;R2.D02=SI;R2.D03=SI,MUNICIPIO30612,MUNICIPIO_SIN_CN_TRAB,Si,No,30612,,Regla 2 coherente para validaciones implementadas.
GPA-001__R2-001__R1-001__0513,GPA-001__R2-001__R1-001,02_inputs_xml_flat/GPA-001__R2-001__R1-001__0513.xml,PASS,INFO,R1.D01=SI;R1.D02=SI;R2.D01=SI;R2.D02=SI;R2.D03=SI,MUNICIPIO30613,MUNICIPIO_SIN_CN_TRAB,Si,No,30613,,Regla 2 coherente para validaciones implementadas.
GPA-001__R2-001__R1-001__0514,GPA-001__R2-001__R1-001,02_inputs_xml_flat/GPA-001__R2-001__R1-001__0514.xml,PASS,INFO,R1.D01=SI;R1.D02=SI;R2.D01=SI;R2.D02=SI;R2.D03=SI,MUNICIPIO30611,MUNICIPIO_SIN_CN_TRAB,Si,No,30611,,Regla 2 coherente para validaciones implementadas.
GPA-001__R2-001__R1-001__0515,GPA-001__R2-001__R1-001,02_inputs_xml_flat/GPA-001__R2-001__R1-001__0515.xml,PASS,INFO,R1.D01=SI;R1.D02=SI;R2.D01=SI;R2.D02=SI;R2.D03=SI,MUNICIPIO30612,MUNICIPIO_SIN_CN_TRAB,Si,No,30612,,Regla 2 coherente para validaciones implementadas.
GPA-001__R2-001__R1-001__0516,GPA-001__R2-001__R1-001,02_inputs_xml_flat/GPA-001__R2-001__R1-001__0516.xml,PASS,INFO,R1.D01=SI;R1.D02=SI;R2.D01=SI;R2.D02=SI;R2.D03=SI,MUNICIPIO30613,MUNICIPIO_SIN_CN_TRAB,Si,No,30613,,Regla 2 coherente para validaciones implementadas.
GPA-001__R2-001__R1-001__0517,GPA-001__R2-001__R1-001,02_inputs_xml_flat/GPA-001__R2-001__R1-001__0517.xml,PASS,INFO,R1.D01=SI;R1.D02=SI;R2.D01=SI;R2.D02=SI;R2.D03=SI,MUNICIPIO30611,MUNICIPIO_SIN_CN_TRAB,Si,No,30611,,Regla 2 coherente para validaciones implementadas.
GPA-001__R2-001__R1-001__0518,GPA-001__R2-001__R1-001,02_inputs_xml_flat/GPA-001__R2-001__R1-001__0518.xml,PASS,INFO,R1.D01=SI;R1.D02=SI;R2.D01=SI;R2.D02=SI;R2.D03=SI,MUNICIPIO30612,MUNICIPIO_SIN_CN_TRAB,Si,No,30612,,Regla 2 coherente para validaciones implementadas.
GPA-001__R2-001__R1-001__0519,GPA-001__R2-001__R1-001,02_inputs_xml_flat/GPA-001__R2-001__R1-001__0519.xml,PASS,INFO,R1.D01=SI;R1.D02=SI;R2.D01=SI;R2.D02=SI;R2.D03=SI,MUNICIPIO30613,MUNICIPIO_SIN_CN_TRAB,Si,No,30613,,Regla 2 coherente para validaciones implementadas.
GPA-001__R2-001__R1-001__0520,GPA-001__R2-001__R1-001,02_inputs_xml_flat/GPA-001__R2-001__R1-001__0520.xml,PASS,INFO,R1.D01=SI;R1.D02=SI;R2.D01=SI;R2.D02=SI;R2.D03=SI,MUNICIPIO30611,MUNICIPIO_SIN_CN_TRAB,Si,No,30611,,Regla 2 coherente para validaciones implementadas.
GPA-001__R2-001__R1-001__0521,GPA-001__R2-001__R1-001,02_inputs_xml_flat/GPA-001__R2-001__R1-001__0521.xml,PASS,INFO,R1.D01=SI;R1.D02=SI;R2.D01=SI;R2.D02=SI;R2.D03=SI,MUNICIPIO30612,MUNICIPIO_SIN_CN_TRAB,Si,No,30612,,Regla 2 coherente para validaciones implementadas.
GPA-001__R2-001__R1-001__0522,GPA-001__R2-001__R1-001,02_inputs_xml_flat/GPA-001__R2-001__R1-001__0522.xml,PASS,INFO,R1.D01=SI;R1.D02=SI;R2.D01=SI;R2.D02=SI;R2.D03=SI,MUNICIPIO30613,MUNICIPIO_SIN_CN_TRAB,Si,No,30613,,Regla 2 coherente para validaciones implementadas.
GPA-001__R2-001__R1-001__0523,GPA-001__R2-001__R1-001,02_inputs_xml_flat/GPA-001__R2-001__R1-001__0523.xml,PASS,INFO,R1.D01=SI;R1.D02=SI;R2.D01=SI;R2.D02=SI;R2.D03=SI,MUNICIPIO30611,MUNICIPIO_SIN_CN_TRAB,Si,No,30611,,Regla 2 coherente para validaciones implementadas.
GPA-001__R2-001__R1-001__0524,GPA-001__R2-001__R1-001,02_inputs_xml_flat/GPA-001__R2-001__R1-001__0524.xml,PASS,INFO,R1.D01=SI;R1.D02=SI;R2.D01=SI;R2.D02=SI;R2.D03=SI,MUNICIPIO30612,MUNICIPIO_SIN_CN_TRAB,Si,No,30612,,Regla 2 coherente para validaciones implementadas.
GPA-001__R2-001__R1-001__0525,GPA-001__R2-001__R1-001,02_inputs_xml_flat/GPA-001__R2-001__R1-001__0525.xml,PASS,INFO,R1.D01=SI;R1.D02=SI;R2.D01=SI;R2.D02=SI;R2.D03=SI,MUNICIPIO30613,MUNICIPIO_SIN_CN_TRAB,Si,No,30613,,Regla 2 coherente para validaciones implementadas.
GPA-001__R2-001__R1-001__0526,GPA-001__R2-001__R1-001,02_inputs_xml_flat/GPA-001__R2-001__R1-001__0526.xml,PASS,INFO,R1.D01=SI;R1.D02=SI;R2.D01=SI;R2.D02=SI;R2.D03=SI,MUNICIPIO30611,MUNICIPIO_SIN_CN_TRAB,Si,No,30611,,Regla 2 coherente para validaciones implementadas.
GPA-001__R2-001__R1-001__0527,GPA-001__R2-001__R1-001,02_inputs_xml_flat/GPA-001__R2-001__R1-001__0527.xml,PASS,INFO,R1.D01=SI;R1.D02=SI;R2.D01=SI;R2.D02=SI;R2.D03=SI,MUNICIPIO30612,MUNICIPIO_SIN_CN_TRAB,Si,No,30612,,Regla 2 coherente para validaciones implementadas.
GPA-001__R2-001__R1-001__0528,GPA-001__R2-001__R1-001,02_inputs_xml_flat/GPA-001__R2-001__R1-001__0528.xml,PASS,INFO,R1.D01=SI;R1.D02=SI;R2.D01=SI;R2.D02=SI;R2.D03=SI,MUNICIPIO30613,MUNICIPIO_SIN_CN_TRAB,Si,No,30613,,Regla 2 coherente para validaciones implementadas.
GPA-001__R2-001__R1-001__0529,GPA-001__R2-001__R1-001,02_inputs_xml_flat/GPA-001__R2-001__R1-001__0529.xml,PASS,INFO,R1.D01=SI;R1.D02=SI;R2.D01=SI;R2.D02=SI;R2.D03=SI,MUNICIPIO30611,MUNICIPIO_SIN_CN_TRAB,Si,No,30611,,Regla 2 coherente para validaciones implementadas.
GPA-001__R2-001__R1-001__0530,GPA-001__R2-001__R1-001,02_inputs_xml_flat/GPA-001__R2-001__R1-001__0530.xml,PASS,INFO,R1.D01=SI;R1.D02=SI;R2.D01=SI;R2.D02=SI;R2.D03=SI,MUNICIPIO30612,MUNICIPIO_SIN_CN_TRAB,Si,No,30612,,Regla 2 coherente para validaciones implementadas.
GPA-001__R2-001__R1-001__0531,GPA-001__R2-001__R1-001,02_inputs_xml_flat/GPA-001__R2-001__R1-001__0531.xml,PASS,INFO,R1.D01=SI;R1.D02=SI;R2.D01=SI;R2.D02=SI;R2.D03=SI,MUNICIPIO30613,MUNICIPIO_SIN_CN_TRAB,Si,No,30613,,Regla 2 coherente para validaciones implementadas.
GPA-001__R2-001__R1-001__0532,GPA-001__R2-001__R1-001,02_inputs_xml_flat/GPA-001__R2-001__R1-001__0532.xml,PASS,INFO,R1.D01=SI;R1.D02=SI;R2.D01=SI;R2.D02=SI;R2.D03=SI,MUNICIPIO30611,MUNICIPIO_SIN_CN_TRAB,Si,No,30611,,Regla 2 coherente para validaciones implementadas.
GPA-001__R2-001__R1-001__0533,GPA-001__R2-001__R1-001,02_inputs_xml_flat/GPA-001__R2-001__R1-001__0533.xml,PASS,INFO,R1.D01=SI;R1.D02=SI;R2.D01=SI;R2.D02=SI;R2.D03=SI,MUNICIPIO30612,MUNICIPIO_SIN_CN_TRAB,Si,No,30612,,Regla 2 coherente para validaciones implementadas.
GPA-001__R2-001__R1-001__0534,GPA-001__R2-001__R1-001,02_inputs_xml_flat/GPA-001__R2-001__R1-001__0534.xml,PASS,INFO,R1.D01=SI;R1.D02=SI;R2.D01=SI;R2.D02=SI;R2.D03=SI,MUNICIPIO30613,MUNICIPIO_SIN_CN_TRAB,Si,No,30613,,Regla 2 coherente para validaciones implementadas.
GPA-001__R2-001__R1-001__0535,GPA-001__R2-001__R1-001,02_inputs_xml_flat/GPA-001__R2-001__R1-001__0535.xml,PASS,INFO,R1.D01=SI;R1.D02=SI;R2.D01=SI;R2.D02=SI;R2.D03=SI,MUNICIPIO30611,MUNICIPIO_SIN_CN_TRAB,Si,No,30611,,Regla 2 coherente para validaciones implementadas.
GPA-001__R2-001__R1-001__0536,GPA-001__R2-001__R1-001,02_inputs_xml_flat/GPA-001__R2-001__R1-001__0536.xml,PASS,INFO,R1.D01=SI;R1.D02=SI;R2.D01=SI;R2.D02=SI;R2.D03=SI,MUNICIPIO30612,MUNICIPIO_SIN_CN_TRAB,Si,No,30612,,Regla 2 coherente para validaciones implementadas.
GPA-001__R2-001__R1-001__0537,GPA-001__R2-001__R1-001,02_inputs_xml_flat/GPA-001__R2-001__R1-001__0537.xml,PASS,INFO,R1.D01=SI;R1.D02=SI;R2.D01=SI;R2.D02=SI;R2.D03=SI,MUNICIPIO30613,MUNICIPIO_SIN_CN_TRAB,Si,No,30613,,Regla 2 coherente para validaciones implementadas.
GPA-001__R2-001__R1-001__0538,GPA-001__R2-001__R1-001,02_inputs_xml_flat/GPA-001__R2-001__R1-001__0538.xml,PASS,INFO,R1.D01=SI;R1.D02=SI;R2.D01=SI;R2.D02=SI;R2.D03=SI,MUNICIPIO30611,MUNICIPIO_SIN_CN_TRAB,Si,No,30611,,Regla 2 coherente para validaciones implementadas.
GPA-001__R2-001__R1-001__0539,GPA-001__R2-001__R1-001,02_inputs_xml_flat/GPA-001__R2-001__R1-001__0539.xml,PASS,INFO,R1.D01=SI;R1.D02=SI;R2.D01=SI;R2.D02=SI;R2.D03=SI,MUNICIPIO30612,MUNICIPIO_SIN_CN_TRAB,Si,No,30612,,Regla 2 coherente para validaciones implementadas.
GPA-001__R2-001__R1-001__0540,GPA-001__R2-001__R1-001,02_inputs_xml_flat/GPA-001__R2-001__R1-001__0540.xml,PASS,INFO,R1.D01=SI;R1.D02=SI;R2.D01=SI;R2.D02=SI;R2.D03=SI,MUNICIPIO30613,MUNICIPIO_SIN_CN_TRAB,Si,No,30613,,Regla 2 coherente para validaciones implementadas.
GPA-001__R2-001__R1-001__0541,GPA-001__R2-001__R1-001,02_inputs_xml_flat/GPA-001__R2-001__R1-001__0541.xml,PASS,INFO,R1.D01=SI;R1.D02=SI;R2.D01=SI;R2.D02=SI;R2.D03=SI,MUNICIPIO30611,MUNICIPIO_SIN_CN_TRAB,Si,No,30611,,Regla 2 coherente para validaciones implementadas.
GPA-001__R2-001__R1-001__0542,GPA-001__R2-001__R1-001,02_inputs_xml_flat/GPA-001__R2-001__R1-001__0542.xml,PASS,INFO,R1.D01=SI;R1.D02=SI;R2.D01=SI;R2.D02=SI;R2.D03=SI,MUNICIPIO30612,MUNICIPIO_SIN_CN_TRAB,Si,No,30612,,Regla 2 coherente para validaciones implementadas.
GPA-001__R2-001__R1-001__0543,GPA-001__R2-001__R1-001,02_inputs_xml_flat/GPA-001__R2-001__R1-001__0543.xml,PASS,INFO,R1.D01=SI;R1.D02=SI;R2.D01=SI;R2.D02=SI;R2.D03=SI,MUNICIPIO30613,MUNICIPIO_SIN_CN_TRAB,Si,No,30613,,Regla 2 coherente para validaciones implementadas.
GPA-001__R2-001__R1-001__0544,GPA-001__R2-001__R1-001,02_inputs_xml_flat/GPA-001__R2-001__R1-001__0544.xml,PASS,INFO,R1.D01=SI;R1.D02=SI;R2.D01=SI;R2.D02=SI;R2.D03=SI,MUNICIPIO30611,MUNICIPIO_SIN_CN_TRAB,Si,No,30611,,Regla 2 coherente para validaciones implementadas.
GPA-001__R2-001__R1-001__0545,GPA-001__R2-001__R1-001,02_inputs_xml_flat/GPA-001__R2-001__R1-001__0545.xml,PASS,INFO,R1.D01=SI;R1.D02=SI;R2.D01=SI;R2.D02=SI;R2.D03=SI,MUNICIPIO30612,MUNICIPIO_SIN_CN_TRAB,Si,No,30612,,Regla 2 coherente para validaciones implementadas.
GPA-001__R2-001__R1-001__0546,GPA-001__R2-001__R1-001,02_inputs_xml_flat/GPA-001__R2-001__R1-001__0546.xml,PASS,INFO,R1.D01=SI;R1.D02=SI;R2.D01=SI;R2.D02=SI;R2.D03=SI,MUNICIPIO30613,MUNICIPIO_SIN_CN_TRAB,Si,No,30613,,Regla 2 coherente para validaciones implementadas.
GPA-001__R2-001__R1-001__0547,GPA-001__R2-001__R1-001,02_inputs_xml_flat/GPA-001__R2-001__R1-001__0547.xml,PASS,INFO,R1.D01=SI;R1.D02=SI;R2.D01=SI;R2.D02=SI;R2.D03=SI,MUNICIPIO30611,MUNICIPIO_SIN_CN_TRAB,Si,No,30611,,Regla 2 coherente para validaciones implementadas.
GPA-001__R2-001__R1-001__0548,GPA-001__R2-001__R1-001,02_inputs_xml_flat/GPA-001__R2-001__R1-001__0548.xml,PASS,INFO,R1.D01=SI;R1.D02=SI;R2.D01=SI;R2.D02=SI;R2.D03=SI,MUNICIPIO30612,MUNICIPIO_SIN_CN_TRAB,Si,No,30612,,Regla 2 coherente para validaciones implementadas.
GPA-001__R2-001__R1-001__0549,GPA-001__R2-001__R1-001,02_inputs_xml_flat/GPA-001__R2-001__R1-001__0549.xml,PASS,INFO,R1.D01=SI;R1.D02=SI;R2.D01=SI;R2.D02=SI;R2.D03=SI,MUNICIPIO30613,MUNICIPIO_SIN_CN_TRAB,Si,No,30613,,Regla 2 coherente para validaciones implementadas.
GPA-001__R2-001__R1-001__0550,GPA-001__R2-001__R1-001,02_inputs_xml_flat/GPA-001__R2-001__R1-001__0550.xml,PASS,INFO,R1.D01=SI;R1.D02=SI;R2.D01=SI;R2.D02=SI;R2.D03=SI,MUNICIPIO30611,MUNICIPIO_SIN_CN_TRAB,Si,No,30611,,Regla 2 coherente para validaciones implementadas.
GPA-001__R2-001__R1-001__0551,GPA-001__R2-001__R1-001,02_inputs_xml_flat/GPA-001__R2-001__R1-001__0551.xml,PASS,INFO,R1.D01=SI;R1.D02=SI;R2.D01=SI;R2.D02=SI;R2.D03=SI,MUNICIPIO30612,MUNICIPIO_SIN_CN_TRAB,Si,No,30612,,Regla 2 coherente para validaciones implementadas.
GPA-001__R2-001__R1-001__0552,GPA-001__R2-001__R1-001,02_inputs_xml_flat/GPA-001__R2-001__R1-001__0552.xml,PASS,INFO,R1.D01=SI;R1.D02=SI;R2.D01=SI;R2.D02=SI;R2.D03=SI,MUNICIPIO30613,MUNICIPIO_SIN_CN_TRAB,Si,No,30613,,Regla 2 coherente para validaciones implementadas.
GPA-001__R2-001__R1-001__0553,GPA-001__R2-001__R1-001,02_inputs_xml_flat/GPA-001__R2-001__R1-001__0553.xml,PASS,INFO,R1.D01=SI;R1.D02=SI;R2.D01=SI;R2.D02=SI;R2.D03=SI,MUNICIPIO30611,MUNICIPIO_SIN_CN_TRAB,Si,No,30611,,Regla 2 coherente para validaciones implementadas.
GPA-001__R2-001__R1-001__0554,GPA-001__R2-001__R1-001,02_inputs_xml_flat/GPA-001__R2-001__R1-001__0554.xml,PASS,INFO,R1.D01=SI;R1.D02=SI;R2.D01=SI;R2.D02=SI;R2.D03=SI,MUNICIPIO30612,MUNICIPIO_SIN_CN_TRAB,Si,No,30612,,Regla 2 coherente para validaciones implementadas.
GPA-001__R2-001__R1-001__0555,GPA-001__R2-001__R1-001,02_inputs_xml_flat/GPA-001__R2-001__R1-001__0555.xml,PASS,INFO,R1.D01=SI;R1.D02=SI;R2.D01=SI;R2.D02=SI;R2.D03=SI,MUNICIPIO30613,MUNICIPIO_SIN_CN_TRAB,Si,No,30613,,Regla 2 coherente para validaciones implementadas.
GPA-001__R2-001__R1-001__0556,GPA-001__R2-001__R1-001,02_inputs_xml_flat/GPA-001__R2-001__R1-001__0556.xml,PASS,INFO,R1.D01=SI;R1.D02=SI;R2.D01=SI;R2.D02=SI;R2.D03=SI,MUNICIPIO30611,MUNICIPIO_SIN_CN_TRAB,Si,No,30611,,Regla 2 coherente para validaciones implementadas.
GPA-001__R2-001__R1-001__0557,GPA-001__R2-001__R1-001,02_inputs_xml_flat/GPA-001__R2-001__R1-001__0557.xml,PASS,INFO,R1.D01=SI;R1.D02=SI;R2.D01=SI;R2.D02=SI;R2.D03=SI,MUNICIPIO30612,MUNICIPIO_SIN_CN_TRAB,Si,No,30612,,Regla 2 coherente para validaciones implementadas.
GPA-001__R2-001__R1-001__0558,GPA-001__R2-001__R1-001,02_inputs_xml_flat/GPA-001__R2-001__R1-001__0558.xml,PASS,INFO,R1.D01=SI;R1.D02=SI;R2.D01=SI;R2.D02=SI;R2.D03=SI,MUNICIPIO30613,MUNICIPIO_SIN_CN_TRAB,Si,No,30613,,Regla 2 coherente para validaciones implementadas.
GPA-001__R2-001__R1-001__0559,GPA-001__R2-001__R1-001,02_inputs_xml_flat/GPA-001__R2-001__R1-001__0559.xml,PASS,INFO,R1.D01=SI;R1.D02=SI;R2.D01=SI;R2.D02=SI;R2.D03=SI,MUNICIPIO30611,MUNICIPIO_SIN_CN_TRAB,Si,No,30611,,Regla 2 coherente para validaciones implementadas.
GPA-001__R2-001__R1-001__0560,GPA-001__R2-001__R1-001,02_inputs_xml_flat/GPA-001__R2-001__R1-001__0560.xml,PASS,INFO,R1.D01=SI;R1.D02=SI;R2.D01=SI;R2.D02=SI;R2.D03=SI,MUNICIPIO30612,MUNICIPIO_SIN_CN_TRAB,Si,No,30612,,Regla 2 coherente para validaciones implementadas.
GPA-001__R2-001__R1-001__0561,GPA-001__R2-001__R1-001,02_inputs_xml_flat/GPA-001__R2-001__R1-001__0561.xml,PASS,INFO,R1.D01=SI;R1.D02=SI;R2.D01=SI;R2.D02=SI;R2.D03=SI,MUNICIPIO30613,MUNICIPIO_SIN_CN_TRAB,Si,No,30613,,Regla 2 coherente para validaciones implementadas.
GPA-001__R2-001__R1-001__0562,GPA-001__R2-001__R1-001,02_inputs_xml_flat/GPA-001__R2-001__R1-001__0562.xml,PASS,INFO,R1.D01=SI;R1.D02=SI;R2.D01=SI;R2.D02=SI;R2.D03=SI,MUNICIPIO30611,MUNICIPIO_SIN_CN_TRAB,Si,No,30611,,Regla 2 coherente para validaciones implementadas.
GPA-001__R2-001__R1-001__0563,GPA-001__R2-001__R1-001,02_inputs_xml_flat/GPA-001__R2-001__R1-001__0563.xml,PASS,INFO,R1.D01=SI;R1.D02=SI;R2.D01=SI;R2.D02=SI;R2.D03=SI,MUNICIPIO30612,MUNICIPIO_SIN_CN_TRAB,Si,No,30612,,Regla 2 coherente para validaciones implementadas.
GPA-001__R2-001__R1-001__0564,GPA-001__R2-001__R1-001,02_inputs_xml_flat/GPA-001__R2-001__R1-001__0564.xml,PASS,INFO,R1.D01=SI;R1.D02=SI;R2.D01=SI;R2.D02=SI;R2.D03=SI,MUNICIPIO30613,MUNICIPIO_SIN_CN_TRAB,Si,No,30613,,Regla 2 coherente para validaciones implementadas.
GPA-001__R2-001__R1-001__0565,GPA-001__R2-001__R1-001,02_inputs_xml_flat/GPA-001__R2-001__R1-001__0565.xml,PASS,INFO,R1.D01=SI;R1.D02=SI;R2.D01=SI;R2.D02=SI;R2.D03=SI,MUNICIPIO30611,MUNICIPIO_SIN_CN_TRAB,Si,No,30611,,Regla 2 coherente para validaciones implementadas.
GPA-001__R2-001__R1-001__0566,GPA-001__R2-001__R1-001,02_inputs_xml_flat/GPA-001__R2-001__R1-001__0566.xml,PASS,INFO,R1.D01=SI;R1.D02=SI;R2.D01=SI;R2.D02=SI;R2.D03=SI,MUNICIPIO30612,MUNICIPIO_SIN_CN_TRAB,Si,No,30612,,Regla 2 coherente para validaciones implementadas.
GPA-001__R2-001__R1-001__0567,GPA-001__R2-001__R1-001,02_inputs_xml_flat/GPA-001__R2-001__R1-001__0567.xml,PASS,INFO,R1.D01=SI;R1.D02=SI;R2.D01=SI;R2.D02=SI;R2.D03=SI,MUNICIPIO30613,MUNICIPIO_SIN_CN_TRAB,Si,No,30613,,Regla 2 coherente para validaciones implementadas.
GPA-001__R2-001__R1-001__0568,GPA-001__R2-001__R1-001,02_inputs_xml_flat/GPA-001__R2-001__R1-001__0568.xml,PASS,INFO,R1.D01=SI;R1.D02=SI;R2.D01=SI;R2.D02=SI;R2.D03=SI,MUNICIPIO30611,MUNICIPIO_SIN_CN_TRAB,Si,No,30611,,Regla 2 coherente para validaciones implementadas.
GPA-001__R2-001__R1-001__0569,GPA-001__R2-001__R1-001,02_inputs_xml_flat/GPA-001__R2-001__R1-001__0569.xml,PASS,INFO,R1.D01=SI;R1.D02=SI;R2.D01=SI;R2.D02=SI;R2.D03=SI,MUNICIPIO30612,MUNICIPIO_SIN_CN_TRAB,Si,No,30612,,Regla 2 coherente para validaciones implementadas.
GPA-001__R2-001__R1-001__0570,GPA-001__R2-001__R1-001,02_inputs_xml_flat/GPA-001__R2-001__R1-001__0570.xml,PASS,INFO,R1.D01=SI;R1.D02=SI;R2.D01=SI;R2.D02=SI;R2.D03=SI,MUNICIPIO30613,MUNICIPIO_SIN_CN_TRAB,Si,No,30613,,Regla 2 coherente para validaciones implementadas.
GPA-001__R2-001__R1-001__0571,GPA-001__R2-001__R1-001,02_inputs_xml_flat/GPA-001__R2-001__R1-001__0571.xml,PASS,INFO,R1.D01=SI;R1.D02=SI;R2.D01=SI;R2.D02=SI;R2.D03=SI,MUNICIPIO30611,MUNICIPIO_SIN_CN_TRAB,Si,No,30611,,Regla 2 coherente para validaciones implementadas.
GPA-001__R2-001__R1-001__0572,GPA-001__R2-001__R1-001,02_inputs_xml_flat/GPA-001__R2-001__R1-001__0572.xml,PASS,INFO,R1.D01=SI;R1.D02=SI;R2.D01=SI;R2.D02=SI;R2.D03=SI,MUNICIPIO30612,MUNICIPIO_SIN_CN_TRAB,Si,No,30612,,Regla 2 coherente para validaciones implementadas.
GPA-001__R2-001__R1-001__0573,GPA-001__R2-001__R1-001,02_inputs_xml_flat/GPA-001__R2-001__R1-001__0573.xml,PASS,INFO,R1.D01=SI;R1.D02=SI;R2.D01=SI;R2.D02=SI;R2.D03=SI,MUNICIPIO30613,MUNICIPIO_SIN_CN_TRAB,Si,No,30613,,Regla 2 coherente para validaciones implementadas.
GPA-001__R2-001__R1-001__0574,GPA-001__R2-001__R1-001,02_inputs_xml_flat/GPA-001__R2-001__R1-001__0574.xml,PASS,INFO,R1.D01=SI;R1.D02=SI;R2.D01=SI;R2.D02=SI;R2.D03=SI,MUNICIPIO30611,MUNICIPIO_SIN_CN_TRAB,Si,No,30611,,Regla 2 coherente para validaciones implementadas.
GPA-001__R2-001__R1-001__0575,GPA-001__R2-001__R1-001,02_inputs_xml_flat/GPA-001__R2-001__R1-001__0575.xml,PASS,INFO,R1.D01=SI;R1.D02=SI;R2.D01=SI;R2.D02=SI;R2.D03=SI,MUNICIPIO30612,MUNICIPIO_SIN_CN_TRAB,Si,No,30612,,Regla 2 coherente para validaciones implementadas.
GPA-001__R2-001__R1-001__0576,GPA-001__R2-001__R1-001,02_inputs_xml_flat/GPA-001__R2-001__R1-001__0576.xml,PASS,INFO,R1.D01=SI;R1.D02=SI;R2.D01=SI;R2.D02=SI;R2.D03=SI,MUNICIPIO30613,MUNICIPIO_SIN_CN_TRAB,Si,No,30613,,Regla 2 coherente para validaciones implementadas.
GPA-001__R2-001__R1-001__0577,GPA-001__R2-001__R1-001,02_inputs_xml_flat/GPA-001__R2-001__R1-001__0577.xml,PASS,INFO,R1.D01=SI;R1.D02=SI;R2.D01=SI;R2.D02=SI;R2.D03=SI,MUNICIPIO30611,MUNICIPIO_SIN_CN_TRAB,Si,No,30611,,Regla 2 coherente para validaciones implementadas.
GPA-001__R2-001__R1-001__0578,GPA-001__R2-001__R1-001,02_inputs_xml_flat/GPA-001__R2-001__R1-001__0578.xml,PASS,INFO,R1.D01=SI;R1.D02=SI;R2.D01=SI;R2.D02=SI;R2.D03=SI,MUNICIPIO30612,MUNICIPIO_SIN_CN_TRAB,Si,No,30612,,Regla 2 coherente para validaciones implementadas.
GPA-001__R2-001__R1-001__0579,GPA-001__R2-001__R1-001,02_inputs_xml_flat/GPA-001__R2-001__R1-001__0579.xml,PASS,INFO,R1.D01=SI;R1.D02=SI;R2.D01=SI;R2.D02=SI;R2.D03=SI,MUNICIPIO30613,MUNICIPIO_SIN_CN_TRAB,Si,No,30613,,Regla 2 coherente para validaciones implementadas.
GPA-001__R2-001__R1-001__0580,GPA-001__R2-001__R1-001,02_inputs_xml_flat/GPA-001__R2-001__R1-001__0580.xml,PASS,INFO,R1.D01=SI;R1.D02=SI;R2.D01=SI;R2.D02=SI;R2.D03=SI,MUNICIPIO30611,MUNICIPIO_SIN_CN_TRAB,Si,No,30611,,Regla 2 coherente para validaciones implementadas.
GPA-001__R2-001__R1-001__0581,GPA-001__R2-001__R1-001,02_inputs_xml_flat/GPA-001__R2-001__R1-001__0581.xml,PASS,INFO,R1.D01=SI;R1.D02=SI;R2.D01=SI;R2.D02=SI;R2.D03=SI,MUNICIPIO30612,MUNICIPIO_SIN_CN_TRAB,Si,No,30612,,Regla 2 coherente para validaciones implementadas.
GPA-001__R2-001__R1-001__0582,GPA-001__R2-001__R1-001,02_inputs_xml_flat/GPA-001__R2-001__R1-001__0582.xml,PASS,INFO,R1.D01=SI;R1.D02=SI;R2.D01=SI;R2.D02=SI;R2.D03=SI,MUNICIPIO30613,MUNICIPIO_SIN_CN_TRAB,Si,No,30613,,Regla 2 coherente para validaciones implementadas.
GPA-001__R2-001__R1-001__0583,GPA-001__R2-001__R1-001,02_inputs_xml_flat/GPA-001__R2-001__R1-001__0583.xml,PASS,INFO,R1.D01=SI;R1.D02=SI;R2.D01=SI;R2.D02=SI;R2.D03=SI,MUNICIPIO30611,MUNICIPIO_SIN_CN_TRAB,Si,No,30611,,Regla 2 coherente para validaciones implementadas.
GPA-001__R2-001__R1-001__0584,GPA-001__R2-001__R1-001,02_inputs_xml_flat/GPA-001__R2-001__R1-001__0584.xml,PASS,INFO,R1.D01=SI;R1.D02=SI;R2.D01=SI;R2.D02=SI;R2.D03=SI,MUNICIPIO30612,MUNICIPIO_SIN_CN_TRAB,Si,No,30612,,Regla 2 coherente para validaciones implementadas.
GPA-001__R2-001__R1-001__0585,GPA-001__R2-001__R1-001,02_inputs_xml_flat/GPA-001__R2-001__R1-001__0585.xml,PASS,INFO,R1.D01=SI;R1.D02=SI;R2.D01=SI;R2.D02=SI;R2.D03=SI,MUNICIPIO30613,MUNICIPIO_SIN_CN_TRAB,Si,No,30613,,Regla 2 coherente para validaciones implementadas.
GPA-001__R2-001__R1-001__0586,GPA-001__R2-001__R1-001,02_inputs_xml_flat/GPA-001__R2-001__R1-001__0586.xml,PASS,INFO,R1.D01=SI;R1.D02=SI;R2.D01=SI;R2.D02=SI;R2.D03=SI,MUNICIPIO30611,MUNICIPIO_SIN_CN_TRAB,Si,No,30611,,Regla 2 coherente para validaciones implementadas.
GPA-001__R2-001__R1-001__0587,GPA-001__R2-001__R1-001,02_inputs_xml_flat/GPA-001__R2-001__R1-001__0587.xml,PASS,INFO,R1.D01=SI;R1.D02=SI;R2.D01=SI;R2.D02=SI;R2.D03=SI,MUNICIPIO30612,MUNICIPIO_SIN_CN_TRAB,Si,No,30612,,Regla 2 coherente para validaciones implementadas.
GPA-001__R2-001__R1-001__0588,GPA-001__R2-001__R1-001,02_inputs_xml_flat/GPA-001__R2-001__R1-001__0588.xml,PASS,INFO,R1.D01=SI;R1.D02=SI;R2.D01=SI;R2.D02=SI;R2.D03=SI,MUNICIPIO30613,MUNICIPIO_SIN_CN_TRAB,Si,No,30613,,Regla 2 coherente para validaciones implementadas.
GPA-001__R2-001__R1-001__0589,GPA-001__R2-001__R1-001,02_inputs_xml_flat/GPA-001__R2-001__R1-001__0589.xml,PASS,INFO,R1.D01=SI;R1.D02=SI;R2.D01=SI;R2.D02=SI;R2.D03=SI,MUNICIPIO30611,MUNICIPIO_SIN_CN_TRAB,Si,No,30611,,Regla 2 coherente para validaciones implementadas.
GPA-001__R2-001__R1-001__0590,GPA-001__R2-001__R1-001,02_inputs_xml_flat/GPA-001__R2-001__R1-001__0590.xml,PASS,INFO,R1.D01=SI;R1.D02=SI;R2.D01=SI;R2.D02=SI;R2.D03=SI,MUNICIPIO30612,MUNICIPIO_SIN_CN_TRAB,Si,No,30612,,Regla 2 coherente para validaciones implementadas.
GPA-001__R2-001__R1-001__0591,GPA-001__R2-001__R1-001,02_inputs_xml_flat/GPA-001__R2-001__R1-001__0591.xml,PASS,INFO,R1.D01=SI;R1.D02=SI;R2.D01=SI;R2.D02=SI;R2.D03=SI,MUNICIPIO30613,MUNICIPIO_SIN_CN_TRAB,Si,No,30613,,Regla 2 coherente para validaciones implementadas.
GPA-001__R2-001__R1-001__0592,GPA-001__R2-001__R1-001,02_inputs_xml_flat/GPA-001__R2-001__R1-001__0592.xml,PASS,INFO,R1.D01=SI;R1.D02=SI;R2.D01=SI;R2.D02=SI;R2.D03=SI,MUNICIPIO30611,MUNICIPIO_SIN_CN_TRAB,Si,No,30611,,Regla 2 coherente para validaciones implementadas.
GPA-001__R2-001__R1-001__0593,GPA-001__R2-001__R1-001,02_inputs_xml_flat/GPA-001__R2-001__R1-001__0593.xml,PASS,INFO,R1.D01=SI;R1.D02=SI;R2.D01=SI;R2.D02=SI;R2.D03=SI,MUNICIPIO30612,MUNICIPIO_SIN_CN_TRAB,Si,No,30612,,Regla 2 coherente para validaciones implementadas.
GPA-001__R2-001__R1-001__0594,GPA-001__R2-001__R1-001,02_inputs_xml_flat/GPA-001__R2-001__R1-001__0594.xml,PASS,INFO,R1.D01=SI;R1.D02=SI;R2.D01=SI;R2.D02=SI;R2.D03=SI,MUNICIPIO30613,MUNICIPIO_SIN_CN_TRAB,Si,No,30613,,Regla 2 coherente para validaciones implementadas.
GPA-001__R2-001__R1-001__0595,GPA-001__R2-001__R1-001,02_inputs_xml_flat/GPA-001__R2-001__R1-001__0595.xml,PASS,INFO,R1.D01=SI;R1.D02=SI;R2.D01=SI;R2.D02=SI;R2.D03=SI,MUNICIPIO30611,MUNICIPIO_SIN_CN_TRAB,Si,No,30611,,Regla 2 coherente para validaciones implementadas.
GPA-001__R2-001__R1-001__0596,GPA-001__R2-001__R1-001,02_inputs_xml_flat/GPA-001__R2-001__R1-001__0596.xml,PASS,INFO,R1.D01=SI;R1.D02=SI;R2.D01=SI;R2.D02=SI;R2.D03=SI,MUNICIPIO30612,MUNICIPIO_SIN_CN_TRAB,Si,No,30612,,Regla 2 coherente para validaciones implementadas.
GPA-001__R2-001__R1-001__0597,GPA-001__R2-001__R1-001,02_inputs_xml_flat/GPA-001__R2-001__R1-001__0597.xml,PASS,INFO,R1.D01=SI;R1.D02=SI;R2.D01=SI;R2.D02=SI;R2.D03=SI,MUNICIPIO30613,MUNICIPIO_SIN_CN_TRAB,Si,No,30613,,Regla 2 coherente para validaciones implementadas.
GPA-001__R2-001__R1-001__0598,GPA-001__R2-001__R1-001,02_inputs_xml_flat/GPA-001__R2-001__R1-001__0598.xml,PASS,INFO,R1.D01=SI;R1.D02=SI;R2.D01=SI;R2.D02=SI;R2.D03=SI,MUNICIPIO30611,MUNICIPIO_SIN_CN_TRAB,Si,No,30611,,Regla 2 coherente para validaciones implementadas.
GPA-001__R2-001__R1-001__0599,GPA-001__R2-001__R1-001,02_inputs_xml_flat/GPA-001__R2-001__R1-001__0599.xml,PASS,INFO,R1.D01=SI;R1.D02=SI;R2.D01=SI;R2.D02=SI;R2.D03=SI,MUNICIPIO30612,MUNICIPIO_SIN_CN_TRAB,Si,No,30612,,Regla 2 coherente para validaciones implementadas.
GPA-001__R2-001__R1-001__0600,GPA-001__R2-001__R1-001,02_inputs_xml_flat/GPA-001__R2-001__R1-001__0600.xml,PASS,INFO,R1.D01=SI;R1.D02=SI;R2.D01=SI;R2.D02=SI;R2.D03=SI,MUNICIPIO30613,MUNICIPIO_SIN_CN_TRAB,Si,No,30613,,Regla 2 coherente para validaciones implementadas.
GPA-001__R2-001__R1-001__0601,GPA-001__R2-001__R1-001,02_inputs_xml_flat/GPA-001__R2-001__R1-001__0601.xml,PASS,INFO,R1.D01=SI;R1.D02=SI;R2.D01=SI;R2.D02=SI;R2.D03=SI,MUNICIPIO30611,MUNICIPIO_SIN_CN_TRAB,Si,No,30611,,Regla 2 coherente para validaciones implementadas.
GPA-001__R2-001__R1-001__0602,GPA-001__R2-001__R1-001,02_inputs_xml_flat/GPA-001__R2-001__R1-001__0602.xml,PASS,INFO,R1.D01=SI;R1.D02=SI;R2.D01=SI;R2.D02=SI;R2.D03=SI,MUNICIPIO30612,MUNICIPIO_SIN_CN_TRAB,Si,No,30612,,Regla 2 coherente para validaciones implementadas.
GPA-001__R2-001__R1-001__0603,GPA-001__R2-001__R1-001,02_inputs_xml_flat/GPA-001__R2-001__R1-001__0603.xml,PASS,INFO,R1.D01=SI;R1.D02=SI;R2.D01=SI;R2.D02=SI;R2.D03=SI,MUNICIPIO30613,MUNICIPIO_SIN_CN_TRAB,Si,No,30613,,Regla 2 coherente para validaciones implementadas.
GPA-001__R2-001__R1-001__0604,GPA-001__R2-001__R1-001,02_inputs_xml_flat/GPA-001__R2-001__R1-001__0604.xml,PASS,INFO,R1.D01=SI;R1.D02=SI;R2.D01=SI;R2.D02=SI;R2.D03=SI,MUNICIPIO30611,MUNICIPIO_SIN_CN_TRAB,Si,No,30611,,Regla 2 coherente para validaciones implementadas.
GPA-001__R2-001__R1-001__0605,GPA-001__R2-001__R1-001,02_inputs_xml_flat/GPA-001__R2-001__R1-001__0605.xml,PASS,INFO,R1.D01=SI;R1.D02=SI;R2.D01=SI;R2.D02=SI;R2.D03=SI,MUNICIPIO30612,MUNICIPIO_SIN_CN_TRAB,Si,No,30612,,Regla 2 coherente para validaciones implementadas.
GPA-001__R2-001__R1-001__0606,GPA-001__R2-001__R1-001,02_inputs_xml_flat/GPA-001__R2-001__R1-001__0606.xml,PASS,INFO,R1.D01=SI;R1.D02=SI;R2.D01=SI;R2.D02=SI;R2.D03=SI,MUNICIPIO30613,MUNICIPIO_SIN_CN_TRAB,Si,No,30613,,Regla 2 coherente para validaciones implementadas.
GPA-001__R2-001__R1-001__0607,GPA-001__R2-001__R1-001,02_inputs_xml_flat/GPA-001__R2-001__R1-001__0607.xml,PASS,INFO,R1.D01=SI;R1.D02=SI;R2.D01=SI;R2.D02=SI;R2.D03=SI,MUNICIPIO30611,MUNICIPIO_SIN_CN_TRAB,Si,No,30611,,Regla 2 coherente para validaciones implementadas.
GPA-001__R2-001__R1-001__0608,GPA-001__R2-001__R1-001,02_inputs_xml_flat/GPA-001__R2-001__R1-001__0608.xml,PASS,INFO,R1.D01=SI;R1.D02=SI;R2.D01=SI;R2.D02=SI;R2.D03=SI,MUNICIPIO30612,MUNICIPIO_SIN_CN_TRAB,Si,No,30612,,Regla 2 coherente para validaciones implementadas.
GPA-001__R2-001__R1-001__0609,GPA-001__R2-001__R1-001,02_inputs_xml_flat/GPA-001__R2-001__R1-001__0609.xml,PASS,INFO,R1.D01=SI;R1.D02=SI;R2.D01=SI;R2.D02=SI;R2.D03=SI,MUNICIPIO30613,MUNICIPIO_SIN_CN_TRAB,Si,No,30613,,Regla 2 coherente para validaciones implementadas.
GPA-001__R2-001__R1-001__0610,GPA-001__R2-001__R1-001,02_inputs_xml_flat/GPA-001__R2-001__R1-001__0610.xml,PASS,INFO,R1.D01=SI;R1.D02=SI;R2.D01=SI;R2.D02=SI;R2.D03=SI,MUNICIPIO30611,MUNICIPIO_SIN_CN_TRAB,Si,No,30611,,Regla 2 coherente para validaciones implementadas.
GPA-001__R2-001__R1-001__0611,GPA-001__R2-001__R1-001,02_inputs_xml_flat/GPA-001__R2-001__R1-001__0611.xml,PASS,INFO,R1.D01=SI;R1.D02=SI;R2.D01=SI;R2.D02=SI;R2.D03=SI,MUNICIPIO30612,MUNICIPIO_SIN_CN_TRAB,Si,No,30612,,Regla 2 coherente para validaciones implementadas.
GPA-001__R2-001__R1-001__0612,GPA-001__R2-001__R1-001,02_inputs_xml_flat/GPA-001__R2-001__R1-001__0612.xml,PASS,INFO,R1.D01=SI;R1.D02=SI;R2.D01=SI;R2.D02=SI;R2.D03=SI,MUNICIPIO30613,MUNICIPIO_SIN_CN_TRAB,Si,No,30613,,Regla 2 coherente para validaciones implementadas.
GPA-001__R2-001__R1-001__0613,GPA-001__R2-001__R1-001,02_inputs_xml_flat/GPA-001__R2-001__R1-001__0613.xml,PASS,INFO,R1.D01=SI;R1.D02=SI;R2.D01=SI;R2.D02=SI;R2.D03=SI,MUNICIPIO30611,MUNICIPIO_SIN_CN_TRAB,Si,No,30611,,Regla 2 coherente para validaciones implementadas.
GPA-001__R2-001__R1-001__0614,GPA-001__R2-001__R1-001,02_inputs_xml_flat/GPA-001__R2-001__R1-001__0614.xml,PASS,INFO,R1.D01=SI;R1.D02=SI;R2.D01=SI;R2.D02=SI;R2.D03=SI,MUNICIPIO30612,MUNICIPIO_SIN_CN_TRAB,Si,No,30612,,Regla 2 coherente para validaciones implementadas.
GPA-001__R2-001__R1-001__0615,GPA-001__R2-001__R1-001,02_inputs_xml_flat/GPA-001__R2-001__R1-001__0615.xml,PASS,INFO,R1.D01=SI;R1.D02=SI;R2.D01=SI;R2.D02=SI;R2.D03=SI,MUNICIPIO30613,MUNICIPIO_SIN_CN_TRAB,Si,No,30613,,Regla 2 coherente para validaciones implementadas.
GPA-001__R2-001__R1-001__0616,GPA-001__R2-001__R1-001,02_inputs_xml_flat/GPA-001__R2-001__R1-001__0616.xml,PASS,INFO,R1.D01=SI;R1.D02=SI;R2.D01=SI;R2.D02=SI;R2.D03=SI,MUNICIPIO30611,MUNICIPIO_SIN_CN_TRAB,Si,No,30611,,Regla 2 coherente para validaciones implementadas.
GPA-001__R2-001__R1-001__0617,GPA-001__R2-001__R1-001,02_inputs_xml_flat/GPA-001__R2-001__R1-001__0617.xml,PASS,INFO,R1.D01=SI;R1.D02=SI;R2.D01=SI;R2.D02=SI;R2.D03=SI,MUNICIPIO30612,MUNICIPIO_SIN_CN_TRAB,Si,No,30612,,Regla 2 coherente para validaciones implementadas.
GPA-001__R2-001__R1-001__0618,GPA-001__R2-001__R1-001,02_inputs_xml_flat/GPA-001__R2-001__R1-001__0618.xml,PASS,INFO,R1.D01=SI;R1.D02=SI;R2.D01=SI;R2.D02=SI;R2.D03=SI,MUNICIPIO30613,MUNICIPIO_SIN_CN_TRAB,Si,No,30613,,Regla 2 coherente para validaciones implementadas.
GPA-001__R2-001__R1-001__0619,GPA-001__R2-001__R1-001,02_inputs_xml_flat/GPA-001__R2-001__R1-001__0619.xml,PASS,INFO,R1.D01=SI;R1.D02=SI;R2.D01=SI;R2.D02=SI;R2.D03=SI,MUNICIPIO30611,MUNICIPIO_SIN_CN_TRAB,Si,No,30611,,Regla 2 coherente para validaciones implementadas.
GPA-001__R2-001__R1-001__0620,GPA-001__R2-001__R1-001,02_inputs_xml_flat/GPA-001__R2-001__R1-001__0620.xml,PASS,INFO,R1.D01=SI;R1.D02=SI;R2.D01=SI;R2.D02=SI;R2.D03=SI,MUNICIPIO30612,MUNICIPIO_SIN_CN_TRAB,Si,No,30612,,Regla 2 coherente para validaciones implementadas.
GPA-001__R2-001__R1-001__0621,GPA-001__R2-001__R1-001,02_inputs_xml_flat/GPA-001__R2-001__R1-001__0621.xml,PASS,INFO,R1.D01=SI;R1.D02=SI;R2.D01=SI;R2.D02=SI;R2.D03=SI,MUNICIPIO30613,MUNICIPIO_SIN_CN_TRAB,Si,No,30613,,Regla 2 coherente para validaciones implementadas.
GPA-001__R2-001__R1-001__0622,GPA-001__R2-001__R1-001,02_inputs_xml_flat/GPA-001__R2-001__R1-001__0622.xml,PASS,INFO,R1.D01=SI;R1.D02=SI;R2.D01=SI;R2.D02=SI;R2.D03=SI,MUNICIPIO30611,MUNICIPIO_SIN_CN_TRAB,Si,No,30611,,Regla 2 coherente para validaciones implementadas.
GPA-001__R2-001__R1-001__0623,GPA-001__R2-001__R1-001,02_inputs_xml_flat/GPA-001__R2-001__R1-001__0623.xml,PASS,INFO,R1.D01=SI;R1.D02=SI;R2.D01=SI;R2.D02=SI;R2.D03=SI,MUNICIPIO30612,MUNICIPIO_SIN_CN_TRAB,Si,No,30612,,Regla 2 coherente para validaciones implementadas.
GPA-001__R2-001__R1-001__0624,GPA-001__R2-001__R1-001,02_inputs_xml_flat/GPA-001__R2-001__R1-001__0624.xml,PASS,INFO,R1.D01=SI;R1.D02=SI;R2.D01=SI;R2.D02=SI;R2.D03=SI,MUNICIPIO30613,MUNICIPIO_SIN_CN_TRAB,Si,No,30613,,Regla 2 coherente para validaciones implementadas.
GPA-001__R2-001__R1-001__0625,GPA-001__R2-001__R1-001,02_inputs_xml_flat/GPA-001__R2-001__R1-001__0625.xml,PASS,INFO,R1.D01=SI;R1.D02=SI;R2.D01=SI;R2.D02=SI;R2.D03=SI,MUNICIPIO30611,MUNICIPIO_SIN_CN_TRAB,Si,No,30611,,Regla 2 coherente para validaciones implementadas.
GPA-001__R2-001__R1-001__0626,GPA-001__R2-001__R1-001,02_inputs_xml_flat/GPA-001__R2-001__R1-001__0626.xml,PASS,INFO,R1.D01=SI;R1.D02=SI;R2.D01=SI;R2.D02=SI;R2.D03=SI,MUNICIPIO30612,MUNICIPIO_SIN_CN_TRAB,Si,No,30612,,Regla 2 coherente para validaciones implementadas.
GPA-001__R2-001__R1-001__0627,GPA-001__R2-001__R1-001,02_inputs_xml_flat/GPA-001__R2-001__R1-001__0627.xml,PASS,INFO,R1.D01=SI;R1.D02=SI;R2.D01=SI;R2.D02=SI;R2.D03=SI,MUNICIPIO30613,MUNICIPIO_SIN_CN_TRAB,Si,No,30613,,Regla 2 coherente para validaciones implementadas.
GPA-001__R2-001__R1-001__0628,GPA-001__R2-001__R1-001,02_inputs_xml_flat/GPA-001__R2-001__R1-001__0628.xml,PASS,INFO,R1.D01=SI;R1.D02=SI;R2.D01=SI;R2.D02=SI;R2.D03=SI,MUNICIPIO30611,MUNICIPIO_SIN_CN_TRAB,Si,No,30611,,Regla 2 coherente para validaciones implementadas.
GPA-001__R2-001__R1-001__0629,GPA-001__R2-001__R1-001,02_inputs_xml_flat/GPA-001__R2-001__R1-001__0629.xml,PASS,INFO,R1.D01=SI;R1.D02=SI;R2.D01=SI;R2.D02=SI;R2.D03=SI,MUNICIPIO30612,MUNICIPIO_SIN_CN_TRAB,Si,No,30612,,Regla 2 coherente para validaciones implementadas.
GPA-001__R2-001__R1-001__0630,GPA-001__R2-001__R1-001,02_inputs_xml_flat/GPA-001__R2-001__R1-001__0630.xml,PASS,INFO,R1.D01=SI;R1.D02=SI;R2.D01=SI;R2.D02=SI;R2.D03=SI,MUNICIPIO30613,MUNICIPIO_SIN_CN_TRAB,Si,No,30613,,Regla 2 coherente para validaciones implementadas.
GPA-001__R2-001__R1-001__0631,GPA-001__R2-001__R1-001,02_inputs_xml_flat/GPA-001__R2-001__R1-001__0631.xml,PASS,INFO,R1.D01=SI;R1.D02=SI;R2.D01=SI;R2.D02=SI;R2.D03=SI,MUNICIPIO30611,MUNICIPIO_SIN_CN_TRAB,Si,No,30611,,Regla 2 coherente para validaciones implementadas.
GPA-001__R2-001__R1-001__0632,GPA-001__R2-001__R1-001,02_inputs_xml_flat/GPA-001__R2-001__R1-001__0632.xml,PASS,INFO,R1.D01=SI;R1.D02=SI;R2.D01=SI;R2.D02=SI;R2.D03=SI,MUNICIPIO30612,MUNICIPIO_SIN_CN_TRAB,Si,No,30612,,Regla 2 coherente para validaciones implementadas.
GPA-001__R2-001__R1-001__0633,GPA-001__R2-001__R1-001,02_inputs_xml_flat/GPA-001__R2-001__R1-001__0633.xml,PASS,INFO,R1.D01=SI;R1.D02=SI;R2.D01=SI;R2.D02=SI;R2.D03=SI,MUNICIPIO30613,MUNICIPIO_SIN_CN_TRAB,Si,No,30613,,Regla 2 coherente para validaciones implementadas.
GPA-001__R2-001__R1-001__0634,GPA-001__R2-001__R1-001,02_inputs_xml_flat/GPA-001__R2-001__R1-001__0634.xml,PASS,INFO,R1.D01=SI;R1.D02=SI;R2.D01=SI;R2.D02=SI;R2.D03=SI,MUNICIPIO30611,MUNICIPIO_SIN_CN_TRAB,Si,No,30611,,Regla 2 coherente para validaciones implementadas.
GPA-001__R2-001__R1-001__0635,GPA-001__R2-001__R1-001,02_inputs_xml_flat/GPA-001__R2-001__R1-001__0635.xml,PASS,INFO,R1.D01=SI;R1.D02=SI;R2.D01=SI;R2.D02=SI;R2.D03=SI,MUNICIPIO30612,MUNICIPIO_SIN_CN_TRAB,Si,No,30612,,Regla 2 coherente para validaciones implementadas.
GPA-001__R2-001__R1-001__0636,GPA-001__R2-001__R1-001,02_inputs_xml_flat/GPA-001__R2-001__R1-001__0636.xml,PASS,INFO,R1.D01=SI;R1.D02=SI;R2.D01=SI;R2.D02=SI;R2.D03=SI,MUNICIPIO30613,MUNICIPIO_SIN_CN_TRAB,Si,No,30613,,Regla 2 coherente para validaciones implementadas.
GPA-001__R2-001__R1-001__0637,GPA-001__R2-001__R1-001,02_inputs_xml_flat/GPA-001__R2-001__R1-001__0637.xml,PASS,INFO,R1.D01=SI;R1.D02=SI;R2.D01=SI;R2.D02=SI;R2.D03=SI,MUNICIPIO30611,MUNICIPIO_SIN_CN_TRAB,Si,No,30611,,Regla 2 coherente para validaciones implementadas.
GPA-001__R2-001__R1-001__0638,GPA-001__R2-001__R1-001,02_inputs_xml_flat/GPA-001__R2-001__R1-001__0638.xml,PASS,INFO,R1.D01=SI;R1.D02=SI;R2.D01=SI;R2.D02=SI;R2.D03=SI,MUNICIPIO30612,MUNICIPIO_SIN_CN_TRAB,Si,No,30612,,Regla 2 coherente para validaciones implementadas.
GPA-001__R2-001__R1-001__0639,GPA-001__R2-001__R1-001,02_inputs_xml_flat/GPA-001__R2-001__R1-001__0639.xml,PASS,INFO,R1.D01=SI;R1.D02=SI;R2.D01=SI;R2.D02=SI;R2.D03=SI,MUNICIPIO30613,MUNICIPIO_SIN_CN_TRAB,Si,No,30613,,Regla 2 coherente para validaciones implementadas.
GPA-001__R2-001__R1-001__0640,GPA-001__R2-001__R1-001,02_inputs_xml_flat/GPA-001__R2-001__R1-001__0640.xml,PASS,INFO,R1.D01=SI;R1.D02=SI;R2.D01=SI;R2.D02=SI;R2.D03=SI,MUNICIPIO30611,MUNICIPIO_SIN_CN_TRAB,Si,No,30611,,Regla 2 coherente para validaciones implementadas.
GPA-001__R2-001__R1-001__0641,GPA-001__R2-001__R1-001,02_inputs_xml_flat/GPA-001__R2-001__R1-001__0641.xml,PASS,INFO,R1.D01=SI;R1.D02=SI;R2.D01=SI;R2.D02=SI;R2.D03=SI,MUNICIPIO30612,MUNICIPIO_SIN_CN_TRAB,Si,No,30612,,Regla 2 coherente para validaciones implementadas.
GPA-001__R2-001__R1-001__0642,GPA-001__R2-001__R1-001,02_inputs_xml_flat/GPA-001__R2-001__R1-001__0642.xml,PASS,INFO,R1.D01=SI;R1.D02=SI;R2.D01=SI;R2.D02=SI;R2.D03=SI,MUNICIPIO30613,MUNICIPIO_SIN_CN_TRAB,Si,No,30613,,Regla 2 coherente para validaciones implementadas.
GPA-001__R2-001__R1-001__0643,GPA-001__R2-001__R1-001,02_inputs_xml_flat/GPA-001__R2-001__R1-001__0643.xml,PASS,INFO,R1.D01=SI;R1.D02=SI;R2.D01=SI;R2.D02=SI;R2.D03=SI,MUNICIPIO30611,MUNICIPIO_SIN_CN_TRAB,Si,No,30611,,Regla 2 coherente para validaciones implementadas.
GPA-001__R2-001__R1-001__0644,GPA-001__R2-001__R1-001,02_inputs_xml_flat/GPA-001__R2-001__R1-001__0644.xml,PASS,INFO,R1.D01=SI;R1.D02=SI;R2.D01=SI;R2.D02=SI;R2.D03=SI,MUNICIPIO30612,MUNICIPIO_SIN_CN_TRAB,Si,No,30612,,Regla 2 coherente para validaciones implementadas.
GPA-001__R2-001__R1-001__0645,GPA-001__R2-001__R1-001,02_inputs_xml_flat/GPA-001__R2-001__R1-001__0645.xml,PASS,INFO,R1.D01=SI;R1.D02=SI;R2.D01=SI;R2.D02=SI;R2.D03=SI,MUNICIPIO30613,MUNICIPIO_SIN_CN_TRAB,Si,No,30613,,Regla 2 coherente para validaciones implementadas.
GPA-001__R2-001__R1-001__0646,GPA-001__R2-001__R1-001,02_inputs_xml_flat/GPA-001__R2-001__R1-001__0646.xml,PASS,INFO,R1.D01=SI;R1.D02=SI;R2.D01=SI;R2.D02=SI;R2.D03=SI,MUNICIPIO30611,MUNICIPIO_SIN_CN_TRAB,Si,No,30611,,Regla 2 coherente para validaciones implementadas.
GPA-001__R2-001__R1-001__0647,GPA-001__R2-001__R1-001,02_inputs_xml_flat/GPA-001__R2-001__R1-001__0647.xml,PASS,INFO,R1.D01=SI;R1.D02=SI;R2.D01=SI;R2.D02=SI;R2.D03=SI,MUNICIPIO30612,MUNICIPIO_SIN_CN_TRAB,Si,No,30612,,Regla 2 coherente para validaciones implementadas.
GPA-001__R2-001__R1-001__0648,GPA-001__R2-001__R1-001,02_inputs_xml_flat/GPA-001__R2-001__R1-001__0648.xml,PASS,INFO,R1.D01=SI;R1.D02=SI;R2.D01=SI;R2.D02=SI;R2.D03=SI,MUNICIPIO30613,MUNICIPIO_SIN_CN_TRAB,Si,No,30613,,Regla 2 coherente para validaciones implementadas.
GPA-001__R2-001__R1-001__0649,GPA-001__R2-001__R1-001,02_inputs_xml_flat/GPA-001__R2-001__R1-001__0649.xml,PASS,INFO,R1.D01=SI;R1.D02=SI;R2.D01=SI;R2.D02=SI;R2.D03=SI,MUNICIPIO30611,MUNICIPIO_SIN_CN_TRAB,Si,No,30611,,Regla 2 coherente para validaciones implementadas.
GPA-001__R2-001__R1-001__0650,GPA-001__R2-001__R1-001,02_inputs_xml_flat/GPA-001__R2-001__R1-001__0650.xml,PASS,INFO,R1.D01=SI;R1.D02=SI;R2.D01=SI;R2.D02=SI;R2.D03=SI,MUNICIPIO30612,MUNICIPIO_SIN_CN_TRAB,Si,No,30612,,Regla 2 coherente para validaciones implementadas.
GPA-001__R2-001__R1-001__0651,GPA-001__R2-001__R1-001,02_inputs_xml_flat/GPA-001__R2-001__R1-001__0651.xml,PASS,INFO,R1.D01=SI;R1.D02=SI;R2.D01=SI;R2.D02=SI;R2.D03=SI,MUNICIPIO30613,MUNICIPIO_SIN_CN_TRAB,Si,No,30613,,Regla 2 coherente para validaciones implementadas.
GPA-001__R2-001__R1-001__0652,GPA-001__R2-001__R1-001,02_inputs_xml_flat/GPA-001__R2-001__R1-001__0652.xml,PASS,INFO,R1.D01=SI;R1.D02=SI;R2.D01=SI;R2.D02=SI;R2.D03=SI,MUNICIPIO30611,MUNICIPIO_SIN_CN_TRAB,Si,No,30611,,Regla 2 coherente para validaciones implementadas.
GPA-001__R2-001__R1-001__0653,GPA-001__R2-001__R1-001,02_inputs_xml_flat/GPA-001__R2-001__R1-001__0653.xml,PASS,INFO,R1.D01=SI;R1.D02=SI;R2.D01=SI;R2.D02=SI;R2.D03=SI,MUNICIPIO30612,MUNICIPIO_SIN_CN_TRAB,Si,No,30612,,Regla 2 coherente para validaciones implementadas.
GPA-001__R2-001__R1-001__0654,GPA-001__R2-001__R1-001,02_inputs_xml_flat/GPA-001__R2-001__R1-001__0654.xml,PASS,INFO,R1.D01=SI;R1.D02=SI;R2.D01=SI;R2.D02=SI;R2.D03=SI,MUNICIPIO30613,MUNICIPIO_SIN_CN_TRAB,Si,No,30613,,Regla 2 coherente para validaciones implementadas.
GPA-001__R2-001__R1-001__0655,GPA-001__R2-001__R1-001,02_inputs_xml_flat/GPA-001__R2-001__R1-001__0655.xml,PASS,INFO,R1.D01=SI;R1.D02=SI;R2.D01=SI;R2.D02=SI;R2.D03=SI,MUNICIPIO30611,MUNICIPIO_SIN_CN_TRAB,Si,No,30611,,Regla 2 coherente para validaciones implementadas.
GPA-001__R2-001__R1-001__0656,GPA-001__R2-001__R1-001,02_inputs_xml_flat/GPA-001__R2-001__R1-001__0656.xml,PASS,INFO,R1.D01=SI;R1.D02=SI;R2.D01=SI;R2.D02=SI;R2.D03=SI,MUNICIPIO30612,MUNICIPIO_SIN_CN_TRAB,Si,No,30612,,Regla 2 coherente para validaciones implementadas.
GPA-001__R2-001__R1-001__0657,GPA-001__R2-001__R1-001,02_inputs_xml_flat/GPA-001__R2-001__R1-001__0657.xml,PASS,INFO,R1.D01=SI;R1.D02=SI;R2.D01=SI;R2.D02=SI;R2.D03=SI,MUNICIPIO30613,MUNICIPIO_SIN_CN_TRAB,Si,No,30613,,Regla 2 coherente para validaciones implementadas.
GPA-001__R2-001__R1-001__0658,GPA-001__R2-001__R1-001,02_inputs_xml_flat/GPA-001__R2-001__R1-001__0658.xml,PASS,INFO,R1.D01=SI;R1.D02=SI;R2.D01=SI;R2.D02=SI;R2.D03=SI,MUNICIPIO30611,MUNICIPIO_SIN_CN_TRAB,Si,No,30611,,Regla 2 coherente para validaciones implementadas.
GPA-001__R2-001__R1-001__0659,GPA-001__R2-001__R1-001,02_inputs_xml_flat/GPA-001__R2-001__R1-001__0659.xml,PASS,INFO,R1.D01=SI;R1.D02=SI;R2.D01=SI;R2.D02=SI;R2.D03=SI,MUNICIPIO30612,MUNICIPIO_SIN_CN_TRAB,Si,No,30612,,Regla 2 coherente para validaciones implementadas.
GPA-001__R2-001__R1-001__0660,GPA-001__R2-001__R1-001,02_inputs_xml_flat/GPA-001__R2-001__R1-001__0660.xml,PASS,INFO,R1.D01=SI;R1.D02=SI;R2.D01=SI;R2.D02=SI;R2.D03=SI,MUNICIPIO30613,MUNICIPIO_SIN_CN_TRAB,Si,No,30613,,Regla 2 coherente para validaciones implementadas.
GPA-001__R2-001__R1-001__0661,GPA-001__R2-001__R1-001,02_inputs_xml_flat/GPA-001__R2-001__R1-001__0661.xml,PASS,INFO,R1.D01=SI;R1.D02=SI;R2.D01=SI;R2.D02=SI;R2.D03=SI,MUNICIPIO30611,MUNICIPIO_SIN_CN_TRAB,Si,No,30611,,Regla 2 coherente para validaciones implementadas.
GPA-001__R2-001__R1-001__0662,GPA-001__R2-001__R1-001,02_inputs_xml_flat/GPA-001__R2-001__R1-001__0662.xml,PASS,INFO,R1.D01=SI;R1.D02=SI;R2.D01=SI;R2.D02=SI;R2.D03=SI,MUNICIPIO30612,MUNICIPIO_SIN_CN_TRAB,Si,No,30612,,Regla 2 coherente para validaciones implementadas.
GPA-001__R2-001__R1-001__0663,GPA-001__R2-001__R1-001,02_inputs_xml_flat/GPA-001__R2-001__R1-001__0663.xml,PASS,INFO,R1.D01=SI;R1.D02=SI;R2.D01=SI;R2.D02=SI;R2.D03=SI,MUNICIPIO30613,MUNICIPIO_SIN_CN_TRAB,Si,No,30613,,Regla 2 coherente para validaciones implementadas.
GPA-001__R2-001__R1-001__0664,GPA-001__R2-001__R1-001,02_inputs_xml_flat/GPA-001__R2-001__R1-001__0664.xml,PASS,INFO,R1.D01=SI;R1.D02=SI;R2.D01=SI;R2.D02=SI;R2.D03=SI,MUNICIPIO30611,MUNICIPIO_SIN_CN_TRAB,Si,No,30611,,Regla 2 coherente para validaciones implementadas.
GPA-001__R2-001__R1-001__0665,GPA-001__R2-001__R1-001,02_inputs_xml_flat/GPA-001__R2-001__R1-001__0665.xml,PASS,INFO,R1.D01=SI;R1.D02=SI;R2.D01=SI;R2.D02=SI;R2.D03=SI,MUNICIPIO30612,MUNICIPIO_SIN_CN_TRAB,Si,No,30612,,Regla 2 coherente para validaciones implementadas.
GPA-001__R2-001__R1-001__0666,GPA-001__R2-001__R1-001,02_inputs_xml_flat/GPA-001__R2-001__R1-001__0666.xml,PASS,INFO,R1.D01=SI;R1.D02=SI;R2.D01=SI;R2.D02=SI;R2.D03=SI,MUNICIPIO30613,MUNICIPIO_SIN_CN_TRAB,Si,No,30613,,Regla 2 coherente para validaciones implementadas.
GPA-001__R2-001__R1-001__0667,GPA-001__R2-001__R1-001,02_inputs_xml_flat/GPA-001__R2-001__R1-001__0667.xml,PASS,INFO,R1.D01=SI;R1.D02=SI;R2.D01=SI;R2.D02=SI;R2.D03=SI,MUNICIPIO30611,MUNICIPIO_SIN_CN_TRAB,Si,No,30611,,Regla 2 coherente para validaciones implementadas.
GPA-001__R2-001__R1-001__0668,GPA-001__R2-001__R1-001,02_inputs_xml_flat/GPA-001__R2-001__R1-001__0668.xml,PASS,INFO,R1.D01=SI;R1.D02=SI;R2.D01=SI;R2.D02=SI;R2.D03=SI,MUNICIPIO30612,MUNICIPIO_SIN_CN_TRAB,Si,No,30612,,Regla 2 coherente para validaciones implementadas.
GPA-001__R2-001__R1-001__0669,GPA-001__R2-001__R1-001,02_inputs_xml_flat/GPA-001__R2-001__R1-001__0669.xml,PASS,INFO,R1.D01=SI;R1.D02=SI;R2.D01=SI;R2.D02=SI;R2.D03=SI,MUNICIPIO30613,MUNICIPIO_SIN_CN_TRAB,Si,No,30613,,Regla 2 coherente para validaciones implementadas.
GPA-001__R2-001__R1-001__0670,GPA-001__R2-001__R1-001,02_inputs_xml_flat/GPA-001__R2-001__R1-001__0670.xml,PASS,INFO,R1.D01=SI;R1.D02=SI;R2.D01=SI;R2.D02=SI;R2.D03=SI,MUNICIPIO30611,MUNICIPIO_SIN_CN_TRAB,Si,No,30611,,Regla 2 coherente para validaciones implementadas.
GPA-001__R2-001__R1-001__0671,GPA-001__R2-001__R1-001,02_inputs_xml_flat/GPA-001__R2-001__R1-001__0671.xml,PASS,INFO,R1.D01=SI;R1.D02=SI;R2.D01=SI;R2.D02=SI;R2.D03=SI,MUNICIPIO30612,MUNICIPIO_SIN_CN_TRAB,Si,No,30612,,Regla 2 coherente para validaciones implementadas.
GPA-001__R2-001__R1-001__0672,GPA-001__R2-001__R1-001,02_inputs_xml_flat/GPA-001__R2-001__R1-001__0672.xml,PASS,INFO,R1.D01=SI;R1.D02=SI;R2.D01=SI;R2.D02=SI;R2.D03=SI,MUNICIPIO30613,MUNICIPIO_SIN_CN_TRAB,Si,No,30613,,Regla 2 coherente para validaciones implementadas.
GPA-001__R2-001__R1-001__0673,GPA-001__R2-001__R1-001,02_inputs_xml_flat/GPA-001__R2-001__R1-001__0673.xml,PASS,INFO,R1.D01=SI;R1.D02=SI;R2.D01=SI;R2.D02=SI;R2.D03=SI,MUNICIPIO30611,MUNICIPIO_SIN_CN_TRAB,Si,No,30611,,Regla 2 coherente para validaciones implementadas.
GPA-001__R2-001__R1-001__0674,GPA-001__R2-001__R1-001,02_inputs_xml_flat/GPA-001__R2-001__R1-001__0674.xml,PASS,INFO,R1.D01=SI;R1.D02=SI;R2.D01=SI;R2.D02=SI;R2.D03=SI,MUNICIPIO30612,MUNICIPIO_SIN_CN_TRAB,Si,No,30612,,Regla 2 coherente para validaciones implementadas.
GPA-001__R2-001__R1-001__0675,GPA-001__R2-001__R1-001,02_inputs_xml_flat/GPA-001__R2-001__R1-001__0675.xml,PASS,INFO,R1.D01=SI;R1.D02=SI;R2.D01=SI;R2.D02=SI;R2.D03=SI,MUNICIPIO30613,MUNICIPIO_SIN_CN_TRAB,Si,No,30613,,Regla 2 coherente para validaciones implementadas.
GPA-001__R2-001__R1-001__0676,GPA-001__R2-001__R1-001,02_inputs_xml_flat/GPA-001__R2-001__R1-001__0676.xml,PASS,INFO,R1.D01=SI;R1.D02=SI;R2.D01=SI;R2.D02=SI;R2.D03=SI,MUNICIPIO30611,MUNICIPIO_SIN_CN_TRAB,Si,No,30611,,Regla 2 coherente para validaciones implementadas.
GPA-001__R2-001__R1-001__0677,GPA-001__R2-001__R1-001,02_inputs_xml_flat/GPA-001__R2-001__R1-001__0677.xml,PASS,INFO,R1.D01=SI;R1.D02=SI;R2.D01=SI;R2.D02=SI;R2.D03=SI,MUNICIPIO30612,MUNICIPIO_SIN_CN_TRAB,Si,No,30612,,Regla 2 coherente para validaciones implementadas.
GPA-001__R2-001__R1-001__0678,GPA-001__R2-001__R1-001,02_inputs_xml_flat/GPA-001__R2-001__R1-001__0678.xml,PASS,INFO,R1.D01=SI;R1.D02=SI;R2.D01=SI;R2.D02=SI;R2.D03=SI,MUNICIPIO30613,MUNICIPIO_SIN_CN_TRAB,Si,No,30613,,Regla 2 coherente para validaciones implementadas.
GPA-001__R2-001__R1-001__0679,GPA-001__R2-001__R1-001,02_inputs_xml_flat/GPA-001__R2-001__R1-001__0679.xml,PASS,INFO,R1.D01=SI;R1.D02=SI;R2.D01=SI;R2.D02=SI;R2.D03=SI,MUNICIPIO30611,MUNICIPIO_SIN_CN_TRAB,Si,No,30611,,Regla 2 coherente para validaciones implementadas.
GPA-001__R2-001__R1-001__0680,GPA-001__R2-001__R1-001,02_inputs_xml_flat/GPA-001__R2-001__R1-001__0680.xml,PASS,INFO,R1.D01=SI;R1.D02=SI;R2.D01=SI;R2.D02=SI;R2.D03=SI,MUNICIPIO30612,MUNICIPIO_SIN_CN_TRAB,Si,No,30612,,Regla 2 coherente para validaciones implementadas.
GPA-001__R2-001__R1-001__0681,GPA-001__R2-001__R1-001,02_inputs_xml_flat/GPA-001__R2-001__R1-001__0681.xml,PASS,INFO,R1.D01=SI;R1.D02=SI;R2.D01=SI;R2.D02=SI;R2.D03=SI,MUNICIPIO30613,MUNICIPIO_SIN_CN_TRAB,Si,No,30613,,Regla 2 coherente para validaciones implementadas.
GPA-001__R2-001__R1-001__0682,GPA-001__R2-001__R1-001,02_inputs_xml_flat/GPA-001__R2-001__R1-001__0682.xml,PASS,INFO,R1.D01=SI;R1.D02=SI;R2.D01=SI;R2.D02=SI;R2.D03=SI,MUNICIPIO30611,MUNICIPIO_SIN_CN_TRAB,Si,No,30611,,Regla 2 coherente para validaciones implementadas.
GPA-001__R2-001__R1-001__0683,GPA-001__R2-001__R1-001,02_inputs_xml_flat/GPA-001__R2-001__R1-001__0683.xml,PASS,INFO,R1.D01=SI;R1.D02=SI;R2.D01=SI;R2.D02=SI;R2.D03=SI,MUNICIPIO30612,MUNICIPIO_SIN_CN_TRAB,Si,No,30612,,Regla 2 coherente para validaciones implementadas.
GPA-001__R2-001__R1-001__0684,GPA-001__R2-001__R1-001,02_inputs_xml_flat/GPA-001__R2-001__R1-001__0684.xml,PASS,INFO,R1.D01=SI;R1.D02=SI;R2.D01=SI;R2.D02=SI;R2.D03=SI,MUNICIPIO30613,MUNICIPIO_SIN_CN_TRAB,Si,No,30613,,Regla 2 coherente para validaciones implementadas.
GPA-001__R2-001__R1-001__0685,GPA-001__R2-001__R1-001,02_inputs_xml_flat/GPA-001__R2-001__R1-001__0685.xml,PASS,INFO,R1.D01=SI;R1.D02=SI;R2.D01=SI;R2.D02=SI;R2.D03=SI,MUNICIPIO30611,MUNICIPIO_SIN_CN_TRAB,Si,No,30611,,Regla 2 coherente para validaciones implementadas.
GPA-001__R2-001__R1-001__0686,GPA-001__R2-001__R1-001,02_inputs_xml_flat/GPA-001__R2-001__R1-001__0686.xml,PASS,INFO,R1.D01=SI;R1.D02=SI;R2.D01=SI;R2.D02=SI;R2.D03=SI,MUNICIPIO30612,MUNICIPIO_SIN_CN_TRAB,Si,No,30612,,Regla 2 coherente para validaciones implementadas.
GPA-001__R2-001__R1-001__0687,GPA-001__R2-001__R1-001,02_inputs_xml_flat/GPA-001__R2-001__R1-001__0687.xml,PASS,INFO,R1.D01=SI;R1.D02=SI;R2.D01=SI;R2.D02=SI;R2.D03=SI,MUNICIPIO30613,MUNICIPIO_SIN_CN_TRAB,Si,No,30613,,Regla 2 coherente para validaciones implementadas.
GPA-001__R2-001__R1-001__0688,GPA-001__R2-001__R1-001,02_inputs_xml_flat/GPA-001__R2-001__R1-001__0688.xml,PASS,INFO,R1.D01=SI;R1.D02=SI;R2.D01=SI;R2.D02=SI;R2.D03=SI,MUNICIPIO30611,MUNICIPIO_SIN_CN_TRAB,Si,No,30611,,Regla 2 coherente para validaciones implementadas.
GPA-001__R2-001__R1-001__0689,GPA-001__R2-001__R1-001,02_inputs_xml_flat/GPA-001__R2-001__R1-001__0689.xml,PASS,INFO,R1.D01=SI;R1.D02=SI;R2.D01=SI;R2.D02=SI;R2.D03=SI,MUNICIPIO30612,MUNICIPIO_SIN_CN_TRAB,Si,No,30612,,Regla 2 coherente para validaciones implementadas.
GPA-001__R2-001__R1-001__0690,GPA-001__R2-001__R1-001,02_inputs_xml_flat/GPA-001__R2-001__R1-001__0690.xml,PASS,INFO,R1.D01=SI;R1.D02=SI;R2.D01=SI;R2.D02=SI;R2.D03=SI,MUNICIPIO30613,MUNICIPIO_SIN_CN_TRAB,Si,No,30613,,Regla 2 coherente para validaciones implementadas.
GPA-001__R2-001__R1-001__0691,GPA-001__R2-001__R1-001,02_inputs_xml_flat/GPA-001__R2-001__R1-001__0691.xml,PASS,INFO,R1.D01=SI;R1.D02=SI;R2.D01=SI;R2.D02=SI;R2.D03=SI,MUNICIPIO30611,MUNICIPIO_SIN_CN_TRAB,Si,No,30611,,Regla 2 coherente para validaciones implementadas.
GPA-001__R2-001__R1-001__0692,GPA-001__R2-001__R1-001,02_inputs_xml_flat/GPA-001__R2-001__R1-001__0692.xml,PASS,INFO,R1.D01=SI;R1.D02=SI;R2.D01=SI;R2.D02=SI;R2.D03=SI,MUNICIPIO30612,MUNICIPIO_SIN_CN_TRAB,Si,No,30612,,Regla 2 coherente para validaciones implementadas.
GPA-001__R2-001__R1-001__0693,GPA-001__R2-001__R1-001,02_inputs_xml_flat/GPA-001__R2-001__R1-001__0693.xml,PASS,INFO,R1.D01=SI;R1.D02=SI;R2.D01=SI;R2.D02=SI;R2.D03=SI,MUNICIPIO30613,MUNICIPIO_SIN_CN_TRAB,Si,No,30613,,Regla 2 coherente para validaciones implementadas.
GPA-001__R2-001__R1-001__0694,GPA-001__R2-001__R1-001,02_inputs_xml_flat/GPA-001__R2-001__R1-001__0694.xml,PASS,INFO,R1.D01=SI;R1.D02=SI;R2.D01=SI;R2.D02=SI;R2.D03=SI,MUNICIPIO30611,MUNICIPIO_SIN_CN_TRAB,Si,No,30611,,Regla 2 coherente para validaciones implementadas.
GPA-001__R2-001__R1-001__0695,GPA-001__R2-001__R1-001,02_inputs_xml_flat/GPA-001__R2-001__R1-001__0695.xml,PASS,INFO,R1.D01=SI;R1.D02=SI;R2.D01=SI;R2.D02=SI;R2.D03=SI,MUNICIPIO30612,MUNICIPIO_SIN_CN_TRAB,Si,No,30612,,Regla 2 coherente para validaciones implementadas.
GPA-001__R2-001__R1-001__0696,GPA-001__R2-001__R1-001,02_inputs_xml_flat/GPA-001__R2-001__R1-001__0696.xml,PASS,INFO,R1.D01=SI;R1.D02=SI;R2.D01=SI;R2.D02=SI;R2.D03=SI,MUNICIPIO30613,MUNICIPIO_SIN_CN_TRAB,Si,No,30613,,Regla 2 coherente para validaciones implementadas.
GPA-001__R2-001__R1-001__0697,GPA-001__R2-001__R1-001,02_inputs_xml_flat/GPA-001__R2-001__R1-001__0697.xml,PASS,INFO,R1.D01=SI;R1.D02=SI;R2.D01=SI;R2.D02=SI;R2.D03=SI,MUNICIPIO30611,MUNICIPIO_SIN_CN_TRAB,Si,No,30611,,Regla 2 coherente para validaciones implementadas.
GPA-001__R2-001__R1-001__0698,GPA-001__R2-001__R1-001,02_inputs_xml_flat/GPA-001__R2-001__R1-001__0698.xml,PASS,INFO,R1.D01=SI;R1.D02=SI;R2.D01=SI;R2.D02=SI;R2.D03=SI,MUNICIPIO30612,MUNICIPIO_SIN_CN_TRAB,Si,No,30612,,Regla 2 coherente para validaciones implementadas.
GPA-001__R2-001__R1-001__0699,GPA-001__R2-001__R1-001,02_inputs_xml_flat/GPA-001__R2-001__R1-001__0699.xml,PASS,INFO,R1.D01=SI;R1.D02=SI;R2.D01=SI;R2.D02=SI;R2.D03=SI,MUNICIPIO30613,MUNICIPIO_SIN_CN_TRAB,Si,No,30613,,Regla 2 coherente para validaciones implementadas.
GPA-001__R2-001__R1-001__0700,GPA-001__R2-001__R1-001,02_inputs_xml_flat/GPA-001__R2-001__R1-001__0700.xml,PASS,INFO,R1.D01=SI;R1.D02=SI;R2.D01=SI;R2.D02=SI;R2.D03=SI,MUNICIPIO30611,MUNICIPIO_SIN_CN_TRAB,Si,No,30611,,Regla 2 coherente para validaciones implementadas.
GPA-001__R2-001__R1-001__0701,GPA-001__R2-001__R1-001,02_inputs_xml_flat/GPA-001__R2-001__R1-001__0701.xml,PASS,INFO,R1.D01=SI;R1.D02=SI;R2.D01=SI;R2.D02=SI;R2.D03=SI,MUNICIPIO30612,MUNICIPIO_SIN_CN_TRAB,Si,No,30612,,Regla 2 coherente para validaciones implementadas.
GPA-001__R2-001__R1-001__0702,GPA-001__R2-001__R1-001,02_inputs_xml_flat/GPA-001__R2-001__R1-001__0702.xml,PASS,INFO,R1.D01=SI;R1.D02=SI;R2.D01=SI;R2.D02=SI;R2.D03=SI,MUNICIPIO30613,MUNICIPIO_SIN_CN_TRAB,Si,No,30613,,Regla 2 coherente para validaciones implementadas.
GPA-001__R2-001__R1-001__0703,GPA-001__R2-001__R1-001,02_inputs_xml_flat/GPA-001__R2-001__R1-001__0703.xml,PASS,INFO,R1.D01=SI;R1.D02=SI;R2.D01=SI;R2.D02=SI;R2.D03=SI,MUNICIPIO30611,MUNICIPIO_SIN_CN_TRAB,Si,No,30611,,Regla 2 coherente para validaciones implementadas.
GPA-001__R2-001__R1-001__0704,GPA-001__R2-001__R1-001,02_inputs_xml_flat/GPA-001__R2-001__R1-001__0704.xml,PASS,INFO,R1.D01=SI;R1.D02=SI;R2.D01=SI;R2.D02=SI;R2.D03=SI,MUNICIPIO30612,MUNICIPIO_SIN_CN_TRAB,Si,No,30612,,Regla 2 coherente para validaciones implementadas.
GPA-001__R2-001__R1-001__0705,GPA-001__R2-001__R1-001,02_inputs_xml_flat/GPA-001__R2-001__R1-001__0705.xml,PASS,INFO,R1.D01=SI;R1.D02=SI;R2.D01=SI;R2.D02=SI;R2.D03=SI,MUNICIPIO30613,MUNICIPIO_SIN_CN_TRAB,Si,No,30613,,Regla 2 coherente para validaciones implementadas.
GPA-001__R2-001__R1-001__0706,GPA-001__R2-001__R1-001,02_inputs_xml_flat/GPA-001__R2-001__R1-001__0706.xml,PASS,INFO,R1.D01=SI;R1.D02=SI;R2.D01=SI;R2.D02=SI;R2.D03=SI,MUNICIPIO30611,MUNICIPIO_SIN_CN_TRAB,Si,No,30611,,Regla 2 coherente para validaciones implementadas.
GPA-001__R2-001__R1-001__0707,GPA-001__R2-001__R1-001,02_inputs_xml_flat/GPA-001__R2-001__R1-001__0707.xml,PASS,INFO,R1.D01=SI;R1.D02=SI;R2.D01=SI;R2.D02=SI;R2.D03=SI,MUNICIPIO30612,MUNICIPIO_SIN_CN_TRAB,Si,No,30612,,Regla 2 coherente para validaciones implementadas.
GPA-001__R2-001__R1-001__0708,GPA-001__R2-001__R1-001,02_inputs_xml_flat/GPA-001__R2-001__R1-001__0708.xml,PASS,INFO,R1.D01=SI;R1.D02=SI;R2.D01=SI;R2.D02=SI;R2.D03=SI,MUNICIPIO30613,MUNICIPIO_SIN_CN_TRAB,Si,No,30613,,Regla 2 coherente para validaciones implementadas.
GPA-001__R2-001__R1-001__0709,GPA-001__R2-001__R1-001,02_inputs_xml_flat/GPA-001__R2-001__R1-001__0709.xml,PASS,INFO,R1.D01=SI;R1.D02=SI;R2.D01=SI;R2.D02=SI;R2.D03=SI,MUNICIPIO30611,MUNICIPIO_SIN_CN_TRAB,Si,No,30611,,Regla 2 coherente para validaciones implementadas.
GPA-001__R2-001__R1-001__0710,GPA-001__R2-001__R1-001,02_inputs_xml_flat/GPA-001__R2-001__R1-001__0710.xml,PASS,INFO,R1.D01=SI;R1.D02=SI;R2.D01=SI;R2.D02=SI;R2.D03=SI,MUNICIPIO30612,MUNICIPIO_SIN_CN_TRAB,Si,No,30612,,Regla 2 coherente para validaciones implementadas.
GPA-001__R2-001__R1-001__0711,GPA-001__R2-001__R1-001,02_inputs_xml_flat/GPA-001__R2-001__R1-001__0711.xml,PASS,INFO,R1.D01=SI;R1.D02=SI;R2.D01=SI;R2.D02=SI;R2.D03=SI,MUNICIPIO30613,MUNICIPIO_SIN_CN_TRAB,Si,No,30613,,Regla 2 coherente para validaciones implementadas.
GPA-001__R2-001__R1-001__0712,GPA-001__R2-001__R1-001,02_inputs_xml_flat/GPA-001__R2-001__R1-001__0712.xml,PASS,INFO,R1.D01=SI;R1.D02=SI;R2.D01=SI;R2.D02=SI;R2.D03=SI,MUNICIPIO30611,MUNICIPIO_SIN_CN_TRAB,Si,No,30611,,Regla 2 coherente para validaciones implementadas.
GPA-001__R2-001__R1-001__0713,GPA-001__R2-001__R1-001,02_inputs_xml_flat/GPA-001__R2-001__R1-001__0713.xml,PASS,INFO,R1.D01=SI;R1.D02=SI;R2.D01=SI;R2.D02=SI;R2.D03=SI,MUNICIPIO30612,MUNICIPIO_SIN_CN_TRAB,Si,No,30612,,Regla 2 coherente para validaciones implementadas.
GPA-001__R2-001__R1-001__0714,GPA-001__R2-001__R1-001,02_inputs_xml_flat/GPA-001__R2-001__R1-001__0714.xml,PASS,INFO,R1.D01=SI;R1.D02=SI;R2.D01=SI;R2.D02=SI;R2.D03=SI,MUNICIPIO30613,MUNICIPIO_SIN_CN_TRAB,Si,No,30613,,Regla 2 coherente para validaciones implementadas.
GPA-001__R2-001__R1-001__0715,GPA-001__R2-001__R1-001,02_inputs_xml_flat/GPA-001__R2-001__R1-001__0715.xml,PASS,INFO,R1.D01=SI;R1.D02=SI;R2.D01=SI;R2.D02=SI;R2.D03=SI,MUNICIPIO30611,MUNICIPIO_SIN_CN_TRAB,Si,No,30611,,Regla 2 coherente para validaciones implementadas.
GPA-001__R2-001__R1-001__0716,GPA-001__R2-001__R1-001,02_inputs_xml_flat/GPA-001__R2-001__R1-001__0716.xml,PASS,INFO,R1.D01=SI;R1.D02=SI;R2.D01=SI;R2.D02=SI;R2.D03=SI,MUNICIPIO30612,MUNICIPIO_SIN_CN_TRAB,Si,No,30612,,Regla 2 coherente para validaciones implementadas.
GPA-001__R2-001__R1-001__0717,GPA-001__R2-001__R1-001,02_inputs_xml_flat/GPA-001__R2-001__R1-001__0717.xml,PASS,INFO,R1.D01=SI;R1.D02=SI;R2.D01=SI;R2.D02=SI;R2.D03=SI,MUNICIPIO30613,MUNICIPIO_SIN_CN_TRAB,Si,No,30613,,Regla 2 coherente para validaciones implementadas.
GPA-001__R2-001__R1-001__0718,GPA-001__R2-001__R1-001,02_inputs_xml_flat/GPA-001__R2-001__R1-001__0718.xml,PASS,INFO,R1.D01=SI;R1.D02=SI;R2.D01=SI;R2.D02=SI;R2.D03=SI,MUNICIPIO30611,MUNICIPIO_SIN_CN_TRAB,Si,No,30611,,Regla 2 coherente para validaciones implementadas.
GPA-001__R2-001__R1-001__0719,GPA-001__R2-001__R1-001,02_inputs_xml_flat/GPA-001__R2-001__R1-001__0719.xml,PASS,INFO,R1.D01=SI;R1.D02=SI;R2.D01=SI;R2.D02=SI;R2.D03=SI,MUNICIPIO30612,MUNICIPIO_SIN_CN_TRAB,Si,No,30612,,Regla 2 coherente para validaciones implementadas.
GPA-001__R2-001__R1-001__0720,GPA-001__R2-001__R1-001,02_inputs_xml_flat/GPA-001__R2-001__R1-001__0720.xml,PASS,INFO,R1.D01=SI;R1.D02=SI;R2.D01=SI;R2.D02=SI;R2.D03=SI,MUNICIPIO30613,MUNICIPIO_SIN_CN_TRAB,Si,No,30613,,Regla 2 coherente para validaciones implementadas.
GPA-001__R2-001__R1-001__0721,GPA-001__R2-001__R1-001,02_inputs_xml_flat/GPA-001__R2-001__R1-001__0721.xml,PASS,INFO,R1.D01=SI;R1.D02=SI;R2.D01=SI;R2.D02=SI;R2.D03=SI,MUNICIPIO30611,MUNICIPIO_SIN_CN_TRAB,Si,No,30611,,Regla 2 coherente para validaciones implementadas.
GPA-001__R2-001__R1-001__0722,GPA-001__R2-001__R1-001,02_inputs_xml_flat/GPA-001__R2-001__R1-001__0722.xml,PASS,INFO,R1.D01=SI;R1.D02=SI;R2.D01=SI;R2.D02=SI;R2.D03=SI,MUNICIPIO30612,MUNICIPIO_SIN_CN_TRAB,Si,No,30612,,Regla 2 coherente para validaciones implementadas.
GPA-001__R2-001__R1-001__0723,GPA-001__R2-001__R1-001,02_inputs_xml_flat/GPA-001__R2-001__R1-001__0723.xml,PASS,INFO,R1.D01=SI;R1.D02=SI;R2.D01=SI;R2.D02=SI;R2.D03=SI,MUNICIPIO30613,MUNICIPIO_SIN_CN_TRAB,Si,No,30613,,Regla 2 coherente para validaciones implementadas.
GPA-001__R2-001__R1-001__0724,GPA-001__R2-001__R1-001,02_inputs_xml_flat/GPA-001__R2-001__R1-001__0724.xml,PASS,INFO,R1.D01=SI;R1.D02=SI;R2.D01=SI;R2.D02=SI;R2.D03=SI,MUNICIPIO30611,MUNICIPIO_SIN_CN_TRAB,Si,No,30611,,Regla 2 coherente para validaciones implementadas.
GPA-001__R2-001__R1-001__0725,GPA-001__R2-001__R1-001,02_inputs_xml_flat/GPA-001__R2-001__R1-001__0725.xml,PASS,INFO,R1.D01=SI;R1.D02=SI;R2.D01=SI;R2.D02=SI;R2.D03=SI,MUNICIPIO30612,MUNICIPIO_SIN_CN_TRAB,Si,No,30612,,Regla 2 coherente para validaciones implementadas.
GPA-001__R2-001__R1-001__0726,GPA-001__R2-001__R1-001,02_inputs_xml_flat/GPA-001__R2-001__R1-001__0726.xml,PASS,INFO,R1.D01=SI;R1.D02=SI;R2.D01=SI;R2.D02=SI;R2.D03=SI,MUNICIPIO30613,MUNICIPIO_SIN_CN_TRAB,Si,No,30613,,Regla 2 coherente para validaciones implementadas.
GPA-001__R2-001__R1-001__0727,GPA-001__R2-001__R1-001,02_inputs_xml_flat/GPA-001__R2-001__R1-001__0727.xml,PASS,INFO,R1.D01=SI;R1.D02=SI;R2.D01=SI;R2.D02=SI;R2.D03=SI,MUNICIPIO30611,MUNICIPIO_SIN_CN_TRAB,Si,No,30611,,Regla 2 coherente para validaciones implementadas.
GPA-001__R2-001__R1-001__0728,GPA-001__R2-001__R1-001,02_inputs_xml_flat/GPA-001__R2-001__R1-001__0728.xml,PASS,INFO,R1.D01=SI;R1.D02=SI;R2.D01=SI;R2.D02=SI;R2.D03=SI,MUNICIPIO30612,MUNICIPIO_SIN_CN_TRAB,Si,No,30612,,Regla 2 coherente para validaciones implementadas.
GPA-001__R2-001__R1-001__0729,GPA-001__R2-001__R1-001,02_inputs_xml_flat/GPA-001__R2-001__R1-001__0729.xml,PASS,INFO,R1.D01=SI;R1.D02=SI;R2.D01=SI;R2.D02=SI;R2.D03=SI,MUNICIPIO30613,MUNICIPIO_SIN_CN_TRAB,Si,No,30613,,Regla 2 coherente para validaciones implementadas.
GPA-001__R2-001__R1-001__0730,GPA-001__R2-001__R1-001,02_inputs_xml_flat/GPA-001__R2-001__R1-001__0730.xml,PASS,INFO,R1.D01=SI;R1.D02=SI;R2.D01=SI;R2.D02=SI;R2.D03=SI,MUNICIPIO30611,MUNICIPIO_SIN_CN_TRAB,Si,No,30611,,Regla 2 coherente para validaciones implementadas.
GPA-001__R2-001__R1-001__0731,GPA-001__R2-001__R1-001,02_inputs_xml_flat/GPA-001__R2-001__R1-001__0731.xml,PASS,INFO,R1.D01=SI;R1.D02=SI;R2.D01=SI;R2.D02=SI;R2.D03=SI,MUNICIPIO30612,MUNICIPIO_SIN_CN_TRAB,Si,No,30612,,Regla 2 coherente para validaciones implementadas.
GPA-001__R2-001__R1-001__0732,GPA-001__R2-001__R1-001,02_inputs_xml_flat/GPA-001__R2-001__R1-001__0732.xml,PASS,INFO,R1.D01=SI;R1.D02=SI;R2.D01=SI;R2.D02=SI;R2.D03=SI,MUNICIPIO30613,MUNICIPIO_SIN_CN_TRAB,Si,No,30613,,Regla 2 coherente para validaciones implementadas.
GPA-001__R2-001__R1-001__0733,GPA-001__R2-001__R1-001,02_inputs_xml_flat/GPA-001__R2-001__R1-001__0733.xml,PASS,INFO,R1.D01=SI;R1.D02=SI;R2.D01=SI;R2.D02=SI;R2.D03=SI,MUNICIPIO30611,MUNICIPIO_SIN_CN_TRAB,Si,No,30611,,Regla 2 coherente para validaciones implementadas.
GPA-001__R2-001__R1-001__0734,GPA-001__R2-001__R1-001,02_inputs_xml_flat/GPA-001__R2-001__R1-001__0734.xml,PASS,INFO,R1.D01=SI;R1.D02=SI;R2.D01=SI;R2.D02=SI;R2.D03=SI,MUNICIPIO30612,MUNICIPIO_SIN_CN_TRAB,Si,No,30612,,Regla 2 coherente para validaciones implementadas.
GPA-001__R2-001__R1-001__0735,GPA-001__R2-001__R1-001,02_inputs_xml_flat/GPA-001__R2-001__R1-001__0735.xml,PASS,INFO,R1.D01=SI;R1.D02=SI;R2.D01=SI;R2.D02=SI;R2.D03=SI,MUNICIPIO30613,MUNICIPIO_SIN_CN_TRAB,Si,No,30613,,Regla 2 coherente para validaciones implementadas.
GPA-001__R2-001__R1-001__0736,GPA-001__R2-001__R1-001,02_inputs_xml_flat/GPA-001__R2-001__R1-001__0736.xml,PASS,INFO,R1.D01=SI;R1.D02=SI;R2.D01=SI;R2.D02=SI;R2.D03=SI,MUNICIPIO30611,MUNICIPIO_SIN_CN_TRAB,Si,No,30611,,Regla 2 coherente para validaciones implementadas.
GPA-001__R2-001__R1-001__0737,GPA-001__R2-001__R1-001,02_inputs_xml_flat/GPA-001__R2-001__R1-001__0737.xml,PASS,INFO,R1.D01=SI;R1.D02=SI;R2.D01=SI;R2.D02=SI;R2.D03=SI,MUNICIPIO30612,MUNICIPIO_SIN_CN_TRAB,Si,No,30612,,Regla 2 coherente para validaciones implementadas.
GPA-001__R2-001__R1-001__0738,GPA-001__R2-001__R1-001,02_inputs_xml_flat/GPA-001__R2-001__R1-001__0738.xml,PASS,INFO,R1.D01=SI;R1.D02=SI;R2.D01=SI;R2.D02=SI;R2.D03=SI,MUNICIPIO30613,MUNICIPIO_SIN_CN_TRAB,Si,No,30613,,Regla 2 coherente para validaciones implementadas.
GPA-001__R2-001__R1-001__0739,GPA-001__R2-001__R1-001,02_inputs_xml_flat/GPA-001__R2-001__R1-001__0739.xml,PASS,INFO,R1.D01=SI;R1.D02=SI;R2.D01=SI;R2.D02=SI;R2.D03=SI,MUNICIPIO30611,MUNICIPIO_SIN_CN_TRAB,Si,No,30611,,Regla 2 coherente para validaciones implementadas.
GPA-001__R2-001__R1-001__0740,GPA-001__R2-001__R1-001,02_inputs_xml_flat/GPA-001__R2-001__R1-001__0740.xml,PASS,INFO,R1.D01=SI;R1.D02=SI;R2.D01=SI;R2.D02=SI;R2.D03=SI,MUNICIPIO30612,MUNICIPIO_SIN_CN_TRAB,Si,No,30612,,Regla 2 coherente para validaciones implementadas.
GPA-001__R2-001__R1-001__0741,GPA-001__R2-001__R1-001,02_inputs_xml_flat/GPA-001__R2-001__R1-001__0741.xml,PASS,INFO,R1.D01=SI;R1.D02=SI;R2.D01=SI;R2.D02=SI;R2.D03=SI,MUNICIPIO30613,MUNICIPIO_SIN_CN_TRAB,Si,No,30613,,Regla 2 coherente para validaciones implementadas.
GPA-001__R2-001__R1-001__0742,GPA-001__R2-001__R1-001,02_inputs_xml_flat/GPA-001__R2-001__R1-001__0742.xml,PASS,INFO,R1.D01=SI;R1.D02=SI;R2.D01=SI;R2.D02=SI;R2.D03=SI,MUNICIPIO30611,MUNICIPIO_SIN_CN_TRAB,Si,No,30611,,Regla 2 coherente para validaciones implementadas.
GPA-001__R2-001__R1-001__0743,GPA-001__R2-001__R1-001,02_inputs_xml_flat/GPA-001__R2-001__R1-001__0743.xml,PASS,INFO,R1.D01=SI;R1.D02=SI;R2.D01=SI;R2.D02=SI;R2.D03=SI,MUNICIPIO30612,MUNICIPIO_SIN_CN_TRAB,Si,No,30612,,Regla 2 coherente para validaciones implementadas.
GPA-001__R2-001__R1-001__0744,GPA-001__R2-001__R1-001,02_inputs_xml_flat/GPA-001__R2-001__R1-001__0744.xml,PASS,INFO,R1.D01=SI;R1.D02=SI;R2.D01=SI;R2.D02=SI;R2.D03=SI,MUNICIPIO30613,MUNICIPIO_SIN_CN_TRAB,Si,No,30613,,Regla 2 coherente para validaciones implementadas.
GPA-001__R2-001__R1-001__0745,GPA-001__R2-001__R1-001,02_inputs_xml_flat/GPA-001__R2-001__R1-001__0745.xml,PASS,INFO,R1.D01=SI;R1.D02=SI;R2.D01=SI;R2.D02=SI;R2.D03=SI,MUNICIPIO30611,MUNICIPIO_SIN_CN_TRAB,Si,No,30611,,Regla 2 coherente para validaciones implementadas.
GPA-001__R2-001__R1-001__0746,GPA-001__R2-001__R1-001,02_inputs_xml_flat/GPA-001__R2-001__R1-001__0746.xml,PASS,INFO,R1.D01=SI;R1.D02=SI;R2.D01=SI;R2.D02=SI;R2.D03=SI,MUNICIPIO30612,MUNICIPIO_SIN_CN_TRAB,Si,No,30612,,Regla 2 coherente para validaciones implementadas.
GPA-001__R2-001__R1-001__0747,GPA-001__R2-001__R1-001,02_inputs_xml_flat/GPA-001__R2-001__R1-001__0747.xml,PASS,INFO,R1.D01=SI;R1.D02=SI;R2.D01=SI;R2.D02=SI;R2.D03=SI,MUNICIPIO30613,MUNICIPIO_SIN_CN_TRAB,Si,No,30613,,Regla 2 coherente para validaciones implementadas.
GPA-001__R2-001__R1-001__0748,GPA-001__R2-001__R1-001,02_inputs_xml_flat/GPA-001__R2-001__R1-001__0748.xml,PASS,INFO,R1.D01=SI;R1.D02=SI;R2.D01=SI;R2.D02=SI;R2.D03=SI,MUNICIPIO30611,MUNICIPIO_SIN_CN_TRAB,Si,No,30611,,Regla 2 coherente para validaciones implementadas.
GPA-001__R2-001__R1-001__0749,GPA-001__R2-001__R1-001,02_inputs_xml_flat/GPA-001__R2-001__R1-001__0749.xml,PASS,INFO,R1.D01=SI;R1.D02=SI;R2.D01=SI;R2.D02=SI;R2.D03=SI,MUNICIPIO30612,MUNICIPIO_SIN_CN_TRAB,Si,No,30612,,Regla 2 coherente para validaciones implementadas.
GPA-001__R2-001__R1-001__0750,GPA-001__R2-001__R1-001,02_inputs_xml_flat/GPA-001__R2-001__R1-001__0750.xml,PASS,INFO,R1.D01=SI;R1.D02=SI;R2.D01=SI;R2.D02=SI;R2.D03=SI,MUNICIPIO30613,MUNICIPIO_SIN_CN_TRAB,Si,No,30613,,Regla 2 coherente para validaciones implementadas.
GPA-001__R2-001__R1-001__0751,GPA-001__R2-001__R1-001,02_inputs_xml_flat/GPA-001__R2-001__R1-001__0751.xml,PASS,INFO,R1.D01=SI;R1.D02=SI;R2.D01=SI;R2.D02=SI;R2.D03=SI,MUNICIPIO30611,MUNICIPIO_SIN_CN_TRAB,Si,No,30611,,Regla 2 coherente para validaciones implementadas.
GPA-001__R2-001__R1-001__0752,GPA-001__R2-001__R1-001,02_inputs_xml_flat/GPA-001__R2-001__R1-001__0752.xml,PASS,INFO,R1.D01=SI;R1.D02=SI;R2.D01=SI;R2.D02=SI;R2.D03=SI,MUNICIPIO30612,MUNICIPIO_SIN_CN_TRAB,Si,No,30612,,Regla 2 coherente para validaciones implementadas.
GPA-001__R2-001__R1-001__0753,GPA-001__R2-001__R1-001,02_inputs_xml_flat/GPA-001__R2-001__R1-001__0753.xml,PASS,INFO,R1.D01=SI;R1.D02=SI;R2.D01=SI;R2.D02=SI;R2.D03=SI,MUNICIPIO30613,MUNICIPIO_SIN_CN_TRAB,Si,No,30613,,Regla 2 coherente para validaciones implementadas.
GPA-001__R2-001__R1-001__0754,GPA-001__R2-001__R1-001,02_inputs_xml_flat/GPA-001__R2-001__R1-001__0754.xml,PASS,INFO,R1.D01=SI;R1.D02=SI;R2.D01=SI;R2.D02=SI;R2.D03=SI,MUNICIPIO30611,MUNICIPIO_SIN_CN_TRAB,Si,No,30611,,Regla 2 coherente para validaciones implementadas.
GPA-001__R2-001__R1-001__0755,GPA-001__R2-001__R1-001,02_inputs_xml_flat/GPA-001__R2-001__R1-001__0755.xml,PASS,INFO,R1.D01=SI;R1.D02=SI;R2.D01=SI;R2.D02=SI;R2.D03=SI,MUNICIPIO30612,MUNICIPIO_SIN_CN_TRAB,Si,No,30612,,Regla 2 coherente para validaciones implementadas.
GPA-001__R2-001__R1-001__0756,GPA-001__R2-001__R1-001,02_inputs_xml_flat/GPA-001__R2-001__R1-001__0756.xml,PASS,INFO,R1.D01=SI;R1.D02=SI;R2.D01=SI;R2.D02=SI;R2.D03=SI,MUNICIPIO30613,MUNICIPIO_SIN_CN_TRAB,Si,No,30613,,Regla 2 coherente para validaciones implementadas.
GPA-001__R2-001__R1-001__0757,GPA-001__R2-001__R1-001,02_inputs_xml_flat/GPA-001__R2-001__R1-001__0757.xml,PASS,INFO,R1.D01=SI;R1.D02=SI;R2.D01=SI;R2.D02=SI;R2.D03=SI,MUNICIPIO30611,MUNICIPIO_SIN_CN_TRAB,Si,No,30611,,Regla 2 coherente para validaciones implementadas.
GPA-001__R2-001__R1-001__0758,GPA-001__R2-001__R1-001,02_inputs_xml_flat/GPA-001__R2-001__R1-001__0758.xml,PASS,INFO,R1.D01=SI;R1.D02=SI;R2.D01=SI;R2.D02=SI;R2.D03=SI,MUNICIPIO30612,MUNICIPIO_SIN_CN_TRAB,Si,No,30612,,Regla 2 coherente para validaciones implementadas.
GPA-001__R2-001__R1-001__0759,GPA-001__R2-001__R1-001,02_inputs_xml_flat/GPA-001__R2-001__R1-001__0759.xml,PASS,INFO,R1.D01=SI;R1.D02=SI;R2.D01=SI;R2.D02=SI;R2.D03=SI,MUNICIPIO30613,MUNICIPIO_SIN_CN_TRAB,Si,No,30613,,Regla 2 coherente para validaciones implementadas.
GPA-001__R2-001__R1-001__0760,GPA-001__R2-001__R1-001,02_inputs_xml_flat/GPA-001__R2-001__R1-001__0760.xml,PASS,INFO,R1.D01=SI;R1.D02=SI;R2.D01=SI;R2.D02=SI;R2.D03=SI,MUNICIPIO30611,MUNICIPIO_SIN_CN_TRAB,Si,No,30611,,Regla 2 coherente para validaciones implementadas.
GPA-001__R2-001__R1-001__0761,GPA-001__R2-001__R1-001,02_inputs_xml_flat/GPA-001__R2-001__R1-001__0761.xml,PASS,INFO,R1.D01=SI;R1.D02=SI;R2.D01=SI;R2.D02=SI;R2.D03=SI,MUNICIPIO30612,MUNICIPIO_SIN_CN_TRAB,Si,No,30612,,Regla 2 coherente para validaciones implementadas.
GPA-001__R2-001__R1-001__0762,GPA-001__R2-001__R1-001,02_inputs_xml_flat/GPA-001__R2-001__R1-001__0762.xml,PASS,INFO,R1.D01=SI;R1.D02=SI;R2.D01=SI;R2.D02=SI;R2.D03=SI,MUNICIPIO30613,MUNICIPIO_SIN_CN_TRAB,Si,No,30613,,Regla 2 coherente para validaciones implementadas.
GPA-001__R2-001__R1-001__0763,GPA-001__R2-001__R1-001,02_inputs_xml_flat/GPA-001__R2-001__R1-001__0763.xml,PASS,INFO,R1.D01=SI;R1.D02=SI;R2.D01=SI;R2.D02=SI;R2.D03=SI,MUNICIPIO30611,MUNICIPIO_SIN_CN_TRAB,Si,No,30611,,Regla 2 coherente para validaciones implementadas.
GPA-001__R2-001__R1-001__0764,GPA-001__R2-001__R1-001,02_inputs_xml_flat/GPA-001__R2-001__R1-001__0764.xml,PASS,INFO,R1.D01=SI;R1.D02=SI;R2.D01=SI;R2.D02=SI;R2.D03=SI,MUNICIPIO30612,MUNICIPIO_SIN_CN_TRAB,Si,No,30612,,Regla 2 coherente para validaciones implementadas.
GPA-001__R2-001__R1-001__0765,GPA-001__R2-001__R1-001,02_inputs_xml_flat/GPA-001__R2-001__R1-001__0765.xml,PASS,INFO,R1.D01=SI;R1.D02=SI;R2.D01=SI;R2.D02=SI;R2.D03=SI,MUNICIPIO30613,MUNICIPIO_SIN_CN_TRAB,Si,No,30613,,Regla 2 coherente para validaciones implementadas.
GPA-001__R2-001__R1-001__0766,GPA-001__R2-001__R1-001,02_inputs_xml_flat/GPA-001__R2-001__R1-001__0766.xml,PASS,INFO,R1.D01=SI;R1.D02=SI;R2.D01=SI;R2.D02=SI;R2.D03=SI,MUNICIPIO30611,MUNICIPIO_SIN_CN_TRAB,Si,No,30611,,Regla 2 coherente para validaciones implementadas.
GPA-001__R2-001__R1-001__0767,GPA-001__R2-001__R1-001,02_inputs_xml_flat/GPA-001__R2-001__R1-001__0767.xml,PASS,INFO,R1.D01=SI;R1.D02=SI;R2.D01=SI;R2.D02=SI;R2.D03=SI,MUNICIPIO30612,MUNICIPIO_SIN_CN_TRAB,Si,No,30612,,Regla 2 coherente para validaciones implementadas.
GPA-001__R2-001__R1-001__0768,GPA-001__R2-001__R1-001,02_inputs_xml_flat/GPA-001__R2-001__R1-001__0768.xml,PASS,INFO,R1.D01=SI;R1.D02=SI;R2.D01=SI;R2.D02=SI;R2.D03=SI,MUNICIPIO30613,MUNICIPIO_SIN_CN_TRAB,Si,No,30613,,Regla 2 coherente para validaciones implementadas.
GPA-001__R2-001__R1-001__0769,GPA-001__R2-001__R1-001,02_inputs_xml_flat/GPA-001__R2-001__R1-001__0769.xml,PASS,INFO,R1.D01=SI;R1.D02=SI;R2.D01=SI;R2.D02=SI;R2.D03=SI,MUNICIPIO30611,MUNICIPIO_SIN_CN_TRAB,Si,No,30611,,Regla 2 coherente para validaciones implementadas.
GPA-001__R2-001__R1-001__0770,GPA-001__R2-001__R1-001,02_inputs_xml_flat/GPA-001__R2-001__R1-001__0770.xml,PASS,INFO,R1.D01=SI;R1.D02=SI;R2.D01=SI;R2.D02=SI;R2.D03=SI,MUNICIPIO30612,MUNICIPIO_SIN_CN_TRAB,Si,No,30612,,Regla 2 coherente para validaciones implementadas.
GPA-001__R2-001__R1-001__0771,GPA-001__R2-001__R1-001,02_inputs_xml_flat/GPA-001__R2-001__R1-001__0771.xml,PASS,INFO,R1.D01=SI;R1.D02=SI;R2.D01=SI;R2.D02=SI;R2.D03=SI,MUNICIPIO30613,MUNICIPIO_SIN_CN_TRAB,Si,No,30613,,Regla 2 coherente para validaciones implementadas.
GPA-001__R2-001__R1-001__0772,GPA-001__R2-001__R1-001,02_inputs_xml_flat/GPA-001__R2-001__R1-001__0772.xml,PASS,INFO,R1.D01=SI;R1.D02=SI;R2.D01=SI;R2.D02=SI;R2.D03=SI,MUNICIPIO30611,MUNICIPIO_SIN_CN_TRAB,Si,No,30611,,Regla 2 coherente para validaciones implementadas.
GPA-001__R2-001__R1-001__0773,GPA-001__R2-001__R1-001,02_inputs_xml_flat/GPA-001__R2-001__R1-001__0773.xml,PASS,INFO,R1.D01=SI;R1.D02=SI;R2.D01=SI;R2.D02=SI;R2.D03=SI,MUNICIPIO30612,MUNICIPIO_SIN_CN_TRAB,Si,No,30612,,Regla 2 coherente para validaciones implementadas.
GPA-001__R2-001__R1-001__0774,GPA-001__R2-001__R1-001,02_inputs_xml_flat/GPA-001__R2-001__R1-001__0774.xml,PASS,INFO,R1.D01=SI;R1.D02=SI;R2.D01=SI;R2.D02=SI;R2.D03=SI,MUNICIPIO30613,MUNICIPIO_SIN_CN_TRAB,Si,No,30613,,Regla 2 coherente para validaciones implementadas.
GPA-001__R2-001__R1-001__0775,GPA-001__R2-001__R1-001,02_inputs_xml_flat/GPA-001__R2-001__R1-001__0775.xml,PASS,INFO,R1.D01=SI;R1.D02=SI;R2.D01=SI;R2.D02=SI;R2.D03=SI,MUNICIPIO30611,MUNICIPIO_SIN_CN_TRAB,Si,No,30611,,Regla 2 coherente para validaciones implementadas.
GPA-001__R2-001__R1-001__0776,GPA-001__R2-001__R1-001,02_inputs_xml_flat/GPA-001__R2-001__R1-001__0776.xml,PASS,INFO,R1.D01=SI;R1.D02=SI;R2.D01=SI;R2.D02=SI;R2.D03=SI,MUNICIPIO30612,MUNICIPIO_SIN_CN_TRAB,Si,No,30612,,Regla 2 coherente para validaciones implementadas.
GPA-001__R2-001__R1-001__0777,GPA-001__R2-001__R1-001,02_inputs_xml_flat/GPA-001__R2-001__R1-001__0777.xml,PASS,INFO,R1.D01=SI;R1.D02=SI;R2.D01=SI;R2.D02=SI;R2.D03=SI,MUNICIPIO30613,MUNICIPIO_SIN_CN_TRAB,Si,No,30613,,Regla 2 coherente para validaciones implementadas.
GPA-001__R2-001__R1-001__0778,GPA-001__R2-001__R1-001,02_inputs_xml_flat/GPA-001__R2-001__R1-001__0778.xml,PASS,INFO,R1.D01=SI;R1.D02=SI;R2.D01=SI;R2.D02=SI;R2.D03=SI,MUNICIPIO30611,MUNICIPIO_SIN_CN_TRAB,Si,No,30611,,Regla 2 coherente para validaciones implementadas.
GPA-001__R2-001__R1-001__0779,GPA-001__R2-001__R1-001,02_inputs_xml_flat/GPA-001__R2-001__R1-001__0779.xml,PASS,INFO,R1.D01=SI;R1.D02=SI;R2.D01=SI;R2.D02=SI;R2.D03=SI,MUNICIPIO30612,MUNICIPIO_SIN_CN_TRAB,Si,No,30612,,Regla 2 coherente para validaciones implementadas.
GPA-001__R2-001__R1-001__0780,GPA-001__R2-001__R1-001,02_inputs_xml_flat/GPA-001__R2-001__R1-001__0780.xml,PASS,INFO,R1.D01=SI;R1.D02=SI;R2.D01=SI;R2.D02=SI;R2.D03=SI,MUNICIPIO30613,MUNICIPIO_SIN_CN_TRAB,Si,No,30613,,Regla 2 coherente para validaciones implementadas.
GPA-001__R2-001__R1-001__0781,GPA-001__R2-001__R1-001,02_inputs_xml_flat/GPA-001__R2-001__R1-001__0781.xml,PASS,INFO,R1.D01=SI;R1.D02=SI;R2.D01=SI;R2.D02=SI;R2.D03=SI,MUNICIPIO30611,MUNICIPIO_SIN_CN_TRAB,Si,No,30611,,Regla 2 coherente para validaciones implementadas.
GPA-001__R2-001__R1-001__0782,GPA-001__R2-001__R1-001,02_inputs_xml_flat/GPA-001__R2-001__R1-001__0782.xml,PASS,INFO,R1.D01=SI;R1.D02=SI;R2.D01=SI;R2.D02=SI;R2.D03=SI,MUNICIPIO30612,MUNICIPIO_SIN_CN_TRAB,Si,No,30612,,Regla 2 coherente para validaciones implementadas.
GPA-001__R2-001__R1-001__0783,GPA-001__R2-001__R1-001,02_inputs_xml_flat/GPA-001__R2-001__R1-001__0783.xml,PASS,INFO,R1.D01=SI;R1.D02=SI;R2.D01=SI;R2.D02=SI;R2.D03=SI,MUNICIPIO30613,MUNICIPIO_SIN_CN_TRAB,Si,No,30613,,Regla 2 coherente para validaciones implementadas.
GPA-001__R2-001__R1-001__0784,GPA-001__R2-001__R1-001,02_inputs_xml_flat/GPA-001__R2-001__R1-001__0784.xml,PASS,INFO,R1.D01=SI;R1.D02=SI;R2.D01=SI;R2.D02=SI;R2.D03=SI,MUNICIPIO30611,MUNICIPIO_SIN_CN_TRAB,Si,No,30611,,Regla 2 coherente para validaciones implementadas.
GPA-001__R2-001__R1-001__0785,GPA-001__R2-001__R1-001,02_inputs_xml_flat/GPA-001__R2-001__R1-001__0785.xml,PASS,INFO,R1.D01=SI;R1.D02=SI;R2.D01=SI;R2.D02=SI;R2.D03=SI,MUNICIPIO30612,MUNICIPIO_SIN_CN_TRAB,Si,No,30612,,Regla 2 coherente para validaciones implementadas.
GPA-001__R2-001__R1-001__0786,GPA-001__R2-001__R1-001,02_inputs_xml_flat/GPA-001__R2-001__R1-001__0786.xml,PASS,INFO,R1.D01=SI;R1.D02=SI;R2.D01=SI;R2.D02=SI;R2.D03=SI,MUNICIPIO30613,MUNICIPIO_SIN_CN_TRAB,Si,No,30613,,Regla 2 coherente para validaciones implementadas.
GPA-001__R2-001__R1-001__0787,GPA-001__R2-001__R1-001,02_inputs_xml_flat/GPA-001__R2-001__R1-001__0787.xml,PASS,INFO,R1.D01=SI;R1.D02=SI;R2.D01=SI;R2.D02=SI;R2.D03=SI,MUNICIPIO30611,MUNICIPIO_SIN_CN_TRAB,Si,No,30611,,Regla 2 coherente para validaciones implementadas.
GPA-001__R2-001__R1-001__0788,GPA-001__R2-001__R1-001,02_inputs_xml_flat/GPA-001__R2-001__R1-001__0788.xml,PASS,INFO,R1.D01=SI;R1.D02=SI;R2.D01=SI;R2.D02=SI;R2.D03=SI,MUNICIPIO30612,MUNICIPIO_SIN_CN_TRAB,Si,No,30612,,Regla 2 coherente para validaciones implementadas.
GPA-001__R2-001__R1-001__0789,GPA-001__R2-001__R1-001,02_inputs_xml_flat/GPA-001__R2-001__R1-001__0789.xml,PASS,INFO,R1.D01=SI;R1.D02=SI;R2.D01=SI;R2.D02=SI;R2.D03=SI,MUNICIPIO30613,MUNICIPIO_SIN_CN_TRAB,Si,No,30613,,Regla 2 coherente para validaciones implementadas.
GPA-001__R2-001__R1-001__0790,GPA-001__R2-001__R1-001,02_inputs_xml_flat/GPA-001__R2-001__R1-001__0790.xml,PASS,INFO,R1.D01=SI;R1.D02=SI;R2.D01=SI;R2.D02=SI;R2.D03=SI,MUNICIPIO30611,MUNICIPIO_SIN_CN_TRAB,Si,No,30611,,Regla 2 coherente para validaciones implementadas.
GPA-001__R2-001__R1-001__0791,GPA-001__R2-001__R1-001,02_inputs_xml_flat/GPA-001__R2-001__R1-001__0791.xml,PASS,INFO,R1.D01=SI;R1.D02=SI;R2.D01=SI;R2.D02=SI;R2.D03=SI,MUNICIPIO30612,MUNICIPIO_SIN_CN_TRAB,Si,No,30612,,Regla 2 coherente para validaciones implementadas.
GPA-001__R2-001__R1-001__0792,GPA-001__R2-001__R1-001,02_inputs_xml_flat/GPA-001__R2-001__R1-001__0792.xml,PASS,INFO,R1.D01=SI;R1.D02=SI;R2.D01=SI;R2.D02=SI;R2.D03=SI,MUNICIPIO30613,MUNICIPIO_SIN_CN_TRAB,Si,No,30613,,Regla 2 coherente para validaciones implementadas.
GPA-001__R2-001__R1-001__0793,GPA-001__R2-001__R1-001,02_inputs_xml_flat/GPA-001__R2-001__R1-001__0793.xml,PASS,INFO,R1.D01=SI;R1.D02=SI;R2.D01=SI;R2.D02=SI;R2.D03=SI,MUNICIPIO30611,MUNICIPIO_SIN_CN_TRAB,Si,No,30611,,Regla 2 coherente para validaciones implementadas.
GPA-001__R2-001__R1-001__0794,GPA-001__R2-001__R1-001,02_inputs_xml_flat/GPA-001__R2-001__R1-001__0794.xml,PASS,INFO,R1.D01=SI;R1.D02=SI;R2.D01=SI;R2.D02=SI;R2.D03=SI,MUNICIPIO30612,MUNICIPIO_SIN_CN_TRAB,Si,No,30612,,Regla 2 coherente para validaciones implementadas.
GPA-001__R2-001__R1-001__0795,GPA-001__R2-001__R1-001,02_inputs_xml_flat/GPA-001__R2-001__R1-001__0795.xml,PASS,INFO,R1.D01=SI;R1.D02=SI;R2.D01=SI;R2.D02=SI;R2.D03=SI,MUNICIPIO30613,MUNICIPIO_SIN_CN_TRAB,Si,No,30613,,Regla 2 coherente para validaciones implementadas.
GPA-001__R2-001__R1-001__0796,GPA-001__R2-001__R1-001,02_inputs_xml_flat/GPA-001__R2-001__R1-001__0796.xml,PASS,INFO,R1.D01=SI;R1.D02=SI;R2.D01=SI;R2.D02=SI;R2.D03=SI,MUNICIPIO30611,MUNICIPIO_SIN_CN_TRAB,Si,No,30611,,Regla 2 coherente para validaciones implementadas.
GPA-001__R2-001__R1-001__0797,GPA-001__R2-001__R1-001,02_inputs_xml_flat/GPA-001__R2-001__R1-001__0797.xml,PASS,INFO,R1.D01=SI;R1.D02=SI;R2.D01=SI;R2.D02=SI;R2.D03=SI,MUNICIPIO30612,MUNICIPIO_SIN_CN_TRAB,Si,No,30612,,Regla 2 coherente para validaciones implementadas.
GPA-001__R2-001__R1-001__0798,GPA-001__R2-001__R1-001,02_inputs_xml_flat/GPA-001__R2-001__R1-001__0798.xml,PASS,INFO,R1.D01=SI;R1.D02=SI;R2.D01=SI;R2.D02=SI;R2.D03=SI,MUNICIPIO30613,MUNICIPIO_SIN_CN_TRAB,Si,No,30613,,Regla 2 coherente para validaciones implementadas.
GPA-001__R2-001__R1-001__0799,GPA-001__R2-001__R1-001,02_inputs_xml_flat/GPA-001__R2-001__R1-001__0799.xml,PASS,INFO,R1.D01=SI;R1.D02=SI;R2.D01=SI;R2.D02=SI;R2.D03=SI,MUNICIPIO30611,MUNICIPIO_SIN_CN_TRAB,Si,No,30611,,Regla 2 coherente para validaciones implementadas.
GPA-001__R2-001__R1-001__0800,GPA-001__R2-001__R1-001,02_inputs_xml_flat/GPA-001__R2-001__R1-001__0800.xml,PASS,INFO,R1.D01=SI;R1.D02=SI;R2.D01=SI;R2.D02=SI;R2.D03=SI,MUNICIPIO30612,MUNICIPIO_SIN_CN_TRAB,Si,No,30612,,Regla 2 coherente para validaciones implementadas.
GPA-001__R2-001__R1-001__0801,GPA-001__R2-001__R1-001,02_inputs_xml_flat/GPA-001__R2-001__R1-001__0801.xml,PASS,INFO,R1.D01=SI;R1.D02=SI;R2.D01=SI;R2.D02=SI;R2.D03=SI,MUNICIPIO30613,MUNICIPIO_SIN_CN_TRAB,Si,No,30613,,Regla 2 coherente para validaciones implementadas.
GPA-001__R2-001__R1-001__0802,GPA-001__R2-001__R1-001,02_inputs_xml_flat/GPA-001__R2-001__R1-001__0802.xml,PASS,INFO,R1.D01=SI;R1.D02=SI;R2.D01=SI;R2.D02=SI;R2.D03=SI,MUNICIPIO30611,MUNICIPIO_SIN_CN_TRAB,Si,No,30611,,Regla 2 coherente para validaciones implementadas.
GPA-001__R2-001__R1-001__0803,GPA-001__R2-001__R1-001,02_inputs_xml_flat/GPA-001__R2-001__R1-001__0803.xml,PASS,INFO,R1.D01=SI;R1.D02=SI;R2.D01=SI;R2.D02=SI;R2.D03=SI,MUNICIPIO30612,MUNICIPIO_SIN_CN_TRAB,Si,No,30612,,Regla 2 coherente para validaciones implementadas.
GPA-001__R2-001__R1-001__0804,GPA-001__R2-001__R1-001,02_inputs_xml_flat/GPA-001__R2-001__R1-001__0804.xml,PASS,INFO,R1.D01=SI;R1.D02=SI;R2.D01=SI;R2.D02=SI;R2.D03=SI,MUNICIPIO30613,MUNICIPIO_SIN_CN_TRAB,Si,No,30613,,Regla 2 coherente para validaciones implementadas.
GPA-001__R2-001__R1-001__0805,GPA-001__R2-001__R1-001,02_inputs_xml_flat/GPA-001__R2-001__R1-001__0805.xml,PASS,INFO,R1.D01=SI;R1.D02=SI;R2.D01=SI;R2.D02=SI;R2.D03=SI,MUNICIPIO30611,MUNICIPIO_SIN_CN_TRAB,Si,No,30611,,Regla 2 coherente para validaciones implementadas.
GPA-001__R2-001__R1-001__0806,GPA-001__R2-001__R1-001,02_inputs_xml_flat/GPA-001__R2-001__R1-001__0806.xml,PASS,INFO,R1.D01=SI;R1.D02=SI;R2.D01=SI;R2.D02=SI;R2.D03=SI,MUNICIPIO30612,MUNICIPIO_SIN_CN_TRAB,Si,No,30612,,Regla 2 coherente para validaciones implementadas.
GPA-001__R2-001__R1-001__0807,GPA-001__R2-001__R1-001,02_inputs_xml_flat/GPA-001__R2-001__R1-001__0807.xml,PASS,INFO,R1.D01=SI;R1.D02=SI;R2.D01=SI;R2.D02=SI;R2.D03=SI,MUNICIPIO30613,MUNICIPIO_SIN_CN_TRAB,Si,No,30613,,Regla 2 coherente para validaciones implementadas.
GPA-001__R2-001__R1-001__0808,GPA-001__R2-001__R1-001,02_inputs_xml_flat/GPA-001__R2-001__R1-001__0808.xml,PASS,INFO,R1.D01=SI;R1.D02=SI;R2.D01=SI;R2.D02=SI;R2.D03=SI,MUNICIPIO30611,MUNICIPIO_SIN_CN_TRAB,Si,No,30611,,Regla 2 coherente para validaciones implementadas.
GPA-001__R2-001__R1-001__0809,GPA-001__R2-001__R1-001,02_inputs_xml_flat/GPA-001__R2-001__R1-001__0809.xml,PASS,INFO,R1.D01=SI;R1.D02=SI;R2.D01=SI;R2.D02=SI;R2.D03=SI,MUNICIPIO30612,MUNICIPIO_SIN_CN_TRAB,Si,No,30612,,Regla 2 coherente para validaciones implementadas.
GPA-001__R2-001__R1-001__0810,GPA-001__R2-001__R1-001,02_inputs_xml_flat/GPA-001__R2-001__R1-001__0810.xml,PASS,INFO,R1.D01=SI;R1.D02=SI;R2.D01=SI;R2.D02=SI;R2.D03=SI,MUNICIPIO30613,MUNICIPIO_SIN_CN_TRAB,Si,No,30613,,Regla 2 coherente para validaciones implementadas.
GPA-001__R2-001__R1-001__0811,GPA-001__R2-001__R1-001,02_inputs_xml_flat/GPA-001__R2-001__R1-001__0811.xml,PASS,INFO,R1.D01=SI;R1.D02=SI;R2.D01=SI;R2.D02=SI;R2.D03=SI,MUNICIPIO30611,MUNICIPIO_SIN_CN_TRAB,Si,No,30611,,Regla 2 coherente para validaciones implementadas.
GPA-001__R2-001__R1-001__0812,GPA-001__R2-001__R1-001,02_inputs_xml_flat/GPA-001__R2-001__R1-001__0812.xml,PASS,INFO,R1.D01=SI;R1.D02=SI;R2.D01=SI;R2.D02=SI;R2.D03=SI,MUNICIPIO30612,MUNICIPIO_SIN_CN_TRAB,Si,No,30612,,Regla 2 coherente para validaciones implementadas.
GPA-001__R2-001__R1-001__0813,GPA-001__R2-001__R1-001,02_inputs_xml_flat/GPA-001__R2-001__R1-001__0813.xml,PASS,INFO,R1.D01=SI;R1.D02=SI;R2.D01=SI;R2.D02=SI;R2.D03=SI,MUNICIPIO30613,MUNICIPIO_SIN_CN_TRAB,Si,No,30613,,Regla 2 coherente para validaciones implementadas.
GPA-001__R2-001__R1-001__0814,GPA-001__R2-001__R1-001,02_inputs_xml_flat/GPA-001__R2-001__R1-001__0814.xml,PASS,INFO,R1.D01=SI;R1.D02=SI;R2.D01=SI;R2.D02=SI;R2.D03=SI,MUNICIPIO30611,MUNICIPIO_SIN_CN_TRAB,Si,No,30611,,Regla 2 coherente para validaciones implementadas.
GPA-001__R2-001__R1-001__0815,GPA-001__R2-001__R1-001,02_inputs_xml_flat/GPA-001__R2-001__R1-001__0815.xml,PASS,INFO,R1.D01=SI;R1.D02=SI;R2.D01=SI;R2.D02=SI;R2.D03=SI,MUNICIPIO30612,MUNICIPIO_SIN_CN_TRAB,Si,No,30612,,Regla 2 coherente para validaciones implementadas.
GPA-001__R2-001__R1-001__0816,GPA-001__R2-001__R1-001,02_inputs_xml_flat/GPA-001__R2-001__R1-001__0816.xml,PASS,INFO,R1.D01=SI;R1.D02=SI;R2.D01=SI;R2.D02=SI;R2.D03=SI,MUNICIPIO30613,MUNICIPIO_SIN_CN_TRAB,Si,No,30613,,Regla 2 coherente para validaciones implementadas.
GPA-001__R2-001__R1-001__0817,GPA-001__R2-001__R1-001,02_inputs_xml_flat/GPA-001__R2-001__R1-001__0817.xml,PASS,INFO,R1.D01=SI;R1.D02=SI;R2.D01=SI;R2.D02=SI;R2.D03=SI,MUNICIPIO30611,MUNICIPIO_SIN_CN_TRAB,Si,No,30611,,Regla 2 coherente para validaciones implementadas.
GPA-001__R2-001__R1-001__0818,GPA-001__R2-001__R1-001,02_inputs_xml_flat/GPA-001__R2-001__R1-001__0818.xml,PASS,INFO,R1.D01=SI;R1.D02=SI;R2.D01=SI;R2.D02=SI;R2.D03=SI,MUNICIPIO30612,MUNICIPIO_SIN_CN_TRAB,Si,No,30612,,Regla 2 coherente para validaciones implementadas.
GPA-001__R2-001__R1-001__0819,GPA-001__R2-001__R1-001,02_inputs_xml_flat/GPA-001__R2-001__R1-001__0819.xml,PASS,INFO,R1.D01=SI;R1.D02=SI;R2.D01=SI;R2.D02=SI;R2.D03=SI,MUNICIPIO30613,MUNICIPIO_SIN_CN_TRAB,Si,No,30613,,Regla 2 coherente para validaciones implementadas.
GPA-001__R2-001__R1-001__0820,GPA-001__R2-001__R1-001,02_inputs_xml_flat/GPA-001__R2-001__R1-001__0820.xml,PASS,INFO,R1.D01=SI;R1.D02=SI;R2.D01=SI;R2.D02=SI;R2.D03=SI,MUNICIPIO30611,MUNICIPIO_SIN_CN_TRAB,Si,No,30611,,Regla 2 coherente para validaciones implementadas.
GPA-001__R2-001__R1-001__0821,GPA-001__R2-001__R1-001,02_inputs_xml_flat/GPA-001__R2-001__R1-001__0821.xml,PASS,INFO,R1.D01=SI;R1.D02=SI;R2.D01=SI;R2.D02=SI;R2.D03=SI,MUNICIPIO30612,MUNICIPIO_SIN_CN_TRAB,Si,No,30612,,Regla 2 coherente para validaciones implementadas.
GPA-001__R2-001__R1-001__0822,GPA-001__R2-001__R1-001,02_inputs_xml_flat/GPA-001__R2-001__R1-001__0822.xml,PASS,INFO,R1.D01=SI;R1.D02=SI;R2.D01=SI;R2.D02=SI;R2.D03=SI,MUNICIPIO30613,MUNICIPIO_SIN_CN_TRAB,Si,No,30613,,Regla 2 coherente para validaciones implementadas.
GPA-001__R2-001__R1-001__0823,GPA-001__R2-001__R1-001,02_inputs_xml_flat/GPA-001__R2-001__R1-001__0823.xml,PASS,INFO,R1.D01=SI;R1.D02=SI;R2.D01=SI;R2.D02=SI;R2.D03=SI,MUNICIPIO30611,MUNICIPIO_SIN_CN_TRAB,Si,No,30611,,Regla 2 coherente para validaciones implementadas.
GPA-001__R2-001__R1-001__0824,GPA-001__R2-001__R1-001,02_inputs_xml_flat/GPA-001__R2-001__R1-001__0824.xml,PASS,INFO,R1.D01=SI;R1.D02=SI;R2.D01=SI;R2.D02=SI;R2.D03=SI,MUNICIPIO30612,MUNICIPIO_SIN_CN_TRAB,Si,No,30612,,Regla 2 coherente para validaciones implementadas.
GPA-001__R2-001__R1-001__0825,GPA-001__R2-001__R1-001,02_inputs_xml_flat/GPA-001__R2-001__R1-001__0825.xml,PASS,INFO,R1.D01=SI;R1.D02=SI;R2.D01=SI;R2.D02=SI;R2.D03=SI,MUNICIPIO30613,MUNICIPIO_SIN_CN_TRAB,Si,No,30613,,Regla 2 coherente para validaciones implementadas.
GPA-001__R2-001__R1-001__0826,GPA-001__R2-001__R1-001,02_inputs_xml_flat/GPA-001__R2-001__R1-001__0826.xml,PASS,INFO,R1.D01=SI;R1.D02=SI;R2.D01=SI;R2.D02=SI;R2.D03=SI,MUNICIPIO30611,MUNICIPIO_SIN_CN_TRAB,Si,No,30611,,Regla 2 coherente para validaciones implementadas.
GPA-001__R2-001__R1-001__0827,GPA-001__R2-001__R1-001,02_inputs_xml_flat/GPA-001__R2-001__R1-001__0827.xml,PASS,INFO,R1.D01=SI;R1.D02=SI;R2.D01=SI;R2.D02=SI;R2.D03=SI,MUNICIPIO30612,MUNICIPIO_SIN_CN_TRAB,Si,No,30612,,Regla 2 coherente para validaciones implementadas.
GPA-001__R2-001__R1-001__0828,GPA-001__R2-001__R1-001,02_inputs_xml_flat/GPA-001__R2-001__R1-001__0828.xml,PASS,INFO,R1.D01=SI;R1.D02=SI;R2.D01=SI;R2.D02=SI;R2.D03=SI,MUNICIPIO30613,MUNICIPIO_SIN_CN_TRAB,Si,No,30613,,Regla 2 coherente para validaciones implementadas.
GPA-001__R2-001__R1-001__0829,GPA-001__R2-001__R1-001,02_inputs_xml_flat/GPA-001__R2-001__R1-001__0829.xml,PASS,INFO,R1.D01=SI;R1.D02=SI;R2.D01=SI;R2.D02=SI;R2.D03=SI,MUNICIPIO30611,MUNICIPIO_SIN_CN_TRAB,Si,No,30611,,Regla 2 coherente para validaciones implementadas.
GPA-001__R2-001__R1-001__0830,GPA-001__R2-001__R1-001,02_inputs_xml_flat/GPA-001__R2-001__R1-001__0830.xml,PASS,INFO,R1.D01=SI;R1.D02=SI;R2.D01=SI;R2.D02=SI;R2.D03=SI,MUNICIPIO30612,MUNICIPIO_SIN_CN_TRAB,Si,No,30612,,Regla 2 coherente para validaciones implementadas.
GPA-001__R2-001__R1-001__0831,GPA-001__R2-001__R1-001,02_inputs_xml_flat/GPA-001__R2-001__R1-001__0831.xml,PASS,INFO,R1.D01=SI;R1.D02=SI;R2.D01=SI;R2.D02=SI;R2.D03=SI,MUNICIPIO30613,MUNICIPIO_SIN_CN_TRAB,Si,No,30613,,Regla 2 coherente para validaciones implementadas.
GPA-001__R2-001__R1-001__0832,GPA-001__R2-001__R1-001,02_inputs_xml_flat/GPA-001__R2-001__R1-001__0832.xml,PASS,INFO,R1.D01=SI;R1.D02=SI;R2.D01=SI;R2.D02=SI;R2.D03=SI,MUNICIPIO30611,MUNICIPIO_SIN_CN_TRAB,Si,No,30611,,Regla 2 coherente para validaciones implementadas.
GPA-001__R2-001__R1-001__0833,GPA-001__R2-001__R1-001,02_inputs_xml_flat/GPA-001__R2-001__R1-001__0833.xml,PASS,INFO,R1.D01=SI;R1.D02=SI;R2.D01=SI;R2.D02=SI;R2.D03=SI,MUNICIPIO30612,MUNICIPIO_SIN_CN_TRAB,Si,No,30612,,Regla 2 coherente para validaciones implementadas.
GPA-001__R2-001__R1-001__0834,GPA-001__R2-001__R1-001,02_inputs_xml_flat/GPA-001__R2-001__R1-001__0834.xml,PASS,INFO,R1.D01=SI;R1.D02=SI;R2.D01=SI;R2.D02=SI;R2.D03=SI,MUNICIPIO30613,MUNICIPIO_SIN_CN_TRAB,Si,No,30613,,Regla 2 coherente para validaciones implementadas.
GPA-001__R2-001__R1-001__0835,GPA-001__R2-001__R1-001,02_inputs_xml_flat/GPA-001__R2-001__R1-001__0835.xml,PASS,INFO,R1.D01=SI;R1.D02=SI;R2.D01=SI;R2.D02=SI;R2.D03=SI,MUNICIPIO30611,MUNICIPIO_SIN_CN_TRAB,Si,No,30611,,Regla 2 coherente para validaciones implementadas.
GPA-001__R2-001__R1-001__0836,GPA-001__R2-001__R1-001,02_inputs_xml_flat/GPA-001__R2-001__R1-001__0836.xml,PASS,INFO,R1.D01=SI;R1.D02=SI;R2.D01=SI;R2.D02=SI;R2.D03=SI,MUNICIPIO30612,MUNICIPIO_SIN_CN_TRAB,Si,No,30612,,Regla 2 coherente para validaciones implementadas.
GPA-001__R2-001__R1-001__0837,GPA-001__R2-001__R1-001,02_inputs_xml_flat/GPA-001__R2-001__R1-001__0837.xml,PASS,INFO,R1.D01=SI;R1.D02=SI;R2.D01=SI;R2.D02=SI;R2.D03=SI,MUNICIPIO30613,MUNICIPIO_SIN_CN_TRAB,Si,No,30613,,Regla 2 coherente para validaciones implementadas.
GPA-001__R2-001__R1-001__0838,GPA-001__R2-001__R1-001,02_inputs_xml_flat/GPA-001__R2-001__R1-001__0838.xml,PASS,INFO,R1.D01=SI;R1.D02=SI;R2.D01=SI;R2.D02=SI;R2.D03=SI,MUNICIPIO30611,MUNICIPIO_SIN_CN_TRAB,Si,No,30611,,Regla 2 coherente para validaciones implementadas.
GPA-001__R2-001__R1-001__0839,GPA-001__R2-001__R1-001,02_inputs_xml_flat/GPA-001__R2-001__R1-001__0839.xml,PASS,INFO,R1.D01=SI;R1.D02=SI;R2.D01=SI;R2.D02=SI;R2.D03=SI,MUNICIPIO30612,MUNICIPIO_SIN_CN_TRAB,Si,No,30612,,Regla 2 coherente para validaciones implementadas.
GPA-001__R2-001__R1-001__0840,GPA-001__R2-001__R1-001,02_inputs_xml_flat/GPA-001__R2-001__R1-001__0840.xml,PASS,INFO,R1.D01=SI;R1.D02=SI;R2.D01=SI;R2.D02=SI;R2.D03=SI,MUNICIPIO30613,MUNICIPIO_SIN_CN_TRAB,Si,No,30613,,Regla 2 coherente para validaciones implementadas.
GPA-001__R2-001__R1-001__0841,GPA-001__R2-001__R1-001,02_inputs_xml_flat/GPA-001__R2-001__R1-001__0841.xml,PASS,INFO,R1.D01=SI;R1.D02=SI;R2.D01=SI;R2.D02=SI;R2.D03=SI,MUNICIPIO30611,MUNICIPIO_SIN_CN_TRAB,Si,No,30611,,Regla 2 coherente para validaciones implementadas.
GPA-001__R2-001__R1-001__0842,GPA-001__R2-001__R1-001,02_inputs_xml_flat/GPA-001__R2-001__R1-001__0842.xml,PASS,INFO,R1.D01=SI;R1.D02=SI;R2.D01=SI;R2.D02=SI;R2.D03=SI,MUNICIPIO30612,MUNICIPIO_SIN_CN_TRAB,Si,No,30612,,Regla 2 coherente para validaciones implementadas.
GPA-001__R2-001__R1-001__0843,GPA-001__R2-001__R1-001,02_inputs_xml_flat/GPA-001__R2-001__R1-001__0843.xml,PASS,INFO,R1.D01=SI;R1.D02=SI;R2.D01=SI;R2.D02=SI;R2.D03=SI,MUNICIPIO30613,MUNICIPIO_SIN_CN_TRAB,Si,No,30613,,Regla 2 coherente para validaciones implementadas.
GPA-001__R2-001__R1-001__0844,GPA-001__R2-001__R1-001,02_inputs_xml_flat/GPA-001__R2-001__R1-001__0844.xml,PASS,INFO,R1.D01=SI;R1.D02=SI;R2.D01=SI;R2.D02=SI;R2.D03=SI,MUNICIPIO30611,MUNICIPIO_SIN_CN_TRAB,Si,No,30611,,Regla 2 coherente para validaciones implementadas.
GPA-001__R2-001__R1-001__0845,GPA-001__R2-001__R1-001,02_inputs_xml_flat/GPA-001__R2-001__R1-001__0845.xml,PASS,INFO,R1.D01=SI;R1.D02=SI;R2.D01=SI;R2.D02=SI;R2.D03=SI,MUNICIPIO30612,MUNICIPIO_SIN_CN_TRAB,Si,No,30612,,Regla 2 coherente para validaciones implementadas.
GPA-001__R2-001__R1-001__0846,GPA-001__R2-001__R1-001,02_inputs_xml_flat/GPA-001__R2-001__R1-001__0846.xml,PASS,INFO,R1.D01=SI;R1.D02=SI;R2.D01=SI;R2.D02=SI;R2.D03=SI,MUNICIPIO30613,MUNICIPIO_SIN_CN_TRAB,Si,No,30613,,Regla 2 coherente para validaciones implementadas.
GPA-001__R2-001__R1-001__0847,GPA-001__R2-001__R1-001,02_inputs_xml_flat/GPA-001__R2-001__R1-001__0847.xml,PASS,INFO,R1.D01=SI;R1.D02=SI;R2.D01=SI;R2.D02=SI;R2.D03=SI,MUNICIPIO30611,MUNICIPIO_SIN_CN_TRAB,Si,No,30611,,Regla 2 coherente para validaciones implementadas.
GPA-001__R2-001__R1-001__0848,GPA-001__R2-001__R1-001,02_inputs_xml_flat/GPA-001__R2-001__R1-001__0848.xml,PASS,INFO,R1.D01=SI;R1.D02=SI;R2.D01=SI;R2.D02=SI;R2.D03=SI,MUNICIPIO30612,MUNICIPIO_SIN_CN_TRAB,Si,No,30612,,Regla 2 coherente para validaciones implementadas.
GPA-001__R2-001__R1-001__0849,GPA-001__R2-001__R1-001,02_inputs_xml_flat/GPA-001__R2-001__R1-001__0849.xml,PASS,INFO,R1.D01=SI;R1.D02=SI;R2.D01=SI;R2.D02=SI;R2.D03=SI,MUNICIPIO30613,MUNICIPIO_SIN_CN_TRAB,Si,No,30613,,Regla 2 coherente para validaciones implementadas.
GPA-001__R2-001__R1-001__0850,GPA-001__R2-001__R1-001,02_inputs_xml_flat/GPA-001__R2-001__R1-001__0850.xml,PASS,INFO,R1.D01=SI;R1.D02=SI;R2.D01=SI;R2.D02=SI;R2.D03=SI,MUNICIPIO30611,MUNICIPIO_SIN_CN_TRAB,Si,No,30611,,Regla 2 coherente para validaciones implementadas.
GPA-001__R2-001__R1-001__0851,GPA-001__R2-001__R1-001,02_inputs_xml_flat/GPA-001__R2-001__R1-001__0851.xml,PASS,INFO,R1.D01=SI;R1.D02=SI;R2.D01=SI;R2.D02=SI;R2.D03=SI,MUNICIPIO30612,MUNICIPIO_SIN_CN_TRAB,Si,No,30612,,Regla 2 coherente para validaciones implementadas.
GPA-001__R2-001__R1-001__0852,GPA-001__R2-001__R1-001,02_inputs_xml_flat/GPA-001__R2-001__R1-001__0852.xml,PASS,INFO,R1.D01=SI;R1.D02=SI;R2.D01=SI;R2.D02=SI;R2.D03=SI,MUNICIPIO30613,MUNICIPIO_SIN_CN_TRAB,Si,No,30613,,Regla 2 coherente para validaciones implementadas.
GPA-001__R2-001__R1-001__0853,GPA-001__R2-001__R1-001,02_inputs_xml_flat/GPA-001__R2-001__R1-001__0853.xml,PASS,INFO,R1.D01=SI;R1.D02=SI;R2.D01=SI;R2.D02=SI;R2.D03=SI,MUNICIPIO30611,MUNICIPIO_SIN_CN_TRAB,Si,No,30611,,Regla 2 coherente para validaciones implementadas.
GPA-001__R2-001__R1-001__0854,GPA-001__R2-001__R1-001,02_inputs_xml_flat/GPA-001__R2-001__R1-001__0854.xml,PASS,INFO,R1.D01=SI;R1.D02=SI;R2.D01=SI;R2.D02=SI;R2.D03=SI,MUNICIPIO30612,MUNICIPIO_SIN_CN_TRAB,Si,No,30612,,Regla 2 coherente para validaciones implementadas.
GPA-001__R2-001__R1-001__0855,GPA-001__R2-001__R1-001,02_inputs_xml_flat/GPA-001__R2-001__R1-001__0855.xml,PASS,INFO,R1.D01=SI;R1.D02=SI;R2.D01=SI;R2.D02=SI;R2.D03=SI,MUNICIPIO30613,MUNICIPIO_SIN_CN_TRAB,Si,No,30613,,Regla 2 coherente para validaciones implementadas.
GPA-001__R2-001__R1-001__0856,GPA-001__R2-001__R1-001,02_inputs_xml_flat/GPA-001__R2-001__R1-001__0856.xml,PASS,INFO,R1.D01=SI;R1.D02=SI;R2.D01=SI;R2.D02=SI;R2.D03=SI,MUNICIPIO30611,MUNICIPIO_SIN_CN_TRAB,Si,No,30611,,Regla 2 coherente para validaciones implementadas.
GPA-001__R2-001__R1-001__0857,GPA-001__R2-001__R1-001,02_inputs_xml_flat/GPA-001__R2-001__R1-001__0857.xml,PASS,INFO,R1.D01=SI;R1.D02=SI;R2.D01=SI;R2.D02=SI;R2.D03=SI,MUNICIPIO30612,MUNICIPIO_SIN_CN_TRAB,Si,No,30612,,Regla 2 coherente para validaciones implementadas.
GPA-001__R2-001__R1-001__0858,GPA-001__R2-001__R1-001,02_inputs_xml_flat/GPA-001__R2-001__R1-001__0858.xml,PASS,INFO,R1.D01=SI;R1.D02=SI;R2.D01=SI;R2.D02=SI;R2.D03=SI,MUNICIPIO30613,MUNICIPIO_SIN_CN_TRAB,Si,No,30613,,Regla 2 coherente para validaciones implementadas.
GPA-001__R2-001__R1-001__0859,GPA-001__R2-001__R1-001,02_inputs_xml_flat/GPA-001__R2-001__R1-001__0859.xml,PASS,INFO,R1.D01=SI;R1.D02=SI;R2.D01=SI;R2.D02=SI;R2.D03=SI,MUNICIPIO30611,MUNICIPIO_SIN_CN_TRAB,Si,No,30611,,Regla 2 coherente para validaciones implementadas.
GPA-001__R2-001__R1-001__0860,GPA-001__R2-001__R1-001,02_inputs_xml_flat/GPA-001__R2-001__R1-001__0860.xml,PASS,INFO,R1.D01=SI;R1.D02=SI;R2.D01=SI;R2.D02=SI;R2.D03=SI,MUNICIPIO30612,MUNICIPIO_SIN_CN_TRAB,Si,No,30612,,Regla 2 coherente para validaciones implementadas.
GPA-001__R2-001__R1-001__0861,GPA-001__R2-001__R1-001,02_inputs_xml_flat/GPA-001__R2-001__R1-001__0861.xml,PASS,INFO,R1.D01=SI;R1.D02=SI;R2.D01=SI;R2.D02=SI;R2.D03=SI,MUNICIPIO30613,MUNICIPIO_SIN_CN_TRAB,Si,No,30613,,Regla 2 coherente para validaciones implementadas.
GPA-001__R2-001__R1-001__0862,GPA-001__R2-001__R1-001,02_inputs_xml_flat/GPA-001__R2-001__R1-001__0862.xml,PASS,INFO,R1.D01=SI;R1.D02=SI;R2.D01=SI;R2.D02=SI;R2.D03=SI,MUNICIPIO30611,MUNICIPIO_SIN_CN_TRAB,Si,No,30611,,Regla 2 coherente para validaciones implementadas.
GPA-001__R2-001__R1-001__0863,GPA-001__R2-001__R1-001,02_inputs_xml_flat/GPA-001__R2-001__R1-001__0863.xml,PASS,INFO,R1.D01=SI;R1.D02=SI;R2.D01=SI;R2.D02=SI;R2.D03=SI,MUNICIPIO30612,MUNICIPIO_SIN_CN_TRAB,Si,No,30612,,Regla 2 coherente para validaciones implementadas.
GPA-001__R2-001__R1-001__0864,GPA-001__R2-001__R1-001,02_inputs_xml_flat/GPA-001__R2-001__R1-001__0864.xml,PASS,INFO,R1.D01=SI;R1.D02=SI;R2.D01=SI;R2.D02=SI;R2.D03=SI,MUNICIPIO30613,MUNICIPIO_SIN_CN_TRAB,Si,No,30613,,Regla 2 coherente para validaciones implementadas.
GPA-001__R2-001__R1-001__0865,GPA-001__R2-001__R1-001,02_inputs_xml_flat/GPA-001__R2-001__R1-001__0865.xml,PASS,INFO,R1.D01=SI;R1.D02=SI;R2.D01=SI;R2.D02=SI;R2.D03=SI,MUNICIPIO30611,MUNICIPIO_SIN_CN_TRAB,Si,No,30611,,Regla 2 coherente para validaciones implementadas.
GPA-001__R2-001__R1-001__0866,GPA-001__R2-001__R1-001,02_inputs_xml_flat/GPA-001__R2-001__R1-001__0866.xml,PASS,INFO,R1.D01=SI;R1.D02=SI;R2.D01=SI;R2.D02=SI;R2.D03=SI,MUNICIPIO30612,MUNICIPIO_SIN_CN_TRAB,Si,No,30612,,Regla 2 coherente para validaciones implementadas.
GPA-001__R2-001__R1-001__0867,GPA-001__R2-001__R1-001,02_inputs_xml_flat/GPA-001__R2-001__R1-001__0867.xml,PASS,INFO,R1.D01=SI;R1.D02=SI;R2.D01=SI;R2.D02=SI;R2.D03=SI,MUNICIPIO30613,MUNICIPIO_SIN_CN_TRAB,Si,No,30613,,Regla 2 coherente para validaciones implementadas.
GPA-001__R2-001__R1-001__0868,GPA-001__R2-001__R1-001,02_inputs_xml_flat/GPA-001__R2-001__R1-001__0868.xml,PASS,INFO,R1.D01=SI;R1.D02=SI;R2.D01=SI;R2.D02=SI;R2.D03=SI,MUNICIPIO30611,MUNICIPIO_SIN_CN_TRAB,Si,No,30611,,Regla 2 coherente para validaciones implementadas.
GPA-001__R2-001__R1-001__0869,GPA-001__R2-001__R1-001,02_inputs_xml_flat/GPA-001__R2-001__R1-001__0869.xml,PASS,INFO,R1.D01=SI;R1.D02=SI;R2.D01=SI;R2.D02=SI;R2.D03=SI,MUNICIPIO30612,MUNICIPIO_SIN_CN_TRAB,Si,No,30612,,Regla 2 coherente para validaciones implementadas.
GPA-001__R2-001__R1-001__0870,GPA-001__R2-001__R1-001,02_inputs_xml_flat/GPA-001__R2-001__R1-001__0870.xml,PASS,INFO,R1.D01=SI;R1.D02=SI;R2.D01=SI;R2.D02=SI;R2.D03=SI,MUNICIPIO30613,MUNICIPIO_SIN_CN_TRAB,Si,No,30613,,Regla 2 coherente para validaciones implementadas.
GPA-001__R2-001__R1-001__0871,GPA-001__R2-001__R1-001,02_inputs_xml_flat/GPA-001__R2-001__R1-001__0871.xml,PASS,INFO,R1.D01=SI;R1.D02=SI;R2.D01=SI;R2.D02=SI;R2.D03=SI,MUNICIPIO30611,MUNICIPIO_SIN_CN_TRAB,Si,No,30611,,Regla 2 coherente para validaciones implementadas.
GPA-001__R2-001__R1-001__0872,GPA-001__R2-001__R1-001,02_inputs_xml_flat/GPA-001__R2-001__R1-001__0872.xml,PASS,INFO,R1.D01=SI;R1.D02=SI;R2.D01=SI;R2.D02=SI;R2.D03=SI,MUNICIPIO30612,MUNICIPIO_SIN_CN_TRAB,Si,No,30612,,Regla 2 coherente para validaciones implementadas.
GPA-001__R2-001__R1-001__0873,GPA-001__R2-001__R1-001,02_inputs_xml_flat/GPA-001__R2-001__R1-001__0873.xml,PASS,INFO,R1.D01=SI;R1.D02=SI;R2.D01=SI;R2.D02=SI;R2.D03=SI,MUNICIPIO30613,MUNICIPIO_SIN_CN_TRAB,Si,No,30613,,Regla 2 coherente para validaciones implementadas.
GPA-001__R2-001__R1-001__0874,GPA-001__R2-001__R1-001,02_inputs_xml_flat/GPA-001__R2-001__R1-001__0874.xml,PASS,INFO,R1.D01=SI;R1.D02=SI;R2.D01=SI;R2.D02=SI;R2.D03=SI,MUNICIPIO30611,MUNICIPIO_SIN_CN_TRAB,Si,No,30611,,Regla 2 coherente para validaciones implementadas.
GPA-001__R2-001__R1-001__0875,GPA-001__R2-001__R1-001,02_inputs_xml_flat/GPA-001__R2-001__R1-001__0875.xml,PASS,INFO,R1.D01=SI;R1.D02=SI;R2.D01=SI;R2.D02=SI;R2.D03=SI,MUNICIPIO30612,MUNICIPIO_SIN_CN_TRAB,Si,No,30612,,Regla 2 coherente para validaciones implementadas.
GPA-001__R2-001__R1-001__0876,GPA-001__R2-001__R1-001,02_inputs_xml_flat/GPA-001__R2-001__R1-001__0876.xml,PASS,INFO,R1.D01=SI;R1.D02=SI;R2.D01=SI;R2.D02=SI;R2.D03=SI,MUNICIPIO30613,MUNICIPIO_SIN_CN_TRAB,Si,No,30613,,Regla 2 coherente para validaciones implementadas.
GPA-001__R2-001__R1-001__0877,GPA-001__R2-001__R1-001,02_inputs_xml_flat/GPA-001__R2-001__R1-001__0877.xml,PASS,INFO,R1.D01=SI;R1.D02=SI;R2.D01=SI;R2.D02=SI;R2.D03=SI,MUNICIPIO30611,MUNICIPIO_SIN_CN_TRAB,Si,No,30611,,Regla 2 coherente para validaciones implementadas.
GPA-001__R2-001__R1-001__0878,GPA-001__R2-001__R1-001,02_inputs_xml_flat/GPA-001__R2-001__R1-001__0878.xml,PASS,INFO,R1.D01=SI;R1.D02=SI;R2.D01=SI;R2.D02=SI;R2.D03=SI,MUNICIPIO30612,MUNICIPIO_SIN_CN_TRAB,Si,No,30612,,Regla 2 coherente para validaciones implementadas.
GPA-001__R2-001__R1-001__0879,GPA-001__R2-001__R1-001,02_inputs_xml_flat/GPA-001__R2-001__R1-001__0879.xml,PASS,INFO,R1.D01=SI;R1.D02=SI;R2.D01=SI;R2.D02=SI;R2.D03=SI,MUNICIPIO30613,MUNICIPIO_SIN_CN_TRAB,Si,No,30613,,Regla 2 coherente para validaciones implementadas.
GPA-001__R2-001__R1-001__0880,GPA-001__R2-001__R1-001,02_inputs_xml_flat/GPA-001__R2-001__R1-001__0880.xml,PASS,INFO,R1.D01=SI;R1.D02=SI;R2.D01=SI;R2.D02=SI;R2.D03=SI,MUNICIPIO30611,MUNICIPIO_SIN_CN_TRAB,Si,No,30611,,Regla 2 coherente para validaciones implementadas.
GPA-001__R2-001__R1-001__0881,GPA-001__R2-001__R1-001,02_inputs_xml_flat/GPA-001__R2-001__R1-001__0881.xml,PASS,INFO,R1.D01=SI;R1.D02=SI;R2.D01=SI;R2.D02=SI;R2.D03=SI,MUNICIPIO30612,MUNICIPIO_SIN_CN_TRAB,Si,No,30612,,Regla 2 coherente para validaciones implementadas.
GPA-001__R2-001__R1-001__0882,GPA-001__R2-001__R1-001,02_inputs_xml_flat/GPA-001__R2-001__R1-001__0882.xml,PASS,INFO,R1.D01=SI;R1.D02=SI;R2.D01=SI;R2.D02=SI;R2.D03=SI,MUNICIPIO30613,MUNICIPIO_SIN_CN_TRAB,Si,No,30613,,Regla 2 coherente para validaciones implementadas.
GPA-001__R2-001__R1-001__0883,GPA-001__R2-001__R1-001,02_inputs_xml_flat/GPA-001__R2-001__R1-001__0883.xml,PASS,INFO,R1.D01=SI;R1.D02=SI;R2.D01=SI;R2.D02=SI;R2.D03=SI,MUNICIPIO30611,MUNICIPIO_SIN_CN_TRAB,Si,No,30611,,Regla 2 coherente para validaciones implementadas.
GPA-001__R2-001__R1-001__0884,GPA-001__R2-001__R1-001,02_inputs_xml_flat/GPA-001__R2-001__R1-001__0884.xml,PASS,INFO,R1.D01=SI;R1.D02=SI;R2.D01=SI;R2.D02=SI;R2.D03=SI,MUNICIPIO30612,MUNICIPIO_SIN_CN_TRAB,Si,No,30612,,Regla 2 coherente para validaciones implementadas.
GPA-001__R2-001__R1-001__0885,GPA-001__R2-001__R1-001,02_inputs_xml_flat/GPA-001__R2-001__R1-001__0885.xml,PASS,INFO,R1.D01=SI;R1.D02=SI;R2.D01=SI;R2.D02=SI;R2.D03=SI,MUNICIPIO30613,MUNICIPIO_SIN_CN_TRAB,Si,No,30613,,Regla 2 coherente para validaciones implementadas.
GPA-001__R2-001__R1-001__0886,GPA-001__R2-001__R1-001,02_inputs_xml_flat/GPA-001__R2-001__R1-001__0886.xml,PASS,INFO,R1.D01=SI;R1.D02=SI;R2.D01=SI;R2.D02=SI;R2.D03=SI,MUNICIPIO30611,MUNICIPIO_SIN_CN_TRAB,Si,No,30611,,Regla 2 coherente para validaciones implementadas.
GPA-001__R2-001__R1-001__0887,GPA-001__R2-001__R1-001,02_inputs_xml_flat/GPA-001__R2-001__R1-001__0887.xml,PASS,INFO,R1.D01=SI;R1.D02=SI;R2.D01=SI;R2.D02=SI;R2.D03=SI,MUNICIPIO30612,MUNICIPIO_SIN_CN_TRAB,Si,No,30612,,Regla 2 coherente para validaciones implementadas.
GPA-001__R2-001__R1-001__0888,GPA-001__R2-001__R1-001,02_inputs_xml_flat/GPA-001__R2-001__R1-001__0888.xml,PASS,INFO,R1.D01=SI;R1.D02=SI;R2.D01=SI;R2.D02=SI;R2.D03=SI,MUNICIPIO30613,MUNICIPIO_SIN_CN_TRAB,Si,No,30613,,Regla 2 coherente para validaciones implementadas.
GPA-001__R2-001__R1-001__0889,GPA-001__R2-001__R1-001,02_inputs_xml_flat/GPA-001__R2-001__R1-001__0889.xml,PASS,INFO,R1.D01=SI;R1.D02=SI;R2.D01=SI;R2.D02=SI;R2.D03=SI,MUNICIPIO30611,MUNICIPIO_SIN_CN_TRAB,Si,No,30611,,Regla 2 coherente para validaciones implementadas.
GPA-001__R2-001__R1-001__0890,GPA-001__R2-001__R1-001,02_inputs_xml_flat/GPA-001__R2-001__R1-001__0890.xml,PASS,INFO,R1.D01=SI;R1.D02=SI;R2.D01=SI;R2.D02=SI;R2.D03=SI,MUNICIPIO30612,MUNICIPIO_SIN_CN_TRAB,Si,No,30612,,Regla 2 coherente para validaciones implementadas.
GPA-001__R2-001__R1-001__0891,GPA-001__R2-001__R1-001,02_inputs_xml_flat/GPA-001__R2-001__R1-001__0891.xml,PASS,INFO,R1.D01=SI;R1.D02=SI;R2.D01=SI;R2.D02=SI;R2.D03=SI,MUNICIPIO30613,MUNICIPIO_SIN_CN_TRAB,Si,No,30613,,Regla 2 coherente para validaciones implementadas.
GPA-001__R2-001__R1-001__0892,GPA-001__R2-001__R1-001,02_inputs_xml_flat/GPA-001__R2-001__R1-001__0892.xml,PASS,INFO,R1.D01=SI;R1.D02=SI;R2.D01=SI;R2.D02=SI;R2.D03=SI,MUNICIPIO30611,MUNICIPIO_SIN_CN_TRAB,Si,No,30611,,Regla 2 coherente para validaciones implementadas.
GPA-001__R2-001__R1-001__0893,GPA-001__R2-001__R1-001,02_inputs_xml_flat/GPA-001__R2-001__R1-001__0893.xml,PASS,INFO,R1.D01=SI;R1.D02=SI;R2.D01=SI;R2.D02=SI;R2.D03=SI,MUNICIPIO30612,MUNICIPIO_SIN_CN_TRAB,Si,No,30612,,Regla 2 coherente para validaciones implementadas.
GPA-001__R2-001__R1-001__0894,GPA-001__R2-001__R1-001,02_inputs_xml_flat/GPA-001__R2-001__R1-001__0894.xml,PASS,INFO,R1.D01=SI;R1.D02=SI;R2.D01=SI;R2.D02=SI;R2.D03=SI,MUNICIPIO30613,MUNICIPIO_SIN_CN_TRAB,Si,No,30613,,Regla 2 coherente para validaciones implementadas.
GPA-001__R2-001__R1-001__0895,GPA-001__R2-001__R1-001,02_inputs_xml_flat/GPA-001__R2-001__R1-001__0895.xml,PASS,INFO,R1.D01=SI;R1.D02=SI;R2.D01=SI;R2.D02=SI;R2.D03=SI,MUNICIPIO30611,MUNICIPIO_SIN_CN_TRAB,Si,No,30611,,Regla 2 coherente para validaciones implementadas.
GPA-001__R2-001__R1-001__0896,GPA-001__R2-001__R1-001,02_inputs_xml_flat/GPA-001__R2-001__R1-001__0896.xml,PASS,INFO,R1.D01=SI;R1.D02=SI;R2.D01=SI;R2.D02=SI;R2.D03=SI,MUNICIPIO30612,MUNICIPIO_SIN_CN_TRAB,Si,No,30612,,Regla 2 coherente para validaciones implementadas.
GPA-001__R2-001__R1-001__0897,GPA-001__R2-001__R1-001,02_inputs_xml_flat/GPA-001__R2-001__R1-001__0897.xml,PASS,INFO,R1.D01=SI;R1.D02=SI;R2.D01=SI;R2.D02=SI;R2.D03=SI,MUNICIPIO30613,MUNICIPIO_SIN_CN_TRAB,Si,No,30613,,Regla 2 coherente para validaciones implementadas.
GPA-001__R2-001__R1-001__0898,GPA-001__R2-001__R1-001,02_inputs_xml_flat/GPA-001__R2-001__R1-001__0898.xml,PASS,INFO,R1.D01=SI;R1.D02=SI;R2.D01=SI;R2.D02=SI;R2.D03=SI,MUNICIPIO30611,MUNICIPIO_SIN_CN_TRAB,Si,No,30611,,Regla 2 coherente para validaciones implementadas.
GPA-001__R2-001__R1-001__0899,GPA-001__R2-001__R1-001,02_inputs_xml_flat/GPA-001__R2-001__R1-001__0899.xml,PASS,INFO,R1.D01=SI;R1.D02=SI;R2.D01=SI;R2.D02=SI;R2.D03=SI,MUNICIPIO30612,MUNICIPIO_SIN_CN_TRAB,Si,No,30612,,Regla 2 coherente para validaciones implementadas.
GPA-001__R2-001__R1-001__0900,GPA-001__R2-001__R1-001,02_inputs_xml_flat/GPA-001__R2-001__R1-001__0900.xml,PASS,INFO,R1.D01=SI;R1.D02=SI;R2.D01=SI;R2.D02=SI;R2.D03=SI,MUNICIPIO30613,MUNICIPIO_SIN_CN_TRAB,Si,No,30613,,Regla 2 coherente para validaciones implementadas.
GPA-001__R2-001__R1-001__0901,GPA-001__R2-001__R1-001,02_inputs_xml_flat/GPA-001__R2-001__R1-001__0901.xml,PASS,INFO,R1.D01=SI;R1.D02=SI;R2.D01=SI;R2.D02=SI;R2.D03=SI,MUNICIPIO30611,MUNICIPIO_SIN_CN_TRAB,Si,No,30611,,Regla 2 coherente para validaciones implementadas.
GPA-001__R2-001__R1-001__0902,GPA-001__R2-001__R1-001,02_inputs_xml_flat/GPA-001__R2-001__R1-001__0902.xml,PASS,INFO,R1.D01=SI;R1.D02=SI;R2.D01=SI;R2.D02=SI;R2.D03=SI,MUNICIPIO30612,MUNICIPIO_SIN_CN_TRAB,Si,No,30612,,Regla 2 coherente para validaciones implementadas.
GPA-001__R2-001__R1-001__0903,GPA-001__R2-001__R1-001,02_inputs_xml_flat/GPA-001__R2-001__R1-001__0903.xml,PASS,INFO,R1.D01=SI;R1.D02=SI;R2.D01=SI;R2.D02=SI;R2.D03=SI,MUNICIPIO30613,MUNICIPIO_SIN_CN_TRAB,Si,No,30613,,Regla 2 coherente para validaciones implementadas.
GPA-001__R2-001__R1-001__0904,GPA-001__R2-001__R1-001,02_inputs_xml_flat/GPA-001__R2-001__R1-001__0904.xml,PASS,INFO,R1.D01=SI;R1.D02=SI;R2.D01=SI;R2.D02=SI;R2.D03=SI,MUNICIPIO30611,MUNICIPIO_SIN_CN_TRAB,Si,No,30611,,Regla 2 coherente para validaciones implementadas.
GPA-001__R2-001__R1-001__0905,GPA-001__R2-001__R1-001,02_inputs_xml_flat/GPA-001__R2-001__R1-001__0905.xml,PASS,INFO,R1.D01=SI;R1.D02=SI;R2.D01=SI;R2.D02=SI;R2.D03=SI,MUNICIPIO30612,MUNICIPIO_SIN_CN_TRAB,Si,No,30612,,Regla 2 coherente para validaciones implementadas.
GPA-001__R2-001__R1-001__0906,GPA-001__R2-001__R1-001,02_inputs_xml_flat/GPA-001__R2-001__R1-001__0906.xml,PASS,INFO,R1.D01=SI;R1.D02=SI;R2.D01=SI;R2.D02=SI;R2.D03=SI,MUNICIPIO30613,MUNICIPIO_SIN_CN_TRAB,Si,No,30613,,Regla 2 coherente para validaciones implementadas.
GPA-001__R2-001__R1-001__0907,GPA-001__R2-001__R1-001,02_inputs_xml_flat/GPA-001__R2-001__R1-001__0907.xml,PASS,INFO,R1.D01=SI;R1.D02=SI;R2.D01=SI;R2.D02=SI;R2.D03=SI,MUNICIPIO30611,MUNICIPIO_SIN_CN_TRAB,Si,No,30611,,Regla 2 coherente para validaciones implementadas.
GPA-001__R2-001__R1-001__0908,GPA-001__R2-001__R1-001,02_inputs_xml_flat/GPA-001__R2-001__R1-001__0908.xml,PASS,INFO,R1.D01=SI;R1.D02=SI;R2.D01=SI;R2.D02=SI;R2.D03=SI,MUNICIPIO30612,MUNICIPIO_SIN_CN_TRAB,Si,No,30612,,Regla 2 coherente para validaciones implementadas.
GPA-001__R2-001__R1-001__0909,GPA-001__R2-001__R1-001,02_inputs_xml_flat/GPA-001__R2-001__R1-001__0909.xml,PASS,INFO,R1.D01=SI;R1.D02=SI;R2.D01=SI;R2.D02=SI;R2.D03=SI,MUNICIPIO30613,MUNICIPIO_SIN_CN_TRAB,Si,No,30613,,Regla 2 coherente para validaciones implementadas.
GPA-001__R2-001__R1-001__0910,GPA-001__R2-001__R1-001,02_inputs_xml_flat/GPA-001__R2-001__R1-001__0910.xml,PASS,INFO,R1.D01=SI;R1.D02=SI;R2.D01=SI;R2.D02=SI;R2.D03=SI,MUNICIPIO30611,MUNICIPIO_SIN_CN_TRAB,Si,No,30611,,Regla 2 coherente para validaciones implementadas.
GPA-001__R2-001__R1-001__0911,GPA-001__R2-001__R1-001,02_inputs_xml_flat/GPA-001__R2-001__R1-001__0911.xml,PASS,INFO,R1.D01=SI;R1.D02=SI;R2.D01=SI;R2.D02=SI;R2.D03=SI,MUNICIPIO30612,MUNICIPIO_SIN_CN_TRAB,Si,No,30612,,Regla 2 coherente para validaciones implementadas.
GPA-001__R2-001__R1-001__0912,GPA-001__R2-001__R1-001,02_inputs_xml_flat/GPA-001__R2-001__R1-001__0912.xml,PASS,INFO,R1.D01=SI;R1.D02=SI;R2.D01=SI;R2.D02=SI;R2.D03=SI,MUNICIPIO30613,MUNICIPIO_SIN_CN_TRAB,Si,No,30613,,Regla 2 coherente para validaciones implementadas.
GPA-001__R2-001__R1-001__0913,GPA-001__R2-001__R1-001,02_inputs_xml_flat/GPA-001__R2-001__R1-001__0913.xml,PASS,INFO,R1.D01=SI;R1.D02=SI;R2.D01=SI;R2.D02=SI;R2.D03=SI,MUNICIPIO30611,MUNICIPIO_SIN_CN_TRAB,Si,No,30611,,Regla 2 coherente para validaciones implementadas.
GPA-001__R2-001__R1-001__0914,GPA-001__R2-001__R1-001,02_inputs_xml_flat/GPA-001__R2-001__R1-001__0914.xml,PASS,INFO,R1.D01=SI;R1.D02=SI;R2.D01=SI;R2.D02=SI;R2.D03=SI,MUNICIPIO30612,MUNICIPIO_SIN_CN_TRAB,Si,No,30612,,Regla 2 coherente para validaciones implementadas.
GPA-001__R2-001__R1-001__0915,GPA-001__R2-001__R1-001,02_inputs_xml_flat/GPA-001__R2-001__R1-001__0915.xml,PASS,INFO,R1.D01=SI;R1.D02=SI;R2.D01=SI;R2.D02=SI;R2.D03=SI,MUNICIPIO30613,MUNICIPIO_SIN_CN_TRAB,Si,No,30613,,Regla 2 coherente para validaciones implementadas.
GPA-001__R2-001__R1-001__0916,GPA-001__R2-001__R1-001,02_inputs_xml_flat/GPA-001__R2-001__R1-001__0916.xml,PASS,INFO,R1.D01=SI;R1.D02=SI;R2.D01=SI;R2.D02=SI;R2.D03=SI,MUNICIPIO30611,MUNICIPIO_SIN_CN_TRAB,Si,No,30611,,Regla 2 coherente para validaciones implementadas.
GPA-001__R2-001__R1-001__0917,GPA-001__R2-001__R1-001,02_inputs_xml_flat/GPA-001__R2-001__R1-001__0917.xml,PASS,INFO,R1.D01=SI;R1.D02=SI;R2.D01=SI;R2.D02=SI;R2.D03=SI,MUNICIPIO30612,MUNICIPIO_SIN_CN_TRAB,Si,No,30612,,Regla 2 coherente para validaciones implementadas.
GPA-001__R2-001__R1-001__0918,GPA-001__R2-001__R1-001,02_inputs_xml_flat/GPA-001__R2-001__R1-001__0918.xml,PASS,INFO,R1.D01=SI;R1.D02=SI;R2.D01=SI;R2.D02=SI;R2.D03=SI,MUNICIPIO30613,MUNICIPIO_SIN_CN_TRAB,Si,No,30613,,Regla 2 coherente para validaciones implementadas.
GPA-001__R2-001__R1-001__0919,GPA-001__R2-001__R1-001,02_inputs_xml_flat/GPA-001__R2-001__R1-001__0919.xml,PASS,INFO,R1.D01=SI;R1.D02=SI;R2.D01=SI;R2.D02=SI;R2.D03=SI,MUNICIPIO30611,MUNICIPIO_SIN_CN_TRAB,Si,No,30611,,Regla 2 coherente para validaciones implementadas.
GPA-001__R2-001__R1-001__0920,GPA-001__R2-001__R1-001,02_inputs_xml_flat/GPA-001__R2-001__R1-001__0920.xml,PASS,INFO,R1.D01=SI;R1.D02=SI;R2.D01=SI;R2.D02=SI;R2.D03=SI,MUNICIPIO30612,MUNICIPIO_SIN_CN_TRAB,Si,No,30612,,Regla 2 coherente para validaciones implementadas.
GPA-001__R2-001__R1-001__0921,GPA-001__R2-001__R1-001,02_inputs_xml_flat/GPA-001__R2-001__R1-001__0921.xml,PASS,INFO,R1.D01=SI;R1.D02=SI;R2.D01=SI;R2.D02=SI;R2.D03=SI,MUNICIPIO30613,MUNICIPIO_SIN_CN_TRAB,Si,No,30613,,Regla 2 coherente para validaciones implementadas.
GPA-001__R2-001__R1-001__0922,GPA-001__R2-001__R1-001,02_inputs_xml_flat/GPA-001__R2-001__R1-001__0922.xml,PASS,INFO,R1.D01=SI;R1.D02=SI;R2.D01=SI;R2.D02=SI;R2.D03=SI,MUNICIPIO30611,MUNICIPIO_SIN_CN_TRAB,Si,No,30611,,Regla 2 coherente para validaciones implementadas.
GPA-001__R2-001__R1-001__0923,GPA-001__R2-001__R1-001,02_inputs_xml_flat/GPA-001__R2-001__R1-001__0923.xml,PASS,INFO,R1.D01=SI;R1.D02=SI;R2.D01=SI;R2.D02=SI;R2.D03=SI,MUNICIPIO30612,MUNICIPIO_SIN_CN_TRAB,Si,No,30612,,Regla 2 coherente para validaciones implementadas.
GPA-001__R2-001__R1-001__0924,GPA-001__R2-001__R1-001,02_inputs_xml_flat/GPA-001__R2-001__R1-001__0924.xml,PASS,INFO,R1.D01=SI;R1.D02=SI;R2.D01=SI;R2.D02=SI;R2.D03=SI,MUNICIPIO30613,MUNICIPIO_SIN_CN_TRAB,Si,No,30613,,Regla 2 coherente para validaciones implementadas.
GPA-001__R2-001__R1-001__0925,GPA-001__R2-001__R1-001,02_inputs_xml_flat/GPA-001__R2-001__R1-001__0925.xml,PASS,INFO,R1.D01=SI;R1.D02=SI;R2.D01=SI;R2.D02=SI;R2.D03=SI,MUNICIPIO30611,MUNICIPIO_SIN_CN_TRAB,Si,No,30611,,Regla 2 coherente para validaciones implementadas.
GPA-001__R2-001__R1-001__0926,GPA-001__R2-001__R1-001,02_inputs_xml_flat/GPA-001__R2-001__R1-001__0926.xml,PASS,INFO,R1.D01=SI;R1.D02=SI;R2.D01=SI;R2.D02=SI;R2.D03=SI,MUNICIPIO30612,MUNICIPIO_SIN_CN_TRAB,Si,No,30612,,Regla 2 coherente para validaciones implementadas.
GPA-001__R2-001__R1-001__0927,GPA-001__R2-001__R1-001,02_inputs_xml_flat/GPA-001__R2-001__R1-001__0927.xml,PASS,INFO,R1.D01=SI;R1.D02=SI;R2.D01=SI;R2.D02=SI;R2.D03=SI,MUNICIPIO30613,MUNICIPIO_SIN_CN_TRAB,Si,No,30613,,Regla 2 coherente para validaciones implementadas.
GPA-001__R2-001__R1-001__0928,GPA-001__R2-001__R1-001,02_inputs_xml_flat/GPA-001__R2-001__R1-001__0928.xml,PASS,INFO,R1.D01=SI;R1.D02=SI;R2.D01=SI;R2.D02=SI;R2.D03=SI,MUNICIPIO30611,MUNICIPIO_SIN_CN_TRAB,Si,No,30611,,Regla 2 coherente para validaciones implementadas.
GPA-001__R2-001__R1-001__0929,GPA-001__R2-001__R1-001,02_inputs_xml_flat/GPA-001__R2-001__R1-001__0929.xml,PASS,INFO,R1.D01=SI;R1.D02=SI;R2.D01=SI;R2.D02=SI;R2.D03=SI,MUNICIPIO30612,MUNICIPIO_SIN_CN_TRAB,Si,No,30612,,Regla 2 coherente para validaciones implementadas.
GPA-001__R2-001__R1-001__0930,GPA-001__R2-001__R1-001,02_inputs_xml_flat/GPA-001__R2-001__R1-001__0930.xml,PASS,INFO,R1.D01=SI;R1.D02=SI;R2.D01=SI;R2.D02=SI;R2.D03=SI,MUNICIPIO30613,MUNICIPIO_SIN_CN_TRAB,Si,No,30613,,Regla 2 coherente para validaciones implementadas.
GPA-001__R2-001__R1-001__0931,GPA-001__R2-001__R1-001,02_inputs_xml_flat/GPA-001__R2-001__R1-001__0931.xml,PASS,INFO,R1.D01=SI;R1.D02=SI;R2.D01=SI;R2.D02=SI;R2.D03=SI,MUNICIPIO30611,MUNICIPIO_SIN_CN_TRAB,Si,No,30611,,Regla 2 coherente para validaciones implementadas.
GPA-001__R2-001__R1-001__0932,GPA-001__R2-001__R1-001,02_inputs_xml_flat/GPA-001__R2-001__R1-001__0932.xml,PASS,INFO,R1.D01=SI;R1.D02=SI;R2.D01=SI;R2.D02=SI;R2.D03=SI,MUNICIPIO30612,MUNICIPIO_SIN_CN_TRAB,Si,No,30612,,Regla 2 coherente para validaciones implementadas.
GPA-001__R2-001__R1-001__0933,GPA-001__R2-001__R1-001,02_inputs_xml_flat/GPA-001__R2-001__R1-001__0933.xml,PASS,INFO,R1.D01=SI;R1.D02=SI;R2.D01=SI;R2.D02=SI;R2.D03=SI,MUNICIPIO30613,MUNICIPIO_SIN_CN_TRAB,Si,No,30613,,Regla 2 coherente para validaciones implementadas.
GPA-001__R2-001__R1-001__0934,GPA-001__R2-001__R1-001,02_inputs_xml_flat/GPA-001__R2-001__R1-001__0934.xml,PASS,INFO,R1.D01=SI;R1.D02=SI;R2.D01=SI;R2.D02=SI;R2.D03=SI,MUNICIPIO30611,MUNICIPIO_SIN_CN_TRAB,Si,No,30611,,Regla 2 coherente para validaciones implementadas.
GPA-001__R2-001__R1-001__0935,GPA-001__R2-001__R1-001,02_inputs_xml_flat/GPA-001__R2-001__R1-001__0935.xml,PASS,INFO,R1.D01=SI;R1.D02=SI;R2.D01=SI;R2.D02=SI;R2.D03=SI,MUNICIPIO30612,MUNICIPIO_SIN_CN_TRAB,Si,No,30612,,Regla 2 coherente para validaciones implementadas.
GPA-001__R2-001__R1-001__0936,GPA-001__R2-001__R1-001,02_inputs_xml_flat/GPA-001__R2-001__R1-001__0936.xml,PASS,INFO,R1.D01=SI;R1.D02=SI;R2.D01=SI;R2.D02=SI;R2.D03=SI,MUNICIPIO30613,MUNICIPIO_SIN_CN_TRAB,Si,No,30613,,Regla 2 coherente para validaciones implementadas.
GPA-001__R2-001__R1-001__0937,GPA-001__R2-001__R1-001,02_inputs_xml_flat/GPA-001__R2-001__R1-001__0937.xml,PASS,INFO,R1.D01=SI;R1.D02=SI;R2.D01=SI;R2.D02=SI;R2.D03=SI,MUNICIPIO30611,MUNICIPIO_SIN_CN_TRAB,Si,No,30611,,Regla 2 coherente para validaciones implementadas.
GPA-001__R2-001__R1-001__0938,GPA-001__R2-001__R1-001,02_inputs_xml_flat/GPA-001__R2-001__R1-001__0938.xml,PASS,INFO,R1.D01=SI;R1.D02=SI;R2.D01=SI;R2.D02=SI;R2.D03=SI,MUNICIPIO30612,MUNICIPIO_SIN_CN_TRAB,Si,No,30612,,Regla 2 coherente para validaciones implementadas.
GPA-001__R2-001__R1-001__0939,GPA-001__R2-001__R1-001,02_inputs_xml_flat/GPA-001__R2-001__R1-001__0939.xml,PASS,INFO,R1.D01=SI;R1.D02=SI;R2.D01=SI;R2.D02=SI;R2.D03=SI,MUNICIPIO30613,MUNICIPIO_SIN_CN_TRAB,Si,No,30613,,Regla 2 coherente para validaciones implementadas.
GPA-001__R2-001__R1-001__0940,GPA-001__R2-001__R1-001,02_inputs_xml_flat/GPA-001__R2-001__R1-001__0940.xml,PASS,INFO,R1.D01=SI;R1.D02=SI;R2.D01=SI;R2.D02=SI;R2.D03=SI,MUNICIPIO30611,MUNICIPIO_SIN_CN_TRAB,Si,No,30611,,Regla 2 coherente para validaciones implementadas.
GPA-001__R2-001__R1-001__0941,GPA-001__R2-001__R1-001,02_inputs_xml_flat/GPA-001__R2-001__R1-001__0941.xml,PASS,INFO,R1.D01=SI;R1.D02=SI;R2.D01=SI;R2.D02=SI;R2.D03=SI,MUNICIPIO30612,MUNICIPIO_SIN_CN_TRAB,Si,No,30612,,Regla 2 coherente para validaciones implementadas.
GPA-001__R2-001__R1-001__0942,GPA-001__R2-001__R1-001,02_inputs_xml_flat/GPA-001__R2-001__R1-001__0942.xml,PASS,INFO,R1.D01=SI;R1.D02=SI;R2.D01=SI;R2.D02=SI;R2.D03=SI,MUNICIPIO30613,MUNICIPIO_SIN_CN_TRAB,Si,No,30613,,Regla 2 coherente para validaciones implementadas.
GPA-001__R2-001__R1-001__0943,GPA-001__R2-001__R1-001,02_inputs_xml_flat/GPA-001__R2-001__R1-001__0943.xml,PASS,INFO,R1.D01=SI;R1.D02=SI;R2.D01=SI;R2.D02=SI;R2.D03=SI,MUNICIPIO30611,MUNICIPIO_SIN_CN_TRAB,Si,No,30611,,Regla 2 coherente para validaciones implementadas.
GPA-001__R2-001__R1-001__0944,GPA-001__R2-001__R1-001,02_inputs_xml_flat/GPA-001__R2-001__R1-001__0944.xml,PASS,INFO,R1.D01=SI;R1.D02=SI;R2.D01=SI;R2.D02=SI;R2.D03=SI,MUNICIPIO30612,MUNICIPIO_SIN_CN_TRAB,Si,No,30612,,Regla 2 coherente para validaciones implementadas.
GPA-001__R2-001__R1-001__0945,GPA-001__R2-001__R1-001,02_inputs_xml_flat/GPA-001__R2-001__R1-001__0945.xml,PASS,INFO,R1.D01=SI;R1.D02=SI;R2.D01=SI;R2.D02=SI;R2.D03=SI,MUNICIPIO30613,MUNICIPIO_SIN_CN_TRAB,Si,No,30613,,Regla 2 coherente para validaciones implementadas.
GPA-001__R2-001__R1-001__0946,GPA-001__R2-001__R1-001,02_inputs_xml_flat/GPA-001__R2-001__R1-001__0946.xml,PASS,INFO,R1.D01=SI;R1.D02=SI;R2.D01=SI;R2.D02=SI;R2.D03=SI,MUNICIPIO30611,MUNICIPIO_SIN_CN_TRAB,Si,No,30611,,Regla 2 coherente para validaciones implementadas.
GPA-001__R2-001__R1-001__0947,GPA-001__R2-001__R1-001,02_inputs_xml_flat/GPA-001__R2-001__R1-001__0947.xml,PASS,INFO,R1.D01=SI;R1.D02=SI;R2.D01=SI;R2.D02=SI;R2.D03=SI,MUNICIPIO30612,MUNICIPIO_SIN_CN_TRAB,Si,No,30612,,Regla 2 coherente para validaciones implementadas.
GPA-001__R2-001__R1-001__0948,GPA-001__R2-001__R1-001,02_inputs_xml_flat/GPA-001__R2-001__R1-001__0948.xml,PASS,INFO,R1.D01=SI;R1.D02=SI;R2.D01=SI;R2.D02=SI;R2.D03=SI,MUNICIPIO30613,MUNICIPIO_SIN_CN_TRAB,Si,No,30613,,Regla 2 coherente para validaciones implementadas.
GPA-001__R2-001__R1-001__0949,GPA-001__R2-001__R1-001,02_inputs_xml_flat/GPA-001__R2-001__R1-001__0949.xml,PASS,INFO,R1.D01=SI;R1.D02=SI;R2.D01=SI;R2.D02=SI;R2.D03=SI,MUNICIPIO30611,MUNICIPIO_SIN_CN_TRAB,Si,No,30611,,Regla 2 coherente para validaciones implementadas.
GPA-001__R2-001__R1-001__0950,GPA-001__R2-001__R1-001,02_inputs_xml_flat/GPA-001__R2-001__R1-001__0950.xml,PASS,INFO,R1.D01=SI;R1.D02=SI;R2.D01=SI;R2.D02=SI;R2.D03=SI,MUNICIPIO30612,MUNICIPIO_SIN_CN_TRAB,Si,No,30612,,Regla 2 coherente para validaciones implementadas.
GPA-001__R2-001__R1-001__0951,GPA-001__R2-001__R1-001,02_inputs_xml_flat/GPA-001__R2-001__R1-001__0951.xml,PASS,INFO,R1.D01=SI;R1.D02=SI;R2.D01=SI;R2.D02=SI;R2.D03=SI,MUNICIPIO30613,MUNICIPIO_SIN_CN_TRAB,Si,No,30613,,Regla 2 coherente para validaciones implementadas.
GPA-001__R2-001__R1-001__0952,GPA-001__R2-001__R1-001,02_inputs_xml_flat/GPA-001__R2-001__R1-001__0952.xml,PASS,INFO,R1.D01=SI;R1.D02=SI;R2.D01=SI;R2.D02=SI;R2.D03=SI,MUNICIPIO30611,MUNICIPIO_SIN_CN_TRAB,Si,No,30611,,Regla 2 coherente para validaciones implementadas.
GPA-001__R2-001__R1-001__0953,GPA-001__R2-001__R1-001,02_inputs_xml_flat/GPA-001__R2-001__R1-001__0953.xml,PASS,INFO,R1.D01=SI;R1.D02=SI;R2.D01=SI;R2.D02=SI;R2.D03=SI,MUNICIPIO30612,MUNICIPIO_SIN_CN_TRAB,Si,No,30612,,Regla 2 coherente para validaciones implementadas.
GPA-001__R2-001__R1-001__0954,GPA-001__R2-001__R1-001,02_inputs_xml_flat/GPA-001__R2-001__R1-001__0954.xml,PASS,INFO,R1.D01=SI;R1.D02=SI;R2.D01=SI;R2.D02=SI;R2.D03=SI,MUNICIPIO30613,MUNICIPIO_SIN_CN_TRAB,Si,No,30613,,Regla 2 coherente para validaciones implementadas.
GPA-001__R2-001__R1-001__0955,GPA-001__R2-001__R1-001,02_inputs_xml_flat/GPA-001__R2-001__R1-001__0955.xml,PASS,INFO,R1.D01=SI;R1.D02=SI;R2.D01=SI;R2.D02=SI;R2.D03=SI,MUNICIPIO30611,MUNICIPIO_SIN_CN_TRAB,Si,No,30611,,Regla 2 coherente para validaciones implementadas.
GPA-001__R2-001__R1-001__0956,GPA-001__R2-001__R1-001,02_inputs_xml_flat/GPA-001__R2-001__R1-001__0956.xml,PASS,INFO,R1.D01=SI;R1.D02=SI;R2.D01=SI;R2.D02=SI;R2.D03=SI,MUNICIPIO30612,MUNICIPIO_SIN_CN_TRAB,Si,No,30612,,Regla 2 coherente para validaciones implementadas.
GPA-001__R2-001__R1-001__0957,GPA-001__R2-001__R1-001,02_inputs_xml_flat/GPA-001__R2-001__R1-001__0957.xml,PASS,INFO,R1.D01=SI;R1.D02=SI;R2.D01=SI;R2.D02=SI;R2.D03=SI,MUNICIPIO30613,MUNICIPIO_SIN_CN_TRAB,Si,No,30613,,Regla 2 coherente para validaciones implementadas.
GPA-001__R2-001__R1-001__0958,GPA-001__R2-001__R1-001,02_inputs_xml_flat/GPA-001__R2-001__R1-001__0958.xml,PASS,INFO,R1.D01=SI;R1.D02=SI;R2.D01=SI;R2.D02=SI;R2.D03=SI,MUNICIPIO30611,MUNICIPIO_SIN_CN_TRAB,Si,No,30611,,Regla 2 coherente para validaciones implementadas.
GPA-001__R2-001__R1-001__0959,GPA-001__R2-001__R1-001,02_inputs_xml_flat/GPA-001__R2-001__R1-001__0959.xml,PASS,INFO,R1.D01=SI;R1.D02=SI;R2.D01=SI;R2.D02=SI;R2.D03=SI,MUNICIPIO30612,MUNICIPIO_SIN_CN_TRAB,Si,No,30612,,Regla 2 coherente para validaciones implementadas.
GPA-001__R2-001__R1-001__0960,GPA-001__R2-001__R1-001,02_inputs_xml_flat/GPA-001__R2-001__R1-001__0960.xml,PASS,INFO,R1.D01=SI;R1.D02=SI;R2.D01=SI;R2.D02=SI;R2.D03=SI,MUNICIPIO30613,MUNICIPIO_SIN_CN_TRAB,Si,No,30613,,Regla 2 coherente para validaciones implementadas.
GPA-001__R2-001__R1-001__0961,GPA-001__R2-001__R1-001,02_inputs_xml_flat/GPA-001__R2-001__R1-001__0961.xml,PASS,INFO,R1.D01=SI;R1.D02=SI;R2.D01=SI;R2.D02=SI;R2.D03=SI,MUNICIPIO30611,MUNICIPIO_SIN_CN_TRAB,Si,No,30611,,Regla 2 coherente para validaciones implementadas.
GPA-001__R2-001__R1-001__0962,GPA-001__R2-001__R1-001,02_inputs_xml_flat/GPA-001__R2-001__R1-001__0962.xml,PASS,INFO,R1.D01=SI;R1.D02=SI;R2.D01=SI;R2.D02=SI;R2.D03=SI,MUNICIPIO30612,MUNICIPIO_SIN_CN_TRAB,Si,No,30612,,Regla 2 coherente para validaciones implementadas.
GPA-001__R2-001__R1-001__0963,GPA-001__R2-001__R1-001,02_inputs_xml_flat/GPA-001__R2-001__R1-001__0963.xml,PASS,INFO,R1.D01=SI;R1.D02=SI;R2.D01=SI;R2.D02=SI;R2.D03=SI,MUNICIPIO30613,MUNICIPIO_SIN_CN_TRAB,Si,No,30613,,Regla 2 coherente para validaciones implementadas.
GPA-001__R2-001__R1-001__0964,GPA-001__R2-001__R1-001,02_inputs_xml_flat/GPA-001__R2-001__R1-001__0964.xml,PASS,INFO,R1.D01=SI;R1.D02=SI;R2.D01=SI;R2.D02=SI;R2.D03=SI,MUNICIPIO30611,MUNICIPIO_SIN_CN_TRAB,Si,No,30611,,Regla 2 coherente para validaciones implementadas.
GPA-001__R2-001__R1-001__0965,GPA-001__R2-001__R1-001,02_inputs_xml_flat/GPA-001__R2-001__R1-001__0965.xml,PASS,INFO,R1.D01=SI;R1.D02=SI;R2.D01=SI;R2.D02=SI;R2.D03=SI,MUNICIPIO30612,MUNICIPIO_SIN_CN_TRAB,Si,No,30612,,Regla 2 coherente para validaciones implementadas.
GPA-001__R2-001__R1-001__0966,GPA-001__R2-001__R1-001,02_inputs_xml_flat/GPA-001__R2-001__R1-001__0966.xml,PASS,INFO,R1.D01=SI;R1.D02=SI;R2.D01=SI;R2.D02=SI;R2.D03=SI,MUNICIPIO30613,MUNICIPIO_SIN_CN_TRAB,Si,No,30613,,Regla 2 coherente para validaciones implementadas.
GPA-001__R2-001__R1-001__0967,GPA-001__R2-001__R1-001,02_inputs_xml_flat/GPA-001__R2-001__R1-001__0967.xml,PASS,INFO,R1.D01=SI;R1.D02=SI;R2.D01=SI;R2.D02=SI;R2.D03=SI,MUNICIPIO30611,MUNICIPIO_SIN_CN_TRAB,Si,No,30611,,Regla 2 coherente para validaciones implementadas.
GPA-001__R2-001__R1-001__0968,GPA-001__R2-001__R1-001,02_inputs_xml_flat/GPA-001__R2-001__R1-001__0968.xml,PASS,INFO,R1.D01=SI;R1.D02=SI;R2.D01=SI;R2.D02=SI;R2.D03=SI,MUNICIPIO30612,MUNICIPIO_SIN_CN_TRAB,Si,No,30612,,Regla 2 coherente para validaciones implementadas.
GPA-001__R2-001__R1-001__0969,GPA-001__R2-001__R1-001,02_inputs_xml_flat/GPA-001__R2-001__R1-001__0969.xml,PASS,INFO,R1.D01=SI;R1.D02=SI;R2.D01=SI;R2.D02=SI;R2.D03=SI,MUNICIPIO30613,MUNICIPIO_SIN_CN_TRAB,Si,No,30613,,Regla 2 coherente para validaciones implementadas.
GPA-001__R2-001__R1-001__0970,GPA-001__R2-001__R1-001,02_inputs_xml_flat/GPA-001__R2-001__R1-001__0970.xml,PASS,INFO,R1.D01=SI;R1.D02=SI;R2.D01=SI;R2.D02=SI;R2.D03=SI,MUNICIPIO30611,MUNICIPIO_SIN_CN_TRAB,Si,No,30611,,Regla 2 coherente para validaciones implementadas.
GPA-001__R2-001__R1-001__0971,GPA-001__R2-001__R1-001,02_inputs_xml_flat/GPA-001__R2-001__R1-001__0971.xml,PASS,INFO,R1.D01=SI;R1.D02=SI;R2.D01=SI;R2.D02=SI;R2.D03=SI,MUNICIPIO30612,MUNICIPIO_SIN_CN_TRAB,Si,No,30612,,Regla 2 coherente para validaciones implementadas.
GPA-001__R2-001__R1-001__0972,GPA-001__R2-001__R1-001,02_inputs_xml_flat/GPA-001__R2-001__R1-001__0972.xml,PASS,INFO,R1.D01=SI;R1.D02=SI;R2.D01=SI;R2.D02=SI;R2.D03=SI,MUNICIPIO30613,MUNICIPIO_SIN_CN_TRAB,Si,No,30613,,Regla 2 coherente para validaciones implementadas.
GPA-001__R2-001__R1-001__0973,GPA-001__R2-001__R1-001,02_inputs_xml_flat/GPA-001__R2-001__R1-001__0973.xml,PASS,INFO,R1.D01=SI;R1.D02=SI;R2.D01=SI;R2.D02=SI;R2.D03=SI,MUNICIPIO30611,MUNICIPIO_SIN_CN_TRAB,Si,No,30611,,Regla 2 coherente para validaciones implementadas.
GPA-001__R2-001__R1-001__0974,GPA-001__R2-001__R1-001,02_inputs_xml_flat/GPA-001__R2-001__R1-001__0974.xml,PASS,INFO,R1.D01=SI;R1.D02=SI;R2.D01=SI;R2.D02=SI;R2.D03=SI,MUNICIPIO30612,MUNICIPIO_SIN_CN_TRAB,Si,No,30612,,Regla 2 coherente para validaciones implementadas.
GPA-001__R2-001__R1-001__0975,GPA-001__R2-001__R1-001,02_inputs_xml_flat/GPA-001__R2-001__R1-001__0975.xml,PASS,INFO,R1.D01=SI;R1.D02=SI;R2.D01=SI;R2.D02=SI;R2.D03=SI,MUNICIPIO30613,MUNICIPIO_SIN_CN_TRAB,Si,No,30613,,Regla 2 coherente para validaciones implementadas.
GPA-001__R2-001__R1-001__0976,GPA-001__R2-001__R1-001,02_inputs_xml_flat/GPA-001__R2-001__R1-001__0976.xml,PASS,INFO,R1.D01=SI;R1.D02=SI;R2.D01=SI;R2.D02=SI;R2.D03=SI,MUNICIPIO30611,MUNICIPIO_SIN_CN_TRAB,Si,No,30611,,Regla 2 coherente para validaciones implementadas.
GPA-001__R2-001__R1-001__0977,GPA-001__R2-001__R1-001,02_inputs_xml_flat/GPA-001__R2-001__R1-001__0977.xml,PASS,INFO,R1.D01=SI;R1.D02=SI;R2.D01=SI;R2.D02=SI;R2.D03=SI,MUNICIPIO30612,MUNICIPIO_SIN_CN_TRAB,Si,No,30612,,Regla 2 coherente para validaciones implementadas.
GPA-001__R2-001__R1-001__0978,GPA-001__R2-001__R1-001,02_inputs_xml_flat/GPA-001__R2-001__R1-001__0978.xml,PASS,INFO,R1.D01=SI;R1.D02=SI;R2.D01=SI;R2.D02=SI;R2.D03=SI,MUNICIPIO30613,MUNICIPIO_SIN_CN_TRAB,Si,No,30613,,Regla 2 coherente para validaciones implementadas.
GPA-001__R2-001__R1-001__0979,GPA-001__R2-001__R1-001,02_inputs_xml_flat/GPA-001__R2-001__R1-001__0979.xml,PASS,INFO,R1.D01=SI;R1.D02=SI;R2.D01=SI;R2.D02=SI;R2.D03=SI,MUNICIPIO30611,MUNICIPIO_SIN_CN_TRAB,Si,No,30611,,Regla 2 coherente para validaciones implementadas.
GPA-001__R2-001__R1-001__0980,GPA-001__R2-001__R1-001,02_inputs_xml_flat/GPA-001__R2-001__R1-001__0980.xml,PASS,INFO,R1.D01=SI;R1.D02=SI;R2.D01=SI;R2.D02=SI;R2.D03=SI,MUNICIPIO30612,MUNICIPIO_SIN_CN_TRAB,Si,No,30612,,Regla 2 coherente para validaciones implementadas.
GPA-001__R2-001__R1-001__0981,GPA-001__R2-001__R1-001,02_inputs_xml_flat/GPA-001__R2-001__R1-001__0981.xml,PASS,INFO,R1.D01=SI;R1.D02=SI;R2.D01=SI;R2.D02=SI;R2.D03=SI,MUNICIPIO30613,MUNICIPIO_SIN_CN_TRAB,Si,No,30613,,Regla 2 coherente para validaciones implementadas.
GPA-001__R2-001__R1-001__0982,GPA-001__R2-001__R1-001,02_inputs_xml_flat/GPA-001__R2-001__R1-001__0982.xml,PASS,INFO,R1.D01=SI;R1.D02=SI;R2.D01=SI;R2.D02=SI;R2.D03=SI,MUNICIPIO30611,MUNICIPIO_SIN_CN_TRAB,Si,No,30611,,Regla 2 coherente para validaciones implementadas.
GPA-001__R2-001__R1-001__0983,GPA-001__R2-001__R1-001,02_inputs_xml_flat/GPA-001__R2-001__R1-001__0983.xml,PASS,INFO,R1.D01=SI;R1.D02=SI;R2.D01=SI;R2.D02=SI;R2.D03=SI,MUNICIPIO30612,MUNICIPIO_SIN_CN_TRAB,Si,No,30612,,Regla 2 coherente para validaciones implementadas.
GPA-001__R2-001__R1-001__0984,GPA-001__R2-001__R1-001,02_inputs_xml_flat/GPA-001__R2-001__R1-001__0984.xml,PASS,INFO,R1.D01=SI;R1.D02=SI;R2.D01=SI;R2.D02=SI;R2.D03=SI,MUNICIPIO30613,MUNICIPIO_SIN_CN_TRAB,Si,No,30613,,Regla 2 coherente para validaciones implementadas.
GPA-001__R2-001__R1-001__0985,GPA-001__R2-001__R1-001,02_inputs_xml_flat/GPA-001__R2-001__R1-001__0985.xml,PASS,INFO,R1.D01=SI;R1.D02=SI;R2.D01=SI;R2.D02=SI;R2.D03=SI,MUNICIPIO30611,MUNICIPIO_SIN_CN_TRAB,Si,No,30611,,Regla 2 coherente para validaciones implementadas.
GPA-001__R2-001__R1-001__0986,GPA-001__R2-001__R1-001,02_inputs_xml_flat/GPA-001__R2-001__R1-001__0986.xml,PASS,INFO,R1.D01=SI;R1.D02=SI;R2.D01=SI;R2.D02=SI;R2.D03=SI,MUNICIPIO30612,MUNICIPIO_SIN_CN_TRAB,Si,No,30612,,Regla 2 coherente para validaciones implementadas.
GPA-001__R2-001__R1-001__0987,GPA-001__R2-001__R1-001,02_inputs_xml_flat/GPA-001__R2-001__R1-001__0987.xml,PASS,INFO,R1.D01=SI;R1.D02=SI;R2.D01=SI;R2.D02=SI;R2.D03=SI,MUNICIPIO30613,MUNICIPIO_SIN_CN_TRAB,Si,No,30613,,Regla 2 coherente para validaciones implementadas.
GPA-001__R2-001__R1-001__0988,GPA-001__R2-001__R1-001,02_inputs_xml_flat/GPA-001__R2-001__R1-001__0988.xml,PASS,INFO,R1.D01=SI;R1.D02=SI;R2.D01=SI;R2.D02=SI;R2.D03=SI,MUNICIPIO30611,MUNICIPIO_SIN_CN_TRAB,Si,No,30611,,Regla 2 coherente para validaciones implementadas.
GPA-001__R2-001__R1-001__0989,GPA-001__R2-001__R1-001,02_inputs_xml_flat/GPA-001__R2-001__R1-001__0989.xml,PASS,INFO,R1.D01=SI;R1.D02=SI;R2.D01=SI;R2.D02=SI;R2.D03=SI,MUNICIPIO30612,MUNICIPIO_SIN_CN_TRAB,Si,No,30612,,Regla 2 coherente para validaciones implementadas.
GPA-001__R2-001__R1-001__0990,GPA-001__R2-001__R1-001,02_inputs_xml_flat/GPA-001__R2-001__R1-001__0990.xml,PASS,INFO,R1.D01=SI;R1.D02=SI;R2.D01=SI;R2.D02=SI;R2.D03=SI,MUNICIPIO30613,MUNICIPIO_SIN_CN_TRAB,Si,No,30613,,Regla 2 coherente para validaciones implementadas.
GPA-001__R2-001__R1-001__0991,GPA-001__R2-001__R1-001,02_inputs_xml_flat/GPA-001__R2-001__R1-001__0991.xml,PASS,INFO,R1.D01=SI;R1.D02=SI;R2.D01=SI;R2.D02=SI;R2.D03=SI,MUNICIPIO30611,MUNICIPIO_SIN_CN_TRAB,Si,No,30611,,Regla 2 coherente para validaciones implementadas.
GPA-001__R2-001__R1-001__0992,GPA-001__R2-001__R1-001,02_inputs_xml_flat/GPA-001__R2-001__R1-001__0992.xml,PASS,INFO,R1.D01=SI;R1.D02=SI;R2.D01=SI;R2.D02=SI;R2.D03=SI,MUNICIPIO30612,MUNICIPIO_SIN_CN_TRAB,Si,No,30612,,Regla 2 coherente para validaciones implementadas.
GPA-001__R2-001__R1-001__0993,GPA-001__R2-001__R1-001,02_inputs_xml_flat/GPA-001__R2-001__R1-001__0993.xml,PASS,INFO,R1.D01=SI;R1.D02=SI;R2.D01=SI;R2.D02=SI;R2.D03=SI,MUNICIPIO30613,MUNICIPIO_SIN_CN_TRAB,Si,No,30613,,Regla 2 coherente para validaciones implementadas.
GPA-001__R2-001__R1-001__0994,GPA-001__R2-001__R1-001,02_inputs_xml_flat/GPA-001__R2-001__R1-001__0994.xml,PASS,INFO,R1.D01=SI;R1.D02=SI;R2.D01=SI;R2.D02=SI;R2.D03=SI,MUNICIPIO30611,MUNICIPIO_SIN_CN_TRAB,Si,No,30611,,Regla 2 coherente para validaciones implementadas.
GPA-001__R2-001__R1-001__0995,GPA-001__R2-001__R1-001,02_inputs_xml_flat/GPA-001__R2-001__R1-001__0995.xml,PASS,INFO,R1.D01=SI;R1.D02=SI;R2.D01=SI;R2.D02=SI;R2.D03=SI,MUNICIPIO30612,MUNICIPIO_SIN_CN_TRAB,Si,No,30612,,Regla 2 coherente para validaciones implementadas.
GPA-001__R2-001__R1-001__0996,GPA-001__R2-001__R1-001,02_inputs_xml_flat/GPA-001__R2-001__R1-001__0996.xml,PASS,INFO,R1.D01=SI;R1.D02=SI;R2.D01=SI;R2.D02=SI;R2.D03=SI,MUNICIPIO30613,MUNICIPIO_SIN_CN_TRAB,Si,No,30613,,Regla 2 coherente para validaciones implementadas.
GPA-001__R2-001__R1-001__0997,GPA-001__R2-001__R1-001,02_inputs_xml_flat/GPA-001__R2-001__R1-001__0997.xml,PASS,INFO,R1.D01=SI;R1.D02=SI;R2.D01=SI;R2.D02=SI;R2.D03=SI,MUNICIPIO30611,MUNICIPIO_SIN_CN_TRAB,Si,No,30611,,Regla 2 coherente para validaciones implementadas.
GPA-001__R2-001__R1-001__0998,GPA-001__R2-001__R1-001,02_inputs_xml_flat/GPA-001__R2-001__R1-001__0998.xml,PASS,INFO,R1.D01=SI;R1.D02=SI;R2.D01=SI;R2.D02=SI;R2.D03=SI,MUNICIPIO30612,MUNICIPIO_SIN_CN_TRAB,Si,No,30612,,Regla 2 coherente para validaciones implementadas.
GPA-001__R2-001__R1-001__0999,GPA-001__R2-001__R1-001,02_inputs_xml_flat/GPA-001__R2-001__R1-001__0999.xml,PASS,INFO,R1.D01=SI;R1.D02=SI;R2.D01=SI;R2.D02=SI;R2.D03=SI,MUNICIPIO30613,MUNICIPIO_SIN_CN_TRAB,Si,No,30613,,Regla 2 coherente para validaciones implementadas.
GPA-001__R2-001__R1-001__1000,GPA-001__R2-001__R1-001,02_inputs_xml_flat/GPA-001__R2-001__R1-001__1000.xml,PASS,INFO,R1.D01=SI;R1.D02=SI;R2.D01=SI;R2.D02=SI;R2.D03=SI,MUNICIPIO30611,MUNICIPIO_SIN_CN_TRAB,Si,No,30611,,Regla 2 coherente para validaciones implementadas.
GPA-001__R2-001__R1-002__0001,GPA-001__R2-001__R1-002,02_inputs_xml_flat/GPA-001__R2-001__R1-002__0001.xml,PASS,INFO,R1.D01=SI;R1.D02=NO;R2.D01=SI;R2.D02=SI;R2.D03=SI,MUNICIPIO30621,MUNICIPIO_SIN_CN_TRAB,Si,No,30621,,Regla 2 coherente para validaciones implementadas.
GPA-001__R2-001__R1-002__0002,GPA-001__R2-001__R1-002,02_inputs_xml_flat/GPA-001__R2-001__R1-002__0002.xml,PASS,INFO,R1.D01=SI;R1.D02=NO;R2.D01=SI;R2.D02=SI;R2.D03=SI,MUNICIPIO30622,MUNICIPIO_SIN_CN_TRAB,Si,No,30622,,Regla 2 coherente para validaciones implementadas.
GPA-001__R2-001__R1-002__0003,GPA-001__R2-001__R1-002,02_inputs_xml_flat/GPA-001__R2-001__R1-002__0003.xml,PASS,INFO,R1.D01=SI;R1.D02=NO;R2.D01=SI;R2.D02=SI;R2.D03=SI,MUNICIPIO30623,MUNICIPIO_SIN_CN_TRAB,Si,No,30623,,Regla 2 coherente para validaciones implementadas.
GPA-001__R2-001__R1-002__0004,GPA-001__R2-001__R1-002,02_inputs_xml_flat/GPA-001__R2-001__R1-002__0004.xml,PASS,INFO,R1.D01=SI;R1.D02=NO;R2.D01=SI;R2.D02=SI;R2.D03=SI,MUNICIPIO30621,MUNICIPIO_SIN_CN_TRAB,Si,No,30621,,Regla 2 coherente para validaciones implementadas.
GPA-001__R2-001__R1-002__0005,GPA-001__R2-001__R1-002,02_inputs_xml_flat/GPA-001__R2-001__R1-002__0005.xml,PASS,INFO,R1.D01=SI;R1.D02=NO;R2.D01=SI;R2.D02=SI;R2.D03=SI,MUNICIPIO30622,MUNICIPIO_SIN_CN_TRAB,Si,No,30622,,Regla 2 coherente para validaciones implementadas.
GPA-001__R2-001__R1-002__0006,GPA-001__R2-001__R1-002,02_inputs_xml_flat/GPA-001__R2-001__R1-002__0006.xml,PASS,INFO,R1.D01=SI;R1.D02=NO;R2.D01=SI;R2.D02=SI;R2.D03=SI,MUNICIPIO30623,MUNICIPIO_SIN_CN_TRAB,Si,No,30623,,Regla 2 coherente para validaciones implementadas.
GPA-001__R2-001__R1-002__0007,GPA-001__R2-001__R1-002,02_inputs_xml_flat/GPA-001__R2-001__R1-002__0007.xml,PASS,INFO,R1.D01=SI;R1.D02=NO;R2.D01=SI;R2.D02=SI;R2.D03=SI,MUNICIPIO30621,MUNICIPIO_SIN_CN_TRAB,Si,No,30621,,Regla 2 coherente para validaciones implementadas.
GPA-001__R2-001__R1-002__0008,GPA-001__R2-001__R1-002,02_inputs_xml_flat/GPA-001__R2-001__R1-002__0008.xml,PASS,INFO,R1.D01=SI;R1.D02=NO;R2.D01=SI;R2.D02=SI;R2.D03=SI,MUNICIPIO30622,MUNICIPIO_SIN_CN_TRAB,Si,No,30622,,Regla 2 coherente para validaciones implementadas.
GPA-001__R2-001__R1-002__0009,GPA-001__R2-001__R1-002,02_inputs_xml_flat/GPA-001__R2-001__R1-002__0009.xml,PASS,INFO,R1.D01=SI;R1.D02=NO;R2.D01=SI;R2.D02=SI;R2.D03=SI,MUNICIPIO30623,MUNICIPIO_SIN_CN_TRAB,Si,No,30623,,Regla 2 coherente para validaciones implementadas.
GPA-001__R2-001__R1-002__0010,GPA-001__R2-001__R1-002,02_inputs_xml_flat/GPA-001__R2-001__R1-002__0010.xml,PASS,INFO,R1.D01=SI;R1.D02=NO;R2.D01=SI;R2.D02=SI;R2.D03=SI,MUNICIPIO30621,MUNICIPIO_SIN_CN_TRAB,Si,No,30621,,Regla 2 coherente para validaciones implementadas.
GPA-001__R2-001__R1-002__0011,GPA-001__R2-001__R1-002,02_inputs_xml_flat/GPA-001__R2-001__R1-002__0011.xml,PASS,INFO,R1.D01=SI;R1.D02=NO;R2.D01=SI;R2.D02=SI;R2.D03=SI,MUNICIPIO30622,MUNICIPIO_SIN_CN_TRAB,Si,No,30622,,Regla 2 coherente para validaciones implementadas.
GPA-001__R2-001__R1-002__0012,GPA-001__R2-001__R1-002,02_inputs_xml_flat/GPA-001__R2-001__R1-002__0012.xml,PASS,INFO,R1.D01=SI;R1.D02=NO;R2.D01=SI;R2.D02=SI;R2.D03=SI,MUNICIPIO30623,MUNICIPIO_SIN_CN_TRAB,Si,No,30623,,Regla 2 coherente para validaciones implementadas.
GPA-001__R2-001__R1-002__0013,GPA-001__R2-001__R1-002,02_inputs_xml_flat/GPA-001__R2-001__R1-002__0013.xml,PASS,INFO,R1.D01=SI;R1.D02=NO;R2.D01=SI;R2.D02=SI;R2.D03=SI,MUNICIPIO30621,MUNICIPIO_SIN_CN_TRAB,Si,No,30621,,Regla 2 coherente para validaciones implementadas.
GPA-001__R2-001__R1-002__0014,GPA-001__R2-001__R1-002,02_inputs_xml_flat/GPA-001__R2-001__R1-002__0014.xml,PASS,INFO,R1.D01=SI;R1.D02=NO;R2.D01=SI;R2.D02=SI;R2.D03=SI,MUNICIPIO30622,MUNICIPIO_SIN_CN_TRAB,Si,No,30622,,Regla 2 coherente para validaciones implementadas.
GPA-001__R2-001__R1-002__0015,GPA-001__R2-001__R1-002,02_inputs_xml_flat/GPA-001__R2-001__R1-002__0015.xml,PASS,INFO,R1.D01=SI;R1.D02=NO;R2.D01=SI;R2.D02=SI;R2.D03=SI,MUNICIPIO30623,MUNICIPIO_SIN_CN_TRAB,Si,No,30623,,Regla 2 coherente para validaciones implementadas.
GPA-001__R2-001__R1-002__0016,GPA-001__R2-001__R1-002,02_inputs_xml_flat/GPA-001__R2-001__R1-002__0016.xml,PASS,INFO,R1.D01=SI;R1.D02=NO;R2.D01=SI;R2.D02=SI;R2.D03=SI,MUNICIPIO30621,MUNICIPIO_SIN_CN_TRAB,Si,No,30621,,Regla 2 coherente para validaciones implementadas.
GPA-001__R2-001__R1-002__0017,GPA-001__R2-001__R1-002,02_inputs_xml_flat/GPA-001__R2-001__R1-002__0017.xml,PASS,INFO,R1.D01=SI;R1.D02=NO;R2.D01=SI;R2.D02=SI;R2.D03=SI,MUNICIPIO30622,MUNICIPIO_SIN_CN_TRAB,Si,No,30622,,Regla 2 coherente para validaciones implementadas.
GPA-001__R2-001__R1-002__0018,GPA-001__R2-001__R1-002,02_inputs_xml_flat/GPA-001__R2-001__R1-002__0018.xml,PASS,INFO,R1.D01=SI;R1.D02=NO;R2.D01=SI;R2.D02=SI;R2.D03=SI,MUNICIPIO30623,MUNICIPIO_SIN_CN_TRAB,Si,No,30623,,Regla 2 coherente para validaciones implementadas.
GPA-001__R2-001__R1-002__0019,GPA-001__R2-001__R1-002,02_inputs_xml_flat/GPA-001__R2-001__R1-002__0019.xml,PASS,INFO,R1.D01=SI;R1.D02=NO;R2.D01=SI;R2.D02=SI;R2.D03=SI,MUNICIPIO30621,MUNICIPIO_SIN_CN_TRAB,Si,No,30621,,Regla 2 coherente para validaciones implementadas.
GPA-001__R2-001__R1-002__0020,GPA-001__R2-001__R1-002,02_inputs_xml_flat/GPA-001__R2-001__R1-002__0020.xml,PASS,INFO,R1.D01=SI;R1.D02=NO;R2.D01=SI;R2.D02=SI;R2.D03=SI,MUNICIPIO30622,MUNICIPIO_SIN_CN_TRAB,Si,No,30622,,Regla 2 coherente para validaciones implementadas.
GPA-001__R2-001__R1-002__0021,GPA-001__R2-001__R1-002,02_inputs_xml_flat/GPA-001__R2-001__R1-002__0021.xml,PASS,INFO,R1.D01=SI;R1.D02=NO;R2.D01=SI;R2.D02=SI;R2.D03=SI,MUNICIPIO30623,MUNICIPIO_SIN_CN_TRAB,Si,No,30623,,Regla 2 coherente para validaciones implementadas.
GPA-001__R2-001__R1-002__0022,GPA-001__R2-001__R1-002,02_inputs_xml_flat/GPA-001__R2-001__R1-002__0022.xml,PASS,INFO,R1.D01=SI;R1.D02=NO;R2.D01=SI;R2.D02=SI;R2.D03=SI,MUNICIPIO30621,MUNICIPIO_SIN_CN_TRAB,Si,No,30621,,Regla 2 coherente para validaciones implementadas.
GPA-001__R2-001__R1-002__0023,GPA-001__R2-001__R1-002,02_inputs_xml_flat/GPA-001__R2-001__R1-002__0023.xml,PASS,INFO,R1.D01=SI;R1.D02=NO;R2.D01=SI;R2.D02=SI;R2.D03=SI,MUNICIPIO30622,MUNICIPIO_SIN_CN_TRAB,Si,No,30622,,Regla 2 coherente para validaciones implementadas.
GPA-001__R2-001__R1-002__0024,GPA-001__R2-001__R1-002,02_inputs_xml_flat/GPA-001__R2-001__R1-002__0024.xml,PASS,INFO,R1.D01=SI;R1.D02=NO;R2.D01=SI;R2.D02=SI;R2.D03=SI,MUNICIPIO30623,MUNICIPIO_SIN_CN_TRAB,Si,No,30623,,Regla 2 coherente para validaciones implementadas.
GPA-001__R2-001__R1-002__0025,GPA-001__R2-001__R1-002,02_inputs_xml_flat/GPA-001__R2-001__R1-002__0025.xml,PASS,INFO,R1.D01=SI;R1.D02=NO;R2.D01=SI;R2.D02=SI;R2.D03=SI,MUNICIPIO30621,MUNICIPIO_SIN_CN_TRAB,Si,No,30621,,Regla 2 coherente para validaciones implementadas.
GPA-001__R2-001__R1-002__0026,GPA-001__R2-001__R1-002,02_inputs_xml_flat/GPA-001__R2-001__R1-002__0026.xml,PASS,INFO,R1.D01=SI;R1.D02=NO;R2.D01=SI;R2.D02=SI;R2.D03=SI,MUNICIPIO30622,MUNICIPIO_SIN_CN_TRAB,Si,No,30622,,Regla 2 coherente para validaciones implementadas.
GPA-001__R2-001__R1-002__0027,GPA-001__R2-001__R1-002,02_inputs_xml_flat/GPA-001__R2-001__R1-002__0027.xml,PASS,INFO,R1.D01=SI;R1.D02=NO;R2.D01=SI;R2.D02=SI;R2.D03=SI,MUNICIPIO30623,MUNICIPIO_SIN_CN_TRAB,Si,No,30623,,Regla 2 coherente para validaciones implementadas.
GPA-001__R2-001__R1-002__0028,GPA-001__R2-001__R1-002,02_inputs_xml_flat/GPA-001__R2-001__R1-002__0028.xml,PASS,INFO,R1.D01=SI;R1.D02=NO;R2.D01=SI;R2.D02=SI;R2.D03=SI,MUNICIPIO30621,MUNICIPIO_SIN_CN_TRAB,Si,No,30621,,Regla 2 coherente para validaciones implementadas.
GPA-001__R2-001__R1-002__0029,GPA-001__R2-001__R1-002,02_inputs_xml_flat/GPA-001__R2-001__R1-002__0029.xml,PASS,INFO,R1.D01=SI;R1.D02=NO;R2.D01=SI;R2.D02=SI;R2.D03=SI,MUNICIPIO30622,MUNICIPIO_SIN_CN_TRAB,Si,No,30622,,Regla 2 coherente para validaciones implementadas.
GPA-001__R2-001__R1-002__0030,GPA-001__R2-001__R1-002,02_inputs_xml_flat/GPA-001__R2-001__R1-002__0030.xml,PASS,INFO,R1.D01=SI;R1.D02=NO;R2.D01=SI;R2.D02=SI;R2.D03=SI,MUNICIPIO30623,MUNICIPIO_SIN_CN_TRAB,Si,No,30623,,Regla 2 coherente para validaciones implementadas.
GPA-001__R2-001__R1-002__0031,GPA-001__R2-001__R1-002,02_inputs_xml_flat/GPA-001__R2-001__R1-002__0031.xml,PASS,INFO,R1.D01=SI;R1.D02=NO;R2.D01=SI;R2.D02=SI;R2.D03=SI,MUNICIPIO30621,MUNICIPIO_SIN_CN_TRAB,Si,No,30621,,Regla 2 coherente para validaciones implementadas.
GPA-001__R2-001__R1-002__0032,GPA-001__R2-001__R1-002,02_inputs_xml_flat/GPA-001__R2-001__R1-002__0032.xml,PASS,INFO,R1.D01=SI;R1.D02=NO;R2.D01=SI;R2.D02=SI;R2.D03=SI,MUNICIPIO30622,MUNICIPIO_SIN_CN_TRAB,Si,No,30622,,Regla 2 coherente para validaciones implementadas.
GPA-001__R2-001__R1-002__0033,GPA-001__R2-001__R1-002,02_inputs_xml_flat/GPA-001__R2-001__R1-002__0033.xml,PASS,INFO,R1.D01=SI;R1.D02=NO;R2.D01=SI;R2.D02=SI;R2.D03=SI,MUNICIPIO30623,MUNICIPIO_SIN_CN_TRAB,Si,No,30623,,Regla 2 coherente para validaciones implementadas.
GPA-001__R2-001__R1-002__0034,GPA-001__R2-001__R1-002,02_inputs_xml_flat/GPA-001__R2-001__R1-002__0034.xml,PASS,INFO,R1.D01=SI;R1.D02=NO;R2.D01=SI;R2.D02=SI;R2.D03=SI,MUNICIPIO30621,MUNICIPIO_SIN_CN_TRAB,Si,No,30621,,Regla 2 coherente para validaciones implementadas.
GPA-001__R2-001__R1-002__0035,GPA-001__R2-001__R1-002,02_inputs_xml_flat/GPA-001__R2-001__R1-002__0035.xml,PASS,INFO,R1.D01=SI;R1.D02=NO;R2.D01=SI;R2.D02=SI;R2.D03=SI,MUNICIPIO30622,MUNICIPIO_SIN_CN_TRAB,Si,No,30622,,Regla 2 coherente para validaciones implementadas.
GPA-001__R2-001__R1-002__0036,GPA-001__R2-001__R1-002,02_inputs_xml_flat/GPA-001__R2-001__R1-002__0036.xml,PASS,INFO,R1.D01=SI;R1.D02=NO;R2.D01=SI;R2.D02=SI;R2.D03=SI,MUNICIPIO30623,MUNICIPIO_SIN_CN_TRAB,Si,No,30623,,Regla 2 coherente para validaciones implementadas.
GPA-001__R2-001__R1-002__0037,GPA-001__R2-001__R1-002,02_inputs_xml_flat/GPA-001__R2-001__R1-002__0037.xml,PASS,INFO,R1.D01=SI;R1.D02=NO;R2.D01=SI;R2.D02=SI;R2.D03=SI,MUNICIPIO30621,MUNICIPIO_SIN_CN_TRAB,Si,No,30621,,Regla 2 coherente para validaciones implementadas.
GPA-001__R2-001__R1-002__0038,GPA-001__R2-001__R1-002,02_inputs_xml_flat/GPA-001__R2-001__R1-002__0038.xml,PASS,INFO,R1.D01=SI;R1.D02=NO;R2.D01=SI;R2.D02=SI;R2.D03=SI,MUNICIPIO30622,MUNICIPIO_SIN_CN_TRAB,Si,No,30622,,Regla 2 coherente para validaciones implementadas.
GPA-001__R2-001__R1-002__0039,GPA-001__R2-001__R1-002,02_inputs_xml_flat/GPA-001__R2-001__R1-002__0039.xml,PASS,INFO,R1.D01=SI;R1.D02=NO;R2.D01=SI;R2.D02=SI;R2.D03=SI,MUNICIPIO30623,MUNICIPIO_SIN_CN_TRAB,Si,No,30623,,Regla 2 coherente para validaciones implementadas.
GPA-001__R2-001__R1-002__0040,GPA-001__R2-001__R1-002,02_inputs_xml_flat/GPA-001__R2-001__R1-002__0040.xml,PASS,INFO,R1.D01=SI;R1.D02=NO;R2.D01=SI;R2.D02=SI;R2.D03=SI,MUNICIPIO30621,MUNICIPIO_SIN_CN_TRAB,Si,No,30621,,Regla 2 coherente para validaciones implementadas.
GPA-001__R2-001__R1-002__0041,GPA-001__R2-001__R1-002,02_inputs_xml_flat/GPA-001__R2-001__R1-002__0041.xml,PASS,INFO,R1.D01=SI;R1.D02=NO;R2.D01=SI;R2.D02=SI;R2.D03=SI,MUNICIPIO30622,MUNICIPIO_SIN_CN_TRAB,Si,No,30622,,Regla 2 coherente para validaciones implementadas.
GPA-001__R2-001__R1-002__0042,GPA-001__R2-001__R1-002,02_inputs_xml_flat/GPA-001__R2-001__R1-002__0042.xml,PASS,INFO,R1.D01=SI;R1.D02=NO;R2.D01=SI;R2.D02=SI;R2.D03=SI,MUNICIPIO30623,MUNICIPIO_SIN_CN_TRAB,Si,No,30623,,Regla 2 coherente para validaciones implementadas.
GPA-001__R2-001__R1-002__0043,GPA-001__R2-001__R1-002,02_inputs_xml_flat/GPA-001__R2-001__R1-002__0043.xml,PASS,INFO,R1.D01=SI;R1.D02=NO;R2.D01=SI;R2.D02=SI;R2.D03=SI,MUNICIPIO30621,MUNICIPIO_SIN_CN_TRAB,Si,No,30621,,Regla 2 coherente para validaciones implementadas.
GPA-001__R2-001__R1-002__0044,GPA-001__R2-001__R1-002,02_inputs_xml_flat/GPA-001__R2-001__R1-002__0044.xml,PASS,INFO,R1.D01=SI;R1.D02=NO;R2.D01=SI;R2.D02=SI;R2.D03=SI,MUNICIPIO30622,MUNICIPIO_SIN_CN_TRAB,Si,No,30622,,Regla 2 coherente para validaciones implementadas.
GPA-001__R2-001__R1-002__0045,GPA-001__R2-001__R1-002,02_inputs_xml_flat/GPA-001__R2-001__R1-002__0045.xml,PASS,INFO,R1.D01=SI;R1.D02=NO;R2.D01=SI;R2.D02=SI;R2.D03=SI,MUNICIPIO30623,MUNICIPIO_SIN_CN_TRAB,Si,No,30623,,Regla 2 coherente para validaciones implementadas.
GPA-001__R2-001__R1-002__0046,GPA-001__R2-001__R1-002,02_inputs_xml_flat/GPA-001__R2-001__R1-002__0046.xml,PASS,INFO,R1.D01=SI;R1.D02=NO;R2.D01=SI;R2.D02=SI;R2.D03=SI,MUNICIPIO30621,MUNICIPIO_SIN_CN_TRAB,Si,No,30621,,Regla 2 coherente para validaciones implementadas.
GPA-001__R2-001__R1-002__0047,GPA-001__R2-001__R1-002,02_inputs_xml_flat/GPA-001__R2-001__R1-002__0047.xml,PASS,INFO,R1.D01=SI;R1.D02=NO;R2.D01=SI;R2.D02=SI;R2.D03=SI,MUNICIPIO30622,MUNICIPIO_SIN_CN_TRAB,Si,No,30622,,Regla 2 coherente para validaciones implementadas.
GPA-001__R2-001__R1-002__0048,GPA-001__R2-001__R1-002,02_inputs_xml_flat/GPA-001__R2-001__R1-002__0048.xml,PASS,INFO,R1.D01=SI;R1.D02=NO;R2.D01=SI;R2.D02=SI;R2.D03=SI,MUNICIPIO30623,MUNICIPIO_SIN_CN_TRAB,Si,No,30623,,Regla 2 coherente para validaciones implementadas.
GPA-001__R2-001__R1-002__0049,GPA-001__R2-001__R1-002,02_inputs_xml_flat/GPA-001__R2-001__R1-002__0049.xml,PASS,INFO,R1.D01=SI;R1.D02=NO;R2.D01=SI;R2.D02=SI;R2.D03=SI,MUNICIPIO30621,MUNICIPIO_SIN_CN_TRAB,Si,No,30621,,Regla 2 coherente para validaciones implementadas.
GPA-001__R2-001__R1-002__0050,GPA-001__R2-001__R1-002,02_inputs_xml_flat/GPA-001__R2-001__R1-002__0050.xml,PASS,INFO,R1.D01=SI;R1.D02=NO;R2.D01=SI;R2.D02=SI;R2.D03=SI,MUNICIPIO30622,MUNICIPIO_SIN_CN_TRAB,Si,No,30622,,Regla 2 coherente para validaciones implementadas.
GPA-001__R2-001__R1-002__0051,GPA-001__R2-001__R1-002,02_inputs_xml_flat/GPA-001__R2-001__R1-002__0051.xml,PASS,INFO,R1.D01=SI;R1.D02=NO;R2.D01=SI;R2.D02=SI;R2.D03=SI,MUNICIPIO30623,MUNICIPIO_SIN_CN_TRAB,Si,No,30623,,Regla 2 coherente para validaciones implementadas.
GPA-001__R2-001__R1-002__0052,GPA-001__R2-001__R1-002,02_inputs_xml_flat/GPA-001__R2-001__R1-002__0052.xml,PASS,INFO,R1.D01=SI;R1.D02=NO;R2.D01=SI;R2.D02=SI;R2.D03=SI,MUNICIPIO30621,MUNICIPIO_SIN_CN_TRAB,Si,No,30621,,Regla 2 coherente para validaciones implementadas.
GPA-001__R2-001__R1-002__0053,GPA-001__R2-001__R1-002,02_inputs_xml_flat/GPA-001__R2-001__R1-002__0053.xml,PASS,INFO,R1.D01=SI;R1.D02=NO;R2.D01=SI;R2.D02=SI;R2.D03=SI,MUNICIPIO30622,MUNICIPIO_SIN_CN_TRAB,Si,No,30622,,Regla 2 coherente para validaciones implementadas.
GPA-001__R2-001__R1-002__0054,GPA-001__R2-001__R1-002,02_inputs_xml_flat/GPA-001__R2-001__R1-002__0054.xml,PASS,INFO,R1.D01=SI;R1.D02=NO;R2.D01=SI;R2.D02=SI;R2.D03=SI,MUNICIPIO30623,MUNICIPIO_SIN_CN_TRAB,Si,No,30623,,Regla 2 coherente para validaciones implementadas.
GPA-001__R2-001__R1-002__0055,GPA-001__R2-001__R1-002,02_inputs_xml_flat/GPA-001__R2-001__R1-002__0055.xml,PASS,INFO,R1.D01=SI;R1.D02=NO;R2.D01=SI;R2.D02=SI;R2.D03=SI,MUNICIPIO30621,MUNICIPIO_SIN_CN_TRAB,Si,No,30621,,Regla 2 coherente para validaciones implementadas.
GPA-001__R2-001__R1-002__0056,GPA-001__R2-001__R1-002,02_inputs_xml_flat/GPA-001__R2-001__R1-002__0056.xml,PASS,INFO,R1.D01=SI;R1.D02=NO;R2.D01=SI;R2.D02=SI;R2.D03=SI,MUNICIPIO30622,MUNICIPIO_SIN_CN_TRAB,Si,No,30622,,Regla 2 coherente para validaciones implementadas.
GPA-001__R2-001__R1-002__0057,GPA-001__R2-001__R1-002,02_inputs_xml_flat/GPA-001__R2-001__R1-002__0057.xml,PASS,INFO,R1.D01=SI;R1.D02=NO;R2.D01=SI;R2.D02=SI;R2.D03=SI,MUNICIPIO30623,MUNICIPIO_SIN_CN_TRAB,Si,No,30623,,Regla 2 coherente para validaciones implementadas.
GPA-001__R2-001__R1-002__0058,GPA-001__R2-001__R1-002,02_inputs_xml_flat/GPA-001__R2-001__R1-002__0058.xml,PASS,INFO,R1.D01=SI;R1.D02=NO;R2.D01=SI;R2.D02=SI;R2.D03=SI,MUNICIPIO30621,MUNICIPIO_SIN_CN_TRAB,Si,No,30621,,Regla 2 coherente para validaciones implementadas.
GPA-001__R2-001__R1-002__0059,GPA-001__R2-001__R1-002,02_inputs_xml_flat/GPA-001__R2-001__R1-002__0059.xml,PASS,INFO,R1.D01=SI;R1.D02=NO;R2.D01=SI;R2.D02=SI;R2.D03=SI,MUNICIPIO30622,MUNICIPIO_SIN_CN_TRAB,Si,No,30622,,Regla 2 coherente para validaciones implementadas.
GPA-001__R2-001__R1-002__0060,GPA-001__R2-001__R1-002,02_inputs_xml_flat/GPA-001__R2-001__R1-002__0060.xml,PASS,INFO,R1.D01=SI;R1.D02=NO;R2.D01=SI;R2.D02=SI;R2.D03=SI,MUNICIPIO30623,MUNICIPIO_SIN_CN_TRAB,Si,No,30623,,Regla 2 coherente para validaciones implementadas.
GPA-001__R2-001__R1-002__0061,GPA-001__R2-001__R1-002,02_inputs_xml_flat/GPA-001__R2-001__R1-002__0061.xml,PASS,INFO,R1.D01=SI;R1.D02=NO;R2.D01=SI;R2.D02=SI;R2.D03=SI,MUNICIPIO30621,MUNICIPIO_SIN_CN_TRAB,Si,No,30621,,Regla 2 coherente para validaciones implementadas.
GPA-001__R2-001__R1-002__0062,GPA-001__R2-001__R1-002,02_inputs_xml_flat/GPA-001__R2-001__R1-002__0062.xml,PASS,INFO,R1.D01=SI;R1.D02=NO;R2.D01=SI;R2.D02=SI;R2.D03=SI,MUNICIPIO30622,MUNICIPIO_SIN_CN_TRAB,Si,No,30622,,Regla 2 coherente para validaciones implementadas.
GPA-001__R2-001__R1-002__0063,GPA-001__R2-001__R1-002,02_inputs_xml_flat/GPA-001__R2-001__R1-002__0063.xml,PASS,INFO,R1.D01=SI;R1.D02=NO;R2.D01=SI;R2.D02=SI;R2.D03=SI,MUNICIPIO30623,MUNICIPIO_SIN_CN_TRAB,Si,No,30623,,Regla 2 coherente para validaciones implementadas.
GPA-001__R2-001__R1-002__0064,GPA-001__R2-001__R1-002,02_inputs_xml_flat/GPA-001__R2-001__R1-002__0064.xml,PASS,INFO,R1.D01=SI;R1.D02=NO;R2.D01=SI;R2.D02=SI;R2.D03=SI,MUNICIPIO30621,MUNICIPIO_SIN_CN_TRAB,Si,No,30621,,Regla 2 coherente para validaciones implementadas.
GPA-001__R2-001__R1-002__0065,GPA-001__R2-001__R1-002,02_inputs_xml_flat/GPA-001__R2-001__R1-002__0065.xml,PASS,INFO,R1.D01=SI;R1.D02=NO;R2.D01=SI;R2.D02=SI;R2.D03=SI,MUNICIPIO30622,MUNICIPIO_SIN_CN_TRAB,Si,No,30622,,Regla 2 coherente para validaciones implementadas.
GPA-001__R2-001__R1-002__0066,GPA-001__R2-001__R1-002,02_inputs_xml_flat/GPA-001__R2-001__R1-002__0066.xml,PASS,INFO,R1.D01=SI;R1.D02=NO;R2.D01=SI;R2.D02=SI;R2.D03=SI,MUNICIPIO30623,MUNICIPIO_SIN_CN_TRAB,Si,No,30623,,Regla 2 coherente para validaciones implementadas.
GPA-001__R2-001__R1-002__0067,GPA-001__R2-001__R1-002,02_inputs_xml_flat/GPA-001__R2-001__R1-002__0067.xml,PASS,INFO,R1.D01=SI;R1.D02=NO;R2.D01=SI;R2.D02=SI;R2.D03=SI,MUNICIPIO30621,MUNICIPIO_SIN_CN_TRAB,Si,No,30621,,Regla 2 coherente para validaciones implementadas.
GPA-001__R2-001__R1-002__0068,GPA-001__R2-001__R1-002,02_inputs_xml_flat/GPA-001__R2-001__R1-002__0068.xml,PASS,INFO,R1.D01=SI;R1.D02=NO;R2.D01=SI;R2.D02=SI;R2.D03=SI,MUNICIPIO30622,MUNICIPIO_SIN_CN_TRAB,Si,No,30622,,Regla 2 coherente para validaciones implementadas.
GPA-001__R2-001__R1-002__0069,GPA-001__R2-001__R1-002,02_inputs_xml_flat/GPA-001__R2-001__R1-002__0069.xml,PASS,INFO,R1.D01=SI;R1.D02=NO;R2.D01=SI;R2.D02=SI;R2.D03=SI,MUNICIPIO30623,MUNICIPIO_SIN_CN_TRAB,Si,No,30623,,Regla 2 coherente para validaciones implementadas.
GPA-001__R2-001__R1-002__0070,GPA-001__R2-001__R1-002,02_inputs_xml_flat/GPA-001__R2-001__R1-002__0070.xml,PASS,INFO,R1.D01=SI;R1.D02=NO;R2.D01=SI;R2.D02=SI;R2.D03=SI,MUNICIPIO30621,MUNICIPIO_SIN_CN_TRAB,Si,No,30621,,Regla 2 coherente para validaciones implementadas.
GPA-001__R2-001__R1-002__0071,GPA-001__R2-001__R1-002,02_inputs_xml_flat/GPA-001__R2-001__R1-002__0071.xml,PASS,INFO,R1.D01=SI;R1.D02=NO;R2.D01=SI;R2.D02=SI;R2.D03=SI,MUNICIPIO30622,MUNICIPIO_SIN_CN_TRAB,Si,No,30622,,Regla 2 coherente para validaciones implementadas.
GPA-001__R2-001__R1-002__0072,GPA-001__R2-001__R1-002,02_inputs_xml_flat/GPA-001__R2-001__R1-002__0072.xml,PASS,INFO,R1.D01=SI;R1.D02=NO;R2.D01=SI;R2.D02=SI;R2.D03=SI,MUNICIPIO30623,MUNICIPIO_SIN_CN_TRAB,Si,No,30623,,Regla 2 coherente para validaciones implementadas.
GPA-001__R2-001__R1-002__0073,GPA-001__R2-001__R1-002,02_inputs_xml_flat/GPA-001__R2-001__R1-002__0073.xml,PASS,INFO,R1.D01=SI;R1.D02=NO;R2.D01=SI;R2.D02=SI;R2.D03=SI,MUNICIPIO30621,MUNICIPIO_SIN_CN_TRAB,Si,No,30621,,Regla 2 coherente para validaciones implementadas.
GPA-001__R2-001__R1-002__0074,GPA-001__R2-001__R1-002,02_inputs_xml_flat/GPA-001__R2-001__R1-002__0074.xml,PASS,INFO,R1.D01=SI;R1.D02=NO;R2.D01=SI;R2.D02=SI;R2.D03=SI,MUNICIPIO30622,MUNICIPIO_SIN_CN_TRAB,Si,No,30622,,Regla 2 coherente para validaciones implementadas.
GPA-001__R2-001__R1-002__0075,GPA-001__R2-001__R1-002,02_inputs_xml_flat/GPA-001__R2-001__R1-002__0075.xml,PASS,INFO,R1.D01=SI;R1.D02=NO;R2.D01=SI;R2.D02=SI;R2.D03=SI,MUNICIPIO30623,MUNICIPIO_SIN_CN_TRAB,Si,No,30623,,Regla 2 coherente para validaciones implementadas.
GPA-001__R2-001__R1-002__0076,GPA-001__R2-001__R1-002,02_inputs_xml_flat/GPA-001__R2-001__R1-002__0076.xml,PASS,INFO,R1.D01=SI;R1.D02=NO;R2.D01=SI;R2.D02=SI;R2.D03=SI,MUNICIPIO30621,MUNICIPIO_SIN_CN_TRAB,Si,No,30621,,Regla 2 coherente para validaciones implementadas.
GPA-001__R2-001__R1-002__0077,GPA-001__R2-001__R1-002,02_inputs_xml_flat/GPA-001__R2-001__R1-002__0077.xml,PASS,INFO,R1.D01=SI;R1.D02=NO;R2.D01=SI;R2.D02=SI;R2.D03=SI,MUNICIPIO30622,MUNICIPIO_SIN_CN_TRAB,Si,No,30622,,Regla 2 coherente para validaciones implementadas.
GPA-001__R2-001__R1-002__0078,GPA-001__R2-001__R1-002,02_inputs_xml_flat/GPA-001__R2-001__R1-002__0078.xml,PASS,INFO,R1.D01=SI;R1.D02=NO;R2.D01=SI;R2.D02=SI;R2.D03=SI,MUNICIPIO30623,MUNICIPIO_SIN_CN_TRAB,Si,No,30623,,Regla 2 coherente para validaciones implementadas.
GPA-001__R2-001__R1-002__0079,GPA-001__R2-001__R1-002,02_inputs_xml_flat/GPA-001__R2-001__R1-002__0079.xml,PASS,INFO,R1.D01=SI;R1.D02=NO;R2.D01=SI;R2.D02=SI;R2.D03=SI,MUNICIPIO30621,MUNICIPIO_SIN_CN_TRAB,Si,No,30621,,Regla 2 coherente para validaciones implementadas.
GPA-001__R2-001__R1-002__0080,GPA-001__R2-001__R1-002,02_inputs_xml_flat/GPA-001__R2-001__R1-002__0080.xml,PASS,INFO,R1.D01=SI;R1.D02=NO;R2.D01=SI;R2.D02=SI;R2.D03=SI,MUNICIPIO30622,MUNICIPIO_SIN_CN_TRAB,Si,No,30622,,Regla 2 coherente para validaciones implementadas.
GPA-001__R2-001__R1-002__0081,GPA-001__R2-001__R1-002,02_inputs_xml_flat/GPA-001__R2-001__R1-002__0081.xml,PASS,INFO,R1.D01=SI;R1.D02=NO;R2.D01=SI;R2.D02=SI;R2.D03=SI,MUNICIPIO30623,MUNICIPIO_SIN_CN_TRAB,Si,No,30623,,Regla 2 coherente para validaciones implementadas.
GPA-001__R2-001__R1-002__0082,GPA-001__R2-001__R1-002,02_inputs_xml_flat/GPA-001__R2-001__R1-002__0082.xml,PASS,INFO,R1.D01=SI;R1.D02=NO;R2.D01=SI;R2.D02=SI;R2.D03=SI,MUNICIPIO30621,MUNICIPIO_SIN_CN_TRAB,Si,No,30621,,Regla 2 coherente para validaciones implementadas.
GPA-001__R2-001__R1-002__0083,GPA-001__R2-001__R1-002,02_inputs_xml_flat/GPA-001__R2-001__R1-002__0083.xml,PASS,INFO,R1.D01=SI;R1.D02=NO;R2.D01=SI;R2.D02=SI;R2.D03=SI,MUNICIPIO30622,MUNICIPIO_SIN_CN_TRAB,Si,No,30622,,Regla 2 coherente para validaciones implementadas.
GPA-001__R2-001__R1-002__0084,GPA-001__R2-001__R1-002,02_inputs_xml_flat/GPA-001__R2-001__R1-002__0084.xml,PASS,INFO,R1.D01=SI;R1.D02=NO;R2.D01=SI;R2.D02=SI;R2.D03=SI,MUNICIPIO30623,MUNICIPIO_SIN_CN_TRAB,Si,No,30623,,Regla 2 coherente para validaciones implementadas.
GPA-001__R2-001__R1-002__0085,GPA-001__R2-001__R1-002,02_inputs_xml_flat/GPA-001__R2-001__R1-002__0085.xml,PASS,INFO,R1.D01=SI;R1.D02=NO;R2.D01=SI;R2.D02=SI;R2.D03=SI,MUNICIPIO30621,MUNICIPIO_SIN_CN_TRAB,Si,No,30621,,Regla 2 coherente para validaciones implementadas.
GPA-001__R2-001__R1-002__0086,GPA-001__R2-001__R1-002,02_inputs_xml_flat/GPA-001__R2-001__R1-002__0086.xml,PASS,INFO,R1.D01=SI;R1.D02=NO;R2.D01=SI;R2.D02=SI;R2.D03=SI,MUNICIPIO30622,MUNICIPIO_SIN_CN_TRAB,Si,No,30622,,Regla 2 coherente para validaciones implementadas.
GPA-001__R2-001__R1-002__0087,GPA-001__R2-001__R1-002,02_inputs_xml_flat/GPA-001__R2-001__R1-002__0087.xml,PASS,INFO,R1.D01=SI;R1.D02=NO;R2.D01=SI;R2.D02=SI;R2.D03=SI,MUNICIPIO30623,MUNICIPIO_SIN_CN_TRAB,Si,No,30623,,Regla 2 coherente para validaciones implementadas.
GPA-001__R2-001__R1-002__0088,GPA-001__R2-001__R1-002,02_inputs_xml_flat/GPA-001__R2-001__R1-002__0088.xml,PASS,INFO,R1.D01=SI;R1.D02=NO;R2.D01=SI;R2.D02=SI;R2.D03=SI,MUNICIPIO30621,MUNICIPIO_SIN_CN_TRAB,Si,No,30621,,Regla 2 coherente para validaciones implementadas.
GPA-001__R2-001__R1-002__0089,GPA-001__R2-001__R1-002,02_inputs_xml_flat/GPA-001__R2-001__R1-002__0089.xml,PASS,INFO,R1.D01=SI;R1.D02=NO;R2.D01=SI;R2.D02=SI;R2.D03=SI,MUNICIPIO30622,MUNICIPIO_SIN_CN_TRAB,Si,No,30622,,Regla 2 coherente para validaciones implementadas.
GPA-001__R2-001__R1-002__0090,GPA-001__R2-001__R1-002,02_inputs_xml_flat/GPA-001__R2-001__R1-002__0090.xml,PASS,INFO,R1.D01=SI;R1.D02=NO;R2.D01=SI;R2.D02=SI;R2.D03=SI,MUNICIPIO30623,MUNICIPIO_SIN_CN_TRAB,Si,No,30623,,Regla 2 coherente para validaciones implementadas.
GPA-001__R2-001__R1-002__0091,GPA-001__R2-001__R1-002,02_inputs_xml_flat/GPA-001__R2-001__R1-002__0091.xml,PASS,INFO,R1.D01=SI;R1.D02=NO;R2.D01=SI;R2.D02=SI;R2.D03=SI,MUNICIPIO30621,MUNICIPIO_SIN_CN_TRAB,Si,No,30621,,Regla 2 coherente para validaciones implementadas.
GPA-001__R2-001__R1-002__0092,GPA-001__R2-001__R1-002,02_inputs_xml_flat/GPA-001__R2-001__R1-002__0092.xml,PASS,INFO,R1.D01=SI;R1.D02=NO;R2.D01=SI;R2.D02=SI;R2.D03=SI,MUNICIPIO30622,MUNICIPIO_SIN_CN_TRAB,Si,No,30622,,Regla 2 coherente para validaciones implementadas.
GPA-001__R2-001__R1-002__0093,GPA-001__R2-001__R1-002,02_inputs_xml_flat/GPA-001__R2-001__R1-002__0093.xml,PASS,INFO,R1.D01=SI;R1.D02=NO;R2.D01=SI;R2.D02=SI;R2.D03=SI,MUNICIPIO30623,MUNICIPIO_SIN_CN_TRAB,Si,No,30623,,Regla 2 coherente para validaciones implementadas.
GPA-001__R2-001__R1-002__0094,GPA-001__R2-001__R1-002,02_inputs_xml_flat/GPA-001__R2-001__R1-002__0094.xml,PASS,INFO,R1.D01=SI;R1.D02=NO;R2.D01=SI;R2.D02=SI;R2.D03=SI,MUNICIPIO30621,MUNICIPIO_SIN_CN_TRAB,Si,No,30621,,Regla 2 coherente para validaciones implementadas.
GPA-001__R2-001__R1-002__0095,GPA-001__R2-001__R1-002,02_inputs_xml_flat/GPA-001__R2-001__R1-002__0095.xml,PASS,INFO,R1.D01=SI;R1.D02=NO;R2.D01=SI;R2.D02=SI;R2.D03=SI,MUNICIPIO30622,MUNICIPIO_SIN_CN_TRAB,Si,No,30622,,Regla 2 coherente para validaciones implementadas.
GPA-001__R2-001__R1-002__0096,GPA-001__R2-001__R1-002,02_inputs_xml_flat/GPA-001__R2-001__R1-002__0096.xml,PASS,INFO,R1.D01=SI;R1.D02=NO;R2.D01=SI;R2.D02=SI;R2.D03=SI,MUNICIPIO30623,MUNICIPIO_SIN_CN_TRAB,Si,No,30623,,Regla 2 coherente para validaciones implementadas.
GPA-001__R2-001__R1-002__0097,GPA-001__R2-001__R1-002,02_inputs_xml_flat/GPA-001__R2-001__R1-002__0097.xml,PASS,INFO,R1.D01=SI;R1.D02=NO;R2.D01=SI;R2.D02=SI;R2.D03=SI,MUNICIPIO30621,MUNICIPIO_SIN_CN_TRAB,Si,No,30621,,Regla 2 coherente para validaciones implementadas.
GPA-001__R2-001__R1-002__0098,GPA-001__R2-001__R1-002,02_inputs_xml_flat/GPA-001__R2-001__R1-002__0098.xml,PASS,INFO,R1.D01=SI;R1.D02=NO;R2.D01=SI;R2.D02=SI;R2.D03=SI,MUNICIPIO30622,MUNICIPIO_SIN_CN_TRAB,Si,No,30622,,Regla 2 coherente para validaciones implementadas.
GPA-001__R2-001__R1-002__0099,GPA-001__R2-001__R1-002,02_inputs_xml_flat/GPA-001__R2-001__R1-002__0099.xml,PASS,INFO,R1.D01=SI;R1.D02=NO;R2.D01=SI;R2.D02=SI;R2.D03=SI,MUNICIPIO30623,MUNICIPIO_SIN_CN_TRAB,Si,No,30623,,Regla 2 coherente para validaciones implementadas.
GPA-001__R2-001__R1-002__0100,GPA-001__R2-001__R1-002,02_inputs_xml_flat/GPA-001__R2-001__R1-002__0100.xml,PASS,INFO,R1.D01=SI;R1.D02=NO;R2.D01=SI;R2.D02=SI;R2.D03=SI,MUNICIPIO30621,MUNICIPIO_SIN_CN_TRAB,Si,No,30621,,Regla 2 coherente para validaciones implementadas.
GPA-001__R2-001__R1-002__0101,GPA-001__R2-001__R1-002,02_inputs_xml_flat/GPA-001__R2-001__R1-002__0101.xml,PASS,INFO,R1.D01=SI;R1.D02=NO;R2.D01=SI;R2.D02=SI;R2.D03=SI,MUNICIPIO30622,MUNICIPIO_SIN_CN_TRAB,Si,No,30622,,Regla 2 coherente para validaciones implementadas.
GPA-001__R2-001__R1-002__0102,GPA-001__R2-001__R1-002,02_inputs_xml_flat/GPA-001__R2-001__R1-002__0102.xml,PASS,INFO,R1.D01=SI;R1.D02=NO;R2.D01=SI;R2.D02=SI;R2.D03=SI,MUNICIPIO30623,MUNICIPIO_SIN_CN_TRAB,Si,No,30623,,Regla 2 coherente para validaciones implementadas.
GPA-001__R2-001__R1-002__0103,GPA-001__R2-001__R1-002,02_inputs_xml_flat/GPA-001__R2-001__R1-002__0103.xml,PASS,INFO,R1.D01=SI;R1.D02=NO;R2.D01=SI;R2.D02=SI;R2.D03=SI,MUNICIPIO30621,MUNICIPIO_SIN_CN_TRAB,Si,No,30621,,Regla 2 coherente para validaciones implementadas.
GPA-001__R2-001__R1-002__0104,GPA-001__R2-001__R1-002,02_inputs_xml_flat/GPA-001__R2-001__R1-002__0104.xml,PASS,INFO,R1.D01=SI;R1.D02=NO;R2.D01=SI;R2.D02=SI;R2.D03=SI,MUNICIPIO30622,MUNICIPIO_SIN_CN_TRAB,Si,No,30622,,Regla 2 coherente para validaciones implementadas.
GPA-001__R2-001__R1-002__0105,GPA-001__R2-001__R1-002,02_inputs_xml_flat/GPA-001__R2-001__R1-002__0105.xml,PASS,INFO,R1.D01=SI;R1.D02=NO;R2.D01=SI;R2.D02=SI;R2.D03=SI,MUNICIPIO30623,MUNICIPIO_SIN_CN_TRAB,Si,No,30623,,Regla 2 coherente para validaciones implementadas.
GPA-001__R2-001__R1-002__0106,GPA-001__R2-001__R1-002,02_inputs_xml_flat/GPA-001__R2-001__R1-002__0106.xml,PASS,INFO,R1.D01=SI;R1.D02=NO;R2.D01=SI;R2.D02=SI;R2.D03=SI,MUNICIPIO30621,MUNICIPIO_SIN_CN_TRAB,Si,No,30621,,Regla 2 coherente para validaciones implementadas.
GPA-001__R2-001__R1-002__0107,GPA-001__R2-001__R1-002,02_inputs_xml_flat/GPA-001__R2-001__R1-002__0107.xml,PASS,INFO,R1.D01=SI;R1.D02=NO;R2.D01=SI;R2.D02=SI;R2.D03=SI,MUNICIPIO30622,MUNICIPIO_SIN_CN_TRAB,Si,No,30622,,Regla 2 coherente para validaciones implementadas.
GPA-001__R2-001__R1-002__0108,GPA-001__R2-001__R1-002,02_inputs_xml_flat/GPA-001__R2-001__R1-002__0108.xml,PASS,INFO,R1.D01=SI;R1.D02=NO;R2.D01=SI;R2.D02=SI;R2.D03=SI,MUNICIPIO30623,MUNICIPIO_SIN_CN_TRAB,Si,No,30623,,Regla 2 coherente para validaciones implementadas.
GPA-001__R2-001__R1-002__0109,GPA-001__R2-001__R1-002,02_inputs_xml_flat/GPA-001__R2-001__R1-002__0109.xml,PASS,INFO,R1.D01=SI;R1.D02=NO;R2.D01=SI;R2.D02=SI;R2.D03=SI,MUNICIPIO30621,MUNICIPIO_SIN_CN_TRAB,Si,No,30621,,Regla 2 coherente para validaciones implementadas.
GPA-001__R2-001__R1-002__0110,GPA-001__R2-001__R1-002,02_inputs_xml_flat/GPA-001__R2-001__R1-002__0110.xml,PASS,INFO,R1.D01=SI;R1.D02=NO;R2.D01=SI;R2.D02=SI;R2.D03=SI,MUNICIPIO30622,MUNICIPIO_SIN_CN_TRAB,Si,No,30622,,Regla 2 coherente para validaciones implementadas.
GPA-001__R2-001__R1-002__0111,GPA-001__R2-001__R1-002,02_inputs_xml_flat/GPA-001__R2-001__R1-002__0111.xml,PASS,INFO,R1.D01=SI;R1.D02=NO;R2.D01=SI;R2.D02=SI;R2.D03=SI,MUNICIPIO30623,MUNICIPIO_SIN_CN_TRAB,Si,No,30623,,Regla 2 coherente para validaciones implementadas.
GPA-001__R2-001__R1-002__0112,GPA-001__R2-001__R1-002,02_inputs_xml_flat/GPA-001__R2-001__R1-002__0112.xml,PASS,INFO,R1.D01=SI;R1.D02=NO;R2.D01=SI;R2.D02=SI;R2.D03=SI,MUNICIPIO30621,MUNICIPIO_SIN_CN_TRAB,Si,No,30621,,Regla 2 coherente para validaciones implementadas.
GPA-001__R2-001__R1-002__0113,GPA-001__R2-001__R1-002,02_inputs_xml_flat/GPA-001__R2-001__R1-002__0113.xml,PASS,INFO,R1.D01=SI;R1.D02=NO;R2.D01=SI;R2.D02=SI;R2.D03=SI,MUNICIPIO30622,MUNICIPIO_SIN_CN_TRAB,Si,No,30622,,Regla 2 coherente para validaciones implementadas.
GPA-001__R2-001__R1-002__0114,GPA-001__R2-001__R1-002,02_inputs_xml_flat/GPA-001__R2-001__R1-002__0114.xml,PASS,INFO,R1.D01=SI;R1.D02=NO;R2.D01=SI;R2.D02=SI;R2.D03=SI,MUNICIPIO30623,MUNICIPIO_SIN_CN_TRAB,Si,No,30623,,Regla 2 coherente para validaciones implementadas.
GPA-001__R2-001__R1-002__0115,GPA-001__R2-001__R1-002,02_inputs_xml_flat/GPA-001__R2-001__R1-002__0115.xml,PASS,INFO,R1.D01=SI;R1.D02=NO;R2.D01=SI;R2.D02=SI;R2.D03=SI,MUNICIPIO30621,MUNICIPIO_SIN_CN_TRAB,Si,No,30621,,Regla 2 coherente para validaciones implementadas.
GPA-001__R2-001__R1-002__0116,GPA-001__R2-001__R1-002,02_inputs_xml_flat/GPA-001__R2-001__R1-002__0116.xml,PASS,INFO,R1.D01=SI;R1.D02=NO;R2.D01=SI;R2.D02=SI;R2.D03=SI,MUNICIPIO30622,MUNICIPIO_SIN_CN_TRAB,Si,No,30622,,Regla 2 coherente para validaciones implementadas.
GPA-001__R2-001__R1-002__0117,GPA-001__R2-001__R1-002,02_inputs_xml_flat/GPA-001__R2-001__R1-002__0117.xml,PASS,INFO,R1.D01=SI;R1.D02=NO;R2.D01=SI;R2.D02=SI;R2.D03=SI,MUNICIPIO30623,MUNICIPIO_SIN_CN_TRAB,Si,No,30623,,Regla 2 coherente para validaciones implementadas.
GPA-001__R2-001__R1-002__0118,GPA-001__R2-001__R1-002,02_inputs_xml_flat/GPA-001__R2-001__R1-002__0118.xml,PASS,INFO,R1.D01=SI;R1.D02=NO;R2.D01=SI;R2.D02=SI;R2.D03=SI,MUNICIPIO30621,MUNICIPIO_SIN_CN_TRAB,Si,No,30621,,Regla 2 coherente para validaciones implementadas.
GPA-001__R2-001__R1-002__0119,GPA-001__R2-001__R1-002,02_inputs_xml_flat/GPA-001__R2-001__R1-002__0119.xml,PASS,INFO,R1.D01=SI;R1.D02=NO;R2.D01=SI;R2.D02=SI;R2.D03=SI,MUNICIPIO30622,MUNICIPIO_SIN_CN_TRAB,Si,No,30622,,Regla 2 coherente para validaciones implementadas.
GPA-001__R2-001__R1-002__0120,GPA-001__R2-001__R1-002,02_inputs_xml_flat/GPA-001__R2-001__R1-002__0120.xml,PASS,INFO,R1.D01=SI;R1.D02=NO;R2.D01=SI;R2.D02=SI;R2.D03=SI,MUNICIPIO30623,MUNICIPIO_SIN_CN_TRAB,Si,No,30623,,Regla 2 coherente para validaciones implementadas.
GPA-001__R2-001__R1-002__0121,GPA-001__R2-001__R1-002,02_inputs_xml_flat/GPA-001__R2-001__R1-002__0121.xml,PASS,INFO,R1.D01=SI;R1.D02=NO;R2.D01=SI;R2.D02=SI;R2.D03=SI,MUNICIPIO30621,MUNICIPIO_SIN_CN_TRAB,Si,No,30621,,Regla 2 coherente para validaciones implementadas.
GPA-001__R2-001__R1-002__0122,GPA-001__R2-001__R1-002,02_inputs_xml_flat/GPA-001__R2-001__R1-002__0122.xml,PASS,INFO,R1.D01=SI;R1.D02=NO;R2.D01=SI;R2.D02=SI;R2.D03=SI,MUNICIPIO30622,MUNICIPIO_SIN_CN_TRAB,Si,No,30622,,Regla 2 coherente para validaciones implementadas.
GPA-001__R2-001__R1-002__0123,GPA-001__R2-001__R1-002,02_inputs_xml_flat/GPA-001__R2-001__R1-002__0123.xml,PASS,INFO,R1.D01=SI;R1.D02=NO;R2.D01=SI;R2.D02=SI;R2.D03=SI,MUNICIPIO30623,MUNICIPIO_SIN_CN_TRAB,Si,No,30623,,Regla 2 coherente para validaciones implementadas.
GPA-001__R2-001__R1-002__0124,GPA-001__R2-001__R1-002,02_inputs_xml_flat/GPA-001__R2-001__R1-002__0124.xml,PASS,INFO,R1.D01=SI;R1.D02=NO;R2.D01=SI;R2.D02=SI;R2.D03=SI,MUNICIPIO30621,MUNICIPIO_SIN_CN_TRAB,Si,No,30621,,Regla 2 coherente para validaciones implementadas.
GPA-001__R2-001__R1-002__0125,GPA-001__R2-001__R1-002,02_inputs_xml_flat/GPA-001__R2-001__R1-002__0125.xml,PASS,INFO,R1.D01=SI;R1.D02=NO;R2.D01=SI;R2.D02=SI;R2.D03=SI,MUNICIPIO30622,MUNICIPIO_SIN_CN_TRAB,Si,No,30622,,Regla 2 coherente para validaciones implementadas.
GPA-001__R2-001__R1-002__0126,GPA-001__R2-001__R1-002,02_inputs_xml_flat/GPA-001__R2-001__R1-002__0126.xml,PASS,INFO,R1.D01=SI;R1.D02=NO;R2.D01=SI;R2.D02=SI;R2.D03=SI,MUNICIPIO30623,MUNICIPIO_SIN_CN_TRAB,Si,No,30623,,Regla 2 coherente para validaciones implementadas.
GPA-001__R2-001__R1-002__0127,GPA-001__R2-001__R1-002,02_inputs_xml_flat/GPA-001__R2-001__R1-002__0127.xml,PASS,INFO,R1.D01=SI;R1.D02=NO;R2.D01=SI;R2.D02=SI;R2.D03=SI,MUNICIPIO30621,MUNICIPIO_SIN_CN_TRAB,Si,No,30621,,Regla 2 coherente para validaciones implementadas.
GPA-001__R2-001__R1-002__0128,GPA-001__R2-001__R1-002,02_inputs_xml_flat/GPA-001__R2-001__R1-002__0128.xml,PASS,INFO,R1.D01=SI;R1.D02=NO;R2.D01=SI;R2.D02=SI;R2.D03=SI,MUNICIPIO30622,MUNICIPIO_SIN_CN_TRAB,Si,No,30622,,Regla 2 coherente para validaciones implementadas.
GPA-001__R2-001__R1-002__0129,GPA-001__R2-001__R1-002,02_inputs_xml_flat/GPA-001__R2-001__R1-002__0129.xml,PASS,INFO,R1.D01=SI;R1.D02=NO;R2.D01=SI;R2.D02=SI;R2.D03=SI,MUNICIPIO30623,MUNICIPIO_SIN_CN_TRAB,Si,No,30623,,Regla 2 coherente para validaciones implementadas.
GPA-001__R2-001__R1-002__0130,GPA-001__R2-001__R1-002,02_inputs_xml_flat/GPA-001__R2-001__R1-002__0130.xml,PASS,INFO,R1.D01=SI;R1.D02=NO;R2.D01=SI;R2.D02=SI;R2.D03=SI,MUNICIPIO30621,MUNICIPIO_SIN_CN_TRAB,Si,No,30621,,Regla 2 coherente para validaciones implementadas.
GPA-001__R2-001__R1-002__0131,GPA-001__R2-001__R1-002,02_inputs_xml_flat/GPA-001__R2-001__R1-002__0131.xml,PASS,INFO,R1.D01=SI;R1.D02=NO;R2.D01=SI;R2.D02=SI;R2.D03=SI,MUNICIPIO30622,MUNICIPIO_SIN_CN_TRAB,Si,No,30622,,Regla 2 coherente para validaciones implementadas.
GPA-001__R2-001__R1-002__0132,GPA-001__R2-001__R1-002,02_inputs_xml_flat/GPA-001__R2-001__R1-002__0132.xml,PASS,INFO,R1.D01=SI;R1.D02=NO;R2.D01=SI;R2.D02=SI;R2.D03=SI,MUNICIPIO30623,MUNICIPIO_SIN_CN_TRAB,Si,No,30623,,Regla 2 coherente para validaciones implementadas.
GPA-001__R2-001__R1-002__0133,GPA-001__R2-001__R1-002,02_inputs_xml_flat/GPA-001__R2-001__R1-002__0133.xml,PASS,INFO,R1.D01=SI;R1.D02=NO;R2.D01=SI;R2.D02=SI;R2.D03=SI,MUNICIPIO30621,MUNICIPIO_SIN_CN_TRAB,Si,No,30621,,Regla 2 coherente para validaciones implementadas.
GPA-001__R2-001__R1-002__0134,GPA-001__R2-001__R1-002,02_inputs_xml_flat/GPA-001__R2-001__R1-002__0134.xml,PASS,INFO,R1.D01=SI;R1.D02=NO;R2.D01=SI;R2.D02=SI;R2.D03=SI,MUNICIPIO30622,MUNICIPIO_SIN_CN_TRAB,Si,No,30622,,Regla 2 coherente para validaciones implementadas.
GPA-001__R2-001__R1-002__0135,GPA-001__R2-001__R1-002,02_inputs_xml_flat/GPA-001__R2-001__R1-002__0135.xml,PASS,INFO,R1.D01=SI;R1.D02=NO;R2.D01=SI;R2.D02=SI;R2.D03=SI,MUNICIPIO30623,MUNICIPIO_SIN_CN_TRAB,Si,No,30623,,Regla 2 coherente para validaciones implementadas.
GPA-001__R2-001__R1-002__0136,GPA-001__R2-001__R1-002,02_inputs_xml_flat/GPA-001__R2-001__R1-002__0136.xml,PASS,INFO,R1.D01=SI;R1.D02=NO;R2.D01=SI;R2.D02=SI;R2.D03=SI,MUNICIPIO30621,MUNICIPIO_SIN_CN_TRAB,Si,No,30621,,Regla 2 coherente para validaciones implementadas.
GPA-001__R2-001__R1-002__0137,GPA-001__R2-001__R1-002,02_inputs_xml_flat/GPA-001__R2-001__R1-002__0137.xml,PASS,INFO,R1.D01=SI;R1.D02=NO;R2.D01=SI;R2.D02=SI;R2.D03=SI,MUNICIPIO30622,MUNICIPIO_SIN_CN_TRAB,Si,No,30622,,Regla 2 coherente para validaciones implementadas.
GPA-001__R2-001__R1-002__0138,GPA-001__R2-001__R1-002,02_inputs_xml_flat/GPA-001__R2-001__R1-002__0138.xml,PASS,INFO,R1.D01=SI;R1.D02=NO;R2.D01=SI;R2.D02=SI;R2.D03=SI,MUNICIPIO30623,MUNICIPIO_SIN_CN_TRAB,Si,No,30623,,Regla 2 coherente para validaciones implementadas.
GPA-001__R2-001__R1-002__0139,GPA-001__R2-001__R1-002,02_inputs_xml_flat/GPA-001__R2-001__R1-002__0139.xml,PASS,INFO,R1.D01=SI;R1.D02=NO;R2.D01=SI;R2.D02=SI;R2.D03=SI,MUNICIPIO30621,MUNICIPIO_SIN_CN_TRAB,Si,No,30621,,Regla 2 coherente para validaciones implementadas.
GPA-001__R2-001__R1-002__0140,GPA-001__R2-001__R1-002,02_inputs_xml_flat/GPA-001__R2-001__R1-002__0140.xml,PASS,INFO,R1.D01=SI;R1.D02=NO;R2.D01=SI;R2.D02=SI;R2.D03=SI,MUNICIPIO30622,MUNICIPIO_SIN_CN_TRAB,Si,No,30622,,Regla 2 coherente para validaciones implementadas.
GPA-001__R2-001__R1-002__0141,GPA-001__R2-001__R1-002,02_inputs_xml_flat/GPA-001__R2-001__R1-002__0141.xml,PASS,INFO,R1.D01=SI;R1.D02=NO;R2.D01=SI;R2.D02=SI;R2.D03=SI,MUNICIPIO30623,MUNICIPIO_SIN_CN_TRAB,Si,No,30623,,Regla 2 coherente para validaciones implementadas.
GPA-001__R2-001__R1-002__0142,GPA-001__R2-001__R1-002,02_inputs_xml_flat/GPA-001__R2-001__R1-002__0142.xml,PASS,INFO,R1.D01=SI;R1.D02=NO;R2.D01=SI;R2.D02=SI;R2.D03=SI,MUNICIPIO30621,MUNICIPIO_SIN_CN_TRAB,Si,No,30621,,Regla 2 coherente para validaciones implementadas.
GPA-001__R2-001__R1-002__0143,GPA-001__R2-001__R1-002,02_inputs_xml_flat/GPA-001__R2-001__R1-002__0143.xml,PASS,INFO,R1.D01=SI;R1.D02=NO;R2.D01=SI;R2.D02=SI;R2.D03=SI,MUNICIPIO30622,MUNICIPIO_SIN_CN_TRAB,Si,No,30622,,Regla 2 coherente para validaciones implementadas.
GPA-001__R2-001__R1-002__0144,GPA-001__R2-001__R1-002,02_inputs_xml_flat/GPA-001__R2-001__R1-002__0144.xml,PASS,INFO,R1.D01=SI;R1.D02=NO;R2.D01=SI;R2.D02=SI;R2.D03=SI,MUNICIPIO30623,MUNICIPIO_SIN_CN_TRAB,Si,No,30623,,Regla 2 coherente para validaciones implementadas.
GPA-001__R2-001__R1-002__0145,GPA-001__R2-001__R1-002,02_inputs_xml_flat/GPA-001__R2-001__R1-002__0145.xml,PASS,INFO,R1.D01=SI;R1.D02=NO;R2.D01=SI;R2.D02=SI;R2.D03=SI,MUNICIPIO30621,MUNICIPIO_SIN_CN_TRAB,Si,No,30621,,Regla 2 coherente para validaciones implementadas.
GPA-001__R2-001__R1-002__0146,GPA-001__R2-001__R1-002,02_inputs_xml_flat/GPA-001__R2-001__R1-002__0146.xml,PASS,INFO,R1.D01=SI;R1.D02=NO;R2.D01=SI;R2.D02=SI;R2.D03=SI,MUNICIPIO30622,MUNICIPIO_SIN_CN_TRAB,Si,No,30622,,Regla 2 coherente para validaciones implementadas.
GPA-001__R2-001__R1-002__0147,GPA-001__R2-001__R1-002,02_inputs_xml_flat/GPA-001__R2-001__R1-002__0147.xml,PASS,INFO,R1.D01=SI;R1.D02=NO;R2.D01=SI;R2.D02=SI;R2.D03=SI,MUNICIPIO30623,MUNICIPIO_SIN_CN_TRAB,Si,No,30623,,Regla 2 coherente para validaciones implementadas.
GPA-001__R2-001__R1-002__0148,GPA-001__R2-001__R1-002,02_inputs_xml_flat/GPA-001__R2-001__R1-002__0148.xml,PASS,INFO,R1.D01=SI;R1.D02=NO;R2.D01=SI;R2.D02=SI;R2.D03=SI,MUNICIPIO30621,MUNICIPIO_SIN_CN_TRAB,Si,No,30621,,Regla 2 coherente para validaciones implementadas.
GPA-001__R2-001__R1-002__0149,GPA-001__R2-001__R1-002,02_inputs_xml_flat/GPA-001__R2-001__R1-002__0149.xml,PASS,INFO,R1.D01=SI;R1.D02=NO;R2.D01=SI;R2.D02=SI;R2.D03=SI,MUNICIPIO30622,MUNICIPIO_SIN_CN_TRAB,Si,No,30622,,Regla 2 coherente para validaciones implementadas.
GPA-001__R2-001__R1-002__0150,GPA-001__R2-001__R1-002,02_inputs_xml_flat/GPA-001__R2-001__R1-002__0150.xml,PASS,INFO,R1.D01=SI;R1.D02=NO;R2.D01=SI;R2.D02=SI;R2.D03=SI,MUNICIPIO30623,MUNICIPIO_SIN_CN_TRAB,Si,No,30623,,Regla 2 coherente para validaciones implementadas.
GPA-001__R2-001__R1-002__0151,GPA-001__R2-001__R1-002,02_inputs_xml_flat/GPA-001__R2-001__R1-002__0151.xml,PASS,INFO,R1.D01=SI;R1.D02=NO;R2.D01=SI;R2.D02=SI;R2.D03=SI,MUNICIPIO30621,MUNICIPIO_SIN_CN_TRAB,Si,No,30621,,Regla 2 coherente para validaciones implementadas.
GPA-001__R2-001__R1-002__0152,GPA-001__R2-001__R1-002,02_inputs_xml_flat/GPA-001__R2-001__R1-002__0152.xml,PASS,INFO,R1.D01=SI;R1.D02=NO;R2.D01=SI;R2.D02=SI;R2.D03=SI,MUNICIPIO30622,MUNICIPIO_SIN_CN_TRAB,Si,No,30622,,Regla 2 coherente para validaciones implementadas.
GPA-001__R2-001__R1-002__0153,GPA-001__R2-001__R1-002,02_inputs_xml_flat/GPA-001__R2-001__R1-002__0153.xml,PASS,INFO,R1.D01=SI;R1.D02=NO;R2.D01=SI;R2.D02=SI;R2.D03=SI,MUNICIPIO30623,MUNICIPIO_SIN_CN_TRAB,Si,No,30623,,Regla 2 coherente para validaciones implementadas.
GPA-001__R2-001__R1-002__0154,GPA-001__R2-001__R1-002,02_inputs_xml_flat/GPA-001__R2-001__R1-002__0154.xml,PASS,INFO,R1.D01=SI;R1.D02=NO;R2.D01=SI;R2.D02=SI;R2.D03=SI,MUNICIPIO30621,MUNICIPIO_SIN_CN_TRAB,Si,No,30621,,Regla 2 coherente para validaciones implementadas.
GPA-001__R2-001__R1-002__0155,GPA-001__R2-001__R1-002,02_inputs_xml_flat/GPA-001__R2-001__R1-002__0155.xml,PASS,INFO,R1.D01=SI;R1.D02=NO;R2.D01=SI;R2.D02=SI;R2.D03=SI,MUNICIPIO30622,MUNICIPIO_SIN_CN_TRAB,Si,No,30622,,Regla 2 coherente para validaciones implementadas.
GPA-001__R2-001__R1-002__0156,GPA-001__R2-001__R1-002,02_inputs_xml_flat/GPA-001__R2-001__R1-002__0156.xml,PASS,INFO,R1.D01=SI;R1.D02=NO;R2.D01=SI;R2.D02=SI;R2.D03=SI,MUNICIPIO30623,MUNICIPIO_SIN_CN_TRAB,Si,No,30623,,Regla 2 coherente para validaciones implementadas.
GPA-001__R2-001__R1-002__0157,GPA-001__R2-001__R1-002,02_inputs_xml_flat/GPA-001__R2-001__R1-002__0157.xml,PASS,INFO,R1.D01=SI;R1.D02=NO;R2.D01=SI;R2.D02=SI;R2.D03=SI,MUNICIPIO30621,MUNICIPIO_SIN_CN_TRAB,Si,No,30621,,Regla 2 coherente para validaciones implementadas.
GPA-001__R2-001__R1-002__0158,GPA-001__R2-001__R1-002,02_inputs_xml_flat/GPA-001__R2-001__R1-002__0158.xml,PASS,INFO,R1.D01=SI;R1.D02=NO;R2.D01=SI;R2.D02=SI;R2.D03=SI,MUNICIPIO30622,MUNICIPIO_SIN_CN_TRAB,Si,No,30622,,Regla 2 coherente para validaciones implementadas.
GPA-001__R2-001__R1-002__0159,GPA-001__R2-001__R1-002,02_inputs_xml_flat/GPA-001__R2-001__R1-002__0159.xml,PASS,INFO,R1.D01=SI;R1.D02=NO;R2.D01=SI;R2.D02=SI;R2.D03=SI,MUNICIPIO30623,MUNICIPIO_SIN_CN_TRAB,Si,No,30623,,Regla 2 coherente para validaciones implementadas.
GPA-001__R2-001__R1-002__0160,GPA-001__R2-001__R1-002,02_inputs_xml_flat/GPA-001__R2-001__R1-002__0160.xml,PASS,INFO,R1.D01=SI;R1.D02=NO;R2.D01=SI;R2.D02=SI;R2.D03=SI,MUNICIPIO30621,MUNICIPIO_SIN_CN_TRAB,Si,No,30621,,Regla 2 coherente para validaciones implementadas.
GPA-001__R2-001__R1-002__0161,GPA-001__R2-001__R1-002,02_inputs_xml_flat/GPA-001__R2-001__R1-002__0161.xml,PASS,INFO,R1.D01=SI;R1.D02=NO;R2.D01=SI;R2.D02=SI;R2.D03=SI,MUNICIPIO30622,MUNICIPIO_SIN_CN_TRAB,Si,No,30622,,Regla 2 coherente para validaciones implementadas.
GPA-001__R2-001__R1-002__0162,GPA-001__R2-001__R1-002,02_inputs_xml_flat/GPA-001__R2-001__R1-002__0162.xml,PASS,INFO,R1.D01=SI;R1.D02=NO;R2.D01=SI;R2.D02=SI;R2.D03=SI,MUNICIPIO30623,MUNICIPIO_SIN_CN_TRAB,Si,No,30623,,Regla 2 coherente para validaciones implementadas.
GPA-001__R2-001__R1-002__0163,GPA-001__R2-001__R1-002,02_inputs_xml_flat/GPA-001__R2-001__R1-002__0163.xml,PASS,INFO,R1.D01=SI;R1.D02=NO;R2.D01=SI;R2.D02=SI;R2.D03=SI,MUNICIPIO30621,MUNICIPIO_SIN_CN_TRAB,Si,No,30621,,Regla 2 coherente para validaciones implementadas.
GPA-001__R2-001__R1-002__0164,GPA-001__R2-001__R1-002,02_inputs_xml_flat/GPA-001__R2-001__R1-002__0164.xml,PASS,INFO,R1.D01=SI;R1.D02=NO;R2.D01=SI;R2.D02=SI;R2.D03=SI,MUNICIPIO30622,MUNICIPIO_SIN_CN_TRAB,Si,No,30622,,Regla 2 coherente para validaciones implementadas.
GPA-001__R2-001__R1-002__0165,GPA-001__R2-001__R1-002,02_inputs_xml_flat/GPA-001__R2-001__R1-002__0165.xml,PASS,INFO,R1.D01=SI;R1.D02=NO;R2.D01=SI;R2.D02=SI;R2.D03=SI,MUNICIPIO30623,MUNICIPIO_SIN_CN_TRAB,Si,No,30623,,Regla 2 coherente para validaciones implementadas.
GPA-001__R2-001__R1-002__0166,GPA-001__R2-001__R1-002,02_inputs_xml_flat/GPA-001__R2-001__R1-002__0166.xml,PASS,INFO,R1.D01=SI;R1.D02=NO;R2.D01=SI;R2.D02=SI;R2.D03=SI,MUNICIPIO30621,MUNICIPIO_SIN_CN_TRAB,Si,No,30621,,Regla 2 coherente para validaciones implementadas.
GPA-001__R2-001__R1-002__0167,GPA-001__R2-001__R1-002,02_inputs_xml_flat/GPA-001__R2-001__R1-002__0167.xml,PASS,INFO,R1.D01=SI;R1.D02=NO;R2.D01=SI;R2.D02=SI;R2.D03=SI,MUNICIPIO30622,MUNICIPIO_SIN_CN_TRAB,Si,No,30622,,Regla 2 coherente para validaciones implementadas.
GPA-001__R2-001__R1-002__0168,GPA-001__R2-001__R1-002,02_inputs_xml_flat/GPA-001__R2-001__R1-002__0168.xml,PASS,INFO,R1.D01=SI;R1.D02=NO;R2.D01=SI;R2.D02=SI;R2.D03=SI,MUNICIPIO30623,MUNICIPIO_SIN_CN_TRAB,Si,No,30623,,Regla 2 coherente para validaciones implementadas.
GPA-001__R2-001__R1-002__0169,GPA-001__R2-001__R1-002,02_inputs_xml_flat/GPA-001__R2-001__R1-002__0169.xml,PASS,INFO,R1.D01=SI;R1.D02=NO;R2.D01=SI;R2.D02=SI;R2.D03=SI,MUNICIPIO30621,MUNICIPIO_SIN_CN_TRAB,Si,No,30621,,Regla 2 coherente para validaciones implementadas.
GPA-001__R2-001__R1-002__0170,GPA-001__R2-001__R1-002,02_inputs_xml_flat/GPA-001__R2-001__R1-002__0170.xml,PASS,INFO,R1.D01=SI;R1.D02=NO;R2.D01=SI;R2.D02=SI;R2.D03=SI,MUNICIPIO30622,MUNICIPIO_SIN_CN_TRAB,Si,No,30622,,Regla 2 coherente para validaciones implementadas.
GPA-001__R2-001__R1-002__0171,GPA-001__R2-001__R1-002,02_inputs_xml_flat/GPA-001__R2-001__R1-002__0171.xml,PASS,INFO,R1.D01=SI;R1.D02=NO;R2.D01=SI;R2.D02=SI;R2.D03=SI,MUNICIPIO30623,MUNICIPIO_SIN_CN_TRAB,Si,No,30623,,Regla 2 coherente para validaciones implementadas.
GPA-001__R2-001__R1-002__0172,GPA-001__R2-001__R1-002,02_inputs_xml_flat/GPA-001__R2-001__R1-002__0172.xml,PASS,INFO,R1.D01=SI;R1.D02=NO;R2.D01=SI;R2.D02=SI;R2.D03=SI,MUNICIPIO30621,MUNICIPIO_SIN_CN_TRAB,Si,No,30621,,Regla 2 coherente para validaciones implementadas.
GPA-001__R2-001__R1-002__0173,GPA-001__R2-001__R1-002,02_inputs_xml_flat/GPA-001__R2-001__R1-002__0173.xml,PASS,INFO,R1.D01=SI;R1.D02=NO;R2.D01=SI;R2.D02=SI;R2.D03=SI,MUNICIPIO30622,MUNICIPIO_SIN_CN_TRAB,Si,No,30622,,Regla 2 coherente para validaciones implementadas.
GPA-001__R2-001__R1-002__0174,GPA-001__R2-001__R1-002,02_inputs_xml_flat/GPA-001__R2-001__R1-002__0174.xml,PASS,INFO,R1.D01=SI;R1.D02=NO;R2.D01=SI;R2.D02=SI;R2.D03=SI,MUNICIPIO30623,MUNICIPIO_SIN_CN_TRAB,Si,No,30623,,Regla 2 coherente para validaciones implementadas.
GPA-001__R2-001__R1-002__0175,GPA-001__R2-001__R1-002,02_inputs_xml_flat/GPA-001__R2-001__R1-002__0175.xml,PASS,INFO,R1.D01=SI;R1.D02=NO;R2.D01=SI;R2.D02=SI;R2.D03=SI,MUNICIPIO30621,MUNICIPIO_SIN_CN_TRAB,Si,No,30621,,Regla 2 coherente para validaciones implementadas.
GPA-001__R2-001__R1-002__0176,GPA-001__R2-001__R1-002,02_inputs_xml_flat/GPA-001__R2-001__R1-002__0176.xml,PASS,INFO,R1.D01=SI;R1.D02=NO;R2.D01=SI;R2.D02=SI;R2.D03=SI,MUNICIPIO30622,MUNICIPIO_SIN_CN_TRAB,Si,No,30622,,Regla 2 coherente para validaciones implementadas.
GPA-001__R2-001__R1-002__0177,GPA-001__R2-001__R1-002,02_inputs_xml_flat/GPA-001__R2-001__R1-002__0177.xml,PASS,INFO,R1.D01=SI;R1.D02=NO;R2.D01=SI;R2.D02=SI;R2.D03=SI,MUNICIPIO30623,MUNICIPIO_SIN_CN_TRAB,Si,No,30623,,Regla 2 coherente para validaciones implementadas.
GPA-001__R2-001__R1-002__0178,GPA-001__R2-001__R1-002,02_inputs_xml_flat/GPA-001__R2-001__R1-002__0178.xml,PASS,INFO,R1.D01=SI;R1.D02=NO;R2.D01=SI;R2.D02=SI;R2.D03=SI,MUNICIPIO30621,MUNICIPIO_SIN_CN_TRAB,Si,No,30621,,Regla 2 coherente para validaciones implementadas.
GPA-001__R2-001__R1-002__0179,GPA-001__R2-001__R1-002,02_inputs_xml_flat/GPA-001__R2-001__R1-002__0179.xml,PASS,INFO,R1.D01=SI;R1.D02=NO;R2.D01=SI;R2.D02=SI;R2.D03=SI,MUNICIPIO30622,MUNICIPIO_SIN_CN_TRAB,Si,No,30622,,Regla 2 coherente para validaciones implementadas.
GPA-001__R2-001__R1-002__0180,GPA-001__R2-001__R1-002,02_inputs_xml_flat/GPA-001__R2-001__R1-002__0180.xml,PASS,INFO,R1.D01=SI;R1.D02=NO;R2.D01=SI;R2.D02=SI;R2.D03=SI,MUNICIPIO30623,MUNICIPIO_SIN_CN_TRAB,Si,No,30623,,Regla 2 coherente para validaciones implementadas.
GPA-001__R2-001__R1-002__0181,GPA-001__R2-001__R1-002,02_inputs_xml_flat/GPA-001__R2-001__R1-002__0181.xml,PASS,INFO,R1.D01=SI;R1.D02=NO;R2.D01=SI;R2.D02=SI;R2.D03=SI,MUNICIPIO30621,MUNICIPIO_SIN_CN_TRAB,Si,No,30621,,Regla 2 coherente para validaciones implementadas.
GPA-001__R2-001__R1-002__0182,GPA-001__R2-001__R1-002,02_inputs_xml_flat/GPA-001__R2-001__R1-002__0182.xml,PASS,INFO,R1.D01=SI;R1.D02=NO;R2.D01=SI;R2.D02=SI;R2.D03=SI,MUNICIPIO30622,MUNICIPIO_SIN_CN_TRAB,Si,No,30622,,Regla 2 coherente para validaciones implementadas.
GPA-001__R2-001__R1-002__0183,GPA-001__R2-001__R1-002,02_inputs_xml_flat/GPA-001__R2-001__R1-002__0183.xml,PASS,INFO,R1.D01=SI;R1.D02=NO;R2.D01=SI;R2.D02=SI;R2.D03=SI,MUNICIPIO30623,MUNICIPIO_SIN_CN_TRAB,Si,No,30623,,Regla 2 coherente para validaciones implementadas.
GPA-001__R2-001__R1-002__0184,GPA-001__R2-001__R1-002,02_inputs_xml_flat/GPA-001__R2-001__R1-002__0184.xml,PASS,INFO,R1.D01=SI;R1.D02=NO;R2.D01=SI;R2.D02=SI;R2.D03=SI,MUNICIPIO30621,MUNICIPIO_SIN_CN_TRAB,Si,No,30621,,Regla 2 coherente para validaciones implementadas.
GPA-001__R2-001__R1-002__0185,GPA-001__R2-001__R1-002,02_inputs_xml_flat/GPA-001__R2-001__R1-002__0185.xml,PASS,INFO,R1.D01=SI;R1.D02=NO;R2.D01=SI;R2.D02=SI;R2.D03=SI,MUNICIPIO30622,MUNICIPIO_SIN_CN_TRAB,Si,No,30622,,Regla 2 coherente para validaciones implementadas.
GPA-001__R2-001__R1-002__0186,GPA-001__R2-001__R1-002,02_inputs_xml_flat/GPA-001__R2-001__R1-002__0186.xml,PASS,INFO,R1.D01=SI;R1.D02=NO;R2.D01=SI;R2.D02=SI;R2.D03=SI,MUNICIPIO30623,MUNICIPIO_SIN_CN_TRAB,Si,No,30623,,Regla 2 coherente para validaciones implementadas.
GPA-001__R2-001__R1-002__0187,GPA-001__R2-001__R1-002,02_inputs_xml_flat/GPA-001__R2-001__R1-002__0187.xml,PASS,INFO,R1.D01=SI;R1.D02=NO;R2.D01=SI;R2.D02=SI;R2.D03=SI,MUNICIPIO30621,MUNICIPIO_SIN_CN_TRAB,Si,No,30621,,Regla 2 coherente para validaciones implementadas.
GPA-001__R2-001__R1-002__0188,GPA-001__R2-001__R1-002,02_inputs_xml_flat/GPA-001__R2-001__R1-002__0188.xml,PASS,INFO,R1.D01=SI;R1.D02=NO;R2.D01=SI;R2.D02=SI;R2.D03=SI,MUNICIPIO30622,MUNICIPIO_SIN_CN_TRAB,Si,No,30622,,Regla 2 coherente para validaciones implementadas.
GPA-001__R2-001__R1-002__0189,GPA-001__R2-001__R1-002,02_inputs_xml_flat/GPA-001__R2-001__R1-002__0189.xml,PASS,INFO,R1.D01=SI;R1.D02=NO;R2.D01=SI;R2.D02=SI;R2.D03=SI,MUNICIPIO30623,MUNICIPIO_SIN_CN_TRAB,Si,No,30623,,Regla 2 coherente para validaciones implementadas.
GPA-001__R2-001__R1-002__0190,GPA-001__R2-001__R1-002,02_inputs_xml_flat/GPA-001__R2-001__R1-002__0190.xml,PASS,INFO,R1.D01=SI;R1.D02=NO;R2.D01=SI;R2.D02=SI;R2.D03=SI,MUNICIPIO30621,MUNICIPIO_SIN_CN_TRAB,Si,No,30621,,Regla 2 coherente para validaciones implementadas.
GPA-001__R2-001__R1-002__0191,GPA-001__R2-001__R1-002,02_inputs_xml_flat/GPA-001__R2-001__R1-002__0191.xml,PASS,INFO,R1.D01=SI;R1.D02=NO;R2.D01=SI;R2.D02=SI;R2.D03=SI,MUNICIPIO30622,MUNICIPIO_SIN_CN_TRAB,Si,No,30622,,Regla 2 coherente para validaciones implementadas.
GPA-001__R2-001__R1-002__0192,GPA-001__R2-001__R1-002,02_inputs_xml_flat/GPA-001__R2-001__R1-002__0192.xml,PASS,INFO,R1.D01=SI;R1.D02=NO;R2.D01=SI;R2.D02=SI;R2.D03=SI,MUNICIPIO30623,MUNICIPIO_SIN_CN_TRAB,Si,No,30623,,Regla 2 coherente para validaciones implementadas.
GPA-001__R2-001__R1-002__0193,GPA-001__R2-001__R1-002,02_inputs_xml_flat/GPA-001__R2-001__R1-002__0193.xml,PASS,INFO,R1.D01=SI;R1.D02=NO;R2.D01=SI;R2.D02=SI;R2.D03=SI,MUNICIPIO30621,MUNICIPIO_SIN_CN_TRAB,Si,No,30621,,Regla 2 coherente para validaciones implementadas.
GPA-001__R2-001__R1-002__0194,GPA-001__R2-001__R1-002,02_inputs_xml_flat/GPA-001__R2-001__R1-002__0194.xml,PASS,INFO,R1.D01=SI;R1.D02=NO;R2.D01=SI;R2.D02=SI;R2.D03=SI,MUNICIPIO30622,MUNICIPIO_SIN_CN_TRAB,Si,No,30622,,Regla 2 coherente para validaciones implementadas.
GPA-001__R2-001__R1-002__0195,GPA-001__R2-001__R1-002,02_inputs_xml_flat/GPA-001__R2-001__R1-002__0195.xml,PASS,INFO,R1.D01=SI;R1.D02=NO;R2.D01=SI;R2.D02=SI;R2.D03=SI,MUNICIPIO30623,MUNICIPIO_SIN_CN_TRAB,Si,No,30623,,Regla 2 coherente para validaciones implementadas.
GPA-001__R2-001__R1-002__0196,GPA-001__R2-001__R1-002,02_inputs_xml_flat/GPA-001__R2-001__R1-002__0196.xml,PASS,INFO,R1.D01=SI;R1.D02=NO;R2.D01=SI;R2.D02=SI;R2.D03=SI,MUNICIPIO30621,MUNICIPIO_SIN_CN_TRAB,Si,No,30621,,Regla 2 coherente para validaciones implementadas.
GPA-001__R2-001__R1-002__0197,GPA-001__R2-001__R1-002,02_inputs_xml_flat/GPA-001__R2-001__R1-002__0197.xml,PASS,INFO,R1.D01=SI;R1.D02=NO;R2.D01=SI;R2.D02=SI;R2.D03=SI,MUNICIPIO30622,MUNICIPIO_SIN_CN_TRAB,Si,No,30622,,Regla 2 coherente para validaciones implementadas.
GPA-001__R2-001__R1-002__0198,GPA-001__R2-001__R1-002,02_inputs_xml_flat/GPA-001__R2-001__R1-002__0198.xml,PASS,INFO,R1.D01=SI;R1.D02=NO;R2.D01=SI;R2.D02=SI;R2.D03=SI,MUNICIPIO30623,MUNICIPIO_SIN_CN_TRAB,Si,No,30623,,Regla 2 coherente para validaciones implementadas.
GPA-001__R2-001__R1-002__0199,GPA-001__R2-001__R1-002,02_inputs_xml_flat/GPA-001__R2-001__R1-002__0199.xml,PASS,INFO,R1.D01=SI;R1.D02=NO;R2.D01=SI;R2.D02=SI;R2.D03=SI,MUNICIPIO30621,MUNICIPIO_SIN_CN_TRAB,Si,No,30621,,Regla 2 coherente para validaciones implementadas.
GPA-001__R2-001__R1-002__0200,GPA-001__R2-001__R1-002,02_inputs_xml_flat/GPA-001__R2-001__R1-002__0200.xml,PASS,INFO,R1.D01=SI;R1.D02=NO;R2.D01=SI;R2.D02=SI;R2.D03=SI,MUNICIPIO30622,MUNICIPIO_SIN_CN_TRAB,Si,No,30622,,Regla 2 coherente para validaciones implementadas.
GPA-001__R2-001__R1-002__0201,GPA-001__R2-001__R1-002,02_inputs_xml_flat/GPA-001__R2-001__R1-002__0201.xml,PASS,INFO,R1.D01=SI;R1.D02=NO;R2.D01=SI;R2.D02=SI;R2.D03=SI,MUNICIPIO30623,MUNICIPIO_SIN_CN_TRAB,Si,No,30623,,Regla 2 coherente para validaciones implementadas.
GPA-001__R2-001__R1-002__0202,GPA-001__R2-001__R1-002,02_inputs_xml_flat/GPA-001__R2-001__R1-002__0202.xml,PASS,INFO,R1.D01=SI;R1.D02=NO;R2.D01=SI;R2.D02=SI;R2.D03=SI,MUNICIPIO30621,MUNICIPIO_SIN_CN_TRAB,Si,No,30621,,Regla 2 coherente para validaciones implementadas.
GPA-001__R2-001__R1-002__0203,GPA-001__R2-001__R1-002,02_inputs_xml_flat/GPA-001__R2-001__R1-002__0203.xml,PASS,INFO,R1.D01=SI;R1.D02=NO;R2.D01=SI;R2.D02=SI;R2.D03=SI,MUNICIPIO30622,MUNICIPIO_SIN_CN_TRAB,Si,No,30622,,Regla 2 coherente para validaciones implementadas.
GPA-001__R2-001__R1-002__0204,GPA-001__R2-001__R1-002,02_inputs_xml_flat/GPA-001__R2-001__R1-002__0204.xml,PASS,INFO,R1.D01=SI;R1.D02=NO;R2.D01=SI;R2.D02=SI;R2.D03=SI,MUNICIPIO30623,MUNICIPIO_SIN_CN_TRAB,Si,No,30623,,Regla 2 coherente para validaciones implementadas.
GPA-001__R2-001__R1-002__0205,GPA-001__R2-001__R1-002,02_inputs_xml_flat/GPA-001__R2-001__R1-002__0205.xml,PASS,INFO,R1.D01=SI;R1.D02=NO;R2.D01=SI;R2.D02=SI;R2.D03=SI,MUNICIPIO30621,MUNICIPIO_SIN_CN_TRAB,Si,No,30621,,Regla 2 coherente para validaciones implementadas.
GPA-001__R2-001__R1-002__0206,GPA-001__R2-001__R1-002,02_inputs_xml_flat/GPA-001__R2-001__R1-002__0206.xml,PASS,INFO,R1.D01=SI;R1.D02=NO;R2.D01=SI;R2.D02=SI;R2.D03=SI,MUNICIPIO30622,MUNICIPIO_SIN_CN_TRAB,Si,No,30622,,Regla 2 coherente para validaciones implementadas.
GPA-001__R2-001__R1-002__0207,GPA-001__R2-001__R1-002,02_inputs_xml_flat/GPA-001__R2-001__R1-002__0207.xml,PASS,INFO,R1.D01=SI;R1.D02=NO;R2.D01=SI;R2.D02=SI;R2.D03=SI,MUNICIPIO30623,MUNICIPIO_SIN_CN_TRAB,Si,No,30623,,Regla 2 coherente para validaciones implementadas.
GPA-001__R2-001__R1-002__0208,GPA-001__R2-001__R1-002,02_inputs_xml_flat/GPA-001__R2-001__R1-002__0208.xml,PASS,INFO,R1.D01=SI;R1.D02=NO;R2.D01=SI;R2.D02=SI;R2.D03=SI,MUNICIPIO30621,MUNICIPIO_SIN_CN_TRAB,Si,No,30621,,Regla 2 coherente para validaciones implementadas.
GPA-001__R2-001__R1-002__0209,GPA-001__R2-001__R1-002,02_inputs_xml_flat/GPA-001__R2-001__R1-002__0209.xml,PASS,INFO,R1.D01=SI;R1.D02=NO;R2.D01=SI;R2.D02=SI;R2.D03=SI,MUNICIPIO30622,MUNICIPIO_SIN_CN_TRAB,Si,No,30622,,Regla 2 coherente para validaciones implementadas.
GPA-001__R2-001__R1-002__0210,GPA-001__R2-001__R1-002,02_inputs_xml_flat/GPA-001__R2-001__R1-002__0210.xml,PASS,INFO,R1.D01=SI;R1.D02=NO;R2.D01=SI;R2.D02=SI;R2.D03=SI,MUNICIPIO30623,MUNICIPIO_SIN_CN_TRAB,Si,No,30623,,Regla 2 coherente para validaciones implementadas.
GPA-001__R2-001__R1-002__0211,GPA-001__R2-001__R1-002,02_inputs_xml_flat/GPA-001__R2-001__R1-002__0211.xml,PASS,INFO,R1.D01=SI;R1.D02=NO;R2.D01=SI;R2.D02=SI;R2.D03=SI,MUNICIPIO30621,MUNICIPIO_SIN_CN_TRAB,Si,No,30621,,Regla 2 coherente para validaciones implementadas.
GPA-001__R2-001__R1-002__0212,GPA-001__R2-001__R1-002,02_inputs_xml_flat/GPA-001__R2-001__R1-002__0212.xml,PASS,INFO,R1.D01=SI;R1.D02=NO;R2.D01=SI;R2.D02=SI;R2.D03=SI,MUNICIPIO30622,MUNICIPIO_SIN_CN_TRAB,Si,No,30622,,Regla 2 coherente para validaciones implementadas.
GPA-001__R2-001__R1-002__0213,GPA-001__R2-001__R1-002,02_inputs_xml_flat/GPA-001__R2-001__R1-002__0213.xml,PASS,INFO,R1.D01=SI;R1.D02=NO;R2.D01=SI;R2.D02=SI;R2.D03=SI,MUNICIPIO30623,MUNICIPIO_SIN_CN_TRAB,Si,No,30623,,Regla 2 coherente para validaciones implementadas.
GPA-001__R2-001__R1-002__0214,GPA-001__R2-001__R1-002,02_inputs_xml_flat/GPA-001__R2-001__R1-002__0214.xml,PASS,INFO,R1.D01=SI;R1.D02=NO;R2.D01=SI;R2.D02=SI;R2.D03=SI,MUNICIPIO30621,MUNICIPIO_SIN_CN_TRAB,Si,No,30621,,Regla 2 coherente para validaciones implementadas.
GPA-001__R2-001__R1-002__0215,GPA-001__R2-001__R1-002,02_inputs_xml_flat/GPA-001__R2-001__R1-002__0215.xml,PASS,INFO,R1.D01=SI;R1.D02=NO;R2.D01=SI;R2.D02=SI;R2.D03=SI,MUNICIPIO30622,MUNICIPIO_SIN_CN_TRAB,Si,No,30622,,Regla 2 coherente para validaciones implementadas.
GPA-001__R2-001__R1-002__0216,GPA-001__R2-001__R1-002,02_inputs_xml_flat/GPA-001__R2-001__R1-002__0216.xml,PASS,INFO,R1.D01=SI;R1.D02=NO;R2.D01=SI;R2.D02=SI;R2.D03=SI,MUNICIPIO30623,MUNICIPIO_SIN_CN_TRAB,Si,No,30623,,Regla 2 coherente para validaciones implementadas.
GPA-001__R2-001__R1-002__0217,GPA-001__R2-001__R1-002,02_inputs_xml_flat/GPA-001__R2-001__R1-002__0217.xml,PASS,INFO,R1.D01=SI;R1.D02=NO;R2.D01=SI;R2.D02=SI;R2.D03=SI,MUNICIPIO30621,MUNICIPIO_SIN_CN_TRAB,Si,No,30621,,Regla 2 coherente para validaciones implementadas.
GPA-001__R2-001__R1-002__0218,GPA-001__R2-001__R1-002,02_inputs_xml_flat/GPA-001__R2-001__R1-002__0218.xml,PASS,INFO,R1.D01=SI;R1.D02=NO;R2.D01=SI;R2.D02=SI;R2.D03=SI,MUNICIPIO30622,MUNICIPIO_SIN_CN_TRAB,Si,No,30622,,Regla 2 coherente para validaciones implementadas.
GPA-001__R2-001__R1-002__0219,GPA-001__R2-001__R1-002,02_inputs_xml_flat/GPA-001__R2-001__R1-002__0219.xml,PASS,INFO,R1.D01=SI;R1.D02=NO;R2.D01=SI;R2.D02=SI;R2.D03=SI,MUNICIPIO30623,MUNICIPIO_SIN_CN_TRAB,Si,No,30623,,Regla 2 coherente para validaciones implementadas.
GPA-001__R2-001__R1-002__0220,GPA-001__R2-001__R1-002,02_inputs_xml_flat/GPA-001__R2-001__R1-002__0220.xml,PASS,INFO,R1.D01=SI;R1.D02=NO;R2.D01=SI;R2.D02=SI;R2.D03=SI,MUNICIPIO30621,MUNICIPIO_SIN_CN_TRAB,Si,No,30621,,Regla 2 coherente para validaciones implementadas.
GPA-001__R2-001__R1-002__0221,GPA-001__R2-001__R1-002,02_inputs_xml_flat/GPA-001__R2-001__R1-002__0221.xml,PASS,INFO,R1.D01=SI;R1.D02=NO;R2.D01=SI;R2.D02=SI;R2.D03=SI,MUNICIPIO30622,MUNICIPIO_SIN_CN_TRAB,Si,No,30622,,Regla 2 coherente para validaciones implementadas.
GPA-001__R2-001__R1-002__0222,GPA-001__R2-001__R1-002,02_inputs_xml_flat/GPA-001__R2-001__R1-002__0222.xml,PASS,INFO,R1.D01=SI;R1.D02=NO;R2.D01=SI;R2.D02=SI;R2.D03=SI,MUNICIPIO30623,MUNICIPIO_SIN_CN_TRAB,Si,No,30623,,Regla 2 coherente para validaciones implementadas.
GPA-001__R2-001__R1-002__0223,GPA-001__R2-001__R1-002,02_inputs_xml_flat/GPA-001__R2-001__R1-002__0223.xml,PASS,INFO,R1.D01=SI;R1.D02=NO;R2.D01=SI;R2.D02=SI;R2.D03=SI,MUNICIPIO30621,MUNICIPIO_SIN_CN_TRAB,Si,No,30621,,Regla 2 coherente para validaciones implementadas.
GPA-001__R2-001__R1-002__0224,GPA-001__R2-001__R1-002,02_inputs_xml_flat/GPA-001__R2-001__R1-002__0224.xml,PASS,INFO,R1.D01=SI;R1.D02=NO;R2.D01=SI;R2.D02=SI;R2.D03=SI,MUNICIPIO30622,MUNICIPIO_SIN_CN_TRAB,Si,No,30622,,Regla 2 coherente para validaciones implementadas.
GPA-001__R2-001__R1-002__0225,GPA-001__R2-001__R1-002,02_inputs_xml_flat/GPA-001__R2-001__R1-002__0225.xml,PASS,INFO,R1.D01=SI;R1.D02=NO;R2.D01=SI;R2.D02=SI;R2.D03=SI,MUNICIPIO30623,MUNICIPIO_SIN_CN_TRAB,Si,No,30623,,Regla 2 coherente para validaciones implementadas.
GPA-001__R2-001__R1-002__0226,GPA-001__R2-001__R1-002,02_inputs_xml_flat/GPA-001__R2-001__R1-002__0226.xml,PASS,INFO,R1.D01=SI;R1.D02=NO;R2.D01=SI;R2.D02=SI;R2.D03=SI,MUNICIPIO30621,MUNICIPIO_SIN_CN_TRAB,Si,No,30621,,Regla 2 coherente para validaciones implementadas.
GPA-001__R2-001__R1-002__0227,GPA-001__R2-001__R1-002,02_inputs_xml_flat/GPA-001__R2-001__R1-002__0227.xml,PASS,INFO,R1.D01=SI;R1.D02=NO;R2.D01=SI;R2.D02=SI;R2.D03=SI,MUNICIPIO30622,MUNICIPIO_SIN_CN_TRAB,Si,No,30622,,Regla 2 coherente para validaciones implementadas.
GPA-001__R2-001__R1-002__0228,GPA-001__R2-001__R1-002,02_inputs_xml_flat/GPA-001__R2-001__R1-002__0228.xml,PASS,INFO,R1.D01=SI;R1.D02=NO;R2.D01=SI;R2.D02=SI;R2.D03=SI,MUNICIPIO30623,MUNICIPIO_SIN_CN_TRAB,Si,No,30623,,Regla 2 coherente para validaciones implementadas.
GPA-001__R2-001__R1-002__0229,GPA-001__R2-001__R1-002,02_inputs_xml_flat/GPA-001__R2-001__R1-002__0229.xml,PASS,INFO,R1.D01=SI;R1.D02=NO;R2.D01=SI;R2.D02=SI;R2.D03=SI,MUNICIPIO30621,MUNICIPIO_SIN_CN_TRAB,Si,No,30621,,Regla 2 coherente para validaciones implementadas.
GPA-001__R2-001__R1-002__0230,GPA-001__R2-001__R1-002,02_inputs_xml_flat/GPA-001__R2-001__R1-002__0230.xml,PASS,INFO,R1.D01=SI;R1.D02=NO;R2.D01=SI;R2.D02=SI;R2.D03=SI,MUNICIPIO30622,MUNICIPIO_SIN_CN_TRAB,Si,No,30622,,Regla 2 coherente para validaciones implementadas.
GPA-001__R2-001__R1-002__0231,GPA-001__R2-001__R1-002,02_inputs_xml_flat/GPA-001__R2-001__R1-002__0231.xml,PASS,INFO,R1.D01=SI;R1.D02=NO;R2.D01=SI;R2.D02=SI;R2.D03=SI,MUNICIPIO30623,MUNICIPIO_SIN_CN_TRAB,Si,No,30623,,Regla 2 coherente para validaciones implementadas.
GPA-001__R2-001__R1-002__0232,GPA-001__R2-001__R1-002,02_inputs_xml_flat/GPA-001__R2-001__R1-002__0232.xml,PASS,INFO,R1.D01=SI;R1.D02=NO;R2.D01=SI;R2.D02=SI;R2.D03=SI,MUNICIPIO30621,MUNICIPIO_SIN_CN_TRAB,Si,No,30621,,Regla 2 coherente para validaciones implementadas.
GPA-001__R2-001__R1-002__0233,GPA-001__R2-001__R1-002,02_inputs_xml_flat/GPA-001__R2-001__R1-002__0233.xml,PASS,INFO,R1.D01=SI;R1.D02=NO;R2.D01=SI;R2.D02=SI;R2.D03=SI,MUNICIPIO30622,MUNICIPIO_SIN_CN_TRAB,Si,No,30622,,Regla 2 coherente para validaciones implementadas.
GPA-001__R2-001__R1-002__0234,GPA-001__R2-001__R1-002,02_inputs_xml_flat/GPA-001__R2-001__R1-002__0234.xml,PASS,INFO,R1.D01=SI;R1.D02=NO;R2.D01=SI;R2.D02=SI;R2.D03=SI,MUNICIPIO30623,MUNICIPIO_SIN_CN_TRAB,Si,No,30623,,Regla 2 coherente para validaciones implementadas.
GPA-001__R2-001__R1-002__0235,GPA-001__R2-001__R1-002,02_inputs_xml_flat/GPA-001__R2-001__R1-002__0235.xml,PASS,INFO,R1.D01=SI;R1.D02=NO;R2.D01=SI;R2.D02=SI;R2.D03=SI,MUNICIPIO30621,MUNICIPIO_SIN_CN_TRAB,Si,No,30621,,Regla 2 coherente para validaciones implementadas.
GPA-001__R2-001__R1-002__0236,GPA-001__R2-001__R1-002,02_inputs_xml_flat/GPA-001__R2-001__R1-002__0236.xml,PASS,INFO,R1.D01=SI;R1.D02=NO;R2.D01=SI;R2.D02=SI;R2.D03=SI,MUNICIPIO30622,MUNICIPIO_SIN_CN_TRAB,Si,No,30622,,Regla 2 coherente para validaciones implementadas.
GPA-001__R2-001__R1-002__0237,GPA-001__R2-001__R1-002,02_inputs_xml_flat/GPA-001__R2-001__R1-002__0237.xml,PASS,INFO,R1.D01=SI;R1.D02=NO;R2.D01=SI;R2.D02=SI;R2.D03=SI,MUNICIPIO30623,MUNICIPIO_SIN_CN_TRAB,Si,No,30623,,Regla 2 coherente para validaciones implementadas.
GPA-001__R2-001__R1-002__0238,GPA-001__R2-001__R1-002,02_inputs_xml_flat/GPA-001__R2-001__R1-002__0238.xml,PASS,INFO,R1.D01=SI;R1.D02=NO;R2.D01=SI;R2.D02=SI;R2.D03=SI,MUNICIPIO30621,MUNICIPIO_SIN_CN_TRAB,Si,No,30621,,Regla 2 coherente para validaciones implementadas.
GPA-001__R2-001__R1-002__0239,GPA-001__R2-001__R1-002,02_inputs_xml_flat/GPA-001__R2-001__R1-002__0239.xml,PASS,INFO,R1.D01=SI;R1.D02=NO;R2.D01=SI;R2.D02=SI;R2.D03=SI,MUNICIPIO30622,MUNICIPIO_SIN_CN_TRAB,Si,No,30622,,Regla 2 coherente para validaciones implementadas.
GPA-001__R2-001__R1-002__0240,GPA-001__R2-001__R1-002,02_inputs_xml_flat/GPA-001__R2-001__R1-002__0240.xml,PASS,INFO,R1.D01=SI;R1.D02=NO;R2.D01=SI;R2.D02=SI;R2.D03=SI,MUNICIPIO30623,MUNICIPIO_SIN_CN_TRAB,Si,No,30623,,Regla 2 coherente para validaciones implementadas.
GPA-001__R2-001__R1-002__0241,GPA-001__R2-001__R1-002,02_inputs_xml_flat/GPA-001__R2-001__R1-002__0241.xml,PASS,INFO,R1.D01=SI;R1.D02=NO;R2.D01=SI;R2.D02=SI;R2.D03=SI,MUNICIPIO30621,MUNICIPIO_SIN_CN_TRAB,Si,No,30621,,Regla 2 coherente para validaciones implementadas.
GPA-001__R2-001__R1-002__0242,GPA-001__R2-001__R1-002,02_inputs_xml_flat/GPA-001__R2-001__R1-002__0242.xml,PASS,INFO,R1.D01=SI;R1.D02=NO;R2.D01=SI;R2.D02=SI;R2.D03=SI,MUNICIPIO30622,MUNICIPIO_SIN_CN_TRAB,Si,No,30622,,Regla 2 coherente para validaciones implementadas.
GPA-001__R2-001__R1-002__0243,GPA-001__R2-001__R1-002,02_inputs_xml_flat/GPA-001__R2-001__R1-002__0243.xml,PASS,INFO,R1.D01=SI;R1.D02=NO;R2.D01=SI;R2.D02=SI;R2.D03=SI,MUNICIPIO30623,MUNICIPIO_SIN_CN_TRAB,Si,No,30623,,Regla 2 coherente para validaciones implementadas.
GPA-001__R2-001__R1-002__0244,GPA-001__R2-001__R1-002,02_inputs_xml_flat/GPA-001__R2-001__R1-002__0244.xml,PASS,INFO,R1.D01=SI;R1.D02=NO;R2.D01=SI;R2.D02=SI;R2.D03=SI,MUNICIPIO30621,MUNICIPIO_SIN_CN_TRAB,Si,No,30621,,Regla 2 coherente para validaciones implementadas.
GPA-001__R2-001__R1-002__0245,GPA-001__R2-001__R1-002,02_inputs_xml_flat/GPA-001__R2-001__R1-002__0245.xml,PASS,INFO,R1.D01=SI;R1.D02=NO;R2.D01=SI;R2.D02=SI;R2.D03=SI,MUNICIPIO30622,MUNICIPIO_SIN_CN_TRAB,Si,No,30622,,Regla 2 coherente para validaciones implementadas.
GPA-001__R2-001__R1-002__0246,GPA-001__R2-001__R1-002,02_inputs_xml_flat/GPA-001__R2-001__R1-002__0246.xml,PASS,INFO,R1.D01=SI;R1.D02=NO;R2.D01=SI;R2.D02=SI;R2.D03=SI,MUNICIPIO30623,MUNICIPIO_SIN_CN_TRAB,Si,No,30623,,Regla 2 coherente para validaciones implementadas.
GPA-001__R2-001__R1-002__0247,GPA-001__R2-001__R1-002,02_inputs_xml_flat/GPA-001__R2-001__R1-002__0247.xml,PASS,INFO,R1.D01=SI;R1.D02=NO;R2.D01=SI;R2.D02=SI;R2.D03=SI,MUNICIPIO30621,MUNICIPIO_SIN_CN_TRAB,Si,No,30621,,Regla 2 coherente para validaciones implementadas.
GPA-001__R2-001__R1-002__0248,GPA-001__R2-001__R1-002,02_inputs_xml_flat/GPA-001__R2-001__R1-002__0248.xml,PASS,INFO,R1.D01=SI;R1.D02=NO;R2.D01=SI;R2.D02=SI;R2.D03=SI,MUNICIPIO30622,MUNICIPIO_SIN_CN_TRAB,Si,No,30622,,Regla 2 coherente para validaciones implementadas.
GPA-001__R2-001__R1-002__0249,GPA-001__R2-001__R1-002,02_inputs_xml_flat/GPA-001__R2-001__R1-002__0249.xml,PASS,INFO,R1.D01=SI;R1.D02=NO;R2.D01=SI;R2.D02=SI;R2.D03=SI,MUNICIPIO30623,MUNICIPIO_SIN_CN_TRAB,Si,No,30623,,Regla 2 coherente para validaciones implementadas.
GPA-001__R2-001__R1-002__0250,GPA-001__R2-001__R1-002,02_inputs_xml_flat/GPA-001__R2-001__R1-002__0250.xml,PASS,INFO,R1.D01=SI;R1.D02=NO;R2.D01=SI;R2.D02=SI;R2.D03=SI,MUNICIPIO30621,MUNICIPIO_SIN_CN_TRAB,Si,No,30621,,Regla 2 coherente para validaciones implementadas.
GPA-001__R2-001__R1-002__0251,GPA-001__R2-001__R1-002,02_inputs_xml_flat/GPA-001__R2-001__R1-002__0251.xml,PASS,INFO,R1.D01=SI;R1.D02=NO;R2.D01=SI;R2.D02=SI;R2.D03=SI,MUNICIPIO30622,MUNICIPIO_SIN_CN_TRAB,Si,No,30622,,Regla 2 coherente para validaciones implementadas.
GPA-001__R2-001__R1-002__0252,GPA-001__R2-001__R1-002,02_inputs_xml_flat/GPA-001__R2-001__R1-002__0252.xml,PASS,INFO,R1.D01=SI;R1.D02=NO;R2.D01=SI;R2.D02=SI;R2.D03=SI,MUNICIPIO30623,MUNICIPIO_SIN_CN_TRAB,Si,No,30623,,Regla 2 coherente para validaciones implementadas.
GPA-001__R2-001__R1-002__0253,GPA-001__R2-001__R1-002,02_inputs_xml_flat/GPA-001__R2-001__R1-002__0253.xml,PASS,INFO,R1.D01=SI;R1.D02=NO;R2.D01=SI;R2.D02=SI;R2.D03=SI,MUNICIPIO30621,MUNICIPIO_SIN_CN_TRAB,Si,No,30621,,Regla 2 coherente para validaciones implementadas.
GPA-001__R2-001__R1-002__0254,GPA-001__R2-001__R1-002,02_inputs_xml_flat/GPA-001__R2-001__R1-002__0254.xml,PASS,INFO,R1.D01=SI;R1.D02=NO;R2.D01=SI;R2.D02=SI;R2.D03=SI,MUNICIPIO30622,MUNICIPIO_SIN_CN_TRAB,Si,No,30622,,Regla 2 coherente para validaciones implementadas.
GPA-001__R2-001__R1-002__0255,GPA-001__R2-001__R1-002,02_inputs_xml_flat/GPA-001__R2-001__R1-002__0255.xml,PASS,INFO,R1.D01=SI;R1.D02=NO;R2.D01=SI;R2.D02=SI;R2.D03=SI,MUNICIPIO30623,MUNICIPIO_SIN_CN_TRAB,Si,No,30623,,Regla 2 coherente para validaciones implementadas.
GPA-001__R2-001__R1-002__0256,GPA-001__R2-001__R1-002,02_inputs_xml_flat/GPA-001__R2-001__R1-002__0256.xml,PASS,INFO,R1.D01=SI;R1.D02=NO;R2.D01=SI;R2.D02=SI;R2.D03=SI,MUNICIPIO30621,MUNICIPIO_SIN_CN_TRAB,Si,No,30621,,Regla 2 coherente para validaciones implementadas.
GPA-001__R2-001__R1-002__0257,GPA-001__R2-001__R1-002,02_inputs_xml_flat/GPA-001__R2-001__R1-002__0257.xml,PASS,INFO,R1.D01=SI;R1.D02=NO;R2.D01=SI;R2.D02=SI;R2.D03=SI,MUNICIPIO30622,MUNICIPIO_SIN_CN_TRAB,Si,No,30622,,Regla 2 coherente para validaciones implementadas.
GPA-001__R2-001__R1-002__0258,GPA-001__R2-001__R1-002,02_inputs_xml_flat/GPA-001__R2-001__R1-002__0258.xml,PASS,INFO,R1.D01=SI;R1.D02=NO;R2.D01=SI;R2.D02=SI;R2.D03=SI,MUNICIPIO30623,MUNICIPIO_SIN_CN_TRAB,Si,No,30623,,Regla 2 coherente para validaciones implementadas.
GPA-001__R2-001__R1-002__0259,GPA-001__R2-001__R1-002,02_inputs_xml_flat/GPA-001__R2-001__R1-002__0259.xml,PASS,INFO,R1.D01=SI;R1.D02=NO;R2.D01=SI;R2.D02=SI;R2.D03=SI,MUNICIPIO30621,MUNICIPIO_SIN_CN_TRAB,Si,No,30621,,Regla 2 coherente para validaciones implementadas.
GPA-001__R2-001__R1-002__0260,GPA-001__R2-001__R1-002,02_inputs_xml_flat/GPA-001__R2-001__R1-002__0260.xml,PASS,INFO,R1.D01=SI;R1.D02=NO;R2.D01=SI;R2.D02=SI;R2.D03=SI,MUNICIPIO30622,MUNICIPIO_SIN_CN_TRAB,Si,No,30622,,Regla 2 coherente para validaciones implementadas.
GPA-001__R2-001__R1-002__0261,GPA-001__R2-001__R1-002,02_inputs_xml_flat/GPA-001__R2-001__R1-002__0261.xml,PASS,INFO,R1.D01=SI;R1.D02=NO;R2.D01=SI;R2.D02=SI;R2.D03=SI,MUNICIPIO30623,MUNICIPIO_SIN_CN_TRAB,Si,No,30623,,Regla 2 coherente para validaciones implementadas.
GPA-001__R2-001__R1-002__0262,GPA-001__R2-001__R1-002,02_inputs_xml_flat/GPA-001__R2-001__R1-002__0262.xml,PASS,INFO,R1.D01=SI;R1.D02=NO;R2.D01=SI;R2.D02=SI;R2.D03=SI,MUNICIPIO30621,MUNICIPIO_SIN_CN_TRAB,Si,No,30621,,Regla 2 coherente para validaciones implementadas.
GPA-001__R2-001__R1-002__0263,GPA-001__R2-001__R1-002,02_inputs_xml_flat/GPA-001__R2-001__R1-002__0263.xml,PASS,INFO,R1.D01=SI;R1.D02=NO;R2.D01=SI;R2.D02=SI;R2.D03=SI,MUNICIPIO30622,MUNICIPIO_SIN_CN_TRAB,Si,No,30622,,Regla 2 coherente para validaciones implementadas.
GPA-001__R2-001__R1-002__0264,GPA-001__R2-001__R1-002,02_inputs_xml_flat/GPA-001__R2-001__R1-002__0264.xml,PASS,INFO,R1.D01=SI;R1.D02=NO;R2.D01=SI;R2.D02=SI;R2.D03=SI,MUNICIPIO30623,MUNICIPIO_SIN_CN_TRAB,Si,No,30623,,Regla 2 coherente para validaciones implementadas.
GPA-001__R2-001__R1-002__0265,GPA-001__R2-001__R1-002,02_inputs_xml_flat/GPA-001__R2-001__R1-002__0265.xml,PASS,INFO,R1.D01=SI;R1.D02=NO;R2.D01=SI;R2.D02=SI;R2.D03=SI,MUNICIPIO30621,MUNICIPIO_SIN_CN_TRAB,Si,No,30621,,Regla 2 coherente para validaciones implementadas.
GPA-001__R2-001__R1-002__0266,GPA-001__R2-001__R1-002,02_inputs_xml_flat/GPA-001__R2-001__R1-002__0266.xml,PASS,INFO,R1.D01=SI;R1.D02=NO;R2.D01=SI;R2.D02=SI;R2.D03=SI,MUNICIPIO30622,MUNICIPIO_SIN_CN_TRAB,Si,No,30622,,Regla 2 coherente para validaciones implementadas.
GPA-001__R2-001__R1-002__0267,GPA-001__R2-001__R1-002,02_inputs_xml_flat/GPA-001__R2-001__R1-002__0267.xml,PASS,INFO,R1.D01=SI;R1.D02=NO;R2.D01=SI;R2.D02=SI;R2.D03=SI,MUNICIPIO30623,MUNICIPIO_SIN_CN_TRAB,Si,No,30623,,Regla 2 coherente para validaciones implementadas.
GPA-001__R2-001__R1-002__0268,GPA-001__R2-001__R1-002,02_inputs_xml_flat/GPA-001__R2-001__R1-002__0268.xml,PASS,INFO,R1.D01=SI;R1.D02=NO;R2.D01=SI;R2.D02=SI;R2.D03=SI,MUNICIPIO30621,MUNICIPIO_SIN_CN_TRAB,Si,No,30621,,Regla 2 coherente para validaciones implementadas.
GPA-001__R2-001__R1-002__0269,GPA-001__R2-001__R1-002,02_inputs_xml_flat/GPA-001__R2-001__R1-002__0269.xml,PASS,INFO,R1.D01=SI;R1.D02=NO;R2.D01=SI;R2.D02=SI;R2.D03=SI,MUNICIPIO30622,MUNICIPIO_SIN_CN_TRAB,Si,No,30622,,Regla 2 coherente para validaciones implementadas.
GPA-001__R2-001__R1-002__0270,GPA-001__R2-001__R1-002,02_inputs_xml_flat/GPA-001__R2-001__R1-002__0270.xml,PASS,INFO,R1.D01=SI;R1.D02=NO;R2.D01=SI;R2.D02=SI;R2.D03=SI,MUNICIPIO30623,MUNICIPIO_SIN_CN_TRAB,Si,No,30623,,Regla 2 coherente para validaciones implementadas.
GPA-001__R2-001__R1-002__0271,GPA-001__R2-001__R1-002,02_inputs_xml_flat/GPA-001__R2-001__R1-002__0271.xml,PASS,INFO,R1.D01=SI;R1.D02=NO;R2.D01=SI;R2.D02=SI;R2.D03=SI,MUNICIPIO30621,MUNICIPIO_SIN_CN_TRAB,Si,No,30621,,Regla 2 coherente para validaciones implementadas.
GPA-001__R2-001__R1-002__0272,GPA-001__R2-001__R1-002,02_inputs_xml_flat/GPA-001__R2-001__R1-002__0272.xml,PASS,INFO,R1.D01=SI;R1.D02=NO;R2.D01=SI;R2.D02=SI;R2.D03=SI,MUNICIPIO30622,MUNICIPIO_SIN_CN_TRAB,Si,No,30622,,Regla 2 coherente para validaciones implementadas.
GPA-001__R2-001__R1-002__0273,GPA-001__R2-001__R1-002,02_inputs_xml_flat/GPA-001__R2-001__R1-002__0273.xml,PASS,INFO,R1.D01=SI;R1.D02=NO;R2.D01=SI;R2.D02=SI;R2.D03=SI,MUNICIPIO30623,MUNICIPIO_SIN_CN_TRAB,Si,No,30623,,Regla 2 coherente para validaciones implementadas.
GPA-001__R2-001__R1-002__0274,GPA-001__R2-001__R1-002,02_inputs_xml_flat/GPA-001__R2-001__R1-002__0274.xml,PASS,INFO,R1.D01=SI;R1.D02=NO;R2.D01=SI;R2.D02=SI;R2.D03=SI,MUNICIPIO30621,MUNICIPIO_SIN_CN_TRAB,Si,No,30621,,Regla 2 coherente para validaciones implementadas.
GPA-001__R2-001__R1-002__0275,GPA-001__R2-001__R1-002,02_inputs_xml_flat/GPA-001__R2-001__R1-002__0275.xml,PASS,INFO,R1.D01=SI;R1.D02=NO;R2.D01=SI;R2.D02=SI;R2.D03=SI,MUNICIPIO30622,MUNICIPIO_SIN_CN_TRAB,Si,No,30622,,Regla 2 coherente para validaciones implementadas.
GPA-001__R2-001__R1-002__0276,GPA-001__R2-001__R1-002,02_inputs_xml_flat/GPA-001__R2-001__R1-002__0276.xml,PASS,INFO,R1.D01=SI;R1.D02=NO;R2.D01=SI;R2.D02=SI;R2.D03=SI,MUNICIPIO30623,MUNICIPIO_SIN_CN_TRAB,Si,No,30623,,Regla 2 coherente para validaciones implementadas.
GPA-001__R2-001__R1-002__0277,GPA-001__R2-001__R1-002,02_inputs_xml_flat/GPA-001__R2-001__R1-002__0277.xml,PASS,INFO,R1.D01=SI;R1.D02=NO;R2.D01=SI;R2.D02=SI;R2.D03=SI,MUNICIPIO30621,MUNICIPIO_SIN_CN_TRAB,Si,No,30621,,Regla 2 coherente para validaciones implementadas.
GPA-001__R2-001__R1-002__0278,GPA-001__R2-001__R1-002,02_inputs_xml_flat/GPA-001__R2-001__R1-002__0278.xml,PASS,INFO,R1.D01=SI;R1.D02=NO;R2.D01=SI;R2.D02=SI;R2.D03=SI,MUNICIPIO30622,MUNICIPIO_SIN_CN_TRAB,Si,No,30622,,Regla 2 coherente para validaciones implementadas.
GPA-001__R2-001__R1-002__0279,GPA-001__R2-001__R1-002,02_inputs_xml_flat/GPA-001__R2-001__R1-002__0279.xml,PASS,INFO,R1.D01=SI;R1.D02=NO;R2.D01=SI;R2.D02=SI;R2.D03=SI,MUNICIPIO30623,MUNICIPIO_SIN_CN_TRAB,Si,No,30623,,Regla 2 coherente para validaciones implementadas.
GPA-001__R2-001__R1-002__0280,GPA-001__R2-001__R1-002,02_inputs_xml_flat/GPA-001__R2-001__R1-002__0280.xml,PASS,INFO,R1.D01=SI;R1.D02=NO;R2.D01=SI;R2.D02=SI;R2.D03=SI,MUNICIPIO30621,MUNICIPIO_SIN_CN_TRAB,Si,No,30621,,Regla 2 coherente para validaciones implementadas.
GPA-001__R2-001__R1-002__0281,GPA-001__R2-001__R1-002,02_inputs_xml_flat/GPA-001__R2-001__R1-002__0281.xml,PASS,INFO,R1.D01=SI;R1.D02=NO;R2.D01=SI;R2.D02=SI;R2.D03=SI,MUNICIPIO30622,MUNICIPIO_SIN_CN_TRAB,Si,No,30622,,Regla 2 coherente para validaciones implementadas.
GPA-001__R2-001__R1-002__0282,GPA-001__R2-001__R1-002,02_inputs_xml_flat/GPA-001__R2-001__R1-002__0282.xml,PASS,INFO,R1.D01=SI;R1.D02=NO;R2.D01=SI;R2.D02=SI;R2.D03=SI,MUNICIPIO30623,MUNICIPIO_SIN_CN_TRAB,Si,No,30623,,Regla 2 coherente para validaciones implementadas.
GPA-001__R2-001__R1-002__0283,GPA-001__R2-001__R1-002,02_inputs_xml_flat/GPA-001__R2-001__R1-002__0283.xml,PASS,INFO,R1.D01=SI;R1.D02=NO;R2.D01=SI;R2.D02=SI;R2.D03=SI,MUNICIPIO30621,MUNICIPIO_SIN_CN_TRAB,Si,No,30621,,Regla 2 coherente para validaciones implementadas.
GPA-001__R2-001__R1-002__0284,GPA-001__R2-001__R1-002,02_inputs_xml_flat/GPA-001__R2-001__R1-002__0284.xml,PASS,INFO,R1.D01=SI;R1.D02=NO;R2.D01=SI;R2.D02=SI;R2.D03=SI,MUNICIPIO30622,MUNICIPIO_SIN_CN_TRAB,Si,No,30622,,Regla 2 coherente para validaciones implementadas.
GPA-001__R2-001__R1-002__0285,GPA-001__R2-001__R1-002,02_inputs_xml_flat/GPA-001__R2-001__R1-002__0285.xml,PASS,INFO,R1.D01=SI;R1.D02=NO;R2.D01=SI;R2.D02=SI;R2.D03=SI,MUNICIPIO30623,MUNICIPIO_SIN_CN_TRAB,Si,No,30623,,Regla 2 coherente para validaciones implementadas.
GPA-001__R2-001__R1-002__0286,GPA-001__R2-001__R1-002,02_inputs_xml_flat/GPA-001__R2-001__R1-002__0286.xml,PASS,INFO,R1.D01=SI;R1.D02=NO;R2.D01=SI;R2.D02=SI;R2.D03=SI,MUNICIPIO30621,MUNICIPIO_SIN_CN_TRAB,Si,No,30621,,Regla 2 coherente para validaciones implementadas.
GPA-001__R2-001__R1-002__0287,GPA-001__R2-001__R1-002,02_inputs_xml_flat/GPA-001__R2-001__R1-002__0287.xml,PASS,INFO,R1.D01=SI;R1.D02=NO;R2.D01=SI;R2.D02=SI;R2.D03=SI,MUNICIPIO30622,MUNICIPIO_SIN_CN_TRAB,Si,No,30622,,Regla 2 coherente para validaciones implementadas.
GPA-001__R2-001__R1-002__0288,GPA-001__R2-001__R1-002,02_inputs_xml_flat/GPA-001__R2-001__R1-002__0288.xml,PASS,INFO,R1.D01=SI;R1.D02=NO;R2.D01=SI;R2.D02=SI;R2.D03=SI,MUNICIPIO30623,MUNICIPIO_SIN_CN_TRAB,Si,No,30623,,Regla 2 coherente para validaciones implementadas.
GPA-001__R2-001__R1-002__0289,GPA-001__R2-001__R1-002,02_inputs_xml_flat/GPA-001__R2-001__R1-002__0289.xml,PASS,INFO,R1.D01=SI;R1.D02=NO;R2.D01=SI;R2.D02=SI;R2.D03=SI,MUNICIPIO30621,MUNICIPIO_SIN_CN_TRAB,Si,No,30621,,Regla 2 coherente para validaciones implementadas.
GPA-001__R2-001__R1-002__0290,GPA-001__R2-001__R1-002,02_inputs_xml_flat/GPA-001__R2-001__R1-002__0290.xml,PASS,INFO,R1.D01=SI;R1.D02=NO;R2.D01=SI;R2.D02=SI;R2.D03=SI,MUNICIPIO30622,MUNICIPIO_SIN_CN_TRAB,Si,No,30622,,Regla 2 coherente para validaciones implementadas.
GPA-001__R2-001__R1-002__0291,GPA-001__R2-001__R1-002,02_inputs_xml_flat/GPA-001__R2-001__R1-002__0291.xml,PASS,INFO,R1.D01=SI;R1.D02=NO;R2.D01=SI;R2.D02=SI;R2.D03=SI,MUNICIPIO30623,MUNICIPIO_SIN_CN_TRAB,Si,No,30623,,Regla 2 coherente para validaciones implementadas.
GPA-001__R2-001__R1-002__0292,GPA-001__R2-001__R1-002,02_inputs_xml_flat/GPA-001__R2-001__R1-002__0292.xml,PASS,INFO,R1.D01=SI;R1.D02=NO;R2.D01=SI;R2.D02=SI;R2.D03=SI,MUNICIPIO30621,MUNICIPIO_SIN_CN_TRAB,Si,No,30621,,Regla 2 coherente para validaciones implementadas.
GPA-001__R2-001__R1-002__0293,GPA-001__R2-001__R1-002,02_inputs_xml_flat/GPA-001__R2-001__R1-002__0293.xml,PASS,INFO,R1.D01=SI;R1.D02=NO;R2.D01=SI;R2.D02=SI;R2.D03=SI,MUNICIPIO30622,MUNICIPIO_SIN_CN_TRAB,Si,No,30622,,Regla 2 coherente para validaciones implementadas.
GPA-001__R2-001__R1-002__0294,GPA-001__R2-001__R1-002,02_inputs_xml_flat/GPA-001__R2-001__R1-002__0294.xml,PASS,INFO,R1.D01=SI;R1.D02=NO;R2.D01=SI;R2.D02=SI;R2.D03=SI,MUNICIPIO30623,MUNICIPIO_SIN_CN_TRAB,Si,No,30623,,Regla 2 coherente para validaciones implementadas.
GPA-001__R2-001__R1-002__0295,GPA-001__R2-001__R1-002,02_inputs_xml_flat/GPA-001__R2-001__R1-002__0295.xml,PASS,INFO,R1.D01=SI;R1.D02=NO;R2.D01=SI;R2.D02=SI;R2.D03=SI,MUNICIPIO30621,MUNICIPIO_SIN_CN_TRAB,Si,No,30621,,Regla 2 coherente para validaciones implementadas.
GPA-001__R2-001__R1-002__0296,GPA-001__R2-001__R1-002,02_inputs_xml_flat/GPA-001__R2-001__R1-002__0296.xml,PASS,INFO,R1.D01=SI;R1.D02=NO;R2.D01=SI;R2.D02=SI;R2.D03=SI,MUNICIPIO30622,MUNICIPIO_SIN_CN_TRAB,Si,No,30622,,Regla 2 coherente para validaciones implementadas.
GPA-001__R2-001__R1-002__0297,GPA-001__R2-001__R1-002,02_inputs_xml_flat/GPA-001__R2-001__R1-002__0297.xml,PASS,INFO,R1.D01=SI;R1.D02=NO;R2.D01=SI;R2.D02=SI;R2.D03=SI,MUNICIPIO30623,MUNICIPIO_SIN_CN_TRAB,Si,No,30623,,Regla 2 coherente para validaciones implementadas.
GPA-001__R2-001__R1-002__0298,GPA-001__R2-001__R1-002,02_inputs_xml_flat/GPA-001__R2-001__R1-002__0298.xml,PASS,INFO,R1.D01=SI;R1.D02=NO;R2.D01=SI;R2.D02=SI;R2.D03=SI,MUNICIPIO30621,MUNICIPIO_SIN_CN_TRAB,Si,No,30621,,Regla 2 coherente para validaciones implementadas.
GPA-001__R2-001__R1-002__0299,GPA-001__R2-001__R1-002,02_inputs_xml_flat/GPA-001__R2-001__R1-002__0299.xml,PASS,INFO,R1.D01=SI;R1.D02=NO;R2.D01=SI;R2.D02=SI;R2.D03=SI,MUNICIPIO30622,MUNICIPIO_SIN_CN_TRAB,Si,No,30622,,Regla 2 coherente para validaciones implementadas.
GPA-001__R2-001__R1-002__0300,GPA-001__R2-001__R1-002,02_inputs_xml_flat/GPA-001__R2-001__R1-002__0300.xml,PASS,INFO,R1.D01=SI;R1.D02=NO;R2.D01=SI;R2.D02=SI;R2.D03=SI,MUNICIPIO30623,MUNICIPIO_SIN_CN_TRAB,Si,No,30623,,Regla 2 coherente para validaciones implementadas.
GPA-001__R2-001__R1-002__0301,GPA-001__R2-001__R1-002,02_inputs_xml_flat/GPA-001__R2-001__R1-002__0301.xml,PASS,INFO,R1.D01=SI;R1.D02=NO;R2.D01=SI;R2.D02=SI;R2.D03=SI,MUNICIPIO30621,MUNICIPIO_SIN_CN_TRAB,Si,No,30621,,Regla 2 coherente para validaciones implementadas.
GPA-001__R2-001__R1-002__0302,GPA-001__R2-001__R1-002,02_inputs_xml_flat/GPA-001__R2-001__R1-002__0302.xml,PASS,INFO,R1.D01=SI;R1.D02=NO;R2.D01=SI;R2.D02=SI;R2.D03=SI,MUNICIPIO30622,MUNICIPIO_SIN_CN_TRAB,Si,No,30622,,Regla 2 coherente para validaciones implementadas.
GPA-001__R2-001__R1-002__0303,GPA-001__R2-001__R1-002,02_inputs_xml_flat/GPA-001__R2-001__R1-002__0303.xml,PASS,INFO,R1.D01=SI;R1.D02=NO;R2.D01=SI;R2.D02=SI;R2.D03=SI,MUNICIPIO30623,MUNICIPIO_SIN_CN_TRAB,Si,No,30623,,Regla 2 coherente para validaciones implementadas.
GPA-001__R2-001__R1-002__0304,GPA-001__R2-001__R1-002,02_inputs_xml_flat/GPA-001__R2-001__R1-002__0304.xml,PASS,INFO,R1.D01=SI;R1.D02=NO;R2.D01=SI;R2.D02=SI;R2.D03=SI,MUNICIPIO30621,MUNICIPIO_SIN_CN_TRAB,Si,No,30621,,Regla 2 coherente para validaciones implementadas.
GPA-001__R2-001__R1-002__0305,GPA-001__R2-001__R1-002,02_inputs_xml_flat/GPA-001__R2-001__R1-002__0305.xml,PASS,INFO,R1.D01=SI;R1.D02=NO;R2.D01=SI;R2.D02=SI;R2.D03=SI,MUNICIPIO30622,MUNICIPIO_SIN_CN_TRAB,Si,No,30622,,Regla 2 coherente para validaciones implementadas.
GPA-001__R2-001__R1-002__0306,GPA-001__R2-001__R1-002,02_inputs_xml_flat/GPA-001__R2-001__R1-002__0306.xml,PASS,INFO,R1.D01=SI;R1.D02=NO;R2.D01=SI;R2.D02=SI;R2.D03=SI,MUNICIPIO30623,MUNICIPIO_SIN_CN_TRAB,Si,No,30623,,Regla 2 coherente para validaciones implementadas.
GPA-001__R2-001__R1-002__0307,GPA-001__R2-001__R1-002,02_inputs_xml_flat/GPA-001__R2-001__R1-002__0307.xml,PASS,INFO,R1.D01=SI;R1.D02=NO;R2.D01=SI;R2.D02=SI;R2.D03=SI,MUNICIPIO30621,MUNICIPIO_SIN_CN_TRAB,Si,No,30621,,Regla 2 coherente para validaciones implementadas.
GPA-001__R2-001__R1-002__0308,GPA-001__R2-001__R1-002,02_inputs_xml_flat/GPA-001__R2-001__R1-002__0308.xml,PASS,INFO,R1.D01=SI;R1.D02=NO;R2.D01=SI;R2.D02=SI;R2.D03=SI,MUNICIPIO30622,MUNICIPIO_SIN_CN_TRAB,Si,No,30622,,Regla 2 coherente para validaciones implementadas.
GPA-001__R2-001__R1-002__0309,GPA-001__R2-001__R1-002,02_inputs_xml_flat/GPA-001__R2-001__R1-002__0309.xml,PASS,INFO,R1.D01=SI;R1.D02=NO;R2.D01=SI;R2.D02=SI;R2.D03=SI,MUNICIPIO30623,MUNICIPIO_SIN_CN_TRAB,Si,No,30623,,Regla 2 coherente para validaciones implementadas.
GPA-001__R2-001__R1-002__0310,GPA-001__R2-001__R1-002,02_inputs_xml_flat/GPA-001__R2-001__R1-002__0310.xml,PASS,INFO,R1.D01=SI;R1.D02=NO;R2.D01=SI;R2.D02=SI;R2.D03=SI,MUNICIPIO30621,MUNICIPIO_SIN_CN_TRAB,Si,No,30621,,Regla 2 coherente para validaciones implementadas.
GPA-001__R2-001__R1-002__0311,GPA-001__R2-001__R1-002,02_inputs_xml_flat/GPA-001__R2-001__R1-002__0311.xml,PASS,INFO,R1.D01=SI;R1.D02=NO;R2.D01=SI;R2.D02=SI;R2.D03=SI,MUNICIPIO30622,MUNICIPIO_SIN_CN_TRAB,Si,No,30622,,Regla 2 coherente para validaciones implementadas.
GPA-001__R2-001__R1-002__0312,GPA-001__R2-001__R1-002,02_inputs_xml_flat/GPA-001__R2-001__R1-002__0312.xml,PASS,INFO,R1.D01=SI;R1.D02=NO;R2.D01=SI;R2.D02=SI;R2.D03=SI,MUNICIPIO30623,MUNICIPIO_SIN_CN_TRAB,Si,No,30623,,Regla 2 coherente para validaciones implementadas.
GPA-001__R2-001__R1-002__0313,GPA-001__R2-001__R1-002,02_inputs_xml_flat/GPA-001__R2-001__R1-002__0313.xml,PASS,INFO,R1.D01=SI;R1.D02=NO;R2.D01=SI;R2.D02=SI;R2.D03=SI,MUNICIPIO30621,MUNICIPIO_SIN_CN_TRAB,Si,No,30621,,Regla 2 coherente para validaciones implementadas.
GPA-001__R2-001__R1-002__0314,GPA-001__R2-001__R1-002,02_inputs_xml_flat/GPA-001__R2-001__R1-002__0314.xml,PASS,INFO,R1.D01=SI;R1.D02=NO;R2.D01=SI;R2.D02=SI;R2.D03=SI,MUNICIPIO30622,MUNICIPIO_SIN_CN_TRAB,Si,No,30622,,Regla 2 coherente para validaciones implementadas.
GPA-001__R2-001__R1-002__0315,GPA-001__R2-001__R1-002,02_inputs_xml_flat/GPA-001__R2-001__R1-002__0315.xml,PASS,INFO,R1.D01=SI;R1.D02=NO;R2.D01=SI;R2.D02=SI;R2.D03=SI,MUNICIPIO30623,MUNICIPIO_SIN_CN_TRAB,Si,No,30623,,Regla 2 coherente para validaciones implementadas.
GPA-001__R2-001__R1-002__0316,GPA-001__R2-001__R1-002,02_inputs_xml_flat/GPA-001__R2-001__R1-002__0316.xml,PASS,INFO,R1.D01=SI;R1.D02=NO;R2.D01=SI;R2.D02=SI;R2.D03=SI,MUNICIPIO30621,MUNICIPIO_SIN_CN_TRAB,Si,No,30621,,Regla 2 coherente para validaciones implementadas.
GPA-001__R2-001__R1-002__0317,GPA-001__R2-001__R1-002,02_inputs_xml_flat/GPA-001__R2-001__R1-002__0317.xml,PASS,INFO,R1.D01=SI;R1.D02=NO;R2.D01=SI;R2.D02=SI;R2.D03=SI,MUNICIPIO30622,MUNICIPIO_SIN_CN_TRAB,Si,No,30622,,Regla 2 coherente para validaciones implementadas.
GPA-001__R2-001__R1-002__0318,GPA-001__R2-001__R1-002,02_inputs_xml_flat/GPA-001__R2-001__R1-002__0318.xml,PASS,INFO,R1.D01=SI;R1.D02=NO;R2.D01=SI;R2.D02=SI;R2.D03=SI,MUNICIPIO30623,MUNICIPIO_SIN_CN_TRAB,Si,No,30623,,Regla 2 coherente para validaciones implementadas.
GPA-001__R2-001__R1-002__0319,GPA-001__R2-001__R1-002,02_inputs_xml_flat/GPA-001__R2-001__R1-002__0319.xml,PASS,INFO,R1.D01=SI;R1.D02=NO;R2.D01=SI;R2.D02=SI;R2.D03=SI,MUNICIPIO30621,MUNICIPIO_SIN_CN_TRAB,Si,No,30621,,Regla 2 coherente para validaciones implementadas.
GPA-001__R2-001__R1-002__0320,GPA-001__R2-001__R1-002,02_inputs_xml_flat/GPA-001__R2-001__R1-002__0320.xml,PASS,INFO,R1.D01=SI;R1.D02=NO;R2.D01=SI;R2.D02=SI;R2.D03=SI,MUNICIPIO30622,MUNICIPIO_SIN_CN_TRAB,Si,No,30622,,Regla 2 coherente para validaciones implementadas.
GPA-001__R2-001__R1-002__0321,GPA-001__R2-001__R1-002,02_inputs_xml_flat/GPA-001__R2-001__R1-002__0321.xml,PASS,INFO,R1.D01=SI;R1.D02=NO;R2.D01=SI;R2.D02=SI;R2.D03=SI,MUNICIPIO30623,MUNICIPIO_SIN_CN_TRAB,Si,No,30623,,Regla 2 coherente para validaciones implementadas.
GPA-001__R2-001__R1-002__0322,GPA-001__R2-001__R1-002,02_inputs_xml_flat/GPA-001__R2-001__R1-002__0322.xml,PASS,INFO,R1.D01=SI;R1.D02=NO;R2.D01=SI;R2.D02=SI;R2.D03=SI,MUNICIPIO30621,MUNICIPIO_SIN_CN_TRAB,Si,No,30621,,Regla 2 coherente para validaciones implementadas.
GPA-001__R2-001__R1-002__0323,GPA-001__R2-001__R1-002,02_inputs_xml_flat/GPA-001__R2-001__R1-002__0323.xml,PASS,INFO,R1.D01=SI;R1.D02=NO;R2.D01=SI;R2.D02=SI;R2.D03=SI,MUNICIPIO30622,MUNICIPIO_SIN_CN_TRAB,Si,No,30622,,Regla 2 coherente para validaciones implementadas.
GPA-001__R2-001__R1-002__0324,GPA-001__R2-001__R1-002,02_inputs_xml_flat/GPA-001__R2-001__R1-002__0324.xml,PASS,INFO,R1.D01=SI;R1.D02=NO;R2.D01=SI;R2.D02=SI;R2.D03=SI,MUNICIPIO30623,MUNICIPIO_SIN_CN_TRAB,Si,No,30623,,Regla 2 coherente para validaciones implementadas.
GPA-001__R2-001__R1-002__0325,GPA-001__R2-001__R1-002,02_inputs_xml_flat/GPA-001__R2-001__R1-002__0325.xml,PASS,INFO,R1.D01=SI;R1.D02=NO;R2.D01=SI;R2.D02=SI;R2.D03=SI,MUNICIPIO30621,MUNICIPIO_SIN_CN_TRAB,Si,No,30621,,Regla 2 coherente para validaciones implementadas.
GPA-001__R2-001__R1-002__0326,GPA-001__R2-001__R1-002,02_inputs_xml_flat/GPA-001__R2-001__R1-002__0326.xml,PASS,INFO,R1.D01=SI;R1.D02=NO;R2.D01=SI;R2.D02=SI;R2.D03=SI,MUNICIPIO30622,MUNICIPIO_SIN_CN_TRAB,Si,No,30622,,Regla 2 coherente para validaciones implementadas.
GPA-001__R2-001__R1-002__0327,GPA-001__R2-001__R1-002,02_inputs_xml_flat/GPA-001__R2-001__R1-002__0327.xml,PASS,INFO,R1.D01=SI;R1.D02=NO;R2.D01=SI;R2.D02=SI;R2.D03=SI,MUNICIPIO30623,MUNICIPIO_SIN_CN_TRAB,Si,No,30623,,Regla 2 coherente para validaciones implementadas.
GPA-001__R2-001__R1-002__0328,GPA-001__R2-001__R1-002,02_inputs_xml_flat/GPA-001__R2-001__R1-002__0328.xml,PASS,INFO,R1.D01=SI;R1.D02=NO;R2.D01=SI;R2.D02=SI;R2.D03=SI,MUNICIPIO30621,MUNICIPIO_SIN_CN_TRAB,Si,No,30621,,Regla 2 coherente para validaciones implementadas.
GPA-001__R2-001__R1-002__0329,GPA-001__R2-001__R1-002,02_inputs_xml_flat/GPA-001__R2-001__R1-002__0329.xml,PASS,INFO,R1.D01=SI;R1.D02=NO;R2.D01=SI;R2.D02=SI;R2.D03=SI,MUNICIPIO30622,MUNICIPIO_SIN_CN_TRAB,Si,No,30622,,Regla 2 coherente para validaciones implementadas.
GPA-001__R2-001__R1-002__0330,GPA-001__R2-001__R1-002,02_inputs_xml_flat/GPA-001__R2-001__R1-002__0330.xml,PASS,INFO,R1.D01=SI;R1.D02=NO;R2.D01=SI;R2.D02=SI;R2.D03=SI,MUNICIPIO30623,MUNICIPIO_SIN_CN_TRAB,Si,No,30623,,Regla 2 coherente para validaciones implementadas.
GPA-001__R2-001__R1-002__0331,GPA-001__R2-001__R1-002,02_inputs_xml_flat/GPA-001__R2-001__R1-002__0331.xml,PASS,INFO,R1.D01=SI;R1.D02=NO;R2.D01=SI;R2.D02=SI;R2.D03=SI,MUNICIPIO30621,MUNICIPIO_SIN_CN_TRAB,Si,No,30621,,Regla 2 coherente para validaciones implementadas.
GPA-001__R2-001__R1-002__0332,GPA-001__R2-001__R1-002,02_inputs_xml_flat/GPA-001__R2-001__R1-002__0332.xml,PASS,INFO,R1.D01=SI;R1.D02=NO;R2.D01=SI;R2.D02=SI;R2.D03=SI,MUNICIPIO30622,MUNICIPIO_SIN_CN_TRAB,Si,No,30622,,Regla 2 coherente para validaciones implementadas.
GPA-001__R2-001__R1-002__0333,GPA-001__R2-001__R1-002,02_inputs_xml_flat/GPA-001__R2-001__R1-002__0333.xml,PASS,INFO,R1.D01=SI;R1.D02=NO;R2.D01=SI;R2.D02=SI;R2.D03=SI,MUNICIPIO30623,MUNICIPIO_SIN_CN_TRAB,Si,No,30623,,Regla 2 coherente para validaciones implementadas.
GPA-001__R2-001__R1-002__0334,GPA-001__R2-001__R1-002,02_inputs_xml_flat/GPA-001__R2-001__R1-002__0334.xml,PASS,INFO,R1.D01=SI;R1.D02=NO;R2.D01=SI;R2.D02=SI;R2.D03=SI,MUNICIPIO30621,MUNICIPIO_SIN_CN_TRAB,Si,No,30621,,Regla 2 coherente para validaciones implementadas.
GPA-001__R2-001__R1-002__0335,GPA-001__R2-001__R1-002,02_inputs_xml_flat/GPA-001__R2-001__R1-002__0335.xml,PASS,INFO,R1.D01=SI;R1.D02=NO;R2.D01=SI;R2.D02=SI;R2.D03=SI,MUNICIPIO30622,MUNICIPIO_SIN_CN_TRAB,Si,No,30622,,Regla 2 coherente para validaciones implementadas.
GPA-001__R2-001__R1-002__0336,GPA-001__R2-001__R1-002,02_inputs_xml_flat/GPA-001__R2-001__R1-002__0336.xml,PASS,INFO,R1.D01=SI;R1.D02=NO;R2.D01=SI;R2.D02=SI;R2.D03=SI,MUNICIPIO30623,MUNICIPIO_SIN_CN_TRAB,Si,No,30623,,Regla 2 coherente para validaciones implementadas.
GPA-001__R2-001__R1-002__0337,GPA-001__R2-001__R1-002,02_inputs_xml_flat/GPA-001__R2-001__R1-002__0337.xml,PASS,INFO,R1.D01=SI;R1.D02=NO;R2.D01=SI;R2.D02=SI;R2.D03=SI,MUNICIPIO30621,MUNICIPIO_SIN_CN_TRAB,Si,No,30621,,Regla 2 coherente para validaciones implementadas.
GPA-001__R2-001__R1-002__0338,GPA-001__R2-001__R1-002,02_inputs_xml_flat/GPA-001__R2-001__R1-002__0338.xml,PASS,INFO,R1.D01=SI;R1.D02=NO;R2.D01=SI;R2.D02=SI;R2.D03=SI,MUNICIPIO30622,MUNICIPIO_SIN_CN_TRAB,Si,No,30622,,Regla 2 coherente para validaciones implementadas.
GPA-001__R2-001__R1-002__0339,GPA-001__R2-001__R1-002,02_inputs_xml_flat/GPA-001__R2-001__R1-002__0339.xml,PASS,INFO,R1.D01=SI;R1.D02=NO;R2.D01=SI;R2.D02=SI;R2.D03=SI,MUNICIPIO30623,MUNICIPIO_SIN_CN_TRAB,Si,No,30623,,Regla 2 coherente para validaciones implementadas.
GPA-001__R2-001__R1-002__0340,GPA-001__R2-001__R1-002,02_inputs_xml_flat/GPA-001__R2-001__R1-002__0340.xml,PASS,INFO,R1.D01=SI;R1.D02=NO;R2.D01=SI;R2.D02=SI;R2.D03=SI,MUNICIPIO30621,MUNICIPIO_SIN_CN_TRAB,Si,No,30621,,Regla 2 coherente para validaciones implementadas.
GPA-001__R2-001__R1-002__0341,GPA-001__R2-001__R1-002,02_inputs_xml_flat/GPA-001__R2-001__R1-002__0341.xml,PASS,INFO,R1.D01=SI;R1.D02=NO;R2.D01=SI;R2.D02=SI;R2.D03=SI,MUNICIPIO30622,MUNICIPIO_SIN_CN_TRAB,Si,No,30622,,Regla 2 coherente para validaciones implementadas.
GPA-001__R2-001__R1-002__0342,GPA-001__R2-001__R1-002,02_inputs_xml_flat/GPA-001__R2-001__R1-002__0342.xml,PASS,INFO,R1.D01=SI;R1.D02=NO;R2.D01=SI;R2.D02=SI;R2.D03=SI,MUNICIPIO30623,MUNICIPIO_SIN_CN_TRAB,Si,No,30623,,Regla 2 coherente para validaciones implementadas.
GPA-001__R2-001__R1-002__0343,GPA-001__R2-001__R1-002,02_inputs_xml_flat/GPA-001__R2-001__R1-002__0343.xml,PASS,INFO,R1.D01=SI;R1.D02=NO;R2.D01=SI;R2.D02=SI;R2.D03=SI,MUNICIPIO30621,MUNICIPIO_SIN_CN_TRAB,Si,No,30621,,Regla 2 coherente para validaciones implementadas.
GPA-001__R2-001__R1-002__0344,GPA-001__R2-001__R1-002,02_inputs_xml_flat/GPA-001__R2-001__R1-002__0344.xml,PASS,INFO,R1.D01=SI;R1.D02=NO;R2.D01=SI;R2.D02=SI;R2.D03=SI,MUNICIPIO30622,MUNICIPIO_SIN_CN_TRAB,Si,No,30622,,Regla 2 coherente para validaciones implementadas.
GPA-001__R2-001__R1-002__0345,GPA-001__R2-001__R1-002,02_inputs_xml_flat/GPA-001__R2-001__R1-002__0345.xml,PASS,INFO,R1.D01=SI;R1.D02=NO;R2.D01=SI;R2.D02=SI;R2.D03=SI,MUNICIPIO30623,MUNICIPIO_SIN_CN_TRAB,Si,No,30623,,Regla 2 coherente para validaciones implementadas.
GPA-001__R2-001__R1-002__0346,GPA-001__R2-001__R1-002,02_inputs_xml_flat/GPA-001__R2-001__R1-002__0346.xml,PASS,INFO,R1.D01=SI;R1.D02=NO;R2.D01=SI;R2.D02=SI;R2.D03=SI,MUNICIPIO30621,MUNICIPIO_SIN_CN_TRAB,Si,No,30621,,Regla 2 coherente para validaciones implementadas.
GPA-001__R2-001__R1-002__0347,GPA-001__R2-001__R1-002,02_inputs_xml_flat/GPA-001__R2-001__R1-002__0347.xml,PASS,INFO,R1.D01=SI;R1.D02=NO;R2.D01=SI;R2.D02=SI;R2.D03=SI,MUNICIPIO30622,MUNICIPIO_SIN_CN_TRAB,Si,No,30622,,Regla 2 coherente para validaciones implementadas.
GPA-001__R2-001__R1-002__0348,GPA-001__R2-001__R1-002,02_inputs_xml_flat/GPA-001__R2-001__R1-002__0348.xml,PASS,INFO,R1.D01=SI;R1.D02=NO;R2.D01=SI;R2.D02=SI;R2.D03=SI,MUNICIPIO30623,MUNICIPIO_SIN_CN_TRAB,Si,No,30623,,Regla 2 coherente para validaciones implementadas.
GPA-001__R2-001__R1-002__0349,GPA-001__R2-001__R1-002,02_inputs_xml_flat/GPA-001__R2-001__R1-002__0349.xml,PASS,INFO,R1.D01=SI;R1.D02=NO;R2.D01=SI;R2.D02=SI;R2.D03=SI,MUNICIPIO30621,MUNICIPIO_SIN_CN_TRAB,Si,No,30621,,Regla 2 coherente para validaciones implementadas.
GPA-001__R2-001__R1-002__0350,GPA-001__R2-001__R1-002,02_inputs_xml_flat/GPA-001__R2-001__R1-002__0350.xml,PASS,INFO,R1.D01=SI;R1.D02=NO;R2.D01=SI;R2.D02=SI;R2.D03=SI,MUNICIPIO30622,MUNICIPIO_SIN_CN_TRAB,Si,No,30622,,Regla 2 coherente para validaciones implementadas.
GPA-001__R2-001__R1-002__0351,GPA-001__R2-001__R1-002,02_inputs_xml_flat/GPA-001__R2-001__R1-002__0351.xml,PASS,INFO,R1.D01=SI;R1.D02=NO;R2.D01=SI;R2.D02=SI;R2.D03=SI,MUNICIPIO30623,MUNICIPIO_SIN_CN_TRAB,Si,No,30623,,Regla 2 coherente para validaciones implementadas.
GPA-001__R2-001__R1-002__0352,GPA-001__R2-001__R1-002,02_inputs_xml_flat/GPA-001__R2-001__R1-002__0352.xml,PASS,INFO,R1.D01=SI;R1.D02=NO;R2.D01=SI;R2.D02=SI;R2.D03=SI,MUNICIPIO30621,MUNICIPIO_SIN_CN_TRAB,Si,No,30621,,Regla 2 coherente para validaciones implementadas.
GPA-001__R2-001__R1-002__0353,GPA-001__R2-001__R1-002,02_inputs_xml_flat/GPA-001__R2-001__R1-002__0353.xml,PASS,INFO,R1.D01=SI;R1.D02=NO;R2.D01=SI;R2.D02=SI;R2.D03=SI,MUNICIPIO30622,MUNICIPIO_SIN_CN_TRAB,Si,No,30622,,Regla 2 coherente para validaciones implementadas.
GPA-001__R2-001__R1-002__0354,GPA-001__R2-001__R1-002,02_inputs_xml_flat/GPA-001__R2-001__R1-002__0354.xml,PASS,INFO,R1.D01=SI;R1.D02=NO;R2.D01=SI;R2.D02=SI;R2.D03=SI,MUNICIPIO30623,MUNICIPIO_SIN_CN_TRAB,Si,No,30623,,Regla 2 coherente para validaciones implementadas.
GPA-001__R2-001__R1-002__0355,GPA-001__R2-001__R1-002,02_inputs_xml_flat/GPA-001__R2-001__R1-002__0355.xml,PASS,INFO,R1.D01=SI;R1.D02=NO;R2.D01=SI;R2.D02=SI;R2.D03=SI,MUNICIPIO30621,MUNICIPIO_SIN_CN_TRAB,Si,No,30621,,Regla 2 coherente para validaciones implementadas.
GPA-001__R2-001__R1-002__0356,GPA-001__R2-001__R1-002,02_inputs_xml_flat/GPA-001__R2-001__R1-002__0356.xml,PASS,INFO,R1.D01=SI;R1.D02=NO;R2.D01=SI;R2.D02=SI;R2.D03=SI,MUNICIPIO30622,MUNICIPIO_SIN_CN_TRAB,Si,No,30622,,Regla 2 coherente para validaciones implementadas.
GPA-001__R2-001__R1-002__0357,GPA-001__R2-001__R1-002,02_inputs_xml_flat/GPA-001__R2-001__R1-002__0357.xml,PASS,INFO,R1.D01=SI;R1.D02=NO;R2.D01=SI;R2.D02=SI;R2.D03=SI,MUNICIPIO30623,MUNICIPIO_SIN_CN_TRAB,Si,No,30623,,Regla 2 coherente para validaciones implementadas.
GPA-001__R2-001__R1-002__0358,GPA-001__R2-001__R1-002,02_inputs_xml_flat/GPA-001__R2-001__R1-002__0358.xml,PASS,INFO,R1.D01=SI;R1.D02=NO;R2.D01=SI;R2.D02=SI;R2.D03=SI,MUNICIPIO30621,MUNICIPIO_SIN_CN_TRAB,Si,No,30621,,Regla 2 coherente para validaciones implementadas.
GPA-001__R2-001__R1-002__0359,GPA-001__R2-001__R1-002,02_inputs_xml_flat/GPA-001__R2-001__R1-002__0359.xml,PASS,INFO,R1.D01=SI;R1.D02=NO;R2.D01=SI;R2.D02=SI;R2.D03=SI,MUNICIPIO30622,MUNICIPIO_SIN_CN_TRAB,Si,No,30622,,Regla 2 coherente para validaciones implementadas.
GPA-001__R2-001__R1-002__0360,GPA-001__R2-001__R1-002,02_inputs_xml_flat/GPA-001__R2-001__R1-002__0360.xml,PASS,INFO,R1.D01=SI;R1.D02=NO;R2.D01=SI;R2.D02=SI;R2.D03=SI,MUNICIPIO30623,MUNICIPIO_SIN_CN_TRAB,Si,No,30623,,Regla 2 coherente para validaciones implementadas.
GPA-001__R2-001__R1-002__0361,GPA-001__R2-001__R1-002,02_inputs_xml_flat/GPA-001__R2-001__R1-002__0361.xml,PASS,INFO,R1.D01=SI;R1.D02=NO;R2.D01=SI;R2.D02=SI;R2.D03=SI,MUNICIPIO30621,MUNICIPIO_SIN_CN_TRAB,Si,No,30621,,Regla 2 coherente para validaciones implementadas.
GPA-001__R2-001__R1-002__0362,GPA-001__R2-001__R1-002,02_inputs_xml_flat/GPA-001__R2-001__R1-002__0362.xml,PASS,INFO,R1.D01=SI;R1.D02=NO;R2.D01=SI;R2.D02=SI;R2.D03=SI,MUNICIPIO30622,MUNICIPIO_SIN_CN_TRAB,Si,No,30622,,Regla 2 coherente para validaciones implementadas.
GPA-001__R2-001__R1-002__0363,GPA-001__R2-001__R1-002,02_inputs_xml_flat/GPA-001__R2-001__R1-002__0363.xml,PASS,INFO,R1.D01=SI;R1.D02=NO;R2.D01=SI;R2.D02=SI;R2.D03=SI,MUNICIPIO30623,MUNICIPIO_SIN_CN_TRAB,Si,No,30623,,Regla 2 coherente para validaciones implementadas.
GPA-001__R2-001__R1-002__0364,GPA-001__R2-001__R1-002,02_inputs_xml_flat/GPA-001__R2-001__R1-002__0364.xml,PASS,INFO,R1.D01=SI;R1.D02=NO;R2.D01=SI;R2.D02=SI;R2.D03=SI,MUNICIPIO30621,MUNICIPIO_SIN_CN_TRAB,Si,No,30621,,Regla 2 coherente para validaciones implementadas.
GPA-001__R2-001__R1-002__0365,GPA-001__R2-001__R1-002,02_inputs_xml_flat/GPA-001__R2-001__R1-002__0365.xml,PASS,INFO,R1.D01=SI;R1.D02=NO;R2.D01=SI;R2.D02=SI;R2.D03=SI,MUNICIPIO30622,MUNICIPIO_SIN_CN_TRAB,Si,No,30622,,Regla 2 coherente para validaciones implementadas.
GPA-001__R2-001__R1-002__0366,GPA-001__R2-001__R1-002,02_inputs_xml_flat/GPA-001__R2-001__R1-002__0366.xml,PASS,INFO,R1.D01=SI;R1.D02=NO;R2.D01=SI;R2.D02=SI;R2.D03=SI,MUNICIPIO30623,MUNICIPIO_SIN_CN_TRAB,Si,No,30623,,Regla 2 coherente para validaciones implementadas.
GPA-001__R2-001__R1-002__0367,GPA-001__R2-001__R1-002,02_inputs_xml_flat/GPA-001__R2-001__R1-002__0367.xml,PASS,INFO,R1.D01=SI;R1.D02=NO;R2.D01=SI;R2.D02=SI;R2.D03=SI,MUNICIPIO30621,MUNICIPIO_SIN_CN_TRAB,Si,No,30621,,Regla 2 coherente para validaciones implementadas.
GPA-001__R2-001__R1-002__0368,GPA-001__R2-001__R1-002,02_inputs_xml_flat/GPA-001__R2-001__R1-002__0368.xml,PASS,INFO,R1.D01=SI;R1.D02=NO;R2.D01=SI;R2.D02=SI;R2.D03=SI,MUNICIPIO30622,MUNICIPIO_SIN_CN_TRAB,Si,No,30622,,Regla 2 coherente para validaciones implementadas.
GPA-001__R2-001__R1-002__0369,GPA-001__R2-001__R1-002,02_inputs_xml_flat/GPA-001__R2-001__R1-002__0369.xml,PASS,INFO,R1.D01=SI;R1.D02=NO;R2.D01=SI;R2.D02=SI;R2.D03=SI,MUNICIPIO30623,MUNICIPIO_SIN_CN_TRAB,Si,No,30623,,Regla 2 coherente para validaciones implementadas.
GPA-001__R2-001__R1-002__0370,GPA-001__R2-001__R1-002,02_inputs_xml_flat/GPA-001__R2-001__R1-002__0370.xml,PASS,INFO,R1.D01=SI;R1.D02=NO;R2.D01=SI;R2.D02=SI;R2.D03=SI,MUNICIPIO30621,MUNICIPIO_SIN_CN_TRAB,Si,No,30621,,Regla 2 coherente para validaciones implementadas.
GPA-001__R2-001__R1-002__0371,GPA-001__R2-001__R1-002,02_inputs_xml_flat/GPA-001__R2-001__R1-002__0371.xml,PASS,INFO,R1.D01=SI;R1.D02=NO;R2.D01=SI;R2.D02=SI;R2.D03=SI,MUNICIPIO30622,MUNICIPIO_SIN_CN_TRAB,Si,No,30622,,Regla 2 coherente para validaciones implementadas.
GPA-001__R2-001__R1-002__0372,GPA-001__R2-001__R1-002,02_inputs_xml_flat/GPA-001__R2-001__R1-002__0372.xml,PASS,INFO,R1.D01=SI;R1.D02=NO;R2.D01=SI;R2.D02=SI;R2.D03=SI,MUNICIPIO30623,MUNICIPIO_SIN_CN_TRAB,Si,No,30623,,Regla 2 coherente para validaciones implementadas.
GPA-001__R2-001__R1-002__0373,GPA-001__R2-001__R1-002,02_inputs_xml_flat/GPA-001__R2-001__R1-002__0373.xml,PASS,INFO,R1.D01=SI;R1.D02=NO;R2.D01=SI;R2.D02=SI;R2.D03=SI,MUNICIPIO30621,MUNICIPIO_SIN_CN_TRAB,Si,No,30621,,Regla 2 coherente para validaciones implementadas.
GPA-001__R2-001__R1-002__0374,GPA-001__R2-001__R1-002,02_inputs_xml_flat/GPA-001__R2-001__R1-002__0374.xml,PASS,INFO,R1.D01=SI;R1.D02=NO;R2.D01=SI;R2.D02=SI;R2.D03=SI,MUNICIPIO30622,MUNICIPIO_SIN_CN_TRAB,Si,No,30622,,Regla 2 coherente para validaciones implementadas.
GPA-001__R2-001__R1-002__0375,GPA-001__R2-001__R1-002,02_inputs_xml_flat/GPA-001__R2-001__R1-002__0375.xml,PASS,INFO,R1.D01=SI;R1.D02=NO;R2.D01=SI;R2.D02=SI;R2.D03=SI,MUNICIPIO30623,MUNICIPIO_SIN_CN_TRAB,Si,No,30623,,Regla 2 coherente para validaciones implementadas.
GPA-001__R2-001__R1-002__0376,GPA-001__R2-001__R1-002,02_inputs_xml_flat/GPA-001__R2-001__R1-002__0376.xml,PASS,INFO,R1.D01=SI;R1.D02=NO;R2.D01=SI;R2.D02=SI;R2.D03=SI,MUNICIPIO30621,MUNICIPIO_SIN_CN_TRAB,Si,No,30621,,Regla 2 coherente para validaciones implementadas.
GPA-001__R2-001__R1-002__0377,GPA-001__R2-001__R1-002,02_inputs_xml_flat/GPA-001__R2-001__R1-002__0377.xml,PASS,INFO,R1.D01=SI;R1.D02=NO;R2.D01=SI;R2.D02=SI;R2.D03=SI,MUNICIPIO30622,MUNICIPIO_SIN_CN_TRAB,Si,No,30622,,Regla 2 coherente para validaciones implementadas.
GPA-001__R2-001__R1-002__0378,GPA-001__R2-001__R1-002,02_inputs_xml_flat/GPA-001__R2-001__R1-002__0378.xml,PASS,INFO,R1.D01=SI;R1.D02=NO;R2.D01=SI;R2.D02=SI;R2.D03=SI,MUNICIPIO30623,MUNICIPIO_SIN_CN_TRAB,Si,No,30623,,Regla 2 coherente para validaciones implementadas.
GPA-001__R2-001__R1-002__0379,GPA-001__R2-001__R1-002,02_inputs_xml_flat/GPA-001__R2-001__R1-002__0379.xml,PASS,INFO,R1.D01=SI;R1.D02=NO;R2.D01=SI;R2.D02=SI;R2.D03=SI,MUNICIPIO30621,MUNICIPIO_SIN_CN_TRAB,Si,No,30621,,Regla 2 coherente para validaciones implementadas.
GPA-001__R2-001__R1-002__0380,GPA-001__R2-001__R1-002,02_inputs_xml_flat/GPA-001__R2-001__R1-002__0380.xml,PASS,INFO,R1.D01=SI;R1.D02=NO;R2.D01=SI;R2.D02=SI;R2.D03=SI,MUNICIPIO30622,MUNICIPIO_SIN_CN_TRAB,Si,No,30622,,Regla 2 coherente para validaciones implementadas.
GPA-001__R2-001__R1-002__0381,GPA-001__R2-001__R1-002,02_inputs_xml_flat/GPA-001__R2-001__R1-002__0381.xml,PASS,INFO,R1.D01=SI;R1.D02=NO;R2.D01=SI;R2.D02=SI;R2.D03=SI,MUNICIPIO30623,MUNICIPIO_SIN_CN_TRAB,Si,No,30623,,Regla 2 coherente para validaciones implementadas.
GPA-001__R2-001__R1-002__0382,GPA-001__R2-001__R1-002,02_inputs_xml_flat/GPA-001__R2-001__R1-002__0382.xml,PASS,INFO,R1.D01=SI;R1.D02=NO;R2.D01=SI;R2.D02=SI;R2.D03=SI,MUNICIPIO30621,MUNICIPIO_SIN_CN_TRAB,Si,No,30621,,Regla 2 coherente para validaciones implementadas.
GPA-001__R2-001__R1-002__0383,GPA-001__R2-001__R1-002,02_inputs_xml_flat/GPA-001__R2-001__R1-002__0383.xml,PASS,INFO,R1.D01=SI;R1.D02=NO;R2.D01=SI;R2.D02=SI;R2.D03=SI,MUNICIPIO30622,MUNICIPIO_SIN_CN_TRAB,Si,No,30622,,Regla 2 coherente para validaciones implementadas.
GPA-001__R2-001__R1-002__0384,GPA-001__R2-001__R1-002,02_inputs_xml_flat/GPA-001__R2-001__R1-002__0384.xml,PASS,INFO,R1.D01=SI;R1.D02=NO;R2.D01=SI;R2.D02=SI;R2.D03=SI,MUNICIPIO30623,MUNICIPIO_SIN_CN_TRAB,Si,No,30623,,Regla 2 coherente para validaciones implementadas.
GPA-001__R2-001__R1-002__0385,GPA-001__R2-001__R1-002,02_inputs_xml_flat/GPA-001__R2-001__R1-002__0385.xml,PASS,INFO,R1.D01=SI;R1.D02=NO;R2.D01=SI;R2.D02=SI;R2.D03=SI,MUNICIPIO30621,MUNICIPIO_SIN_CN_TRAB,Si,No,30621,,Regla 2 coherente para validaciones implementadas.
GPA-001__R2-001__R1-002__0386,GPA-001__R2-001__R1-002,02_inputs_xml_flat/GPA-001__R2-001__R1-002__0386.xml,PASS,INFO,R1.D01=SI;R1.D02=NO;R2.D01=SI;R2.D02=SI;R2.D03=SI,MUNICIPIO30622,MUNICIPIO_SIN_CN_TRAB,Si,No,30622,,Regla 2 coherente para validaciones implementadas.
GPA-001__R2-001__R1-002__0387,GPA-001__R2-001__R1-002,02_inputs_xml_flat/GPA-001__R2-001__R1-002__0387.xml,PASS,INFO,R1.D01=SI;R1.D02=NO;R2.D01=SI;R2.D02=SI;R2.D03=SI,MUNICIPIO30623,MUNICIPIO_SIN_CN_TRAB,Si,No,30623,,Regla 2 coherente para validaciones implementadas.
GPA-001__R2-001__R1-002__0388,GPA-001__R2-001__R1-002,02_inputs_xml_flat/GPA-001__R2-001__R1-002__0388.xml,PASS,INFO,R1.D01=SI;R1.D02=NO;R2.D01=SI;R2.D02=SI;R2.D03=SI,MUNICIPIO30621,MUNICIPIO_SIN_CN_TRAB,Si,No,30621,,Regla 2 coherente para validaciones implementadas.
GPA-001__R2-001__R1-002__0389,GPA-001__R2-001__R1-002,02_inputs_xml_flat/GPA-001__R2-001__R1-002__0389.xml,PASS,INFO,R1.D01=SI;R1.D02=NO;R2.D01=SI;R2.D02=SI;R2.D03=SI,MUNICIPIO30622,MUNICIPIO_SIN_CN_TRAB,Si,No,30622,,Regla 2 coherente para validaciones implementadas.
GPA-001__R2-001__R1-002__0390,GPA-001__R2-001__R1-002,02_inputs_xml_flat/GPA-001__R2-001__R1-002__0390.xml,PASS,INFO,R1.D01=SI;R1.D02=NO;R2.D01=SI;R2.D02=SI;R2.D03=SI,MUNICIPIO30623,MUNICIPIO_SIN_CN_TRAB,Si,No,30623,,Regla 2 coherente para validaciones implementadas.
GPA-001__R2-001__R1-002__0391,GPA-001__R2-001__R1-002,02_inputs_xml_flat/GPA-001__R2-001__R1-002__0391.xml,PASS,INFO,R1.D01=SI;R1.D02=NO;R2.D01=SI;R2.D02=SI;R2.D03=SI,MUNICIPIO30621,MUNICIPIO_SIN_CN_TRAB,Si,No,30621,,Regla 2 coherente para validaciones implementadas.
GPA-001__R2-001__R1-002__0392,GPA-001__R2-001__R1-002,02_inputs_xml_flat/GPA-001__R2-001__R1-002__0392.xml,PASS,INFO,R1.D01=SI;R1.D02=NO;R2.D01=SI;R2.D02=SI;R2.D03=SI,MUNICIPIO30622,MUNICIPIO_SIN_CN_TRAB,Si,No,30622,,Regla 2 coherente para validaciones implementadas.
GPA-001__R2-001__R1-002__0393,GPA-001__R2-001__R1-002,02_inputs_xml_flat/GPA-001__R2-001__R1-002__0393.xml,PASS,INFO,R1.D01=SI;R1.D02=NO;R2.D01=SI;R2.D02=SI;R2.D03=SI,MUNICIPIO30623,MUNICIPIO_SIN_CN_TRAB,Si,No,30623,,Regla 2 coherente para validaciones implementadas.
GPA-001__R2-001__R1-002__0394,GPA-001__R2-001__R1-002,02_inputs_xml_flat/GPA-001__R2-001__R1-002__0394.xml,PASS,INFO,R1.D01=SI;R1.D02=NO;R2.D01=SI;R2.D02=SI;R2.D03=SI,MUNICIPIO30621,MUNICIPIO_SIN_CN_TRAB,Si,No,30621,,Regla 2 coherente para validaciones implementadas.
GPA-001__R2-001__R1-002__0395,GPA-001__R2-001__R1-002,02_inputs_xml_flat/GPA-001__R2-001__R1-002__0395.xml,PASS,INFO,R1.D01=SI;R1.D02=NO;R2.D01=SI;R2.D02=SI;R2.D03=SI,MUNICIPIO30622,MUNICIPIO_SIN_CN_TRAB,Si,No,30622,,Regla 2 coherente para validaciones implementadas.
GPA-001__R2-001__R1-002__0396,GPA-001__R2-001__R1-002,02_inputs_xml_flat/GPA-001__R2-001__R1-002__0396.xml,PASS,INFO,R1.D01=SI;R1.D02=NO;R2.D01=SI;R2.D02=SI;R2.D03=SI,MUNICIPIO30623,MUNICIPIO_SIN_CN_TRAB,Si,No,30623,,Regla 2 coherente para validaciones implementadas.
GPA-001__R2-001__R1-002__0397,GPA-001__R2-001__R1-002,02_inputs_xml_flat/GPA-001__R2-001__R1-002__0397.xml,PASS,INFO,R1.D01=SI;R1.D02=NO;R2.D01=SI;R2.D02=SI;R2.D03=SI,MUNICIPIO30621,MUNICIPIO_SIN_CN_TRAB,Si,No,30621,,Regla 2 coherente para validaciones implementadas.
GPA-001__R2-001__R1-002__0398,GPA-001__R2-001__R1-002,02_inputs_xml_flat/GPA-001__R2-001__R1-002__0398.xml,PASS,INFO,R1.D01=SI;R1.D02=NO;R2.D01=SI;R2.D02=SI;R2.D03=SI,MUNICIPIO30622,MUNICIPIO_SIN_CN_TRAB,Si,No,30622,,Regla 2 coherente para validaciones implementadas.
GPA-001__R2-001__R1-002__0399,GPA-001__R2-001__R1-002,02_inputs_xml_flat/GPA-001__R2-001__R1-002__0399.xml,PASS,INFO,R1.D01=SI;R1.D02=NO;R2.D01=SI;R2.D02=SI;R2.D03=SI,MUNICIPIO30623,MUNICIPIO_SIN_CN_TRAB,Si,No,30623,,Regla 2 coherente para validaciones implementadas.
GPA-001__R2-001__R1-002__0400,GPA-001__R2-001__R1-002,02_inputs_xml_flat/GPA-001__R2-001__R1-002__0400.xml,PASS,INFO,R1.D01=SI;R1.D02=NO;R2.D01=SI;R2.D02=SI;R2.D03=SI,MUNICIPIO30621,MUNICIPIO_SIN_CN_TRAB,Si,No,30621,,Regla 2 coherente para validaciones implementadas.
GPA-001__R2-001__R1-002__0401,GPA-001__R2-001__R1-002,02_inputs_xml_flat/GPA-001__R2-001__R1-002__0401.xml,PASS,INFO,R1.D01=SI;R1.D02=NO;R2.D01=SI;R2.D02=SI;R2.D03=SI,MUNICIPIO30622,MUNICIPIO_SIN_CN_TRAB,Si,No,30622,,Regla 2 coherente para validaciones implementadas.
GPA-001__R2-001__R1-002__0402,GPA-001__R2-001__R1-002,02_inputs_xml_flat/GPA-001__R2-001__R1-002__0402.xml,PASS,INFO,R1.D01=SI;R1.D02=NO;R2.D01=SI;R2.D02=SI;R2.D03=SI,MUNICIPIO30623,MUNICIPIO_SIN_CN_TRAB,Si,No,30623,,Regla 2 coherente para validaciones implementadas.
GPA-001__R2-001__R1-002__0403,GPA-001__R2-001__R1-002,02_inputs_xml_flat/GPA-001__R2-001__R1-002__0403.xml,PASS,INFO,R1.D01=SI;R1.D02=NO;R2.D01=SI;R2.D02=SI;R2.D03=SI,MUNICIPIO30621,MUNICIPIO_SIN_CN_TRAB,Si,No,30621,,Regla 2 coherente para validaciones implementadas.
GPA-001__R2-001__R1-002__0404,GPA-001__R2-001__R1-002,02_inputs_xml_flat/GPA-001__R2-001__R1-002__0404.xml,PASS,INFO,R1.D01=SI;R1.D02=NO;R2.D01=SI;R2.D02=SI;R2.D03=SI,MUNICIPIO30622,MUNICIPIO_SIN_CN_TRAB,Si,No,30622,,Regla 2 coherente para validaciones implementadas.
GPA-001__R2-001__R1-002__0405,GPA-001__R2-001__R1-002,02_inputs_xml_flat/GPA-001__R2-001__R1-002__0405.xml,PASS,INFO,R1.D01=SI;R1.D02=NO;R2.D01=SI;R2.D02=SI;R2.D03=SI,MUNICIPIO30623,MUNICIPIO_SIN_CN_TRAB,Si,No,30623,,Regla 2 coherente para validaciones implementadas.
GPA-001__R2-001__R1-002__0406,GPA-001__R2-001__R1-002,02_inputs_xml_flat/GPA-001__R2-001__R1-002__0406.xml,PASS,INFO,R1.D01=SI;R1.D02=NO;R2.D01=SI;R2.D02=SI;R2.D03=SI,MUNICIPIO30621,MUNICIPIO_SIN_CN_TRAB,Si,No,30621,,Regla 2 coherente para validaciones implementadas.
GPA-001__R2-001__R1-002__0407,GPA-001__R2-001__R1-002,02_inputs_xml_flat/GPA-001__R2-001__R1-002__0407.xml,PASS,INFO,R1.D01=SI;R1.D02=NO;R2.D01=SI;R2.D02=SI;R2.D03=SI,MUNICIPIO30622,MUNICIPIO_SIN_CN_TRAB,Si,No,30622,,Regla 2 coherente para validaciones implementadas.
GPA-001__R2-001__R1-002__0408,GPA-001__R2-001__R1-002,02_inputs_xml_flat/GPA-001__R2-001__R1-002__0408.xml,PASS,INFO,R1.D01=SI;R1.D02=NO;R2.D01=SI;R2.D02=SI;R2.D03=SI,MUNICIPIO30623,MUNICIPIO_SIN_CN_TRAB,Si,No,30623,,Regla 2 coherente para validaciones implementadas.
GPA-001__R2-001__R1-002__0409,GPA-001__R2-001__R1-002,02_inputs_xml_flat/GPA-001__R2-001__R1-002__0409.xml,PASS,INFO,R1.D01=SI;R1.D02=NO;R2.D01=SI;R2.D02=SI;R2.D03=SI,MUNICIPIO30621,MUNICIPIO_SIN_CN_TRAB,Si,No,30621,,Regla 2 coherente para validaciones implementadas.
GPA-001__R2-001__R1-002__0410,GPA-001__R2-001__R1-002,02_inputs_xml_flat/GPA-001__R2-001__R1-002__0410.xml,PASS,INFO,R1.D01=SI;R1.D02=NO;R2.D01=SI;R2.D02=SI;R2.D03=SI,MUNICIPIO30622,MUNICIPIO_SIN_CN_TRAB,Si,No,30622,,Regla 2 coherente para validaciones implementadas.
GPA-001__R2-001__R1-002__0411,GPA-001__R2-001__R1-002,02_inputs_xml_flat/GPA-001__R2-001__R1-002__0411.xml,PASS,INFO,R1.D01=SI;R1.D02=NO;R2.D01=SI;R2.D02=SI;R2.D03=SI,MUNICIPIO30623,MUNICIPIO_SIN_CN_TRAB,Si,No,30623,,Regla 2 coherente para validaciones implementadas.
GPA-001__R2-001__R1-002__0412,GPA-001__R2-001__R1-002,02_inputs_xml_flat/GPA-001__R2-001__R1-002__0412.xml,PASS,INFO,R1.D01=SI;R1.D02=NO;R2.D01=SI;R2.D02=SI;R2.D03=SI,MUNICIPIO30621,MUNICIPIO_SIN_CN_TRAB,Si,No,30621,,Regla 2 coherente para validaciones implementadas.
GPA-001__R2-001__R1-002__0413,GPA-001__R2-001__R1-002,02_inputs_xml_flat/GPA-001__R2-001__R1-002__0413.xml,PASS,INFO,R1.D01=SI;R1.D02=NO;R2.D01=SI;R2.D02=SI;R2.D03=SI,MUNICIPIO30622,MUNICIPIO_SIN_CN_TRAB,Si,No,30622,,Regla 2 coherente para validaciones implementadas.
GPA-001__R2-001__R1-002__0414,GPA-001__R2-001__R1-002,02_inputs_xml_flat/GPA-001__R2-001__R1-002__0414.xml,PASS,INFO,R1.D01=SI;R1.D02=NO;R2.D01=SI;R2.D02=SI;R2.D03=SI,MUNICIPIO30623,MUNICIPIO_SIN_CN_TRAB,Si,No,30623,,Regla 2 coherente para validaciones implementadas.
GPA-001__R2-001__R1-002__0415,GPA-001__R2-001__R1-002,02_inputs_xml_flat/GPA-001__R2-001__R1-002__0415.xml,PASS,INFO,R1.D01=SI;R1.D02=NO;R2.D01=SI;R2.D02=SI;R2.D03=SI,MUNICIPIO30621,MUNICIPIO_SIN_CN_TRAB,Si,No,30621,,Regla 2 coherente para validaciones implementadas.
GPA-001__R2-001__R1-002__0416,GPA-001__R2-001__R1-002,02_inputs_xml_flat/GPA-001__R2-001__R1-002__0416.xml,PASS,INFO,R1.D01=SI;R1.D02=NO;R2.D01=SI;R2.D02=SI;R2.D03=SI,MUNICIPIO30622,MUNICIPIO_SIN_CN_TRAB,Si,No,30622,,Regla 2 coherente para validaciones implementadas.
GPA-001__R2-001__R1-002__0417,GPA-001__R2-001__R1-002,02_inputs_xml_flat/GPA-001__R2-001__R1-002__0417.xml,PASS,INFO,R1.D01=SI;R1.D02=NO;R2.D01=SI;R2.D02=SI;R2.D03=SI,MUNICIPIO30623,MUNICIPIO_SIN_CN_TRAB,Si,No,30623,,Regla 2 coherente para validaciones implementadas.
GPA-001__R2-001__R1-002__0418,GPA-001__R2-001__R1-002,02_inputs_xml_flat/GPA-001__R2-001__R1-002__0418.xml,PASS,INFO,R1.D01=SI;R1.D02=NO;R2.D01=SI;R2.D02=SI;R2.D03=SI,MUNICIPIO30621,MUNICIPIO_SIN_CN_TRAB,Si,No,30621,,Regla 2 coherente para validaciones implementadas.
GPA-001__R2-001__R1-002__0419,GPA-001__R2-001__R1-002,02_inputs_xml_flat/GPA-001__R2-001__R1-002__0419.xml,PASS,INFO,R1.D01=SI;R1.D02=NO;R2.D01=SI;R2.D02=SI;R2.D03=SI,MUNICIPIO30622,MUNICIPIO_SIN_CN_TRAB,Si,No,30622,,Regla 2 coherente para validaciones implementadas.
GPA-001__R2-001__R1-002__0420,GPA-001__R2-001__R1-002,02_inputs_xml_flat/GPA-001__R2-001__R1-002__0420.xml,PASS,INFO,R1.D01=SI;R1.D02=NO;R2.D01=SI;R2.D02=SI;R2.D03=SI,MUNICIPIO30623,MUNICIPIO_SIN_CN_TRAB,Si,No,30623,,Regla 2 coherente para validaciones implementadas.
GPA-001__R2-001__R1-002__0421,GPA-001__R2-001__R1-002,02_inputs_xml_flat/GPA-001__R2-001__R1-002__0421.xml,PASS,INFO,R1.D01=SI;R1.D02=NO;R2.D01=SI;R2.D02=SI;R2.D03=SI,MUNICIPIO30621,MUNICIPIO_SIN_CN_TRAB,Si,No,30621,,Regla 2 coherente para validaciones implementadas.
GPA-001__R2-001__R1-002__0422,GPA-001__R2-001__R1-002,02_inputs_xml_flat/GPA-001__R2-001__R1-002__0422.xml,PASS,INFO,R1.D01=SI;R1.D02=NO;R2.D01=SI;R2.D02=SI;R2.D03=SI,MUNICIPIO30622,MUNICIPIO_SIN_CN_TRAB,Si,No,30622,,Regla 2 coherente para validaciones implementadas.
GPA-001__R2-001__R1-002__0423,GPA-001__R2-001__R1-002,02_inputs_xml_flat/GPA-001__R2-001__R1-002__0423.xml,PASS,INFO,R1.D01=SI;R1.D02=NO;R2.D01=SI;R2.D02=SI;R2.D03=SI,MUNICIPIO30623,MUNICIPIO_SIN_CN_TRAB,Si,No,30623,,Regla 2 coherente para validaciones implementadas.
GPA-001__R2-001__R1-002__0424,GPA-001__R2-001__R1-002,02_inputs_xml_flat/GPA-001__R2-001__R1-002__0424.xml,PASS,INFO,R1.D01=SI;R1.D02=NO;R2.D01=SI;R2.D02=SI;R2.D03=SI,MUNICIPIO30621,MUNICIPIO_SIN_CN_TRAB,Si,No,30621,,Regla 2 coherente para validaciones implementadas.
GPA-001__R2-001__R1-002__0425,GPA-001__R2-001__R1-002,02_inputs_xml_flat/GPA-001__R2-001__R1-002__0425.xml,PASS,INFO,R1.D01=SI;R1.D02=NO;R2.D01=SI;R2.D02=SI;R2.D03=SI,MUNICIPIO30622,MUNICIPIO_SIN_CN_TRAB,Si,No,30622,,Regla 2 coherente para validaciones implementadas.
GPA-001__R2-001__R1-002__0426,GPA-001__R2-001__R1-002,02_inputs_xml_flat/GPA-001__R2-001__R1-002__0426.xml,PASS,INFO,R1.D01=SI;R1.D02=NO;R2.D01=SI;R2.D02=SI;R2.D03=SI,MUNICIPIO30623,MUNICIPIO_SIN_CN_TRAB,Si,No,30623,,Regla 2 coherente para validaciones implementadas.
GPA-001__R2-001__R1-002__0427,GPA-001__R2-001__R1-002,02_inputs_xml_flat/GPA-001__R2-001__R1-002__0427.xml,PASS,INFO,R1.D01=SI;R1.D02=NO;R2.D01=SI;R2.D02=SI;R2.D03=SI,MUNICIPIO30621,MUNICIPIO_SIN_CN_TRAB,Si,No,30621,,Regla 2 coherente para validaciones implementadas.
GPA-001__R2-001__R1-002__0428,GPA-001__R2-001__R1-002,02_inputs_xml_flat/GPA-001__R2-001__R1-002__0428.xml,PASS,INFO,R1.D01=SI;R1.D02=NO;R2.D01=SI;R2.D02=SI;R2.D03=SI,MUNICIPIO30622,MUNICIPIO_SIN_CN_TRAB,Si,No,30622,,Regla 2 coherente para validaciones implementadas.
GPA-001__R2-001__R1-002__0429,GPA-001__R2-001__R1-002,02_inputs_xml_flat/GPA-001__R2-001__R1-002__0429.xml,PASS,INFO,R1.D01=SI;R1.D02=NO;R2.D01=SI;R2.D02=SI;R2.D03=SI,MUNICIPIO30623,MUNICIPIO_SIN_CN_TRAB,Si,No,30623,,Regla 2 coherente para validaciones implementadas.
GPA-001__R2-001__R1-002__0430,GPA-001__R2-001__R1-002,02_inputs_xml_flat/GPA-001__R2-001__R1-002__0430.xml,PASS,INFO,R1.D01=SI;R1.D02=NO;R2.D01=SI;R2.D02=SI;R2.D03=SI,MUNICIPIO30621,MUNICIPIO_SIN_CN_TRAB,Si,No,30621,,Regla 2 coherente para validaciones implementadas.
GPA-001__R2-001__R1-002__0431,GPA-001__R2-001__R1-002,02_inputs_xml_flat/GPA-001__R2-001__R1-002__0431.xml,PASS,INFO,R1.D01=SI;R1.D02=NO;R2.D01=SI;R2.D02=SI;R2.D03=SI,MUNICIPIO30622,MUNICIPIO_SIN_CN_TRAB,Si,No,30622,,Regla 2 coherente para validaciones implementadas.
GPA-001__R2-001__R1-002__0432,GPA-001__R2-001__R1-002,02_inputs_xml_flat/GPA-001__R2-001__R1-002__0432.xml,PASS,INFO,R1.D01=SI;R1.D02=NO;R2.D01=SI;R2.D02=SI;R2.D03=SI,MUNICIPIO30623,MUNICIPIO_SIN_CN_TRAB,Si,No,30623,,Regla 2 coherente para validaciones implementadas.
GPA-001__R2-001__R1-002__0433,GPA-001__R2-001__R1-002,02_inputs_xml_flat/GPA-001__R2-001__R1-002__0433.xml,PASS,INFO,R1.D01=SI;R1.D02=NO;R2.D01=SI;R2.D02=SI;R2.D03=SI,MUNICIPIO30621,MUNICIPIO_SIN_CN_TRAB,Si,No,30621,,Regla 2 coherente para validaciones implementadas.
GPA-001__R2-001__R1-002__0434,GPA-001__R2-001__R1-002,02_inputs_xml_flat/GPA-001__R2-001__R1-002__0434.xml,PASS,INFO,R1.D01=SI;R1.D02=NO;R2.D01=SI;R2.D02=SI;R2.D03=SI,MUNICIPIO30622,MUNICIPIO_SIN_CN_TRAB,Si,No,30622,,Regla 2 coherente para validaciones implementadas.
GPA-001__R2-001__R1-002__0435,GPA-001__R2-001__R1-002,02_inputs_xml_flat/GPA-001__R2-001__R1-002__0435.xml,PASS,INFO,R1.D01=SI;R1.D02=NO;R2.D01=SI;R2.D02=SI;R2.D03=SI,MUNICIPIO30623,MUNICIPIO_SIN_CN_TRAB,Si,No,30623,,Regla 2 coherente para validaciones implementadas.
GPA-001__R2-001__R1-002__0436,GPA-001__R2-001__R1-002,02_inputs_xml_flat/GPA-001__R2-001__R1-002__0436.xml,PASS,INFO,R1.D01=SI;R1.D02=NO;R2.D01=SI;R2.D02=SI;R2.D03=SI,MUNICIPIO30621,MUNICIPIO_SIN_CN_TRAB,Si,No,30621,,Regla 2 coherente para validaciones implementadas.
GPA-001__R2-001__R1-002__0437,GPA-001__R2-001__R1-002,02_inputs_xml_flat/GPA-001__R2-001__R1-002__0437.xml,PASS,INFO,R1.D01=SI;R1.D02=NO;R2.D01=SI;R2.D02=SI;R2.D03=SI,MUNICIPIO30622,MUNICIPIO_SIN_CN_TRAB,Si,No,30622,,Regla 2 coherente para validaciones implementadas.
GPA-001__R2-001__R1-002__0438,GPA-001__R2-001__R1-002,02_inputs_xml_flat/GPA-001__R2-001__R1-002__0438.xml,PASS,INFO,R1.D01=SI;R1.D02=NO;R2.D01=SI;R2.D02=SI;R2.D03=SI,MUNICIPIO30623,MUNICIPIO_SIN_CN_TRAB,Si,No,30623,,Regla 2 coherente para validaciones implementadas.
GPA-001__R2-001__R1-002__0439,GPA-001__R2-001__R1-002,02_inputs_xml_flat/GPA-001__R2-001__R1-002__0439.xml,PASS,INFO,R1.D01=SI;R1.D02=NO;R2.D01=SI;R2.D02=SI;R2.D03=SI,MUNICIPIO30621,MUNICIPIO_SIN_CN_TRAB,Si,No,30621,,Regla 2 coherente para validaciones implementadas.
GPA-001__R2-001__R1-002__0440,GPA-001__R2-001__R1-002,02_inputs_xml_flat/GPA-001__R2-001__R1-002__0440.xml,PASS,INFO,R1.D01=SI;R1.D02=NO;R2.D01=SI;R2.D02=SI;R2.D03=SI,MUNICIPIO30622,MUNICIPIO_SIN_CN_TRAB,Si,No,30622,,Regla 2 coherente para validaciones implementadas.
GPA-001__R2-001__R1-002__0441,GPA-001__R2-001__R1-002,02_inputs_xml_flat/GPA-001__R2-001__R1-002__0441.xml,PASS,INFO,R1.D01=SI;R1.D02=NO;R2.D01=SI;R2.D02=SI;R2.D03=SI,MUNICIPIO30623,MUNICIPIO_SIN_CN_TRAB,Si,No,30623,,Regla 2 coherente para validaciones implementadas.
GPA-001__R2-001__R1-002__0442,GPA-001__R2-001__R1-002,02_inputs_xml_flat/GPA-001__R2-001__R1-002__0442.xml,PASS,INFO,R1.D01=SI;R1.D02=NO;R2.D01=SI;R2.D02=SI;R2.D03=SI,MUNICIPIO30621,MUNICIPIO_SIN_CN_TRAB,Si,No,30621,,Regla 2 coherente para validaciones implementadas.
GPA-001__R2-001__R1-002__0443,GPA-001__R2-001__R1-002,02_inputs_xml_flat/GPA-001__R2-001__R1-002__0443.xml,PASS,INFO,R1.D01=SI;R1.D02=NO;R2.D01=SI;R2.D02=SI;R2.D03=SI,MUNICIPIO30622,MUNICIPIO_SIN_CN_TRAB,Si,No,30622,,Regla 2 coherente para validaciones implementadas.
GPA-001__R2-001__R1-002__0444,GPA-001__R2-001__R1-002,02_inputs_xml_flat/GPA-001__R2-001__R1-002__0444.xml,PASS,INFO,R1.D01=SI;R1.D02=NO;R2.D01=SI;R2.D02=SI;R2.D03=SI,MUNICIPIO30623,MUNICIPIO_SIN_CN_TRAB,Si,No,30623,,Regla 2 coherente para validaciones implementadas.
GPA-001__R2-001__R1-002__0445,GPA-001__R2-001__R1-002,02_inputs_xml_flat/GPA-001__R2-001__R1-002__0445.xml,PASS,INFO,R1.D01=SI;R1.D02=NO;R2.D01=SI;R2.D02=SI;R2.D03=SI,MUNICIPIO30621,MUNICIPIO_SIN_CN_TRAB,Si,No,30621,,Regla 2 coherente para validaciones implementadas.
GPA-001__R2-001__R1-002__0446,GPA-001__R2-001__R1-002,02_inputs_xml_flat/GPA-001__R2-001__R1-002__0446.xml,PASS,INFO,R1.D01=SI;R1.D02=NO;R2.D01=SI;R2.D02=SI;R2.D03=SI,MUNICIPIO30622,MUNICIPIO_SIN_CN_TRAB,Si,No,30622,,Regla 2 coherente para validaciones implementadas.
GPA-001__R2-001__R1-002__0447,GPA-001__R2-001__R1-002,02_inputs_xml_flat/GPA-001__R2-001__R1-002__0447.xml,PASS,INFO,R1.D01=SI;R1.D02=NO;R2.D01=SI;R2.D02=SI;R2.D03=SI,MUNICIPIO30623,MUNICIPIO_SIN_CN_TRAB,Si,No,30623,,Regla 2 coherente para validaciones implementadas.
GPA-001__R2-001__R1-002__0448,GPA-001__R2-001__R1-002,02_inputs_xml_flat/GPA-001__R2-001__R1-002__0448.xml,PASS,INFO,R1.D01=SI;R1.D02=NO;R2.D01=SI;R2.D02=SI;R2.D03=SI,MUNICIPIO30621,MUNICIPIO_SIN_CN_TRAB,Si,No,30621,,Regla 2 coherente para validaciones implementadas.
GPA-001__R2-001__R1-002__0449,GPA-001__R2-001__R1-002,02_inputs_xml_flat/GPA-001__R2-001__R1-002__0449.xml,PASS,INFO,R1.D01=SI;R1.D02=NO;R2.D01=SI;R2.D02=SI;R2.D03=SI,MUNICIPIO30622,MUNICIPIO_SIN_CN_TRAB,Si,No,30622,,Regla 2 coherente para validaciones implementadas.
GPA-001__R2-001__R1-002__0450,GPA-001__R2-001__R1-002,02_inputs_xml_flat/GPA-001__R2-001__R1-002__0450.xml,PASS,INFO,R1.D01=SI;R1.D02=NO;R2.D01=SI;R2.D02=SI;R2.D03=SI,MUNICIPIO30623,MUNICIPIO_SIN_CN_TRAB,Si,No,30623,,Regla 2 coherente para validaciones implementadas.
GPA-001__R2-001__R1-002__0451,GPA-001__R2-001__R1-002,02_inputs_xml_flat/GPA-001__R2-001__R1-002__0451.xml,PASS,INFO,R1.D01=SI;R1.D02=NO;R2.D01=SI;R2.D02=SI;R2.D03=SI,MUNICIPIO30621,MUNICIPIO_SIN_CN_TRAB,Si,No,30621,,Regla 2 coherente para validaciones implementadas.
GPA-001__R2-001__R1-002__0452,GPA-001__R2-001__R1-002,02_inputs_xml_flat/GPA-001__R2-001__R1-002__0452.xml,PASS,INFO,R1.D01=SI;R1.D02=NO;R2.D01=SI;R2.D02=SI;R2.D03=SI,MUNICIPIO30622,MUNICIPIO_SIN_CN_TRAB,Si,No,30622,,Regla 2 coherente para validaciones implementadas.
GPA-001__R2-001__R1-002__0453,GPA-001__R2-001__R1-002,02_inputs_xml_flat/GPA-001__R2-001__R1-002__0453.xml,PASS,INFO,R1.D01=SI;R1.D02=NO;R2.D01=SI;R2.D02=SI;R2.D03=SI,MUNICIPIO30623,MUNICIPIO_SIN_CN_TRAB,Si,No,30623,,Regla 2 coherente para validaciones implementadas.
GPA-001__R2-001__R1-002__0454,GPA-001__R2-001__R1-002,02_inputs_xml_flat/GPA-001__R2-001__R1-002__0454.xml,PASS,INFO,R1.D01=SI;R1.D02=NO;R2.D01=SI;R2.D02=SI;R2.D03=SI,MUNICIPIO30621,MUNICIPIO_SIN_CN_TRAB,Si,No,30621,,Regla 2 coherente para validaciones implementadas.
GPA-001__R2-001__R1-002__0455,GPA-001__R2-001__R1-002,02_inputs_xml_flat/GPA-001__R2-001__R1-002__0455.xml,PASS,INFO,R1.D01=SI;R1.D02=NO;R2.D01=SI;R2.D02=SI;R2.D03=SI,MUNICIPIO30622,MUNICIPIO_SIN_CN_TRAB,Si,No,30622,,Regla 2 coherente para validaciones implementadas.
GPA-001__R2-001__R1-002__0456,GPA-001__R2-001__R1-002,02_inputs_xml_flat/GPA-001__R2-001__R1-002__0456.xml,PASS,INFO,R1.D01=SI;R1.D02=NO;R2.D01=SI;R2.D02=SI;R2.D03=SI,MUNICIPIO30623,MUNICIPIO_SIN_CN_TRAB,Si,No,30623,,Regla 2 coherente para validaciones implementadas.
GPA-001__R2-001__R1-002__0457,GPA-001__R2-001__R1-002,02_inputs_xml_flat/GPA-001__R2-001__R1-002__0457.xml,PASS,INFO,R1.D01=SI;R1.D02=NO;R2.D01=SI;R2.D02=SI;R2.D03=SI,MUNICIPIO30621,MUNICIPIO_SIN_CN_TRAB,Si,No,30621,,Regla 2 coherente para validaciones implementadas.
GPA-001__R2-001__R1-002__0458,GPA-001__R2-001__R1-002,02_inputs_xml_flat/GPA-001__R2-001__R1-002__0458.xml,PASS,INFO,R1.D01=SI;R1.D02=NO;R2.D01=SI;R2.D02=SI;R2.D03=SI,MUNICIPIO30622,MUNICIPIO_SIN_CN_TRAB,Si,No,30622,,Regla 2 coherente para validaciones implementadas.
GPA-001__R2-001__R1-002__0459,GPA-001__R2-001__R1-002,02_inputs_xml_flat/GPA-001__R2-001__R1-002__0459.xml,PASS,INFO,R1.D01=SI;R1.D02=NO;R2.D01=SI;R2.D02=SI;R2.D03=SI,MUNICIPIO30623,MUNICIPIO_SIN_CN_TRAB,Si,No,30623,,Regla 2 coherente para validaciones implementadas.
GPA-001__R2-001__R1-002__0460,GPA-001__R2-001__R1-002,02_inputs_xml_flat/GPA-001__R2-001__R1-002__0460.xml,PASS,INFO,R1.D01=SI;R1.D02=NO;R2.D01=SI;R2.D02=SI;R2.D03=SI,MUNICIPIO30621,MUNICIPIO_SIN_CN_TRAB,Si,No,30621,,Regla 2 coherente para validaciones implementadas.
GPA-001__R2-001__R1-002__0461,GPA-001__R2-001__R1-002,02_inputs_xml_flat/GPA-001__R2-001__R1-002__0461.xml,PASS,INFO,R1.D01=SI;R1.D02=NO;R2.D01=SI;R2.D02=SI;R2.D03=SI,MUNICIPIO30622,MUNICIPIO_SIN_CN_TRAB,Si,No,30622,,Regla 2 coherente para validaciones implementadas.
GPA-001__R2-001__R1-002__0462,GPA-001__R2-001__R1-002,02_inputs_xml_flat/GPA-001__R2-001__R1-002__0462.xml,PASS,INFO,R1.D01=SI;R1.D02=NO;R2.D01=SI;R2.D02=SI;R2.D03=SI,MUNICIPIO30623,MUNICIPIO_SIN_CN_TRAB,Si,No,30623,,Regla 2 coherente para validaciones implementadas.
GPA-001__R2-001__R1-002__0463,GPA-001__R2-001__R1-002,02_inputs_xml_flat/GPA-001__R2-001__R1-002__0463.xml,PASS,INFO,R1.D01=SI;R1.D02=NO;R2.D01=SI;R2.D02=SI;R2.D03=SI,MUNICIPIO30621,MUNICIPIO_SIN_CN_TRAB,Si,No,30621,,Regla 2 coherente para validaciones implementadas.
GPA-001__R2-001__R1-002__0464,GPA-001__R2-001__R1-002,02_inputs_xml_flat/GPA-001__R2-001__R1-002__0464.xml,PASS,INFO,R1.D01=SI;R1.D02=NO;R2.D01=SI;R2.D02=SI;R2.D03=SI,MUNICIPIO30622,MUNICIPIO_SIN_CN_TRAB,Si,No,30622,,Regla 2 coherente para validaciones implementadas.
GPA-001__R2-001__R1-002__0465,GPA-001__R2-001__R1-002,02_inputs_xml_flat/GPA-001__R2-001__R1-002__0465.xml,PASS,INFO,R1.D01=SI;R1.D02=NO;R2.D01=SI;R2.D02=SI;R2.D03=SI,MUNICIPIO30623,MUNICIPIO_SIN_CN_TRAB,Si,No,30623,,Regla 2 coherente para validaciones implementadas.
GPA-001__R2-001__R1-002__0466,GPA-001__R2-001__R1-002,02_inputs_xml_flat/GPA-001__R2-001__R1-002__0466.xml,PASS,INFO,R1.D01=SI;R1.D02=NO;R2.D01=SI;R2.D02=SI;R2.D03=SI,MUNICIPIO30621,MUNICIPIO_SIN_CN_TRAB,Si,No,30621,,Regla 2 coherente para validaciones implementadas.
GPA-001__R2-001__R1-002__0467,GPA-001__R2-001__R1-002,02_inputs_xml_flat/GPA-001__R2-001__R1-002__0467.xml,PASS,INFO,R1.D01=SI;R1.D02=NO;R2.D01=SI;R2.D02=SI;R2.D03=SI,MUNICIPIO30622,MUNICIPIO_SIN_CN_TRAB,Si,No,30622,,Regla 2 coherente para validaciones implementadas.
GPA-001__R2-001__R1-002__0468,GPA-001__R2-001__R1-002,02_inputs_xml_flat/GPA-001__R2-001__R1-002__0468.xml,PASS,INFO,R1.D01=SI;R1.D02=NO;R2.D01=SI;R2.D02=SI;R2.D03=SI,MUNICIPIO30623,MUNICIPIO_SIN_CN_TRAB,Si,No,30623,,Regla 2 coherente para validaciones implementadas.
GPA-001__R2-001__R1-002__0469,GPA-001__R2-001__R1-002,02_inputs_xml_flat/GPA-001__R2-001__R1-002__0469.xml,PASS,INFO,R1.D01=SI;R1.D02=NO;R2.D01=SI;R2.D02=SI;R2.D03=SI,MUNICIPIO30621,MUNICIPIO_SIN_CN_TRAB,Si,No,30621,,Regla 2 coherente para validaciones implementadas.
GPA-001__R2-001__R1-002__0470,GPA-001__R2-001__R1-002,02_inputs_xml_flat/GPA-001__R2-001__R1-002__0470.xml,PASS,INFO,R1.D01=SI;R1.D02=NO;R2.D01=SI;R2.D02=SI;R2.D03=SI,MUNICIPIO30622,MUNICIPIO_SIN_CN_TRAB,Si,No,30622,,Regla 2 coherente para validaciones implementadas.
GPA-001__R2-001__R1-002__0471,GPA-001__R2-001__R1-002,02_inputs_xml_flat/GPA-001__R2-001__R1-002__0471.xml,PASS,INFO,R1.D01=SI;R1.D02=NO;R2.D01=SI;R2.D02=SI;R2.D03=SI,MUNICIPIO30623,MUNICIPIO_SIN_CN_TRAB,Si,No,30623,,Regla 2 coherente para validaciones implementadas.
GPA-001__R2-001__R1-002__0472,GPA-001__R2-001__R1-002,02_inputs_xml_flat/GPA-001__R2-001__R1-002__0472.xml,PASS,INFO,R1.D01=SI;R1.D02=NO;R2.D01=SI;R2.D02=SI;R2.D03=SI,MUNICIPIO30621,MUNICIPIO_SIN_CN_TRAB,Si,No,30621,,Regla 2 coherente para validaciones implementadas.
GPA-001__R2-001__R1-002__0473,GPA-001__R2-001__R1-002,02_inputs_xml_flat/GPA-001__R2-001__R1-002__0473.xml,PASS,INFO,R1.D01=SI;R1.D02=NO;R2.D01=SI;R2.D02=SI;R2.D03=SI,MUNICIPIO30622,MUNICIPIO_SIN_CN_TRAB,Si,No,30622,,Regla 2 coherente para validaciones implementadas.
GPA-001__R2-001__R1-002__0474,GPA-001__R2-001__R1-002,02_inputs_xml_flat/GPA-001__R2-001__R1-002__0474.xml,PASS,INFO,R1.D01=SI;R1.D02=NO;R2.D01=SI;R2.D02=SI;R2.D03=SI,MUNICIPIO30623,MUNICIPIO_SIN_CN_TRAB,Si,No,30623,,Regla 2 coherente para validaciones implementadas.
GPA-001__R2-001__R1-002__0475,GPA-001__R2-001__R1-002,02_inputs_xml_flat/GPA-001__R2-001__R1-002__0475.xml,PASS,INFO,R1.D01=SI;R1.D02=NO;R2.D01=SI;R2.D02=SI;R2.D03=SI,MUNICIPIO30621,MUNICIPIO_SIN_CN_TRAB,Si,No,30621,,Regla 2 coherente para validaciones implementadas.
GPA-001__R2-001__R1-002__0476,GPA-001__R2-001__R1-002,02_inputs_xml_flat/GPA-001__R2-001__R1-002__0476.xml,PASS,INFO,R1.D01=SI;R1.D02=NO;R2.D01=SI;R2.D02=SI;R2.D03=SI,MUNICIPIO30622,MUNICIPIO_SIN_CN_TRAB,Si,No,30622,,Regla 2 coherente para validaciones implementadas.
GPA-001__R2-001__R1-002__0477,GPA-001__R2-001__R1-002,02_inputs_xml_flat/GPA-001__R2-001__R1-002__0477.xml,PASS,INFO,R1.D01=SI;R1.D02=NO;R2.D01=SI;R2.D02=SI;R2.D03=SI,MUNICIPIO30623,MUNICIPIO_SIN_CN_TRAB,Si,No,30623,,Regla 2 coherente para validaciones implementadas.
GPA-001__R2-001__R1-002__0478,GPA-001__R2-001__R1-002,02_inputs_xml_flat/GPA-001__R2-001__R1-002__0478.xml,PASS,INFO,R1.D01=SI;R1.D02=NO;R2.D01=SI;R2.D02=SI;R2.D03=SI,MUNICIPIO30621,MUNICIPIO_SIN_CN_TRAB,Si,No,30621,,Regla 2 coherente para validaciones implementadas.
GPA-001__R2-001__R1-002__0479,GPA-001__R2-001__R1-002,02_inputs_xml_flat/GPA-001__R2-001__R1-002__0479.xml,PASS,INFO,R1.D01=SI;R1.D02=NO;R2.D01=SI;R2.D02=SI;R2.D03=SI,MUNICIPIO30622,MUNICIPIO_SIN_CN_TRAB,Si,No,30622,,Regla 2 coherente para validaciones implementadas.
GPA-001__R2-001__R1-002__0480,GPA-001__R2-001__R1-002,02_inputs_xml_flat/GPA-001__R2-001__R1-002__0480.xml,PASS,INFO,R1.D01=SI;R1.D02=NO;R2.D01=SI;R2.D02=SI;R2.D03=SI,MUNICIPIO30623,MUNICIPIO_SIN_CN_TRAB,Si,No,30623,,Regla 2 coherente para validaciones implementadas.
GPA-001__R2-001__R1-002__0481,GPA-001__R2-001__R1-002,02_inputs_xml_flat/GPA-001__R2-001__R1-002__0481.xml,PASS,INFO,R1.D01=SI;R1.D02=NO;R2.D01=SI;R2.D02=SI;R2.D03=SI,MUNICIPIO30621,MUNICIPIO_SIN_CN_TRAB,Si,No,30621,,Regla 2 coherente para validaciones implementadas.
GPA-001__R2-001__R1-002__0482,GPA-001__R2-001__R1-002,02_inputs_xml_flat/GPA-001__R2-001__R1-002__0482.xml,PASS,INFO,R1.D01=SI;R1.D02=NO;R2.D01=SI;R2.D02=SI;R2.D03=SI,MUNICIPIO30622,MUNICIPIO_SIN_CN_TRAB,Si,No,30622,,Regla 2 coherente para validaciones implementadas.
GPA-001__R2-001__R1-002__0483,GPA-001__R2-001__R1-002,02_inputs_xml_flat/GPA-001__R2-001__R1-002__0483.xml,PASS,INFO,R1.D01=SI;R1.D02=NO;R2.D01=SI;R2.D02=SI;R2.D03=SI,MUNICIPIO30623,MUNICIPIO_SIN_CN_TRAB,Si,No,30623,,Regla 2 coherente para validaciones implementadas.
GPA-001__R2-001__R1-002__0484,GPA-001__R2-001__R1-002,02_inputs_xml_flat/GPA-001__R2-001__R1-002__0484.xml,PASS,INFO,R1.D01=SI;R1.D02=NO;R2.D01=SI;R2.D02=SI;R2.D03=SI,MUNICIPIO30621,MUNICIPIO_SIN_CN_TRAB,Si,No,30621,,Regla 2 coherente para validaciones implementadas.
GPA-001__R2-001__R1-002__0485,GPA-001__R2-001__R1-002,02_inputs_xml_flat/GPA-001__R2-001__R1-002__0485.xml,PASS,INFO,R1.D01=SI;R1.D02=NO;R2.D01=SI;R2.D02=SI;R2.D03=SI,MUNICIPIO30622,MUNICIPIO_SIN_CN_TRAB,Si,No,30622,,Regla 2 coherente para validaciones implementadas.
GPA-001__R2-001__R1-002__0486,GPA-001__R2-001__R1-002,02_inputs_xml_flat/GPA-001__R2-001__R1-002__0486.xml,PASS,INFO,R1.D01=SI;R1.D02=NO;R2.D01=SI;R2.D02=SI;R2.D03=SI,MUNICIPIO30623,MUNICIPIO_SIN_CN_TRAB,Si,No,30623,,Regla 2 coherente para validaciones implementadas.
GPA-001__R2-001__R1-002__0487,GPA-001__R2-001__R1-002,02_inputs_xml_flat/GPA-001__R2-001__R1-002__0487.xml,PASS,INFO,R1.D01=SI;R1.D02=NO;R2.D01=SI;R2.D02=SI;R2.D03=SI,MUNICIPIO30621,MUNICIPIO_SIN_CN_TRAB,Si,No,30621,,Regla 2 coherente para validaciones implementadas.
GPA-001__R2-001__R1-002__0488,GPA-001__R2-001__R1-002,02_inputs_xml_flat/GPA-001__R2-001__R1-002__0488.xml,PASS,INFO,R1.D01=SI;R1.D02=NO;R2.D01=SI;R2.D02=SI;R2.D03=SI,MUNICIPIO30622,MUNICIPIO_SIN_CN_TRAB,Si,No,30622,,Regla 2 coherente para validaciones implementadas.
GPA-001__R2-001__R1-002__0489,GPA-001__R2-001__R1-002,02_inputs_xml_flat/GPA-001__R2-001__R1-002__0489.xml,PASS,INFO,R1.D01=SI;R1.D02=NO;R2.D01=SI;R2.D02=SI;R2.D03=SI,MUNICIPIO30623,MUNICIPIO_SIN_CN_TRAB,Si,No,30623,,Regla 2 coherente para validaciones implementadas.
GPA-001__R2-001__R1-002__0490,GPA-001__R2-001__R1-002,02_inputs_xml_flat/GPA-001__R2-001__R1-002__0490.xml,PASS,INFO,R1.D01=SI;R1.D02=NO;R2.D01=SI;R2.D02=SI;R2.D03=SI,MUNICIPIO30621,MUNICIPIO_SIN_CN_TRAB,Si,No,30621,,Regla 2 coherente para validaciones implementadas.
GPA-001__R2-001__R1-002__0491,GPA-001__R2-001__R1-002,02_inputs_xml_flat/GPA-001__R2-001__R1-002__0491.xml,PASS,INFO,R1.D01=SI;R1.D02=NO;R2.D01=SI;R2.D02=SI;R2.D03=SI,MUNICIPIO30622,MUNICIPIO_SIN_CN_TRAB,Si,No,30622,,Regla 2 coherente para validaciones implementadas.
GPA-001__R2-001__R1-002__0492,GPA-001__R2-001__R1-002,02_inputs_xml_flat/GPA-001__R2-001__R1-002__0492.xml,PASS,INFO,R1.D01=SI;R1.D02=NO;R2.D01=SI;R2.D02=SI;R2.D03=SI,MUNICIPIO30623,MUNICIPIO_SIN_CN_TRAB,Si,No,30623,,Regla 2 coherente para validaciones implementadas.
GPA-001__R2-001__R1-002__0493,GPA-001__R2-001__R1-002,02_inputs_xml_flat/GPA-001__R2-001__R1-002__0493.xml,PASS,INFO,R1.D01=SI;R1.D02=NO;R2.D01=SI;R2.D02=SI;R2.D03=SI,MUNICIPIO30621,MUNICIPIO_SIN_CN_TRAB,Si,No,30621,,Regla 2 coherente para validaciones implementadas.
GPA-001__R2-001__R1-002__0494,GPA-001__R2-001__R1-002,02_inputs_xml_flat/GPA-001__R2-001__R1-002__0494.xml,PASS,INFO,R1.D01=SI;R1.D02=NO;R2.D01=SI;R2.D02=SI;R2.D03=SI,MUNICIPIO30622,MUNICIPIO_SIN_CN_TRAB,Si,No,30622,,Regla 2 coherente para validaciones implementadas.
GPA-001__R2-001__R1-002__0495,GPA-001__R2-001__R1-002,02_inputs_xml_flat/GPA-001__R2-001__R1-002__0495.xml,PASS,INFO,R1.D01=SI;R1.D02=NO;R2.D01=SI;R2.D02=SI;R2.D03=SI,MUNICIPIO30623,MUNICIPIO_SIN_CN_TRAB,Si,No,30623,,Regla 2 coherente para validaciones implementadas.
GPA-001__R2-001__R1-002__0496,GPA-001__R2-001__R1-002,02_inputs_xml_flat/GPA-001__R2-001__R1-002__0496.xml,PASS,INFO,R1.D01=SI;R1.D02=NO;R2.D01=SI;R2.D02=SI;R2.D03=SI,MUNICIPIO30621,MUNICIPIO_SIN_CN_TRAB,Si,No,30621,,Regla 2 coherente para validaciones implementadas.
GPA-001__R2-001__R1-002__0497,GPA-001__R2-001__R1-002,02_inputs_xml_flat/GPA-001__R2-001__R1-002__0497.xml,PASS,INFO,R1.D01=SI;R1.D02=NO;R2.D01=SI;R2.D02=SI;R2.D03=SI,MUNICIPIO30622,MUNICIPIO_SIN_CN_TRAB,Si,No,30622,,Regla 2 coherente para validaciones implementadas.
GPA-001__R2-001__R1-002__0498,GPA-001__R2-001__R1-002,02_inputs_xml_flat/GPA-001__R2-001__R1-002__0498.xml,PASS,INFO,R1.D01=SI;R1.D02=NO;R2.D01=SI;R2.D02=SI;R2.D03=SI,MUNICIPIO30623,MUNICIPIO_SIN_CN_TRAB,Si,No,30623,,Regla 2 coherente para validaciones implementadas.
GPA-001__R2-001__R1-002__0499,GPA-001__R2-001__R1-002,02_inputs_xml_flat/GPA-001__R2-001__R1-002__0499.xml,PASS,INFO,R1.D01=SI;R1.D02=NO;R2.D01=SI;R2.D02=SI;R2.D03=SI,MUNICIPIO30621,MUNICIPIO_SIN_CN_TRAB,Si,No,30621,,Regla 2 coherente para validaciones implementadas.
GPA-001__R2-001__R1-002__0500,GPA-001__R2-001__R1-002,02_inputs_xml_flat/GPA-001__R2-001__R1-002__0500.xml,PASS,INFO,R1.D01=SI;R1.D02=NO;R2.D01=SI;R2.D02=SI;R2.D03=SI,MUNICIPIO30622,MUNICIPIO_SIN_CN_TRAB,Si,No,30622,,Regla 2 coherente para validaciones implementadas.
GPA-001__R2-001__R1-002__0501,GPA-001__R2-001__R1-002,02_inputs_xml_flat/GPA-001__R2-001__R1-002__0501.xml,PASS,INFO,R1.D01=SI;R1.D02=NO;R2.D01=SI;R2.D02=SI;R2.D03=SI,MUNICIPIO30623,MUNICIPIO_SIN_CN_TRAB,Si,No,30623,,Regla 2 coherente para validaciones implementadas.
GPA-001__R2-001__R1-002__0502,GPA-001__R2-001__R1-002,02_inputs_xml_flat/GPA-001__R2-001__R1-002__0502.xml,PASS,INFO,R1.D01=SI;R1.D02=NO;R2.D01=SI;R2.D02=SI;R2.D03=SI,MUNICIPIO30621,MUNICIPIO_SIN_CN_TRAB,Si,No,30621,,Regla 2 coherente para validaciones implementadas.
GPA-001__R2-001__R1-002__0503,GPA-001__R2-001__R1-002,02_inputs_xml_flat/GPA-001__R2-001__R1-002__0503.xml,PASS,INFO,R1.D01=SI;R1.D02=NO;R2.D01=SI;R2.D02=SI;R2.D03=SI,MUNICIPIO30622,MUNICIPIO_SIN_CN_TRAB,Si,No,30622,,Regla 2 coherente para validaciones implementadas.
GPA-001__R2-001__R1-002__0504,GPA-001__R2-001__R1-002,02_inputs_xml_flat/GPA-001__R2-001__R1-002__0504.xml,PASS,INFO,R1.D01=SI;R1.D02=NO;R2.D01=SI;R2.D02=SI;R2.D03=SI,MUNICIPIO30623,MUNICIPIO_SIN_CN_TRAB,Si,No,30623,,Regla 2 coherente para validaciones implementadas.
GPA-001__R2-001__R1-002__0505,GPA-001__R2-001__R1-002,02_inputs_xml_flat/GPA-001__R2-001__R1-002__0505.xml,PASS,INFO,R1.D01=SI;R1.D02=NO;R2.D01=SI;R2.D02=SI;R2.D03=SI,MUNICIPIO30621,MUNICIPIO_SIN_CN_TRAB,Si,No,30621,,Regla 2 coherente para validaciones implementadas.
GPA-001__R2-001__R1-002__0506,GPA-001__R2-001__R1-002,02_inputs_xml_flat/GPA-001__R2-001__R1-002__0506.xml,PASS,INFO,R1.D01=SI;R1.D02=NO;R2.D01=SI;R2.D02=SI;R2.D03=SI,MUNICIPIO30622,MUNICIPIO_SIN_CN_TRAB,Si,No,30622,,Regla 2 coherente para validaciones implementadas.
GPA-001__R2-001__R1-002__0507,GPA-001__R2-001__R1-002,02_inputs_xml_flat/GPA-001__R2-001__R1-002__0507.xml,PASS,INFO,R1.D01=SI;R1.D02=NO;R2.D01=SI;R2.D02=SI;R2.D03=SI,MUNICIPIO30623,MUNICIPIO_SIN_CN_TRAB,Si,No,30623,,Regla 2 coherente para validaciones implementadas.
GPA-001__R2-001__R1-002__0508,GPA-001__R2-001__R1-002,02_inputs_xml_flat/GPA-001__R2-001__R1-002__0508.xml,PASS,INFO,R1.D01=SI;R1.D02=NO;R2.D01=SI;R2.D02=SI;R2.D03=SI,MUNICIPIO30621,MUNICIPIO_SIN_CN_TRAB,Si,No,30621,,Regla 2 coherente para validaciones implementadas.
GPA-001__R2-001__R1-002__0509,GPA-001__R2-001__R1-002,02_inputs_xml_flat/GPA-001__R2-001__R1-002__0509.xml,PASS,INFO,R1.D01=SI;R1.D02=NO;R2.D01=SI;R2.D02=SI;R2.D03=SI,MUNICIPIO30622,MUNICIPIO_SIN_CN_TRAB,Si,No,30622,,Regla 2 coherente para validaciones implementadas.
GPA-001__R2-001__R1-002__0510,GPA-001__R2-001__R1-002,02_inputs_xml_flat/GPA-001__R2-001__R1-002__0510.xml,PASS,INFO,R1.D01=SI;R1.D02=NO;R2.D01=SI;R2.D02=SI;R2.D03=SI,MUNICIPIO30623,MUNICIPIO_SIN_CN_TRAB,Si,No,30623,,Regla 2 coherente para validaciones implementadas.
GPA-001__R2-001__R1-002__0511,GPA-001__R2-001__R1-002,02_inputs_xml_flat/GPA-001__R2-001__R1-002__0511.xml,PASS,INFO,R1.D01=SI;R1.D02=NO;R2.D01=SI;R2.D02=SI;R2.D03=SI,MUNICIPIO30621,MUNICIPIO_SIN_CN_TRAB,Si,No,30621,,Regla 2 coherente para validaciones implementadas.
GPA-001__R2-001__R1-002__0512,GPA-001__R2-001__R1-002,02_inputs_xml_flat/GPA-001__R2-001__R1-002__0512.xml,PASS,INFO,R1.D01=SI;R1.D02=NO;R2.D01=SI;R2.D02=SI;R2.D03=SI,MUNICIPIO30622,MUNICIPIO_SIN_CN_TRAB,Si,No,30622,,Regla 2 coherente para validaciones implementadas.
GPA-001__R2-001__R1-002__0513,GPA-001__R2-001__R1-002,02_inputs_xml_flat/GPA-001__R2-001__R1-002__0513.xml,PASS,INFO,R1.D01=SI;R1.D02=NO;R2.D01=SI;R2.D02=SI;R2.D03=SI,MUNICIPIO30623,MUNICIPIO_SIN_CN_TRAB,Si,No,30623,,Regla 2 coherente para validaciones implementadas.
GPA-001__R2-001__R1-002__0514,GPA-001__R2-001__R1-002,02_inputs_xml_flat/GPA-001__R2-001__R1-002__0514.xml,PASS,INFO,R1.D01=SI;R1.D02=NO;R2.D01=SI;R2.D02=SI;R2.D03=SI,MUNICIPIO30621,MUNICIPIO_SIN_CN_TRAB,Si,No,30621,,Regla 2 coherente para validaciones implementadas.
GPA-001__R2-001__R1-002__0515,GPA-001__R2-001__R1-002,02_inputs_xml_flat/GPA-001__R2-001__R1-002__0515.xml,PASS,INFO,R1.D01=SI;R1.D02=NO;R2.D01=SI;R2.D02=SI;R2.D03=SI,MUNICIPIO30622,MUNICIPIO_SIN_CN_TRAB,Si,No,30622,,Regla 2 coherente para validaciones implementadas.
GPA-001__R2-001__R1-002__0516,GPA-001__R2-001__R1-002,02_inputs_xml_flat/GPA-001__R2-001__R1-002__0516.xml,PASS,INFO,R1.D01=SI;R1.D02=NO;R2.D01=SI;R2.D02=SI;R2.D03=SI,MUNICIPIO30623,MUNICIPIO_SIN_CN_TRAB,Si,No,30623,,Regla 2 coherente para validaciones implementadas.
GPA-001__R2-001__R1-002__0517,GPA-001__R2-001__R1-002,02_inputs_xml_flat/GPA-001__R2-001__R1-002__0517.xml,PASS,INFO,R1.D01=SI;R1.D02=NO;R2.D01=SI;R2.D02=SI;R2.D03=SI,MUNICIPIO30621,MUNICIPIO_SIN_CN_TRAB,Si,No,30621,,Regla 2 coherente para validaciones implementadas.
GPA-001__R2-001__R1-002__0518,GPA-001__R2-001__R1-002,02_inputs_xml_flat/GPA-001__R2-001__R1-002__0518.xml,PASS,INFO,R1.D01=SI;R1.D02=NO;R2.D01=SI;R2.D02=SI;R2.D03=SI,MUNICIPIO30622,MUNICIPIO_SIN_CN_TRAB,Si,No,30622,,Regla 2 coherente para validaciones implementadas.
GPA-001__R2-001__R1-002__0519,GPA-001__R2-001__R1-002,02_inputs_xml_flat/GPA-001__R2-001__R1-002__0519.xml,PASS,INFO,R1.D01=SI;R1.D02=NO;R2.D01=SI;R2.D02=SI;R2.D03=SI,MUNICIPIO30623,MUNICIPIO_SIN_CN_TRAB,Si,No,30623,,Regla 2 coherente para validaciones implementadas.
GPA-001__R2-001__R1-002__0520,GPA-001__R2-001__R1-002,02_inputs_xml_flat/GPA-001__R2-001__R1-002__0520.xml,PASS,INFO,R1.D01=SI;R1.D02=NO;R2.D01=SI;R2.D02=SI;R2.D03=SI,MUNICIPIO30621,MUNICIPIO_SIN_CN_TRAB,Si,No,30621,,Regla 2 coherente para validaciones implementadas.
GPA-001__R2-001__R1-002__0521,GPA-001__R2-001__R1-002,02_inputs_xml_flat/GPA-001__R2-001__R1-002__0521.xml,PASS,INFO,R1.D01=SI;R1.D02=NO;R2.D01=SI;R2.D02=SI;R2.D03=SI,MUNICIPIO30622,MUNICIPIO_SIN_CN_TRAB,Si,No,30622,,Regla 2 coherente para validaciones implementadas.
GPA-001__R2-001__R1-002__0522,GPA-001__R2-001__R1-002,02_inputs_xml_flat/GPA-001__R2-001__R1-002__0522.xml,PASS,INFO,R1.D01=SI;R1.D02=NO;R2.D01=SI;R2.D02=SI;R2.D03=SI,MUNICIPIO30623,MUNICIPIO_SIN_CN_TRAB,Si,No,30623,,Regla 2 coherente para validaciones implementadas.
GPA-001__R2-001__R1-002__0523,GPA-001__R2-001__R1-002,02_inputs_xml_flat/GPA-001__R2-001__R1-002__0523.xml,PASS,INFO,R1.D01=SI;R1.D02=NO;R2.D01=SI;R2.D02=SI;R2.D03=SI,MUNICIPIO30621,MUNICIPIO_SIN_CN_TRAB,Si,No,30621,,Regla 2 coherente para validaciones implementadas.
GPA-001__R2-001__R1-002__0524,GPA-001__R2-001__R1-002,02_inputs_xml_flat/GPA-001__R2-001__R1-002__0524.xml,PASS,INFO,R1.D01=SI;R1.D02=NO;R2.D01=SI;R2.D02=SI;R2.D03=SI,MUNICIPIO30622,MUNICIPIO_SIN_CN_TRAB,Si,No,30622,,Regla 2 coherente para validaciones implementadas.
GPA-001__R2-001__R1-002__0525,GPA-001__R2-001__R1-002,02_inputs_xml_flat/GPA-001__R2-001__R1-002__0525.xml,PASS,INFO,R1.D01=SI;R1.D02=NO;R2.D01=SI;R2.D02=SI;R2.D03=SI,MUNICIPIO30623,MUNICIPIO_SIN_CN_TRAB,Si,No,30623,,Regla 2 coherente para validaciones implementadas.
GPA-001__R2-001__R1-002__0526,GPA-001__R2-001__R1-002,02_inputs_xml_flat/GPA-001__R2-001__R1-002__0526.xml,PASS,INFO,R1.D01=SI;R1.D02=NO;R2.D01=SI;R2.D02=SI;R2.D03=SI,MUNICIPIO30621,MUNICIPIO_SIN_CN_TRAB,Si,No,30621,,Regla 2 coherente para validaciones implementadas.
GPA-001__R2-001__R1-002__0527,GPA-001__R2-001__R1-002,02_inputs_xml_flat/GPA-001__R2-001__R1-002__0527.xml,PASS,INFO,R1.D01=SI;R1.D02=NO;R2.D01=SI;R2.D02=SI;R2.D03=SI,MUNICIPIO30622,MUNICIPIO_SIN_CN_TRAB,Si,No,30622,,Regla 2 coherente para validaciones implementadas.
GPA-001__R2-001__R1-002__0528,GPA-001__R2-001__R1-002,02_inputs_xml_flat/GPA-001__R2-001__R1-002__0528.xml,PASS,INFO,R1.D01=SI;R1.D02=NO;R2.D01=SI;R2.D02=SI;R2.D03=SI,MUNICIPIO30623,MUNICIPIO_SIN_CN_TRAB,Si,No,30623,,Regla 2 coherente para validaciones implementadas.
GPA-001__R2-001__R1-002__0529,GPA-001__R2-001__R1-002,02_inputs_xml_flat/GPA-001__R2-001__R1-002__0529.xml,PASS,INFO,R1.D01=SI;R1.D02=NO;R2.D01=SI;R2.D02=SI;R2.D03=SI,MUNICIPIO30621,MUNICIPIO_SIN_CN_TRAB,Si,No,30621,,Regla 2 coherente para validaciones implementadas.
GPA-001__R2-001__R1-002__0530,GPA-001__R2-001__R1-002,02_inputs_xml_flat/GPA-001__R2-001__R1-002__0530.xml,PASS,INFO,R1.D01=SI;R1.D02=NO;R2.D01=SI;R2.D02=SI;R2.D03=SI,MUNICIPIO30622,MUNICIPIO_SIN_CN_TRAB,Si,No,30622,,Regla 2 coherente para validaciones implementadas.
GPA-001__R2-001__R1-002__0531,GPA-001__R2-001__R1-002,02_inputs_xml_flat/GPA-001__R2-001__R1-002__0531.xml,PASS,INFO,R1.D01=SI;R1.D02=NO;R2.D01=SI;R2.D02=SI;R2.D03=SI,MUNICIPIO30623,MUNICIPIO_SIN_CN_TRAB,Si,No,30623,,Regla 2 coherente para validaciones implementadas.
GPA-001__R2-001__R1-002__0532,GPA-001__R2-001__R1-002,02_inputs_xml_flat/GPA-001__R2-001__R1-002__0532.xml,PASS,INFO,R1.D01=SI;R1.D02=NO;R2.D01=SI;R2.D02=SI;R2.D03=SI,MUNICIPIO30621,MUNICIPIO_SIN_CN_TRAB,Si,No,30621,,Regla 2 coherente para validaciones implementadas.
GPA-001__R2-001__R1-002__0533,GPA-001__R2-001__R1-002,02_inputs_xml_flat/GPA-001__R2-001__R1-002__0533.xml,PASS,INFO,R1.D01=SI;R1.D02=NO;R2.D01=SI;R2.D02=SI;R2.D03=SI,MUNICIPIO30622,MUNICIPIO_SIN_CN_TRAB,Si,No,30622,,Regla 2 coherente para validaciones implementadas.
GPA-001__R2-001__R1-002__0534,GPA-001__R2-001__R1-002,02_inputs_xml_flat/GPA-001__R2-001__R1-002__0534.xml,PASS,INFO,R1.D01=SI;R1.D02=NO;R2.D01=SI;R2.D02=SI;R2.D03=SI,MUNICIPIO30623,MUNICIPIO_SIN_CN_TRAB,Si,No,30623,,Regla 2 coherente para validaciones implementadas.
GPA-001__R2-001__R1-002__0535,GPA-001__R2-001__R1-002,02_inputs_xml_flat/GPA-001__R2-001__R1-002__0535.xml,PASS,INFO,R1.D01=SI;R1.D02=NO;R2.D01=SI;R2.D02=SI;R2.D03=SI,MUNICIPIO30621,MUNICIPIO_SIN_CN_TRAB,Si,No,30621,,Regla 2 coherente para validaciones implementadas.
GPA-001__R2-001__R1-002__0536,GPA-001__R2-001__R1-002,02_inputs_xml_flat/GPA-001__R2-001__R1-002__0536.xml,PASS,INFO,R1.D01=SI;R1.D02=NO;R2.D01=SI;R2.D02=SI;R2.D03=SI,MUNICIPIO30622,MUNICIPIO_SIN_CN_TRAB,Si,No,30622,,Regla 2 coherente para validaciones implementadas.
GPA-001__R2-001__R1-002__0537,GPA-001__R2-001__R1-002,02_inputs_xml_flat/GPA-001__R2-001__R1-002__0537.xml,PASS,INFO,R1.D01=SI;R1.D02=NO;R2.D01=SI;R2.D02=SI;R2.D03=SI,MUNICIPIO30623,MUNICIPIO_SIN_CN_TRAB,Si,No,30623,,Regla 2 coherente para validaciones implementadas.
GPA-001__R2-001__R1-002__0538,GPA-001__R2-001__R1-002,02_inputs_xml_flat/GPA-001__R2-001__R1-002__0538.xml,PASS,INFO,R1.D01=SI;R1.D02=NO;R2.D01=SI;R2.D02=SI;R2.D03=SI,MUNICIPIO30621,MUNICIPIO_SIN_CN_TRAB,Si,No,30621,,Regla 2 coherente para validaciones implementadas.
GPA-001__R2-001__R1-002__0539,GPA-001__R2-001__R1-002,02_inputs_xml_flat/GPA-001__R2-001__R1-002__0539.xml,PASS,INFO,R1.D01=SI;R1.D02=NO;R2.D01=SI;R2.D02=SI;R2.D03=SI,MUNICIPIO30622,MUNICIPIO_SIN_CN_TRAB,Si,No,30622,,Regla 2 coherente para validaciones implementadas.
GPA-001__R2-001__R1-002__0540,GPA-001__R2-001__R1-002,02_inputs_xml_flat/GPA-001__R2-001__R1-002__0540.xml,PASS,INFO,R1.D01=SI;R1.D02=NO;R2.D01=SI;R2.D02=SI;R2.D03=SI,MUNICIPIO30623,MUNICIPIO_SIN_CN_TRAB,Si,No,30623,,Regla 2 coherente para validaciones implementadas.
GPA-001__R2-001__R1-002__0541,GPA-001__R2-001__R1-002,02_inputs_xml_flat/GPA-001__R2-001__R1-002__0541.xml,PASS,INFO,R1.D01=SI;R1.D02=NO;R2.D01=SI;R2.D02=SI;R2.D03=SI,MUNICIPIO30621,MUNICIPIO_SIN_CN_TRAB,Si,No,30621,,Regla 2 coherente para validaciones implementadas.
GPA-001__R2-001__R1-002__0542,GPA-001__R2-001__R1-002,02_inputs_xml_flat/GPA-001__R2-001__R1-002__0542.xml,PASS,INFO,R1.D01=SI;R1.D02=NO;R2.D01=SI;R2.D02=SI;R2.D03=SI,MUNICIPIO30622,MUNICIPIO_SIN_CN_TRAB,Si,No,30622,,Regla 2 coherente para validaciones implementadas.
GPA-001__R2-001__R1-002__0543,GPA-001__R2-001__R1-002,02_inputs_xml_flat/GPA-001__R2-001__R1-002__0543.xml,PASS,INFO,R1.D01=SI;R1.D02=NO;R2.D01=SI;R2.D02=SI;R2.D03=SI,MUNICIPIO30623,MUNICIPIO_SIN_CN_TRAB,Si,No,30623,,Regla 2 coherente para validaciones implementadas.
GPA-001__R2-001__R1-002__0544,GPA-001__R2-001__R1-002,02_inputs_xml_flat/GPA-001__R2-001__R1-002__0544.xml,PASS,INFO,R1.D01=SI;R1.D02=NO;R2.D01=SI;R2.D02=SI;R2.D03=SI,MUNICIPIO30621,MUNICIPIO_SIN_CN_TRAB,Si,No,30621,,Regla 2 coherente para validaciones implementadas.
GPA-001__R2-001__R1-002__0545,GPA-001__R2-001__R1-002,02_inputs_xml_flat/GPA-001__R2-001__R1-002__0545.xml,PASS,INFO,R1.D01=SI;R1.D02=NO;R2.D01=SI;R2.D02=SI;R2.D03=SI,MUNICIPIO30622,MUNICIPIO_SIN_CN_TRAB,Si,No,30622,,Regla 2 coherente para validaciones implementadas.
GPA-001__R2-001__R1-002__0546,GPA-001__R2-001__R1-002,02_inputs_xml_flat/GPA-001__R2-001__R1-002__0546.xml,PASS,INFO,R1.D01=SI;R1.D02=NO;R2.D01=SI;R2.D02=SI;R2.D03=SI,MUNICIPIO30623,MUNICIPIO_SIN_CN_TRAB,Si,No,30623,,Regla 2 coherente para validaciones implementadas.
GPA-001__R2-001__R1-002__0547,GPA-001__R2-001__R1-002,02_inputs_xml_flat/GPA-001__R2-001__R1-002__0547.xml,PASS,INFO,R1.D01=SI;R1.D02=NO;R2.D01=SI;R2.D02=SI;R2.D03=SI,MUNICIPIO30621,MUNICIPIO_SIN_CN_TRAB,Si,No,30621,,Regla 2 coherente para validaciones implementadas.
GPA-001__R2-001__R1-002__0548,GPA-001__R2-001__R1-002,02_inputs_xml_flat/GPA-001__R2-001__R1-002__0548.xml,PASS,INFO,R1.D01=SI;R1.D02=NO;R2.D01=SI;R2.D02=SI;R2.D03=SI,MUNICIPIO30622,MUNICIPIO_SIN_CN_TRAB,Si,No,30622,,Regla 2 coherente para validaciones implementadas.
GPA-001__R2-001__R1-002__0549,GPA-001__R2-001__R1-002,02_inputs_xml_flat/GPA-001__R2-001__R1-002__0549.xml,PASS,INFO,R1.D01=SI;R1.D02=NO;R2.D01=SI;R2.D02=SI;R2.D03=SI,MUNICIPIO30623,MUNICIPIO_SIN_CN_TRAB,Si,No,30623,,Regla 2 coherente para validaciones implementadas.
GPA-001__R2-001__R1-002__0550,GPA-001__R2-001__R1-002,02_inputs_xml_flat/GPA-001__R2-001__R1-002__0550.xml,PASS,INFO,R1.D01=SI;R1.D02=NO;R2.D01=SI;R2.D02=SI;R2.D03=SI,MUNICIPIO30621,MUNICIPIO_SIN_CN_TRAB,Si,No,30621,,Regla 2 coherente para validaciones implementadas.
GPA-001__R2-001__R1-002__0551,GPA-001__R2-001__R1-002,02_inputs_xml_flat/GPA-001__R2-001__R1-002__0551.xml,PASS,INFO,R1.D01=SI;R1.D02=NO;R2.D01=SI;R2.D02=SI;R2.D03=SI,MUNICIPIO30622,MUNICIPIO_SIN_CN_TRAB,Si,No,30622,,Regla 2 coherente para validaciones implementadas.
GPA-001__R2-001__R1-002__0552,GPA-001__R2-001__R1-002,02_inputs_xml_flat/GPA-001__R2-001__R1-002__0552.xml,PASS,INFO,R1.D01=SI;R1.D02=NO;R2.D01=SI;R2.D02=SI;R2.D03=SI,MUNICIPIO30623,MUNICIPIO_SIN_CN_TRAB,Si,No,30623,,Regla 2 coherente para validaciones implementadas.
GPA-001__R2-001__R1-002__0553,GPA-001__R2-001__R1-002,02_inputs_xml_flat/GPA-001__R2-001__R1-002__0553.xml,PASS,INFO,R1.D01=SI;R1.D02=NO;R2.D01=SI;R2.D02=SI;R2.D03=SI,MUNICIPIO30621,MUNICIPIO_SIN_CN_TRAB,Si,No,30621,,Regla 2 coherente para validaciones implementadas.
GPA-001__R2-001__R1-002__0554,GPA-001__R2-001__R1-002,02_inputs_xml_flat/GPA-001__R2-001__R1-002__0554.xml,PASS,INFO,R1.D01=SI;R1.D02=NO;R2.D01=SI;R2.D02=SI;R2.D03=SI,MUNICIPIO30622,MUNICIPIO_SIN_CN_TRAB,Si,No,30622,,Regla 2 coherente para validaciones implementadas.
GPA-001__R2-001__R1-002__0555,GPA-001__R2-001__R1-002,02_inputs_xml_flat/GPA-001__R2-001__R1-002__0555.xml,PASS,INFO,R1.D01=SI;R1.D02=NO;R2.D01=SI;R2.D02=SI;R2.D03=SI,MUNICIPIO30623,MUNICIPIO_SIN_CN_TRAB,Si,No,30623,,Regla 2 coherente para validaciones implementadas.
GPA-001__R2-001__R1-002__0556,GPA-001__R2-001__R1-002,02_inputs_xml_flat/GPA-001__R2-001__R1-002__0556.xml,PASS,INFO,R1.D01=SI;R1.D02=NO;R2.D01=SI;R2.D02=SI;R2.D03=SI,MUNICIPIO30621,MUNICIPIO_SIN_CN_TRAB,Si,No,30621,,Regla 2 coherente para validaciones implementadas.
GPA-001__R2-001__R1-002__0557,GPA-001__R2-001__R1-002,02_inputs_xml_flat/GPA-001__R2-001__R1-002__0557.xml,PASS,INFO,R1.D01=SI;R1.D02=NO;R2.D01=SI;R2.D02=SI;R2.D03=SI,MUNICIPIO30622,MUNICIPIO_SIN_CN_TRAB,Si,No,30622,,Regla 2 coherente para validaciones implementadas.
GPA-001__R2-001__R1-002__0558,GPA-001__R2-001__R1-002,02_inputs_xml_flat/GPA-001__R2-001__R1-002__0558.xml,PASS,INFO,R1.D01=SI;R1.D02=NO;R2.D01=SI;R2.D02=SI;R2.D03=SI,MUNICIPIO30623,MUNICIPIO_SIN_CN_TRAB,Si,No,30623,,Regla 2 coherente para validaciones implementadas.
GPA-001__R2-001__R1-002__0559,GPA-001__R2-001__R1-002,02_inputs_xml_flat/GPA-001__R2-001__R1-002__0559.xml,PASS,INFO,R1.D01=SI;R1.D02=NO;R2.D01=SI;R2.D02=SI;R2.D03=SI,MUNICIPIO30621,MUNICIPIO_SIN_CN_TRAB,Si,No,30621,,Regla 2 coherente para validaciones implementadas.
GPA-001__R2-001__R1-002__0560,GPA-001__R2-001__R1-002,02_inputs_xml_flat/GPA-001__R2-001__R1-002__0560.xml,PASS,INFO,R1.D01=SI;R1.D02=NO;R2.D01=SI;R2.D02=SI;R2.D03=SI,MUNICIPIO30622,MUNICIPIO_SIN_CN_TRAB,Si,No,30622,,Regla 2 coherente para validaciones implementadas.
GPA-001__R2-001__R1-002__0561,GPA-001__R2-001__R1-002,02_inputs_xml_flat/GPA-001__R2-001__R1-002__0561.xml,PASS,INFO,R1.D01=SI;R1.D02=NO;R2.D01=SI;R2.D02=SI;R2.D03=SI,MUNICIPIO30623,MUNICIPIO_SIN_CN_TRAB,Si,No,30623,,Regla 2 coherente para validaciones implementadas.
GPA-001__R2-001__R1-002__0562,GPA-001__R2-001__R1-002,02_inputs_xml_flat/GPA-001__R2-001__R1-002__0562.xml,PASS,INFO,R1.D01=SI;R1.D02=NO;R2.D01=SI;R2.D02=SI;R2.D03=SI,MUNICIPIO30621,MUNICIPIO_SIN_CN_TRAB,Si,No,30621,,Regla 2 coherente para validaciones implementadas.
GPA-001__R2-001__R1-002__0563,GPA-001__R2-001__R1-002,02_inputs_xml_flat/GPA-001__R2-001__R1-002__0563.xml,PASS,INFO,R1.D01=SI;R1.D02=NO;R2.D01=SI;R2.D02=SI;R2.D03=SI,MUNICIPIO30622,MUNICIPIO_SIN_CN_TRAB,Si,No,30622,,Regla 2 coherente para validaciones implementadas.
GPA-001__R2-001__R1-002__0564,GPA-001__R2-001__R1-002,02_inputs_xml_flat/GPA-001__R2-001__R1-002__0564.xml,PASS,INFO,R1.D01=SI;R1.D02=NO;R2.D01=SI;R2.D02=SI;R2.D03=SI,MUNICIPIO30623,MUNICIPIO_SIN_CN_TRAB,Si,No,30623,,Regla 2 coherente para validaciones implementadas.
GPA-001__R2-001__R1-002__0565,GPA-001__R2-001__R1-002,02_inputs_xml_flat/GPA-001__R2-001__R1-002__0565.xml,PASS,INFO,R1.D01=SI;R1.D02=NO;R2.D01=SI;R2.D02=SI;R2.D03=SI,MUNICIPIO30621,MUNICIPIO_SIN_CN_TRAB,Si,No,30621,,Regla 2 coherente para validaciones implementadas.
GPA-001__R2-001__R1-002__0566,GPA-001__R2-001__R1-002,02_inputs_xml_flat/GPA-001__R2-001__R1-002__0566.xml,PASS,INFO,R1.D01=SI;R1.D02=NO;R2.D01=SI;R2.D02=SI;R2.D03=SI,MUNICIPIO30622,MUNICIPIO_SIN_CN_TRAB,Si,No,30622,,Regla 2 coherente para validaciones implementadas.
GPA-001__R2-001__R1-002__0567,GPA-001__R2-001__R1-002,02_inputs_xml_flat/GPA-001__R2-001__R1-002__0567.xml,PASS,INFO,R1.D01=SI;R1.D02=NO;R2.D01=SI;R2.D02=SI;R2.D03=SI,MUNICIPIO30623,MUNICIPIO_SIN_CN_TRAB,Si,No,30623,,Regla 2 coherente para validaciones implementadas.
GPA-001__R2-001__R1-002__0568,GPA-001__R2-001__R1-002,02_inputs_xml_flat/GPA-001__R2-001__R1-002__0568.xml,PASS,INFO,R1.D01=SI;R1.D02=NO;R2.D01=SI;R2.D02=SI;R2.D03=SI,MUNICIPIO30621,MUNICIPIO_SIN_CN_TRAB,Si,No,30621,,Regla 2 coherente para validaciones implementadas.
GPA-001__R2-001__R1-002__0569,GPA-001__R2-001__R1-002,02_inputs_xml_flat/GPA-001__R2-001__R1-002__0569.xml,PASS,INFO,R1.D01=SI;R1.D02=NO;R2.D01=SI;R2.D02=SI;R2.D03=SI,MUNICIPIO30622,MUNICIPIO_SIN_CN_TRAB,Si,No,30622,,Regla 2 coherente para validaciones implementadas.
GPA-001__R2-001__R1-002__0570,GPA-001__R2-001__R1-002,02_inputs_xml_flat/GPA-001__R2-001__R1-002__0570.xml,PASS,INFO,R1.D01=SI;R1.D02=NO;R2.D01=SI;R2.D02=SI;R2.D03=SI,MUNICIPIO30623,MUNICIPIO_SIN_CN_TRAB,Si,No,30623,,Regla 2 coherente para validaciones implementadas.
GPA-001__R2-001__R1-002__0571,GPA-001__R2-001__R1-002,02_inputs_xml_flat/GPA-001__R2-001__R1-002__0571.xml,PASS,INFO,R1.D01=SI;R1.D02=NO;R2.D01=SI;R2.D02=SI;R2.D03=SI,MUNICIPIO30621,MUNICIPIO_SIN_CN_TRAB,Si,No,30621,,Regla 2 coherente para validaciones implementadas.
GPA-001__R2-001__R1-002__0572,GPA-001__R2-001__R1-002,02_inputs_xml_flat/GPA-001__R2-001__R1-002__0572.xml,PASS,INFO,R1.D01=SI;R1.D02=NO;R2.D01=SI;R2.D02=SI;R2.D03=SI,MUNICIPIO30622,MUNICIPIO_SIN_CN_TRAB,Si,No,30622,,Regla 2 coherente para validaciones implementadas.
GPA-001__R2-001__R1-002__0573,GPA-001__R2-001__R1-002,02_inputs_xml_flat/GPA-001__R2-001__R1-002__0573.xml,PASS,INFO,R1.D01=SI;R1.D02=NO;R2.D01=SI;R2.D02=SI;R2.D03=SI,MUNICIPIO30623,MUNICIPIO_SIN_CN_TRAB,Si,No,30623,,Regla 2 coherente para validaciones implementadas.
GPA-001__R2-001__R1-002__0574,GPA-001__R2-001__R1-002,02_inputs_xml_flat/GPA-001__R2-001__R1-002__0574.xml,PASS,INFO,R1.D01=SI;R1.D02=NO;R2.D01=SI;R2.D02=SI;R2.D03=SI,MUNICIPIO30621,MUNICIPIO_SIN_CN_TRAB,Si,No,30621,,Regla 2 coherente para validaciones implementadas.
GPA-001__R2-001__R1-002__0575,GPA-001__R2-001__R1-002,02_inputs_xml_flat/GPA-001__R2-001__R1-002__0575.xml,PASS,INFO,R1.D01=SI;R1.D02=NO;R2.D01=SI;R2.D02=SI;R2.D03=SI,MUNICIPIO30622,MUNICIPIO_SIN_CN_TRAB,Si,No,30622,,Regla 2 coherente para validaciones implementadas.
GPA-001__R2-001__R1-002__0576,GPA-001__R2-001__R1-002,02_inputs_xml_flat/GPA-001__R2-001__R1-002__0576.xml,PASS,INFO,R1.D01=SI;R1.D02=NO;R2.D01=SI;R2.D02=SI;R2.D03=SI,MUNICIPIO30623,MUNICIPIO_SIN_CN_TRAB,Si,No,30623,,Regla 2 coherente para validaciones implementadas.
GPA-001__R2-001__R1-002__0577,GPA-001__R2-001__R1-002,02_inputs_xml_flat/GPA-001__R2-001__R1-002__0577.xml,PASS,INFO,R1.D01=SI;R1.D02=NO;R2.D01=SI;R2.D02=SI;R2.D03=SI,MUNICIPIO30621,MUNICIPIO_SIN_CN_TRAB,Si,No,30621,,Regla 2 coherente para validaciones implementadas.
GPA-001__R2-001__R1-002__0578,GPA-001__R2-001__R1-002,02_inputs_xml_flat/GPA-001__R2-001__R1-002__0578.xml,PASS,INFO,R1.D01=SI;R1.D02=NO;R2.D01=SI;R2.D02=SI;R2.D03=SI,MUNICIPIO30622,MUNICIPIO_SIN_CN_TRAB,Si,No,30622,,Regla 2 coherente para validaciones implementadas.
GPA-001__R2-001__R1-002__0579,GPA-001__R2-001__R1-002,02_inputs_xml_flat/GPA-001__R2-001__R1-002__0579.xml,PASS,INFO,R1.D01=SI;R1.D02=NO;R2.D01=SI;R2.D02=SI;R2.D03=SI,MUNICIPIO30623,MUNICIPIO_SIN_CN_TRAB,Si,No,30623,,Regla 2 coherente para validaciones implementadas.
GPA-001__R2-001__R1-002__0580,GPA-001__R2-001__R1-002,02_inputs_xml_flat/GPA-001__R2-001__R1-002__0580.xml,PASS,INFO,R1.D01=SI;R1.D02=NO;R2.D01=SI;R2.D02=SI;R2.D03=SI,MUNICIPIO30621,MUNICIPIO_SIN_CN_TRAB,Si,No,30621,,Regla 2 coherente para validaciones implementadas.
GPA-001__R2-001__R1-002__0581,GPA-001__R2-001__R1-002,02_inputs_xml_flat/GPA-001__R2-001__R1-002__0581.xml,PASS,INFO,R1.D01=SI;R1.D02=NO;R2.D01=SI;R2.D02=SI;R2.D03=SI,MUNICIPIO30622,MUNICIPIO_SIN_CN_TRAB,Si,No,30622,,Regla 2 coherente para validaciones implementadas.
GPA-001__R2-001__R1-002__0582,GPA-001__R2-001__R1-002,02_inputs_xml_flat/GPA-001__R2-001__R1-002__0582.xml,PASS,INFO,R1.D01=SI;R1.D02=NO;R2.D01=SI;R2.D02=SI;R2.D03=SI,MUNICIPIO30623,MUNICIPIO_SIN_CN_TRAB,Si,No,30623,,Regla 2 coherente para validaciones implementadas.
GPA-001__R2-001__R1-002__0583,GPA-001__R2-001__R1-002,02_inputs_xml_flat/GPA-001__R2-001__R1-002__0583.xml,PASS,INFO,R1.D01=SI;R1.D02=NO;R2.D01=SI;R2.D02=SI;R2.D03=SI,MUNICIPIO30621,MUNICIPIO_SIN_CN_TRAB,Si,No,30621,,Regla 2 coherente para validaciones implementadas.
GPA-001__R2-001__R1-002__0584,GPA-001__R2-001__R1-002,02_inputs_xml_flat/GPA-001__R2-001__R1-002__0584.xml,PASS,INFO,R1.D01=SI;R1.D02=NO;R2.D01=SI;R2.D02=SI;R2.D03=SI,MUNICIPIO30622,MUNICIPIO_SIN_CN_TRAB,Si,No,30622,,Regla 2 coherente para validaciones implementadas.
GPA-001__R2-001__R1-002__0585,GPA-001__R2-001__R1-002,02_inputs_xml_flat/GPA-001__R2-001__R1-002__0585.xml,PASS,INFO,R1.D01=SI;R1.D02=NO;R2.D01=SI;R2.D02=SI;R2.D03=SI,MUNICIPIO30623,MUNICIPIO_SIN_CN_TRAB,Si,No,30623,,Regla 2 coherente para validaciones implementadas.
GPA-001__R2-001__R1-002__0586,GPA-001__R2-001__R1-002,02_inputs_xml_flat/GPA-001__R2-001__R1-002__0586.xml,PASS,INFO,R1.D01=SI;R1.D02=NO;R2.D01=SI;R2.D02=SI;R2.D03=SI,MUNICIPIO30621,MUNICIPIO_SIN_CN_TRAB,Si,No,30621,,Regla 2 coherente para validaciones implementadas.
GPA-001__R2-001__R1-002__0587,GPA-001__R2-001__R1-002,02_inputs_xml_flat/GPA-001__R2-001__R1-002__0587.xml,PASS,INFO,R1.D01=SI;R1.D02=NO;R2.D01=SI;R2.D02=SI;R2.D03=SI,MUNICIPIO30622,MUNICIPIO_SIN_CN_TRAB,Si,No,30622,,Regla 2 coherente para validaciones implementadas.
GPA-001__R2-001__R1-002__0588,GPA-001__R2-001__R1-002,02_inputs_xml_flat/GPA-001__R2-001__R1-002__0588.xml,PASS,INFO,R1.D01=SI;R1.D02=NO;R2.D01=SI;R2.D02=SI;R2.D03=SI,MUNICIPIO30623,MUNICIPIO_SIN_CN_TRAB,Si,No,30623,,Regla 2 coherente para validaciones implementadas.
GPA-001__R2-001__R1-002__0589,GPA-001__R2-001__R1-002,02_inputs_xml_flat/GPA-001__R2-001__R1-002__0589.xml,PASS,INFO,R1.D01=SI;R1.D02=NO;R2.D01=SI;R2.D02=SI;R2.D03=SI,MUNICIPIO30621,MUNICIPIO_SIN_CN_TRAB,Si,No,30621,,Regla 2 coherente para validaciones implementadas.
GPA-001__R2-001__R1-002__0590,GPA-001__R2-001__R1-002,02_inputs_xml_flat/GPA-001__R2-001__R1-002__0590.xml,PASS,INFO,R1.D01=SI;R1.D02=NO;R2.D01=SI;R2.D02=SI;R2.D03=SI,MUNICIPIO30622,MUNICIPIO_SIN_CN_TRAB,Si,No,30622,,Regla 2 coherente para validaciones implementadas.
GPA-001__R2-001__R1-002__0591,GPA-001__R2-001__R1-002,02_inputs_xml_flat/GPA-001__R2-001__R1-002__0591.xml,PASS,INFO,R1.D01=SI;R1.D02=NO;R2.D01=SI;R2.D02=SI;R2.D03=SI,MUNICIPIO30623,MUNICIPIO_SIN_CN_TRAB,Si,No,30623,,Regla 2 coherente para validaciones implementadas.
GPA-001__R2-001__R1-002__0592,GPA-001__R2-001__R1-002,02_inputs_xml_flat/GPA-001__R2-001__R1-002__0592.xml,PASS,INFO,R1.D01=SI;R1.D02=NO;R2.D01=SI;R2.D02=SI;R2.D03=SI,MUNICIPIO30621,MUNICIPIO_SIN_CN_TRAB,Si,No,30621,,Regla 2 coherente para validaciones implementadas.
GPA-001__R2-001__R1-002__0593,GPA-001__R2-001__R1-002,02_inputs_xml_flat/GPA-001__R2-001__R1-002__0593.xml,PASS,INFO,R1.D01=SI;R1.D02=NO;R2.D01=SI;R2.D02=SI;R2.D03=SI,MUNICIPIO30622,MUNICIPIO_SIN_CN_TRAB,Si,No,30622,,Regla 2 coherente para validaciones implementadas.
GPA-001__R2-001__R1-002__0594,GPA-001__R2-001__R1-002,02_inputs_xml_flat/GPA-001__R2-001__R1-002__0594.xml,PASS,INFO,R1.D01=SI;R1.D02=NO;R2.D01=SI;R2.D02=SI;R2.D03=SI,MUNICIPIO30623,MUNICIPIO_SIN_CN_TRAB,Si,No,30623,,Regla 2 coherente para validaciones implementadas.
GPA-001__R2-001__R1-002__0595,GPA-001__R2-001__R1-002,02_inputs_xml_flat/GPA-001__R2-001__R1-002__0595.xml,PASS,INFO,R1.D01=SI;R1.D02=NO;R2.D01=SI;R2.D02=SI;R2.D03=SI,MUNICIPIO30621,MUNICIPIO_SIN_CN_TRAB,Si,No,30621,,Regla 2 coherente para validaciones implementadas.
GPA-001__R2-001__R1-002__0596,GPA-001__R2-001__R1-002,02_inputs_xml_flat/GPA-001__R2-001__R1-002__0596.xml,PASS,INFO,R1.D01=SI;R1.D02=NO;R2.D01=SI;R2.D02=SI;R2.D03=SI,MUNICIPIO30622,MUNICIPIO_SIN_CN_TRAB,Si,No,30622,,Regla 2 coherente para validaciones implementadas.
GPA-001__R2-001__R1-002__0597,GPA-001__R2-001__R1-002,02_inputs_xml_flat/GPA-001__R2-001__R1-002__0597.xml,PASS,INFO,R1.D01=SI;R1.D02=NO;R2.D01=SI;R2.D02=SI;R2.D03=SI,MUNICIPIO30623,MUNICIPIO_SIN_CN_TRAB,Si,No,30623,,Regla 2 coherente para validaciones implementadas.
GPA-001__R2-001__R1-002__0598,GPA-001__R2-001__R1-002,02_inputs_xml_flat/GPA-001__R2-001__R1-002__0598.xml,PASS,INFO,R1.D01=SI;R1.D02=NO;R2.D01=SI;R2.D02=SI;R2.D03=SI,MUNICIPIO30621,MUNICIPIO_SIN_CN_TRAB,Si,No,30621,,Regla 2 coherente para validaciones implementadas.
GPA-001__R2-001__R1-002__0599,GPA-001__R2-001__R1-002,02_inputs_xml_flat/GPA-001__R2-001__R1-002__0599.xml,PASS,INFO,R1.D01=SI;R1.D02=NO;R2.D01=SI;R2.D02=SI;R2.D03=SI,MUNICIPIO30622,MUNICIPIO_SIN_CN_TRAB,Si,No,30622,,Regla 2 coherente para validaciones implementadas.
GPA-001__R2-001__R1-002__0600,GPA-001__R2-001__R1-002,02_inputs_xml_flat/GPA-001__R2-001__R1-002__0600.xml,PASS,INFO,R1.D01=SI;R1.D02=NO;R2.D01=SI;R2.D02=SI;R2.D03=SI,MUNICIPIO30623,MUNICIPIO_SIN_CN_TRAB,Si,No,30623,,Regla 2 coherente para validaciones implementadas.
GPA-001__R2-001__R1-002__0601,GPA-001__R2-001__R1-002,02_inputs_xml_flat/GPA-001__R2-001__R1-002__0601.xml,PASS,INFO,R1.D01=SI;R1.D02=NO;R2.D01=SI;R2.D02=SI;R2.D03=SI,MUNICIPIO30621,MUNICIPIO_SIN_CN_TRAB,Si,No,30621,,Regla 2 coherente para validaciones implementadas.
GPA-001__R2-001__R1-002__0602,GPA-001__R2-001__R1-002,02_inputs_xml_flat/GPA-001__R2-001__R1-002__0602.xml,PASS,INFO,R1.D01=SI;R1.D02=NO;R2.D01=SI;R2.D02=SI;R2.D03=SI,MUNICIPIO30622,MUNICIPIO_SIN_CN_TRAB,Si,No,30622,,Regla 2 coherente para validaciones implementadas.
GPA-001__R2-001__R1-002__0603,GPA-001__R2-001__R1-002,02_inputs_xml_flat/GPA-001__R2-001__R1-002__0603.xml,PASS,INFO,R1.D01=SI;R1.D02=NO;R2.D01=SI;R2.D02=SI;R2.D03=SI,MUNICIPIO30623,MUNICIPIO_SIN_CN_TRAB,Si,No,30623,,Regla 2 coherente para validaciones implementadas.
GPA-001__R2-001__R1-002__0604,GPA-001__R2-001__R1-002,02_inputs_xml_flat/GPA-001__R2-001__R1-002__0604.xml,PASS,INFO,R1.D01=SI;R1.D02=NO;R2.D01=SI;R2.D02=SI;R2.D03=SI,MUNICIPIO30621,MUNICIPIO_SIN_CN_TRAB,Si,No,30621,,Regla 2 coherente para validaciones implementadas.
GPA-001__R2-001__R1-002__0605,GPA-001__R2-001__R1-002,02_inputs_xml_flat/GPA-001__R2-001__R1-002__0605.xml,PASS,INFO,R1.D01=SI;R1.D02=NO;R2.D01=SI;R2.D02=SI;R2.D03=SI,MUNICIPIO30622,MUNICIPIO_SIN_CN_TRAB,Si,No,30622,,Regla 2 coherente para validaciones implementadas.
GPA-001__R2-001__R1-002__0606,GPA-001__R2-001__R1-002,02_inputs_xml_flat/GPA-001__R2-001__R1-002__0606.xml,PASS,INFO,R1.D01=SI;R1.D02=NO;R2.D01=SI;R2.D02=SI;R2.D03=SI,MUNICIPIO30623,MUNICIPIO_SIN_CN_TRAB,Si,No,30623,,Regla 2 coherente para validaciones implementadas.
GPA-001__R2-001__R1-002__0607,GPA-001__R2-001__R1-002,02_inputs_xml_flat/GPA-001__R2-001__R1-002__0607.xml,PASS,INFO,R1.D01=SI;R1.D02=NO;R2.D01=SI;R2.D02=SI;R2.D03=SI,MUNICIPIO30621,MUNICIPIO_SIN_CN_TRAB,Si,No,30621,,Regla 2 coherente para validaciones implementadas.
GPA-001__R2-001__R1-002__0608,GPA-001__R2-001__R1-002,02_inputs_xml_flat/GPA-001__R2-001__R1-002__0608.xml,PASS,INFO,R1.D01=SI;R1.D02=NO;R2.D01=SI;R2.D02=SI;R2.D03=SI,MUNICIPIO30622,MUNICIPIO_SIN_CN_TRAB,Si,No,30622,,Regla 2 coherente para validaciones implementadas.
GPA-001__R2-001__R1-002__0609,GPA-001__R2-001__R1-002,02_inputs_xml_flat/GPA-001__R2-001__R1-002__0609.xml,PASS,INFO,R1.D01=SI;R1.D02=NO;R2.D01=SI;R2.D02=SI;R2.D03=SI,MUNICIPIO30623,MUNICIPIO_SIN_CN_TRAB,Si,No,30623,,Regla 2 coherente para validaciones implementadas.
GPA-001__R2-001__R1-002__0610,GPA-001__R2-001__R1-002,02_inputs_xml_flat/GPA-001__R2-001__R1-002__0610.xml,PASS,INFO,R1.D01=SI;R1.D02=NO;R2.D01=SI;R2.D02=SI;R2.D03=SI,MUNICIPIO30621,MUNICIPIO_SIN_CN_TRAB,Si,No,30621,,Regla 2 coherente para validaciones implementadas.
GPA-001__R2-001__R1-002__0611,GPA-001__R2-001__R1-002,02_inputs_xml_flat/GPA-001__R2-001__R1-002__0611.xml,PASS,INFO,R1.D01=SI;R1.D02=NO;R2.D01=SI;R2.D02=SI;R2.D03=SI,MUNICIPIO30622,MUNICIPIO_SIN_CN_TRAB,Si,No,30622,,Regla 2 coherente para validaciones implementadas.
GPA-001__R2-001__R1-002__0612,GPA-001__R2-001__R1-002,02_inputs_xml_flat/GPA-001__R2-001__R1-002__0612.xml,PASS,INFO,R1.D01=SI;R1.D02=NO;R2.D01=SI;R2.D02=SI;R2.D03=SI,MUNICIPIO30623,MUNICIPIO_SIN_CN_TRAB,Si,No,30623,,Regla 2 coherente para validaciones implementadas.
GPA-001__R2-001__R1-002__0613,GPA-001__R2-001__R1-002,02_inputs_xml_flat/GPA-001__R2-001__R1-002__0613.xml,PASS,INFO,R1.D01=SI;R1.D02=NO;R2.D01=SI;R2.D02=SI;R2.D03=SI,MUNICIPIO30621,MUNICIPIO_SIN_CN_TRAB,Si,No,30621,,Regla 2 coherente para validaciones implementadas.
GPA-001__R2-001__R1-002__0614,GPA-001__R2-001__R1-002,02_inputs_xml_flat/GPA-001__R2-001__R1-002__0614.xml,PASS,INFO,R1.D01=SI;R1.D02=NO;R2.D01=SI;R2.D02=SI;R2.D03=SI,MUNICIPIO30622,MUNICIPIO_SIN_CN_TRAB,Si,No,30622,,Regla 2 coherente para validaciones implementadas.
GPA-001__R2-001__R1-002__0615,GPA-001__R2-001__R1-002,02_inputs_xml_flat/GPA-001__R2-001__R1-002__0615.xml,PASS,INFO,R1.D01=SI;R1.D02=NO;R2.D01=SI;R2.D02=SI;R2.D03=SI,MUNICIPIO30623,MUNICIPIO_SIN_CN_TRAB,Si,No,30623,,Regla 2 coherente para validaciones implementadas.
GPA-001__R2-001__R1-002__0616,GPA-001__R2-001__R1-002,02_inputs_xml_flat/GPA-001__R2-001__R1-002__0616.xml,PASS,INFO,R1.D01=SI;R1.D02=NO;R2.D01=SI;R2.D02=SI;R2.D03=SI,MUNICIPIO30621,MUNICIPIO_SIN_CN_TRAB,Si,No,30621,,Regla 2 coherente para validaciones implementadas.
GPA-001__R2-001__R1-002__0617,GPA-001__R2-001__R1-002,02_inputs_xml_flat/GPA-001__R2-001__R1-002__0617.xml,PASS,INFO,R1.D01=SI;R1.D02=NO;R2.D01=SI;R2.D02=SI;R2.D03=SI,MUNICIPIO30622,MUNICIPIO_SIN_CN_TRAB,Si,No,30622,,Regla 2 coherente para validaciones implementadas.
GPA-001__R2-001__R1-002__0618,GPA-001__R2-001__R1-002,02_inputs_xml_flat/GPA-001__R2-001__R1-002__0618.xml,PASS,INFO,R1.D01=SI;R1.D02=NO;R2.D01=SI;R2.D02=SI;R2.D03=SI,MUNICIPIO30623,MUNICIPIO_SIN_CN_TRAB,Si,No,30623,,Regla 2 coherente para validaciones implementadas.
GPA-001__R2-001__R1-002__0619,GPA-001__R2-001__R1-002,02_inputs_xml_flat/GPA-001__R2-001__R1-002__0619.xml,PASS,INFO,R1.D01=SI;R1.D02=NO;R2.D01=SI;R2.D02=SI;R2.D03=SI,MUNICIPIO30621,MUNICIPIO_SIN_CN_TRAB,Si,No,30621,,Regla 2 coherente para validaciones implementadas.
GPA-001__R2-001__R1-002__0620,GPA-001__R2-001__R1-002,02_inputs_xml_flat/GPA-001__R2-001__R1-002__0620.xml,PASS,INFO,R1.D01=SI;R1.D02=NO;R2.D01=SI;R2.D02=SI;R2.D03=SI,MUNICIPIO30622,MUNICIPIO_SIN_CN_TRAB,Si,No,30622,,Regla 2 coherente para validaciones implementadas.
GPA-001__R2-001__R1-002__0621,GPA-001__R2-001__R1-002,02_inputs_xml_flat/GPA-001__R2-001__R1-002__0621.xml,PASS,INFO,R1.D01=SI;R1.D02=NO;R2.D01=SI;R2.D02=SI;R2.D03=SI,MUNICIPIO30623,MUNICIPIO_SIN_CN_TRAB,Si,No,30623,,Regla 2 coherente para validaciones implementadas.
GPA-001__R2-001__R1-002__0622,GPA-001__R2-001__R1-002,02_inputs_xml_flat/GPA-001__R2-001__R1-002__0622.xml,PASS,INFO,R1.D01=SI;R1.D02=NO;R2.D01=SI;R2.D02=SI;R2.D03=SI,MUNICIPIO30621,MUNICIPIO_SIN_CN_TRAB,Si,No,30621,,Regla 2 coherente para validaciones implementadas.
GPA-001__R2-001__R1-002__0623,GPA-001__R2-001__R1-002,02_inputs_xml_flat/GPA-001__R2-001__R1-002__0623.xml,PASS,INFO,R1.D01=SI;R1.D02=NO;R2.D01=SI;R2.D02=SI;R2.D03=SI,MUNICIPIO30622,MUNICIPIO_SIN_CN_TRAB,Si,No,30622,,Regla 2 coherente para validaciones implementadas.
GPA-001__R2-001__R1-002__0624,GPA-001__R2-001__R1-002,02_inputs_xml_flat/GPA-001__R2-001__R1-002__0624.xml,PASS,INFO,R1.D01=SI;R1.D02=NO;R2.D01=SI;R2.D02=SI;R2.D03=SI,MUNICIPIO30623,MUNICIPIO_SIN_CN_TRAB,Si,No,30623,,Regla 2 coherente para validaciones implementadas.
GPA-001__R2-001__R1-002__0625,GPA-001__R2-001__R1-002,02_inputs_xml_flat/GPA-001__R2-001__R1-002__0625.xml,PASS,INFO,R1.D01=SI;R1.D02=NO;R2.D01=SI;R2.D02=SI;R2.D03=SI,MUNICIPIO30621,MUNICIPIO_SIN_CN_TRAB,Si,No,30621,,Regla 2 coherente para validaciones implementadas.
GPA-001__R2-001__R1-002__0626,GPA-001__R2-001__R1-002,02_inputs_xml_flat/GPA-001__R2-001__R1-002__0626.xml,PASS,INFO,R1.D01=SI;R1.D02=NO;R2.D01=SI;R2.D02=SI;R2.D03=SI,MUNICIPIO30622,MUNICIPIO_SIN_CN_TRAB,Si,No,30622,,Regla 2 coherente para validaciones implementadas.
GPA-001__R2-001__R1-002__0627,GPA-001__R2-001__R1-002,02_inputs_xml_flat/GPA-001__R2-001__R1-002__0627.xml,PASS,INFO,R1.D01=SI;R1.D02=NO;R2.D01=SI;R2.D02=SI;R2.D03=SI,MUNICIPIO30623,MUNICIPIO_SIN_CN_TRAB,Si,No,30623,,Regla 2 coherente para validaciones implementadas.
GPA-001__R2-001__R1-002__0628,GPA-001__R2-001__R1-002,02_inputs_xml_flat/GPA-001__R2-001__R1-002__0628.xml,PASS,INFO,R1.D01=SI;R1.D02=NO;R2.D01=SI;R2.D02=SI;R2.D03=SI,MUNICIPIO30621,MUNICIPIO_SIN_CN_TRAB,Si,No,30621,,Regla 2 coherente para validaciones implementadas.
GPA-001__R2-001__R1-002__0629,GPA-001__R2-001__R1-002,02_inputs_xml_flat/GPA-001__R2-001__R1-002__0629.xml,PASS,INFO,R1.D01=SI;R1.D02=NO;R2.D01=SI;R2.D02=SI;R2.D03=SI,MUNICIPIO30622,MUNICIPIO_SIN_CN_TRAB,Si,No,30622,,Regla 2 coherente para validaciones implementadas.
GPA-001__R2-001__R1-002__0630,GPA-001__R2-001__R1-002,02_inputs_xml_flat/GPA-001__R2-001__R1-002__0630.xml,PASS,INFO,R1.D01=SI;R1.D02=NO;R2.D01=SI;R2.D02=SI;R2.D03=SI,MUNICIPIO30623,MUNICIPIO_SIN_CN_TRAB,Si,No,30623,,Regla 2 coherente para validaciones implementadas.
GPA-001__R2-001__R1-002__0631,GPA-001__R2-001__R1-002,02_inputs_xml_flat/GPA-001__R2-001__R1-002__0631.xml,PASS,INFO,R1.D01=SI;R1.D02=NO;R2.D01=SI;R2.D02=SI;R2.D03=SI,MUNICIPIO30621,MUNICIPIO_SIN_CN_TRAB,Si,No,30621,,Regla 2 coherente para validaciones implementadas.
GPA-001__R2-001__R1-002__0632,GPA-001__R2-001__R1-002,02_inputs_xml_flat/GPA-001__R2-001__R1-002__0632.xml,PASS,INFO,R1.D01=SI;R1.D02=NO;R2.D01=SI;R2.D02=SI;R2.D03=SI,MUNICIPIO30622,MUNICIPIO_SIN_CN_TRAB,Si,No,30622,,Regla 2 coherente para validaciones implementadas.
GPA-001__R2-001__R1-002__0633,GPA-001__R2-001__R1-002,02_inputs_xml_flat/GPA-001__R2-001__R1-002__0633.xml,PASS,INFO,R1.D01=SI;R1.D02=NO;R2.D01=SI;R2.D02=SI;R2.D03=SI,MUNICIPIO30623,MUNICIPIO_SIN_CN_TRAB,Si,No,30623,,Regla 2 coherente para validaciones implementadas.
GPA-001__R2-001__R1-002__0634,GPA-001__R2-001__R1-002,02_inputs_xml_flat/GPA-001__R2-001__R1-002__0634.xml,PASS,INFO,R1.D01=SI;R1.D02=NO;R2.D01=SI;R2.D02=SI;R2.D03=SI,MUNICIPIO30621,MUNICIPIO_SIN_CN_TRAB,Si,No,30621,,Regla 2 coherente para validaciones implementadas.
GPA-001__R2-001__R1-002__0635,GPA-001__R2-001__R1-002,02_inputs_xml_flat/GPA-001__R2-001__R1-002__0635.xml,PASS,INFO,R1.D01=SI;R1.D02=NO;R2.D01=SI;R2.D02=SI;R2.D03=SI,MUNICIPIO30622,MUNICIPIO_SIN_CN_TRAB,Si,No,30622,,Regla 2 coherente para validaciones implementadas.
GPA-001__R2-001__R1-002__0636,GPA-001__R2-001__R1-002,02_inputs_xml_flat/GPA-001__R2-001__R1-002__0636.xml,PASS,INFO,R1.D01=SI;R1.D02=NO;R2.D01=SI;R2.D02=SI;R2.D03=SI,MUNICIPIO30623,MUNICIPIO_SIN_CN_TRAB,Si,No,30623,,Regla 2 coherente para validaciones implementadas.
GPA-001__R2-001__R1-002__0637,GPA-001__R2-001__R1-002,02_inputs_xml_flat/GPA-001__R2-001__R1-002__0637.xml,PASS,INFO,R1.D01=SI;R1.D02=NO;R2.D01=SI;R2.D02=SI;R2.D03=SI,MUNICIPIO30621,MUNICIPIO_SIN_CN_TRAB,Si,No,30621,,Regla 2 coherente para validaciones implementadas.
GPA-001__R2-001__R1-002__0638,GPA-001__R2-001__R1-002,02_inputs_xml_flat/GPA-001__R2-001__R1-002__0638.xml,PASS,INFO,R1.D01=SI;R1.D02=NO;R2.D01=SI;R2.D02=SI;R2.D03=SI,MUNICIPIO30622,MUNICIPIO_SIN_CN_TRAB,Si,No,30622,,Regla 2 coherente para validaciones implementadas.
GPA-001__R2-001__R1-002__0639,GPA-001__R2-001__R1-002,02_inputs_xml_flat/GPA-001__R2-001__R1-002__0639.xml,PASS,INFO,R1.D01=SI;R1.D02=NO;R2.D01=SI;R2.D02=SI;R2.D03=SI,MUNICIPIO30623,MUNICIPIO_SIN_CN_TRAB,Si,No,30623,,Regla 2 coherente para validaciones implementadas.
GPA-001__R2-001__R1-002__0640,GPA-001__R2-001__R1-002,02_inputs_xml_flat/GPA-001__R2-001__R1-002__0640.xml,PASS,INFO,R1.D01=SI;R1.D02=NO;R2.D01=SI;R2.D02=SI;R2.D03=SI,MUNICIPIO30621,MUNICIPIO_SIN_CN_TRAB,Si,No,30621,,Regla 2 coherente para validaciones implementadas.
GPA-001__R2-001__R1-002__0641,GPA-001__R2-001__R1-002,02_inputs_xml_flat/GPA-001__R2-001__R1-002__0641.xml,PASS,INFO,R1.D01=SI;R1.D02=NO;R2.D01=SI;R2.D02=SI;R2.D03=SI,MUNICIPIO30622,MUNICIPIO_SIN_CN_TRAB,Si,No,30622,,Regla 2 coherente para validaciones implementadas.
GPA-001__R2-001__R1-002__0642,GPA-001__R2-001__R1-002,02_inputs_xml_flat/GPA-001__R2-001__R1-002__0642.xml,PASS,INFO,R1.D01=SI;R1.D02=NO;R2.D01=SI;R2.D02=SI;R2.D03=SI,MUNICIPIO30623,MUNICIPIO_SIN_CN_TRAB,Si,No,30623,,Regla 2 coherente para validaciones implementadas.
GPA-001__R2-001__R1-002__0643,GPA-001__R2-001__R1-002,02_inputs_xml_flat/GPA-001__R2-001__R1-002__0643.xml,PASS,INFO,R1.D01=SI;R1.D02=NO;R2.D01=SI;R2.D02=SI;R2.D03=SI,MUNICIPIO30621,MUNICIPIO_SIN_CN_TRAB,Si,No,30621,,Regla 2 coherente para validaciones implementadas.
GPA-001__R2-001__R1-002__0644,GPA-001__R2-001__R1-002,02_inputs_xml_flat/GPA-001__R2-001__R1-002__0644.xml,PASS,INFO,R1.D01=SI;R1.D02=NO;R2.D01=SI;R2.D02=SI;R2.D03=SI,MUNICIPIO30622,MUNICIPIO_SIN_CN_TRAB,Si,No,30622,,Regla 2 coherente para validaciones implementadas.
GPA-001__R2-001__R1-002__0645,GPA-001__R2-001__R1-002,02_inputs_xml_flat/GPA-001__R2-001__R1-002__0645.xml,PASS,INFO,R1.D01=SI;R1.D02=NO;R2.D01=SI;R2.D02=SI;R2.D03=SI,MUNICIPIO30623,MUNICIPIO_SIN_CN_TRAB,Si,No,30623,,Regla 2 coherente para validaciones implementadas.
GPA-001__R2-001__R1-002__0646,GPA-001__R2-001__R1-002,02_inputs_xml_flat/GPA-001__R2-001__R1-002__0646.xml,PASS,INFO,R1.D01=SI;R1.D02=NO;R2.D01=SI;R2.D02=SI;R2.D03=SI,MUNICIPIO30621,MUNICIPIO_SIN_CN_TRAB,Si,No,30621,,Regla 2 coherente para validaciones implementadas.
GPA-001__R2-001__R1-002__0647,GPA-001__R2-001__R1-002,02_inputs_xml_flat/GPA-001__R2-001__R1-002__0647.xml,PASS,INFO,R1.D01=SI;R1.D02=NO;R2.D01=SI;R2.D02=SI;R2.D03=SI,MUNICIPIO30622,MUNICIPIO_SIN_CN_TRAB,Si,No,30622,,Regla 2 coherente para validaciones implementadas.
GPA-001__R2-001__R1-002__0648,GPA-001__R2-001__R1-002,02_inputs_xml_flat/GPA-001__R2-001__R1-002__0648.xml,PASS,INFO,R1.D01=SI;R1.D02=NO;R2.D01=SI;R2.D02=SI;R2.D03=SI,MUNICIPIO30623,MUNICIPIO_SIN_CN_TRAB,Si,No,30623,,Regla 2 coherente para validaciones implementadas.
GPA-001__R2-001__R1-002__0649,GPA-001__R2-001__R1-002,02_inputs_xml_flat/GPA-001__R2-001__R1-002__0649.xml,PASS,INFO,R1.D01=SI;R1.D02=NO;R2.D01=SI;R2.D02=SI;R2.D03=SI,MUNICIPIO30621,MUNICIPIO_SIN_CN_TRAB,Si,No,30621,,Regla 2 coherente para validaciones implementadas.
GPA-001__R2-001__R1-002__0650,GPA-001__R2-001__R1-002,02_inputs_xml_flat/GPA-001__R2-001__R1-002__0650.xml,PASS,INFO,R1.D01=SI;R1.D02=NO;R2.D01=SI;R2.D02=SI;R2.D03=SI,MUNICIPIO30622,MUNICIPIO_SIN_CN_TRAB,Si,No,30622,,Regla 2 coherente para validaciones implementadas.
GPA-001__R2-001__R1-002__0651,GPA-001__R2-001__R1-002,02_inputs_xml_flat/GPA-001__R2-001__R1-002__0651.xml,PASS,INFO,R1.D01=SI;R1.D02=NO;R2.D01=SI;R2.D02=SI;R2.D03=SI,MUNICIPIO30623,MUNICIPIO_SIN_CN_TRAB,Si,No,30623,,Regla 2 coherente para validaciones implementadas.
GPA-001__R2-001__R1-002__0652,GPA-001__R2-001__R1-002,02_inputs_xml_flat/GPA-001__R2-001__R1-002__0652.xml,PASS,INFO,R1.D01=SI;R1.D02=NO;R2.D01=SI;R2.D02=SI;R2.D03=SI,MUNICIPIO30621,MUNICIPIO_SIN_CN_TRAB,Si,No,30621,,Regla 2 coherente para validaciones implementadas.
GPA-001__R2-001__R1-002__0653,GPA-001__R2-001__R1-002,02_inputs_xml_flat/GPA-001__R2-001__R1-002__0653.xml,PASS,INFO,R1.D01=SI;R1.D02=NO;R2.D01=SI;R2.D02=SI;R2.D03=SI,MUNICIPIO30622,MUNICIPIO_SIN_CN_TRAB,Si,No,30622,,Regla 2 coherente para validaciones implementadas.
GPA-001__R2-001__R1-002__0654,GPA-001__R2-001__R1-002,02_inputs_xml_flat/GPA-001__R2-001__R1-002__0654.xml,PASS,INFO,R1.D01=SI;R1.D02=NO;R2.D01=SI;R2.D02=SI;R2.D03=SI,MUNICIPIO30623,MUNICIPIO_SIN_CN_TRAB,Si,No,30623,,Regla 2 coherente para validaciones implementadas.
GPA-001__R2-001__R1-002__0655,GPA-001__R2-001__R1-002,02_inputs_xml_flat/GPA-001__R2-001__R1-002__0655.xml,PASS,INFO,R1.D01=SI;R1.D02=NO;R2.D01=SI;R2.D02=SI;R2.D03=SI,MUNICIPIO30621,MUNICIPIO_SIN_CN_TRAB,Si,No,30621,,Regla 2 coherente para validaciones implementadas.
GPA-001__R2-001__R1-002__0656,GPA-001__R2-001__R1-002,02_inputs_xml_flat/GPA-001__R2-001__R1-002__0656.xml,PASS,INFO,R1.D01=SI;R1.D02=NO;R2.D01=SI;R2.D02=SI;R2.D03=SI,MUNICIPIO30622,MUNICIPIO_SIN_CN_TRAB,Si,No,30622,,Regla 2 coherente para validaciones implementadas.
GPA-001__R2-001__R1-002__0657,GPA-001__R2-001__R1-002,02_inputs_xml_flat/GPA-001__R2-001__R1-002__0657.xml,PASS,INFO,R1.D01=SI;R1.D02=NO;R2.D01=SI;R2.D02=SI;R2.D03=SI,MUNICIPIO30623,MUNICIPIO_SIN_CN_TRAB,Si,No,30623,,Regla 2 coherente para validaciones implementadas.
GPA-001__R2-001__R1-002__0658,GPA-001__R2-001__R1-002,02_inputs_xml_flat/GPA-001__R2-001__R1-002__0658.xml,PASS,INFO,R1.D01=SI;R1.D02=NO;R2.D01=SI;R2.D02=SI;R2.D03=SI,MUNICIPIO30621,MUNICIPIO_SIN_CN_TRAB,Si,No,30621,,Regla 2 coherente para validaciones implementadas.
GPA-001__R2-001__R1-002__0659,GPA-001__R2-001__R1-002,02_inputs_xml_flat/GPA-001__R2-001__R1-002__0659.xml,PASS,INFO,R1.D01=SI;R1.D02=NO;R2.D01=SI;R2.D02=SI;R2.D03=SI,MUNICIPIO30622,MUNICIPIO_SIN_CN_TRAB,Si,No,30622,,Regla 2 coherente para validaciones implementadas.
GPA-001__R2-001__R1-002__0660,GPA-001__R2-001__R1-002,02_inputs_xml_flat/GPA-001__R2-001__R1-002__0660.xml,PASS,INFO,R1.D01=SI;R1.D02=NO;R2.D01=SI;R2.D02=SI;R2.D03=SI,MUNICIPIO30623,MUNICIPIO_SIN_CN_TRAB,Si,No,30623,,Regla 2 coherente para validaciones implementadas.
GPA-001__R2-001__R1-002__0661,GPA-001__R2-001__R1-002,02_inputs_xml_flat/GPA-001__R2-001__R1-002__0661.xml,PASS,INFO,R1.D01=SI;R1.D02=NO;R2.D01=SI;R2.D02=SI;R2.D03=SI,MUNICIPIO30621,MUNICIPIO_SIN_CN_TRAB,Si,No,30621,,Regla 2 coherente para validaciones implementadas.
GPA-001__R2-001__R1-002__0662,GPA-001__R2-001__R1-002,02_inputs_xml_flat/GPA-001__R2-001__R1-002__0662.xml,PASS,INFO,R1.D01=SI;R1.D02=NO;R2.D01=SI;R2.D02=SI;R2.D03=SI,MUNICIPIO30622,MUNICIPIO_SIN_CN_TRAB,Si,No,30622,,Regla 2 coherente para validaciones implementadas.
GPA-001__R2-001__R1-002__0663,GPA-001__R2-001__R1-002,02_inputs_xml_flat/GPA-001__R2-001__R1-002__0663.xml,PASS,INFO,R1.D01=SI;R1.D02=NO;R2.D01=SI;R2.D02=SI;R2.D03=SI,MUNICIPIO30623,MUNICIPIO_SIN_CN_TRAB,Si,No,30623,,Regla 2 coherente para validaciones implementadas.
GPA-001__R2-001__R1-002__0664,GPA-001__R2-001__R1-002,02_inputs_xml_flat/GPA-001__R2-001__R1-002__0664.xml,PASS,INFO,R1.D01=SI;R1.D02=NO;R2.D01=SI;R2.D02=SI;R2.D03=SI,MUNICIPIO30621,MUNICIPIO_SIN_CN_TRAB,Si,No,30621,,Regla 2 coherente para validaciones implementadas.
GPA-001__R2-001__R1-002__0665,GPA-001__R2-001__R1-002,02_inputs_xml_flat/GPA-001__R2-001__R1-002__0665.xml,PASS,INFO,R1.D01=SI;R1.D02=NO;R2.D01=SI;R2.D02=SI;R2.D03=SI,MUNICIPIO30622,MUNICIPIO_SIN_CN_TRAB,Si,No,30622,,Regla 2 coherente para validaciones implementadas.
GPA-001__R2-001__R1-002__0666,GPA-001__R2-001__R1-002,02_inputs_xml_flat/GPA-001__R2-001__R1-002__0666.xml,PASS,INFO,R1.D01=SI;R1.D02=NO;R2.D01=SI;R2.D02=SI;R2.D03=SI,MUNICIPIO30623,MUNICIPIO_SIN_CN_TRAB,Si,No,30623,,Regla 2 coherente para validaciones implementadas.
GPA-001__R2-001__R1-002__0667,GPA-001__R2-001__R1-002,02_inputs_xml_flat/GPA-001__R2-001__R1-002__0667.xml,PASS,INFO,R1.D01=SI;R1.D02=NO;R2.D01=SI;R2.D02=SI;R2.D03=SI,MUNICIPIO30621,MUNICIPIO_SIN_CN_TRAB,Si,No,30621,,Regla 2 coherente para validaciones implementadas.
GPA-001__R2-001__R1-002__0668,GPA-001__R2-001__R1-002,02_inputs_xml_flat/GPA-001__R2-001__R1-002__0668.xml,PASS,INFO,R1.D01=SI;R1.D02=NO;R2.D01=SI;R2.D02=SI;R2.D03=SI,MUNICIPIO30622,MUNICIPIO_SIN_CN_TRAB,Si,No,30622,,Regla 2 coherente para validaciones implementadas.
GPA-001__R2-001__R1-002__0669,GPA-001__R2-001__R1-002,02_inputs_xml_flat/GPA-001__R2-001__R1-002__0669.xml,PASS,INFO,R1.D01=SI;R1.D02=NO;R2.D01=SI;R2.D02=SI;R2.D03=SI,MUNICIPIO30623,MUNICIPIO_SIN_CN_TRAB,Si,No,30623,,Regla 2 coherente para validaciones implementadas.
GPA-001__R2-001__R1-002__0670,GPA-001__R2-001__R1-002,02_inputs_xml_flat/GPA-001__R2-001__R1-002__0670.xml,PASS,INFO,R1.D01=SI;R1.D02=NO;R2.D01=SI;R2.D02=SI;R2.D03=SI,MUNICIPIO30621,MUNICIPIO_SIN_CN_TRAB,Si,No,30621,,Regla 2 coherente para validaciones implementadas.
GPA-001__R2-001__R1-002__0671,GPA-001__R2-001__R1-002,02_inputs_xml_flat/GPA-001__R2-001__R1-002__0671.xml,PASS,INFO,R1.D01=SI;R1.D02=NO;R2.D01=SI;R2.D02=SI;R2.D03=SI,MUNICIPIO30622,MUNICIPIO_SIN_CN_TRAB,Si,No,30622,,Regla 2 coherente para validaciones implementadas.
GPA-001__R2-001__R1-002__0672,GPA-001__R2-001__R1-002,02_inputs_xml_flat/GPA-001__R2-001__R1-002__0672.xml,PASS,INFO,R1.D01=SI;R1.D02=NO;R2.D01=SI;R2.D02=SI;R2.D03=SI,MUNICIPIO30623,MUNICIPIO_SIN_CN_TRAB,Si,No,30623,,Regla 2 coherente para validaciones implementadas.
GPA-001__R2-001__R1-002__0673,GPA-001__R2-001__R1-002,02_inputs_xml_flat/GPA-001__R2-001__R1-002__0673.xml,PASS,INFO,R1.D01=SI;R1.D02=NO;R2.D01=SI;R2.D02=SI;R2.D03=SI,MUNICIPIO30621,MUNICIPIO_SIN_CN_TRAB,Si,No,30621,,Regla 2 coherente para validaciones implementadas.
GPA-001__R2-001__R1-002__0674,GPA-001__R2-001__R1-002,02_inputs_xml_flat/GPA-001__R2-001__R1-002__0674.xml,PASS,INFO,R1.D01=SI;R1.D02=NO;R2.D01=SI;R2.D02=SI;R2.D03=SI,MUNICIPIO30622,MUNICIPIO_SIN_CN_TRAB,Si,No,30622,,Regla 2 coherente para validaciones implementadas.
GPA-001__R2-001__R1-002__0675,GPA-001__R2-001__R1-002,02_inputs_xml_flat/GPA-001__R2-001__R1-002__0675.xml,PASS,INFO,R1.D01=SI;R1.D02=NO;R2.D01=SI;R2.D02=SI;R2.D03=SI,MUNICIPIO30623,MUNICIPIO_SIN_CN_TRAB,Si,No,30623,,Regla 2 coherente para validaciones implementadas.
GPA-001__R2-001__R1-002__0676,GPA-001__R2-001__R1-002,02_inputs_xml_flat/GPA-001__R2-001__R1-002__0676.xml,PASS,INFO,R1.D01=SI;R1.D02=NO;R2.D01=SI;R2.D02=SI;R2.D03=SI,MUNICIPIO30621,MUNICIPIO_SIN_CN_TRAB,Si,No,30621,,Regla 2 coherente para validaciones implementadas.
GPA-001__R2-001__R1-002__0677,GPA-001__R2-001__R1-002,02_inputs_xml_flat/GPA-001__R2-001__R1-002__0677.xml,PASS,INFO,R1.D01=SI;R1.D02=NO;R2.D01=SI;R2.D02=SI;R2.D03=SI,MUNICIPIO30622,MUNICIPIO_SIN_CN_TRAB,Si,No,30622,,Regla 2 coherente para validaciones implementadas.
GPA-001__R2-001__R1-002__0678,GPA-001__R2-001__R1-002,02_inputs_xml_flat/GPA-001__R2-001__R1-002__0678.xml,PASS,INFO,R1.D01=SI;R1.D02=NO;R2.D01=SI;R2.D02=SI;R2.D03=SI,MUNICIPIO30623,MUNICIPIO_SIN_CN_TRAB,Si,No,30623,,Regla 2 coherente para validaciones implementadas.
GPA-001__R2-001__R1-002__0679,GPA-001__R2-001__R1-002,02_inputs_xml_flat/GPA-001__R2-001__R1-002__0679.xml,PASS,INFO,R1.D01=SI;R1.D02=NO;R2.D01=SI;R2.D02=SI;R2.D03=SI,MUNICIPIO30621,MUNICIPIO_SIN_CN_TRAB,Si,No,30621,,Regla 2 coherente para validaciones implementadas.
GPA-001__R2-001__R1-002__0680,GPA-001__R2-001__R1-002,02_inputs_xml_flat/GPA-001__R2-001__R1-002__0680.xml,PASS,INFO,R1.D01=SI;R1.D02=NO;R2.D01=SI;R2.D02=SI;R2.D03=SI,MUNICIPIO30622,MUNICIPIO_SIN_CN_TRAB,Si,No,30622,,Regla 2 coherente para validaciones implementadas.
GPA-001__R2-001__R1-002__0681,GPA-001__R2-001__R1-002,02_inputs_xml_flat/GPA-001__R2-001__R1-002__0681.xml,PASS,INFO,R1.D01=SI;R1.D02=NO;R2.D01=SI;R2.D02=SI;R2.D03=SI,MUNICIPIO30623,MUNICIPIO_SIN_CN_TRAB,Si,No,30623,,Regla 2 coherente para validaciones implementadas.
GPA-001__R2-001__R1-002__0682,GPA-001__R2-001__R1-002,02_inputs_xml_flat/GPA-001__R2-001__R1-002__0682.xml,PASS,INFO,R1.D01=SI;R1.D02=NO;R2.D01=SI;R2.D02=SI;R2.D03=SI,MUNICIPIO30621,MUNICIPIO_SIN_CN_TRAB,Si,No,30621,,Regla 2 coherente para validaciones implementadas.
GPA-001__R2-001__R1-002__0683,GPA-001__R2-001__R1-002,02_inputs_xml_flat/GPA-001__R2-001__R1-002__0683.xml,PASS,INFO,R1.D01=SI;R1.D02=NO;R2.D01=SI;R2.D02=SI;R2.D03=SI,MUNICIPIO30622,MUNICIPIO_SIN_CN_TRAB,Si,No,30622,,Regla 2 coherente para validaciones implementadas.
GPA-001__R2-001__R1-002__0684,GPA-001__R2-001__R1-002,02_inputs_xml_flat/GPA-001__R2-001__R1-002__0684.xml,PASS,INFO,R1.D01=SI;R1.D02=NO;R2.D01=SI;R2.D02=SI;R2.D03=SI,MUNICIPIO30623,MUNICIPIO_SIN_CN_TRAB,Si,No,30623,,Regla 2 coherente para validaciones implementadas.
GPA-001__R2-001__R1-002__0685,GPA-001__R2-001__R1-002,02_inputs_xml_flat/GPA-001__R2-001__R1-002__0685.xml,PASS,INFO,R1.D01=SI;R1.D02=NO;R2.D01=SI;R2.D02=SI;R2.D03=SI,MUNICIPIO30621,MUNICIPIO_SIN_CN_TRAB,Si,No,30621,,Regla 2 coherente para validaciones implementadas.
GPA-001__R2-001__R1-002__0686,GPA-001__R2-001__R1-002,02_inputs_xml_flat/GPA-001__R2-001__R1-002__0686.xml,PASS,INFO,R1.D01=SI;R1.D02=NO;R2.D01=SI;R2.D02=SI;R2.D03=SI,MUNICIPIO30622,MUNICIPIO_SIN_CN_TRAB,Si,No,30622,,Regla 2 coherente para validaciones implementadas.
GPA-001__R2-001__R1-002__0687,GPA-001__R2-001__R1-002,02_inputs_xml_flat/GPA-001__R2-001__R1-002__0687.xml,PASS,INFO,R1.D01=SI;R1.D02=NO;R2.D01=SI;R2.D02=SI;R2.D03=SI,MUNICIPIO30623,MUNICIPIO_SIN_CN_TRAB,Si,No,30623,,Regla 2 coherente para validaciones implementadas.
GPA-001__R2-001__R1-002__0688,GPA-001__R2-001__R1-002,02_inputs_xml_flat/GPA-001__R2-001__R1-002__0688.xml,PASS,INFO,R1.D01=SI;R1.D02=NO;R2.D01=SI;R2.D02=SI;R2.D03=SI,MUNICIPIO30621,MUNICIPIO_SIN_CN_TRAB,Si,No,30621,,Regla 2 coherente para validaciones implementadas.
GPA-001__R2-001__R1-002__0689,GPA-001__R2-001__R1-002,02_inputs_xml_flat/GPA-001__R2-001__R1-002__0689.xml,PASS,INFO,R1.D01=SI;R1.D02=NO;R2.D01=SI;R2.D02=SI;R2.D03=SI,MUNICIPIO30622,MUNICIPIO_SIN_CN_TRAB,Si,No,30622,,Regla 2 coherente para validaciones implementadas.
GPA-001__R2-001__R1-002__0690,GPA-001__R2-001__R1-002,02_inputs_xml_flat/GPA-001__R2-001__R1-002__0690.xml,PASS,INFO,R1.D01=SI;R1.D02=NO;R2.D01=SI;R2.D02=SI;R2.D03=SI,MUNICIPIO30623,MUNICIPIO_SIN_CN_TRAB,Si,No,30623,,Regla 2 coherente para validaciones implementadas.
GPA-001__R2-001__R1-002__0691,GPA-001__R2-001__R1-002,02_inputs_xml_flat/GPA-001__R2-001__R1-002__0691.xml,PASS,INFO,R1.D01=SI;R1.D02=NO;R2.D01=SI;R2.D02=SI;R2.D03=SI,MUNICIPIO30621,MUNICIPIO_SIN_CN_TRAB,Si,No,30621,,Regla 2 coherente para validaciones implementadas.
GPA-001__R2-001__R1-002__0692,GPA-001__R2-001__R1-002,02_inputs_xml_flat/GPA-001__R2-001__R1-002__0692.xml,PASS,INFO,R1.D01=SI;R1.D02=NO;R2.D01=SI;R2.D02=SI;R2.D03=SI,MUNICIPIO30622,MUNICIPIO_SIN_CN_TRAB,Si,No,30622,,Regla 2 coherente para validaciones implementadas.
GPA-001__R2-001__R1-002__0693,GPA-001__R2-001__R1-002,02_inputs_xml_flat/GPA-001__R2-001__R1-002__0693.xml,PASS,INFO,R1.D01=SI;R1.D02=NO;R2.D01=SI;R2.D02=SI;R2.D03=SI,MUNICIPIO30623,MUNICIPIO_SIN_CN_TRAB,Si,No,30623,,Regla 2 coherente para validaciones implementadas.
GPA-001__R2-001__R1-002__0694,GPA-001__R2-001__R1-002,02_inputs_xml_flat/GPA-001__R2-001__R1-002__0694.xml,PASS,INFO,R1.D01=SI;R1.D02=NO;R2.D01=SI;R2.D02=SI;R2.D03=SI,MUNICIPIO30621,MUNICIPIO_SIN_CN_TRAB,Si,No,30621,,Regla 2 coherente para validaciones implementadas.
GPA-001__R2-001__R1-002__0695,GPA-001__R2-001__R1-002,02_inputs_xml_flat/GPA-001__R2-001__R1-002__0695.xml,PASS,INFO,R1.D01=SI;R1.D02=NO;R2.D01=SI;R2.D02=SI;R2.D03=SI,MUNICIPIO30622,MUNICIPIO_SIN_CN_TRAB,Si,No,30622,,Regla 2 coherente para validaciones implementadas.
GPA-001__R2-001__R1-002__0696,GPA-001__R2-001__R1-002,02_inputs_xml_flat/GPA-001__R2-001__R1-002__0696.xml,PASS,INFO,R1.D01=SI;R1.D02=NO;R2.D01=SI;R2.D02=SI;R2.D03=SI,MUNICIPIO30623,MUNICIPIO_SIN_CN_TRAB,Si,No,30623,,Regla 2 coherente para validaciones implementadas.
GPA-001__R2-001__R1-002__0697,GPA-001__R2-001__R1-002,02_inputs_xml_flat/GPA-001__R2-001__R1-002__0697.xml,PASS,INFO,R1.D01=SI;R1.D02=NO;R2.D01=SI;R2.D02=SI;R2.D03=SI,MUNICIPIO30621,MUNICIPIO_SIN_CN_TRAB,Si,No,30621,,Regla 2 coherente para validaciones implementadas.
GPA-001__R2-001__R1-002__0698,GPA-001__R2-001__R1-002,02_inputs_xml_flat/GPA-001__R2-001__R1-002__0698.xml,PASS,INFO,R1.D01=SI;R1.D02=NO;R2.D01=SI;R2.D02=SI;R2.D03=SI,MUNICIPIO30622,MUNICIPIO_SIN_CN_TRAB,Si,No,30622,,Regla 2 coherente para validaciones implementadas.
GPA-001__R2-001__R1-002__0699,GPA-001__R2-001__R1-002,02_inputs_xml_flat/GPA-001__R2-001__R1-002__0699.xml,PASS,INFO,R1.D01=SI;R1.D02=NO;R2.D01=SI;R2.D02=SI;R2.D03=SI,MUNICIPIO30623,MUNICIPIO_SIN_CN_TRAB,Si,No,30623,,Regla 2 coherente para validaciones implementadas.
GPA-001__R2-001__R1-002__0700,GPA-001__R2-001__R1-002,02_inputs_xml_flat/GPA-001__R2-001__R1-002__0700.xml,PASS,INFO,R1.D01=SI;R1.D02=NO;R2.D01=SI;R2.D02=SI;R2.D03=SI,MUNICIPIO30621,MUNICIPIO_SIN_CN_TRAB,Si,No,30621,,Regla 2 coherente para validaciones implementadas.
GPA-001__R2-001__R1-002__0701,GPA-001__R2-001__R1-002,02_inputs_xml_flat/GPA-001__R2-001__R1-002__0701.xml,PASS,INFO,R1.D01=SI;R1.D02=NO;R2.D01=SI;R2.D02=SI;R2.D03=SI,MUNICIPIO30622,MUNICIPIO_SIN_CN_TRAB,Si,No,30622,,Regla 2 coherente para validaciones implementadas.
GPA-001__R2-001__R1-002__0702,GPA-001__R2-001__R1-002,02_inputs_xml_flat/GPA-001__R2-001__R1-002__0702.xml,PASS,INFO,R1.D01=SI;R1.D02=NO;R2.D01=SI;R2.D02=SI;R2.D03=SI,MUNICIPIO30623,MUNICIPIO_SIN_CN_TRAB,Si,No,30623,,Regla 2 coherente para validaciones implementadas.
GPA-001__R2-001__R1-002__0703,GPA-001__R2-001__R1-002,02_inputs_xml_flat/GPA-001__R2-001__R1-002__0703.xml,PASS,INFO,R1.D01=SI;R1.D02=NO;R2.D01=SI;R2.D02=SI;R2.D03=SI,MUNICIPIO30621,MUNICIPIO_SIN_CN_TRAB,Si,No,30621,,Regla 2 coherente para validaciones implementadas.
GPA-001__R2-001__R1-002__0704,GPA-001__R2-001__R1-002,02_inputs_xml_flat/GPA-001__R2-001__R1-002__0704.xml,PASS,INFO,R1.D01=SI;R1.D02=NO;R2.D01=SI;R2.D02=SI;R2.D03=SI,MUNICIPIO30622,MUNICIPIO_SIN_CN_TRAB,Si,No,30622,,Regla 2 coherente para validaciones implementadas.
GPA-001__R2-001__R1-002__0705,GPA-001__R2-001__R1-002,02_inputs_xml_flat/GPA-001__R2-001__R1-002__0705.xml,PASS,INFO,R1.D01=SI;R1.D02=NO;R2.D01=SI;R2.D02=SI;R2.D03=SI,MUNICIPIO30623,MUNICIPIO_SIN_CN_TRAB,Si,No,30623,,Regla 2 coherente para validaciones implementadas.
GPA-001__R2-001__R1-002__0706,GPA-001__R2-001__R1-002,02_inputs_xml_flat/GPA-001__R2-001__R1-002__0706.xml,PASS,INFO,R1.D01=SI;R1.D02=NO;R2.D01=SI;R2.D02=SI;R2.D03=SI,MUNICIPIO30621,MUNICIPIO_SIN_CN_TRAB,Si,No,30621,,Regla 2 coherente para validaciones implementadas.
GPA-001__R2-001__R1-002__0707,GPA-001__R2-001__R1-002,02_inputs_xml_flat/GPA-001__R2-001__R1-002__0707.xml,PASS,INFO,R1.D01=SI;R1.D02=NO;R2.D01=SI;R2.D02=SI;R2.D03=SI,MUNICIPIO30622,MUNICIPIO_SIN_CN_TRAB,Si,No,30622,,Regla 2 coherente para validaciones implementadas.
GPA-001__R2-001__R1-002__0708,GPA-001__R2-001__R1-002,02_inputs_xml_flat/GPA-001__R2-001__R1-002__0708.xml,PASS,INFO,R1.D01=SI;R1.D02=NO;R2.D01=SI;R2.D02=SI;R2.D03=SI,MUNICIPIO30623,MUNICIPIO_SIN_CN_TRAB,Si,No,30623,,Regla 2 coherente para validaciones implementadas.
GPA-001__R2-001__R1-002__0709,GPA-001__R2-001__R1-002,02_inputs_xml_flat/GPA-001__R2-001__R1-002__0709.xml,PASS,INFO,R1.D01=SI;R1.D02=NO;R2.D01=SI;R2.D02=SI;R2.D03=SI,MUNICIPIO30621,MUNICIPIO_SIN_CN_TRAB,Si,No,30621,,Regla 2 coherente para validaciones implementadas.
GPA-001__R2-001__R1-002__0710,GPA-001__R2-001__R1-002,02_inputs_xml_flat/GPA-001__R2-001__R1-002__0710.xml,PASS,INFO,R1.D01=SI;R1.D02=NO;R2.D01=SI;R2.D02=SI;R2.D03=SI,MUNICIPIO30622,MUNICIPIO_SIN_CN_TRAB,Si,No,30622,,Regla 2 coherente para validaciones implementadas.
GPA-001__R2-001__R1-002__0711,GPA-001__R2-001__R1-002,02_inputs_xml_flat/GPA-001__R2-001__R1-002__0711.xml,PASS,INFO,R1.D01=SI;R1.D02=NO;R2.D01=SI;R2.D02=SI;R2.D03=SI,MUNICIPIO30623,MUNICIPIO_SIN_CN_TRAB,Si,No,30623,,Regla 2 coherente para validaciones implementadas.
GPA-001__R2-001__R1-002__0712,GPA-001__R2-001__R1-002,02_inputs_xml_flat/GPA-001__R2-001__R1-002__0712.xml,PASS,INFO,R1.D01=SI;R1.D02=NO;R2.D01=SI;R2.D02=SI;R2.D03=SI,MUNICIPIO30621,MUNICIPIO_SIN_CN_TRAB,Si,No,30621,,Regla 2 coherente para validaciones implementadas.
GPA-001__R2-001__R1-002__0713,GPA-001__R2-001__R1-002,02_inputs_xml_flat/GPA-001__R2-001__R1-002__0713.xml,PASS,INFO,R1.D01=SI;R1.D02=NO;R2.D01=SI;R2.D02=SI;R2.D03=SI,MUNICIPIO30622,MUNICIPIO_SIN_CN_TRAB,Si,No,30622,,Regla 2 coherente para validaciones implementadas.
GPA-001__R2-001__R1-002__0714,GPA-001__R2-001__R1-002,02_inputs_xml_flat/GPA-001__R2-001__R1-002__0714.xml,PASS,INFO,R1.D01=SI;R1.D02=NO;R2.D01=SI;R2.D02=SI;R2.D03=SI,MUNICIPIO30623,MUNICIPIO_SIN_CN_TRAB,Si,No,30623,,Regla 2 coherente para validaciones implementadas.
GPA-001__R2-001__R1-002__0715,GPA-001__R2-001__R1-002,02_inputs_xml_flat/GPA-001__R2-001__R1-002__0715.xml,PASS,INFO,R1.D01=SI;R1.D02=NO;R2.D01=SI;R2.D02=SI;R2.D03=SI,MUNICIPIO30621,MUNICIPIO_SIN_CN_TRAB,Si,No,30621,,Regla 2 coherente para validaciones implementadas.
GPA-001__R2-001__R1-002__0716,GPA-001__R2-001__R1-002,02_inputs_xml_flat/GPA-001__R2-001__R1-002__0716.xml,PASS,INFO,R1.D01=SI;R1.D02=NO;R2.D01=SI;R2.D02=SI;R2.D03=SI,MUNICIPIO30622,MUNICIPIO_SIN_CN_TRAB,Si,No,30622,,Regla 2 coherente para validaciones implementadas.
GPA-001__R2-001__R1-002__0717,GPA-001__R2-001__R1-002,02_inputs_xml_flat/GPA-001__R2-001__R1-002__0717.xml,PASS,INFO,R1.D01=SI;R1.D02=NO;R2.D01=SI;R2.D02=SI;R2.D03=SI,MUNICIPIO30623,MUNICIPIO_SIN_CN_TRAB,Si,No,30623,,Regla 2 coherente para validaciones implementadas.
GPA-001__R2-001__R1-002__0718,GPA-001__R2-001__R1-002,02_inputs_xml_flat/GPA-001__R2-001__R1-002__0718.xml,PASS,INFO,R1.D01=SI;R1.D02=NO;R2.D01=SI;R2.D02=SI;R2.D03=SI,MUNICIPIO30621,MUNICIPIO_SIN_CN_TRAB,Si,No,30621,,Regla 2 coherente para validaciones implementadas.
GPA-001__R2-001__R1-002__0719,GPA-001__R2-001__R1-002,02_inputs_xml_flat/GPA-001__R2-001__R1-002__0719.xml,PASS,INFO,R1.D01=SI;R1.D02=NO;R2.D01=SI;R2.D02=SI;R2.D03=SI,MUNICIPIO30622,MUNICIPIO_SIN_CN_TRAB,Si,No,30622,,Regla 2 coherente para validaciones implementadas.
GPA-001__R2-001__R1-002__0720,GPA-001__R2-001__R1-002,02_inputs_xml_flat/GPA-001__R2-001__R1-002__0720.xml,PASS,INFO,R1.D01=SI;R1.D02=NO;R2.D01=SI;R2.D02=SI;R2.D03=SI,MUNICIPIO30623,MUNICIPIO_SIN_CN_TRAB,Si,No,30623,,Regla 2 coherente para validaciones implementadas.
GPA-001__R2-001__R1-002__0721,GPA-001__R2-001__R1-002,02_inputs_xml_flat/GPA-001__R2-001__R1-002__0721.xml,PASS,INFO,R1.D01=SI;R1.D02=NO;R2.D01=SI;R2.D02=SI;R2.D03=SI,MUNICIPIO30621,MUNICIPIO_SIN_CN_TRAB,Si,No,30621,,Regla 2 coherente para validaciones implementadas.
GPA-001__R2-001__R1-002__0722,GPA-001__R2-001__R1-002,02_inputs_xml_flat/GPA-001__R2-001__R1-002__0722.xml,PASS,INFO,R1.D01=SI;R1.D02=NO;R2.D01=SI;R2.D02=SI;R2.D03=SI,MUNICIPIO30622,MUNICIPIO_SIN_CN_TRAB,Si,No,30622,,Regla 2 coherente para validaciones implementadas.
GPA-001__R2-001__R1-002__0723,GPA-001__R2-001__R1-002,02_inputs_xml_flat/GPA-001__R2-001__R1-002__0723.xml,PASS,INFO,R1.D01=SI;R1.D02=NO;R2.D01=SI;R2.D02=SI;R2.D03=SI,MUNICIPIO30623,MUNICIPIO_SIN_CN_TRAB,Si,No,30623,,Regla 2 coherente para validaciones implementadas.
GPA-001__R2-001__R1-002__0724,GPA-001__R2-001__R1-002,02_inputs_xml_flat/GPA-001__R2-001__R1-002__0724.xml,PASS,INFO,R1.D01=SI;R1.D02=NO;R2.D01=SI;R2.D02=SI;R2.D03=SI,MUNICIPIO30621,MUNICIPIO_SIN_CN_TRAB,Si,No,30621,,Regla 2 coherente para validaciones implementadas.
GPA-001__R2-001__R1-002__0725,GPA-001__R2-001__R1-002,02_inputs_xml_flat/GPA-001__R2-001__R1-002__0725.xml,PASS,INFO,R1.D01=SI;R1.D02=NO;R2.D01=SI;R2.D02=SI;R2.D03=SI,MUNICIPIO30622,MUNICIPIO_SIN_CN_TRAB,Si,No,30622,,Regla 2 coherente para validaciones implementadas.
GPA-001__R2-001__R1-002__0726,GPA-001__R2-001__R1-002,02_inputs_xml_flat/GPA-001__R2-001__R1-002__0726.xml,PASS,INFO,R1.D01=SI;R1.D02=NO;R2.D01=SI;R2.D02=SI;R2.D03=SI,MUNICIPIO30623,MUNICIPIO_SIN_CN_TRAB,Si,No,30623,,Regla 2 coherente para validaciones implementadas.
GPA-001__R2-001__R1-002__0727,GPA-001__R2-001__R1-002,02_inputs_xml_flat/GPA-001__R2-001__R1-002__0727.xml,PASS,INFO,R1.D01=SI;R1.D02=NO;R2.D01=SI;R2.D02=SI;R2.D03=SI,MUNICIPIO30621,MUNICIPIO_SIN_CN_TRAB,Si,No,30621,,Regla 2 coherente para validaciones implementadas.
GPA-001__R2-001__R1-002__0728,GPA-001__R2-001__R1-002,02_inputs_xml_flat/GPA-001__R2-001__R1-002__0728.xml,PASS,INFO,R1.D01=SI;R1.D02=NO;R2.D01=SI;R2.D02=SI;R2.D03=SI,MUNICIPIO30622,MUNICIPIO_SIN_CN_TRAB,Si,No,30622,,Regla 2 coherente para validaciones implementadas.
GPA-001__R2-001__R1-002__0729,GPA-001__R2-001__R1-002,02_inputs_xml_flat/GPA-001__R2-001__R1-002__0729.xml,PASS,INFO,R1.D01=SI;R1.D02=NO;R2.D01=SI;R2.D02=SI;R2.D03=SI,MUNICIPIO30623,MUNICIPIO_SIN_CN_TRAB,Si,No,30623,,Regla 2 coherente para validaciones implementadas.
GPA-001__R2-001__R1-002__0730,GPA-001__R2-001__R1-002,02_inputs_xml_flat/GPA-001__R2-001__R1-002__0730.xml,PASS,INFO,R1.D01=SI;R1.D02=NO;R2.D01=SI;R2.D02=SI;R2.D03=SI,MUNICIPIO30621,MUNICIPIO_SIN_CN_TRAB,Si,No,30621,,Regla 2 coherente para validaciones implementadas.
GPA-001__R2-001__R1-002__0731,GPA-001__R2-001__R1-002,02_inputs_xml_flat/GPA-001__R2-001__R1-002__0731.xml,PASS,INFO,R1.D01=SI;R1.D02=NO;R2.D01=SI;R2.D02=SI;R2.D03=SI,MUNICIPIO30622,MUNICIPIO_SIN_CN_TRAB,Si,No,30622,,Regla 2 coherente para validaciones implementadas.
GPA-001__R2-001__R1-002__0732,GPA-001__R2-001__R1-002,02_inputs_xml_flat/GPA-001__R2-001__R1-002__0732.xml,PASS,INFO,R1.D01=SI;R1.D02=NO;R2.D01=SI;R2.D02=SI;R2.D03=SI,MUNICIPIO30623,MUNICIPIO_SIN_CN_TRAB,Si,No,30623,,Regla 2 coherente para validaciones implementadas.
GPA-001__R2-001__R1-002__0733,GPA-001__R2-001__R1-002,02_inputs_xml_flat/GPA-001__R2-001__R1-002__0733.xml,PASS,INFO,R1.D01=SI;R1.D02=NO;R2.D01=SI;R2.D02=SI;R2.D03=SI,MUNICIPIO30621,MUNICIPIO_SIN_CN_TRAB,Si,No,30621,,Regla 2 coherente para validaciones implementadas.
GPA-001__R2-001__R1-002__0734,GPA-001__R2-001__R1-002,02_inputs_xml_flat/GPA-001__R2-001__R1-002__0734.xml,PASS,INFO,R1.D01=SI;R1.D02=NO;R2.D01=SI;R2.D02=SI;R2.D03=SI,MUNICIPIO30622,MUNICIPIO_SIN_CN_TRAB,Si,No,30622,,Regla 2 coherente para validaciones implementadas.
GPA-001__R2-001__R1-002__0735,GPA-001__R2-001__R1-002,02_inputs_xml_flat/GPA-001__R2-001__R1-002__0735.xml,PASS,INFO,R1.D01=SI;R1.D02=NO;R2.D01=SI;R2.D02=SI;R2.D03=SI,MUNICIPIO30623,MUNICIPIO_SIN_CN_TRAB,Si,No,30623,,Regla 2 coherente para validaciones implementadas.
GPA-001__R2-001__R1-002__0736,GPA-001__R2-001__R1-002,02_inputs_xml_flat/GPA-001__R2-001__R1-002__0736.xml,PASS,INFO,R1.D01=SI;R1.D02=NO;R2.D01=SI;R2.D02=SI;R2.D03=SI,MUNICIPIO30621,MUNICIPIO_SIN_CN_TRAB,Si,No,30621,,Regla 2 coherente para validaciones implementadas.
GPA-001__R2-001__R1-002__0737,GPA-001__R2-001__R1-002,02_inputs_xml_flat/GPA-001__R2-001__R1-002__0737.xml,PASS,INFO,R1.D01=SI;R1.D02=NO;R2.D01=SI;R2.D02=SI;R2.D03=SI,MUNICIPIO30622,MUNICIPIO_SIN_CN_TRAB,Si,No,30622,,Regla 2 coherente para validaciones implementadas.
GPA-001__R2-001__R1-002__0738,GPA-001__R2-001__R1-002,02_inputs_xml_flat/GPA-001__R2-001__R1-002__0738.xml,PASS,INFO,R1.D01=SI;R1.D02=NO;R2.D01=SI;R2.D02=SI;R2.D03=SI,MUNICIPIO30623,MUNICIPIO_SIN_CN_TRAB,Si,No,30623,,Regla 2 coherente para validaciones implementadas.
GPA-001__R2-001__R1-002__0739,GPA-001__R2-001__R1-002,02_inputs_xml_flat/GPA-001__R2-001__R1-002__0739.xml,PASS,INFO,R1.D01=SI;R1.D02=NO;R2.D01=SI;R2.D02=SI;R2.D03=SI,MUNICIPIO30621,MUNICIPIO_SIN_CN_TRAB,Si,No,30621,,Regla 2 coherente para validaciones implementadas.
GPA-001__R2-001__R1-002__0740,GPA-001__R2-001__R1-002,02_inputs_xml_flat/GPA-001__R2-001__R1-002__0740.xml,PASS,INFO,R1.D01=SI;R1.D02=NO;R2.D01=SI;R2.D02=SI;R2.D03=SI,MUNICIPIO30622,MUNICIPIO_SIN_CN_TRAB,Si,No,30622,,Regla 2 coherente para validaciones implementadas.
GPA-001__R2-001__R1-002__0741,GPA-001__R2-001__R1-002,02_inputs_xml_flat/GPA-001__R2-001__R1-002__0741.xml,PASS,INFO,R1.D01=SI;R1.D02=NO;R2.D01=SI;R2.D02=SI;R2.D03=SI,MUNICIPIO30623,MUNICIPIO_SIN_CN_TRAB,Si,No,30623,,Regla 2 coherente para validaciones implementadas.
GPA-001__R2-001__R1-002__0742,GPA-001__R2-001__R1-002,02_inputs_xml_flat/GPA-001__R2-001__R1-002__0742.xml,PASS,INFO,R1.D01=SI;R1.D02=NO;R2.D01=SI;R2.D02=SI;R2.D03=SI,MUNICIPIO30621,MUNICIPIO_SIN_CN_TRAB,Si,No,30621,,Regla 2 coherente para validaciones implementadas.
GPA-001__R2-001__R1-002__0743,GPA-001__R2-001__R1-002,02_inputs_xml_flat/GPA-001__R2-001__R1-002__0743.xml,PASS,INFO,R1.D01=SI;R1.D02=NO;R2.D01=SI;R2.D02=SI;R2.D03=SI,MUNICIPIO30622,MUNICIPIO_SIN_CN_TRAB,Si,No,30622,,Regla 2 coherente para validaciones implementadas.
GPA-001__R2-001__R1-002__0744,GPA-001__R2-001__R1-002,02_inputs_xml_flat/GPA-001__R2-001__R1-002__0744.xml,PASS,INFO,R1.D01=SI;R1.D02=NO;R2.D01=SI;R2.D02=SI;R2.D03=SI,MUNICIPIO30623,MUNICIPIO_SIN_CN_TRAB,Si,No,30623,,Regla 2 coherente para validaciones implementadas.
GPA-001__R2-001__R1-002__0745,GPA-001__R2-001__R1-002,02_inputs_xml_flat/GPA-001__R2-001__R1-002__0745.xml,PASS,INFO,R1.D01=SI;R1.D02=NO;R2.D01=SI;R2.D02=SI;R2.D03=SI,MUNICIPIO30621,MUNICIPIO_SIN_CN_TRAB,Si,No,30621,,Regla 2 coherente para validaciones implementadas.
GPA-001__R2-001__R1-002__0746,GPA-001__R2-001__R1-002,02_inputs_xml_flat/GPA-001__R2-001__R1-002__0746.xml,PASS,INFO,R1.D01=SI;R1.D02=NO;R2.D01=SI;R2.D02=SI;R2.D03=SI,MUNICIPIO30622,MUNICIPIO_SIN_CN_TRAB,Si,No,30622,,Regla 2 coherente para validaciones implementadas.
GPA-001__R2-001__R1-002__0747,GPA-001__R2-001__R1-002,02_inputs_xml_flat/GPA-001__R2-001__R1-002__0747.xml,PASS,INFO,R1.D01=SI;R1.D02=NO;R2.D01=SI;R2.D02=SI;R2.D03=SI,MUNICIPIO30623,MUNICIPIO_SIN_CN_TRAB,Si,No,30623,,Regla 2 coherente para validaciones implementadas.
GPA-001__R2-001__R1-002__0748,GPA-001__R2-001__R1-002,02_inputs_xml_flat/GPA-001__R2-001__R1-002__0748.xml,PASS,INFO,R1.D01=SI;R1.D02=NO;R2.D01=SI;R2.D02=SI;R2.D03=SI,MUNICIPIO30621,MUNICIPIO_SIN_CN_TRAB,Si,No,30621,,Regla 2 coherente para validaciones implementadas.
GPA-001__R2-001__R1-002__0749,GPA-001__R2-001__R1-002,02_inputs_xml_flat/GPA-001__R2-001__R1-002__0749.xml,PASS,INFO,R1.D01=SI;R1.D02=NO;R2.D01=SI;R2.D02=SI;R2.D03=SI,MUNICIPIO30622,MUNICIPIO_SIN_CN_TRAB,Si,No,30622,,Regla 2 coherente para validaciones implementadas.
GPA-001__R2-001__R1-002__0750,GPA-001__R2-001__R1-002,02_inputs_xml_flat/GPA-001__R2-001__R1-002__0750.xml,PASS,INFO,R1.D01=SI;R1.D02=NO;R2.D01=SI;R2.D02=SI;R2.D03=SI,MUNICIPIO30623,MUNICIPIO_SIN_CN_TRAB,Si,No,30623,,Regla 2 coherente para validaciones implementadas.
GPA-001__R2-001__R1-002__0751,GPA-001__R2-001__R1-002,02_inputs_xml_flat/GPA-001__R2-001__R1-002__0751.xml,PASS,INFO,R1.D01=SI;R1.D02=NO;R2.D01=SI;R2.D02=SI;R2.D03=SI,MUNICIPIO30621,MUNICIPIO_SIN_CN_TRAB,Si,No,30621,,Regla 2 coherente para validaciones implementadas.
GPA-001__R2-001__R1-002__0752,GPA-001__R2-001__R1-002,02_inputs_xml_flat/GPA-001__R2-001__R1-002__0752.xml,PASS,INFO,R1.D01=SI;R1.D02=NO;R2.D01=SI;R2.D02=SI;R2.D03=SI,MUNICIPIO30622,MUNICIPIO_SIN_CN_TRAB,Si,No,30622,,Regla 2 coherente para validaciones implementadas.
GPA-001__R2-001__R1-002__0753,GPA-001__R2-001__R1-002,02_inputs_xml_flat/GPA-001__R2-001__R1-002__0753.xml,PASS,INFO,R1.D01=SI;R1.D02=NO;R2.D01=SI;R2.D02=SI;R2.D03=SI,MUNICIPIO30623,MUNICIPIO_SIN_CN_TRAB,Si,No,30623,,Regla 2 coherente para validaciones implementadas.
GPA-001__R2-001__R1-002__0754,GPA-001__R2-001__R1-002,02_inputs_xml_flat/GPA-001__R2-001__R1-002__0754.xml,PASS,INFO,R1.D01=SI;R1.D02=NO;R2.D01=SI;R2.D02=SI;R2.D03=SI,MUNICIPIO30621,MUNICIPIO_SIN_CN_TRAB,Si,No,30621,,Regla 2 coherente para validaciones implementadas.
GPA-001__R2-001__R1-002__0755,GPA-001__R2-001__R1-002,02_inputs_xml_flat/GPA-001__R2-001__R1-002__0755.xml,PASS,INFO,R1.D01=SI;R1.D02=NO;R2.D01=SI;R2.D02=SI;R2.D03=SI,MUNICIPIO30622,MUNICIPIO_SIN_CN_TRAB,Si,No,30622,,Regla 2 coherente para validaciones implementadas.
GPA-001__R2-001__R1-002__0756,GPA-001__R2-001__R1-002,02_inputs_xml_flat/GPA-001__R2-001__R1-002__0756.xml,PASS,INFO,R1.D01=SI;R1.D02=NO;R2.D01=SI;R2.D02=SI;R2.D03=SI,MUNICIPIO30623,MUNICIPIO_SIN_CN_TRAB,Si,No,30623,,Regla 2 coherente para validaciones implementadas.
GPA-001__R2-001__R1-002__0757,GPA-001__R2-001__R1-002,02_inputs_xml_flat/GPA-001__R2-001__R1-002__0757.xml,PASS,INFO,R1.D01=SI;R1.D02=NO;R2.D01=SI;R2.D02=SI;R2.D03=SI,MUNICIPIO30621,MUNICIPIO_SIN_CN_TRAB,Si,No,30621,,Regla 2 coherente para validaciones implementadas.
GPA-001__R2-001__R1-002__0758,GPA-001__R2-001__R1-002,02_inputs_xml_flat/GPA-001__R2-001__R1-002__0758.xml,PASS,INFO,R1.D01=SI;R1.D02=NO;R2.D01=SI;R2.D02=SI;R2.D03=SI,MUNICIPIO30622,MUNICIPIO_SIN_CN_TRAB,Si,No,30622,,Regla 2 coherente para validaciones implementadas.
GPA-001__R2-001__R1-002__0759,GPA-001__R2-001__R1-002,02_inputs_xml_flat/GPA-001__R2-001__R1-002__0759.xml,PASS,INFO,R1.D01=SI;R1.D02=NO;R2.D01=SI;R2.D02=SI;R2.D03=SI,MUNICIPIO30623,MUNICIPIO_SIN_CN_TRAB,Si,No,30623,,Regla 2 coherente para validaciones implementadas.
GPA-001__R2-001__R1-002__0760,GPA-001__R2-001__R1-002,02_inputs_xml_flat/GPA-001__R2-001__R1-002__0760.xml,PASS,INFO,R1.D01=SI;R1.D02=NO;R2.D01=SI;R2.D02=SI;R2.D03=SI,MUNICIPIO30621,MUNICIPIO_SIN_CN_TRAB,Si,No,30621,,Regla 2 coherente para validaciones implementadas.
GPA-001__R2-001__R1-002__0761,GPA-001__R2-001__R1-002,02_inputs_xml_flat/GPA-001__R2-001__R1-002__0761.xml,PASS,INFO,R1.D01=SI;R1.D02=NO;R2.D01=SI;R2.D02=SI;R2.D03=SI,MUNICIPIO30622,MUNICIPIO_SIN_CN_TRAB,Si,No,30622,,Regla 2 coherente para validaciones implementadas.
GPA-001__R2-001__R1-002__0762,GPA-001__R2-001__R1-002,02_inputs_xml_flat/GPA-001__R2-001__R1-002__0762.xml,PASS,INFO,R1.D01=SI;R1.D02=NO;R2.D01=SI;R2.D02=SI;R2.D03=SI,MUNICIPIO30623,MUNICIPIO_SIN_CN_TRAB,Si,No,30623,,Regla 2 coherente para validaciones implementadas.
GPA-001__R2-001__R1-002__0763,GPA-001__R2-001__R1-002,02_inputs_xml_flat/GPA-001__R2-001__R1-002__0763.xml,PASS,INFO,R1.D01=SI;R1.D02=NO;R2.D01=SI;R2.D02=SI;R2.D03=SI,MUNICIPIO30621,MUNICIPIO_SIN_CN_TRAB,Si,No,30621,,Regla 2 coherente para validaciones implementadas.
GPA-001__R2-001__R1-002__0764,GPA-001__R2-001__R1-002,02_inputs_xml_flat/GPA-001__R2-001__R1-002__0764.xml,PASS,INFO,R1.D01=SI;R1.D02=NO;R2.D01=SI;R2.D02=SI;R2.D03=SI,MUNICIPIO30622,MUNICIPIO_SIN_CN_TRAB,Si,No,30622,,Regla 2 coherente para validaciones implementadas.
GPA-001__R2-001__R1-002__0765,GPA-001__R2-001__R1-002,02_inputs_xml_flat/GPA-001__R2-001__R1-002__0765.xml,PASS,INFO,R1.D01=SI;R1.D02=NO;R2.D01=SI;R2.D02=SI;R2.D03=SI,MUNICIPIO30623,MUNICIPIO_SIN_CN_TRAB,Si,No,30623,,Regla 2 coherente para validaciones implementadas.
GPA-001__R2-001__R1-002__0766,GPA-001__R2-001__R1-002,02_inputs_xml_flat/GPA-001__R2-001__R1-002__0766.xml,PASS,INFO,R1.D01=SI;R1.D02=NO;R2.D01=SI;R2.D02=SI;R2.D03=SI,MUNICIPIO30621,MUNICIPIO_SIN_CN_TRAB,Si,No,30621,,Regla 2 coherente para validaciones implementadas.
GPA-001__R2-001__R1-002__0767,GPA-001__R2-001__R1-002,02_inputs_xml_flat/GPA-001__R2-001__R1-002__0767.xml,PASS,INFO,R1.D01=SI;R1.D02=NO;R2.D01=SI;R2.D02=SI;R2.D03=SI,MUNICIPIO30622,MUNICIPIO_SIN_CN_TRAB,Si,No,30622,,Regla 2 coherente para validaciones implementadas.
GPA-001__R2-001__R1-002__0768,GPA-001__R2-001__R1-002,02_inputs_xml_flat/GPA-001__R2-001__R1-002__0768.xml,PASS,INFO,R1.D01=SI;R1.D02=NO;R2.D01=SI;R2.D02=SI;R2.D03=SI,MUNICIPIO30623,MUNICIPIO_SIN_CN_TRAB,Si,No,30623,,Regla 2 coherente para validaciones implementadas.
GPA-001__R2-001__R1-002__0769,GPA-001__R2-001__R1-002,02_inputs_xml_flat/GPA-001__R2-001__R1-002__0769.xml,PASS,INFO,R1.D01=SI;R1.D02=NO;R2.D01=SI;R2.D02=SI;R2.D03=SI,MUNICIPIO30621,MUNICIPIO_SIN_CN_TRAB,Si,No,30621,,Regla 2 coherente para validaciones implementadas.
GPA-001__R2-001__R1-002__0770,GPA-001__R2-001__R1-002,02_inputs_xml_flat/GPA-001__R2-001__R1-002__0770.xml,PASS,INFO,R1.D01=SI;R1.D02=NO;R2.D01=SI;R2.D02=SI;R2.D03=SI,MUNICIPIO30622,MUNICIPIO_SIN_CN_TRAB,Si,No,30622,,Regla 2 coherente para validaciones implementadas.
GPA-001__R2-001__R1-002__0771,GPA-001__R2-001__R1-002,02_inputs_xml_flat/GPA-001__R2-001__R1-002__0771.xml,PASS,INFO,R1.D01=SI;R1.D02=NO;R2.D01=SI;R2.D02=SI;R2.D03=SI,MUNICIPIO30623,MUNICIPIO_SIN_CN_TRAB,Si,No,30623,,Regla 2 coherente para validaciones implementadas.
GPA-001__R2-001__R1-002__0772,GPA-001__R2-001__R1-002,02_inputs_xml_flat/GPA-001__R2-001__R1-002__0772.xml,PASS,INFO,R1.D01=SI;R1.D02=NO;R2.D01=SI;R2.D02=SI;R2.D03=SI,MUNICIPIO30621,MUNICIPIO_SIN_CN_TRAB,Si,No,30621,,Regla 2 coherente para validaciones implementadas.
GPA-001__R2-001__R1-002__0773,GPA-001__R2-001__R1-002,02_inputs_xml_flat/GPA-001__R2-001__R1-002__0773.xml,PASS,INFO,R1.D01=SI;R1.D02=NO;R2.D01=SI;R2.D02=SI;R2.D03=SI,MUNICIPIO30622,MUNICIPIO_SIN_CN_TRAB,Si,No,30622,,Regla 2 coherente para validaciones implementadas.
GPA-001__R2-001__R1-002__0774,GPA-001__R2-001__R1-002,02_inputs_xml_flat/GPA-001__R2-001__R1-002__0774.xml,PASS,INFO,R1.D01=SI;R1.D02=NO;R2.D01=SI;R2.D02=SI;R2.D03=SI,MUNICIPIO30623,MUNICIPIO_SIN_CN_TRAB,Si,No,30623,,Regla 2 coherente para validaciones implementadas.
GPA-001__R2-001__R1-002__0775,GPA-001__R2-001__R1-002,02_inputs_xml_flat/GPA-001__R2-001__R1-002__0775.xml,PASS,INFO,R1.D01=SI;R1.D02=NO;R2.D01=SI;R2.D02=SI;R2.D03=SI,MUNICIPIO30621,MUNICIPIO_SIN_CN_TRAB,Si,No,30621,,Regla 2 coherente para validaciones implementadas.
GPA-001__R2-001__R1-002__0776,GPA-001__R2-001__R1-002,02_inputs_xml_flat/GPA-001__R2-001__R1-002__0776.xml,PASS,INFO,R1.D01=SI;R1.D02=NO;R2.D01=SI;R2.D02=SI;R2.D03=SI,MUNICIPIO30622,MUNICIPIO_SIN_CN_TRAB,Si,No,30622,,Regla 2 coherente para validaciones implementadas.
GPA-001__R2-001__R1-002__0777,GPA-001__R2-001__R1-002,02_inputs_xml_flat/GPA-001__R2-001__R1-002__0777.xml,PASS,INFO,R1.D01=SI;R1.D02=NO;R2.D01=SI;R2.D02=SI;R2.D03=SI,MUNICIPIO30623,MUNICIPIO_SIN_CN_TRAB,Si,No,30623,,Regla 2 coherente para validaciones implementadas.
GPA-001__R2-001__R1-002__0778,GPA-001__R2-001__R1-002,02_inputs_xml_flat/GPA-001__R2-001__R1-002__0778.xml,PASS,INFO,R1.D01=SI;R1.D02=NO;R2.D01=SI;R2.D02=SI;R2.D03=SI,MUNICIPIO30621,MUNICIPIO_SIN_CN_TRAB,Si,No,30621,,Regla 2 coherente para validaciones implementadas.
GPA-001__R2-001__R1-002__0779,GPA-001__R2-001__R1-002,02_inputs_xml_flat/GPA-001__R2-001__R1-002__0779.xml,PASS,INFO,R1.D01=SI;R1.D02=NO;R2.D01=SI;R2.D02=SI;R2.D03=SI,MUNICIPIO30622,MUNICIPIO_SIN_CN_TRAB,Si,No,30622,,Regla 2 coherente para validaciones implementadas.
GPA-001__R2-001__R1-002__0780,GPA-001__R2-001__R1-002,02_inputs_xml_flat/GPA-001__R2-001__R1-002__0780.xml,PASS,INFO,R1.D01=SI;R1.D02=NO;R2.D01=SI;R2.D02=SI;R2.D03=SI,MUNICIPIO30623,MUNICIPIO_SIN_CN_TRAB,Si,No,30623,,Regla 2 coherente para validaciones implementadas.
GPA-001__R2-001__R1-002__0781,GPA-001__R2-001__R1-002,02_inputs_xml_flat/GPA-001__R2-001__R1-002__0781.xml,PASS,INFO,R1.D01=SI;R1.D02=NO;R2.D01=SI;R2.D02=SI;R2.D03=SI,MUNICIPIO30621,MUNICIPIO_SIN_CN_TRAB,Si,No,30621,,Regla 2 coherente para validaciones implementadas.
GPA-001__R2-001__R1-002__0782,GPA-001__R2-001__R1-002,02_inputs_xml_flat/GPA-001__R2-001__R1-002__0782.xml,PASS,INFO,R1.D01=SI;R1.D02=NO;R2.D01=SI;R2.D02=SI;R2.D03=SI,MUNICIPIO30622,MUNICIPIO_SIN_CN_TRAB,Si,No,30622,,Regla 2 coherente para validaciones implementadas.
GPA-001__R2-001__R1-002__0783,GPA-001__R2-001__R1-002,02_inputs_xml_flat/GPA-001__R2-001__R1-002__0783.xml,PASS,INFO,R1.D01=SI;R1.D02=NO;R2.D01=SI;R2.D02=SI;R2.D03=SI,MUNICIPIO30623,MUNICIPIO_SIN_CN_TRAB,Si,No,30623,,Regla 2 coherente para validaciones implementadas.
GPA-001__R2-001__R1-002__0784,GPA-001__R2-001__R1-002,02_inputs_xml_flat/GPA-001__R2-001__R1-002__0784.xml,PASS,INFO,R1.D01=SI;R1.D02=NO;R2.D01=SI;R2.D02=SI;R2.D03=SI,MUNICIPIO30621,MUNICIPIO_SIN_CN_TRAB,Si,No,30621,,Regla 2 coherente para validaciones implementadas.
GPA-001__R2-001__R1-002__0785,GPA-001__R2-001__R1-002,02_inputs_xml_flat/GPA-001__R2-001__R1-002__0785.xml,PASS,INFO,R1.D01=SI;R1.D02=NO;R2.D01=SI;R2.D02=SI;R2.D03=SI,MUNICIPIO30622,MUNICIPIO_SIN_CN_TRAB,Si,No,30622,,Regla 2 coherente para validaciones implementadas.
GPA-001__R2-001__R1-002__0786,GPA-001__R2-001__R1-002,02_inputs_xml_flat/GPA-001__R2-001__R1-002__0786.xml,PASS,INFO,R1.D01=SI;R1.D02=NO;R2.D01=SI;R2.D02=SI;R2.D03=SI,MUNICIPIO30623,MUNICIPIO_SIN_CN_TRAB,Si,No,30623,,Regla 2 coherente para validaciones implementadas.
GPA-001__R2-001__R1-002__0787,GPA-001__R2-001__R1-002,02_inputs_xml_flat/GPA-001__R2-001__R1-002__0787.xml,PASS,INFO,R1.D01=SI;R1.D02=NO;R2.D01=SI;R2.D02=SI;R2.D03=SI,MUNICIPIO30621,MUNICIPIO_SIN_CN_TRAB,Si,No,30621,,Regla 2 coherente para validaciones implementadas.
GPA-001__R2-001__R1-002__0788,GPA-001__R2-001__R1-002,02_inputs_xml_flat/GPA-001__R2-001__R1-002__0788.xml,PASS,INFO,R1.D01=SI;R1.D02=NO;R2.D01=SI;R2.D02=SI;R2.D03=SI,MUNICIPIO30622,MUNICIPIO_SIN_CN_TRAB,Si,No,30622,,Regla 2 coherente para validaciones implementadas.
GPA-001__R2-001__R1-002__0789,GPA-001__R2-001__R1-002,02_inputs_xml_flat/GPA-001__R2-001__R1-002__0789.xml,PASS,INFO,R1.D01=SI;R1.D02=NO;R2.D01=SI;R2.D02=SI;R2.D03=SI,MUNICIPIO30623,MUNICIPIO_SIN_CN_TRAB,Si,No,30623,,Regla 2 coherente para validaciones implementadas.
GPA-001__R2-001__R1-002__0790,GPA-001__R2-001__R1-002,02_inputs_xml_flat/GPA-001__R2-001__R1-002__0790.xml,PASS,INFO,R1.D01=SI;R1.D02=NO;R2.D01=SI;R2.D02=SI;R2.D03=SI,MUNICIPIO30621,MUNICIPIO_SIN_CN_TRAB,Si,No,30621,,Regla 2 coherente para validaciones implementadas.
GPA-001__R2-001__R1-002__0791,GPA-001__R2-001__R1-002,02_inputs_xml_flat/GPA-001__R2-001__R1-002__0791.xml,PASS,INFO,R1.D01=SI;R1.D02=NO;R2.D01=SI;R2.D02=SI;R2.D03=SI,MUNICIPIO30622,MUNICIPIO_SIN_CN_TRAB,Si,No,30622,,Regla 2 coherente para validaciones implementadas.
GPA-001__R2-001__R1-002__0792,GPA-001__R2-001__R1-002,02_inputs_xml_flat/GPA-001__R2-001__R1-002__0792.xml,PASS,INFO,R1.D01=SI;R1.D02=NO;R2.D01=SI;R2.D02=SI;R2.D03=SI,MUNICIPIO30623,MUNICIPIO_SIN_CN_TRAB,Si,No,30623,,Regla 2 coherente para validaciones implementadas.
GPA-001__R2-001__R1-002__0793,GPA-001__R2-001__R1-002,02_inputs_xml_flat/GPA-001__R2-001__R1-002__0793.xml,PASS,INFO,R1.D01=SI;R1.D02=NO;R2.D01=SI;R2.D02=SI;R2.D03=SI,MUNICIPIO30621,MUNICIPIO_SIN_CN_TRAB,Si,No,30621,,Regla 2 coherente para validaciones implementadas.
GPA-001__R2-001__R1-002__0794,GPA-001__R2-001__R1-002,02_inputs_xml_flat/GPA-001__R2-001__R1-002__0794.xml,PASS,INFO,R1.D01=SI;R1.D02=NO;R2.D01=SI;R2.D02=SI;R2.D03=SI,MUNICIPIO30622,MUNICIPIO_SIN_CN_TRAB,Si,No,30622,,Regla 2 coherente para validaciones implementadas.
GPA-001__R2-001__R1-002__0795,GPA-001__R2-001__R1-002,02_inputs_xml_flat/GPA-001__R2-001__R1-002__0795.xml,PASS,INFO,R1.D01=SI;R1.D02=NO;R2.D01=SI;R2.D02=SI;R2.D03=SI,MUNICIPIO30623,MUNICIPIO_SIN_CN_TRAB,Si,No,30623,,Regla 2 coherente para validaciones implementadas.
GPA-001__R2-001__R1-002__0796,GPA-001__R2-001__R1-002,02_inputs_xml_flat/GPA-001__R2-001__R1-002__0796.xml,PASS,INFO,R1.D01=SI;R1.D02=NO;R2.D01=SI;R2.D02=SI;R2.D03=SI,MUNICIPIO30621,MUNICIPIO_SIN_CN_TRAB,Si,No,30621,,Regla 2 coherente para validaciones implementadas.
GPA-001__R2-001__R1-002__0797,GPA-001__R2-001__R1-002,02_inputs_xml_flat/GPA-001__R2-001__R1-002__0797.xml,PASS,INFO,R1.D01=SI;R1.D02=NO;R2.D01=SI;R2.D02=SI;R2.D03=SI,MUNICIPIO30622,MUNICIPIO_SIN_CN_TRAB,Si,No,30622,,Regla 2 coherente para validaciones implementadas.
GPA-001__R2-001__R1-002__0798,GPA-001__R2-001__R1-002,02_inputs_xml_flat/GPA-001__R2-001__R1-002__0798.xml,PASS,INFO,R1.D01=SI;R1.D02=NO;R2.D01=SI;R2.D02=SI;R2.D03=SI,MUNICIPIO30623,MUNICIPIO_SIN_CN_TRAB,Si,No,30623,,Regla 2 coherente para validaciones implementadas.
GPA-001__R2-001__R1-002__0799,GPA-001__R2-001__R1-002,02_inputs_xml_flat/GPA-001__R2-001__R1-002__0799.xml,PASS,INFO,R1.D01=SI;R1.D02=NO;R2.D01=SI;R2.D02=SI;R2.D03=SI,MUNICIPIO30621,MUNICIPIO_SIN_CN_TRAB,Si,No,30621,,Regla 2 coherente para validaciones implementadas.
GPA-001__R2-001__R1-002__0800,GPA-001__R2-001__R1-002,02_inputs_xml_flat/GPA-001__R2-001__R1-002__0800.xml,PASS,INFO,R1.D01=SI;R1.D02=NO;R2.D01=SI;R2.D02=SI;R2.D03=SI,MUNICIPIO30622,MUNICIPIO_SIN_CN_TRAB,Si,No,30622,,Regla 2 coherente para validaciones implementadas.
GPA-001__R2-001__R1-002__0801,GPA-001__R2-001__R1-002,02_inputs_xml_flat/GPA-001__R2-001__R1-002__0801.xml,PASS,INFO,R1.D01=SI;R1.D02=NO;R2.D01=SI;R2.D02=SI;R2.D03=SI,MUNICIPIO30623,MUNICIPIO_SIN_CN_TRAB,Si,No,30623,,Regla 2 coherente para validaciones implementadas.
GPA-001__R2-001__R1-002__0802,GPA-001__R2-001__R1-002,02_inputs_xml_flat/GPA-001__R2-001__R1-002__0802.xml,PASS,INFO,R1.D01=SI;R1.D02=NO;R2.D01=SI;R2.D02=SI;R2.D03=SI,MUNICIPIO30621,MUNICIPIO_SIN_CN_TRAB,Si,No,30621,,Regla 2 coherente para validaciones implementadas.
GPA-001__R2-001__R1-002__0803,GPA-001__R2-001__R1-002,02_inputs_xml_flat/GPA-001__R2-001__R1-002__0803.xml,PASS,INFO,R1.D01=SI;R1.D02=NO;R2.D01=SI;R2.D02=SI;R2.D03=SI,MUNICIPIO30622,MUNICIPIO_SIN_CN_TRAB,Si,No,30622,,Regla 2 coherente para validaciones implementadas.
GPA-001__R2-001__R1-002__0804,GPA-001__R2-001__R1-002,02_inputs_xml_flat/GPA-001__R2-001__R1-002__0804.xml,PASS,INFO,R1.D01=SI;R1.D02=NO;R2.D01=SI;R2.D02=SI;R2.D03=SI,MUNICIPIO30623,MUNICIPIO_SIN_CN_TRAB,Si,No,30623,,Regla 2 coherente para validaciones implementadas.
GPA-001__R2-001__R1-002__0805,GPA-001__R2-001__R1-002,02_inputs_xml_flat/GPA-001__R2-001__R1-002__0805.xml,PASS,INFO,R1.D01=SI;R1.D02=NO;R2.D01=SI;R2.D02=SI;R2.D03=SI,MUNICIPIO30621,MUNICIPIO_SIN_CN_TRAB,Si,No,30621,,Regla 2 coherente para validaciones implementadas.
GPA-001__R2-001__R1-002__0806,GPA-001__R2-001__R1-002,02_inputs_xml_flat/GPA-001__R2-001__R1-002__0806.xml,PASS,INFO,R1.D01=SI;R1.D02=NO;R2.D01=SI;R2.D02=SI;R2.D03=SI,MUNICIPIO30622,MUNICIPIO_SIN_CN_TRAB,Si,No,30622,,Regla 2 coherente para validaciones implementadas.
GPA-001__R2-001__R1-002__0807,GPA-001__R2-001__R1-002,02_inputs_xml_flat/GPA-001__R2-001__R1-002__0807.xml,PASS,INFO,R1.D01=SI;R1.D02=NO;R2.D01=SI;R2.D02=SI;R2.D03=SI,MUNICIPIO30623,MUNICIPIO_SIN_CN_TRAB,Si,No,30623,,Regla 2 coherente para validaciones implementadas.
GPA-001__R2-001__R1-002__0808,GPA-001__R2-001__R1-002,02_inputs_xml_flat/GPA-001__R2-001__R1-002__0808.xml,PASS,INFO,R1.D01=SI;R1.D02=NO;R2.D01=SI;R2.D02=SI;R2.D03=SI,MUNICIPIO30621,MUNICIPIO_SIN_CN_TRAB,Si,No,30621,,Regla 2 coherente para validaciones implementadas.
GPA-001__R2-001__R1-002__0809,GPA-001__R2-001__R1-002,02_inputs_xml_flat/GPA-001__R2-001__R1-002__0809.xml,PASS,INFO,R1.D01=SI;R1.D02=NO;R2.D01=SI;R2.D02=SI;R2.D03=SI,MUNICIPIO30622,MUNICIPIO_SIN_CN_TRAB,Si,No,30622,,Regla 2 coherente para validaciones implementadas.
GPA-001__R2-001__R1-002__0810,GPA-001__R2-001__R1-002,02_inputs_xml_flat/GPA-001__R2-001__R1-002__0810.xml,PASS,INFO,R1.D01=SI;R1.D02=NO;R2.D01=SI;R2.D02=SI;R2.D03=SI,MUNICIPIO30623,MUNICIPIO_SIN_CN_TRAB,Si,No,30623,,Regla 2 coherente para validaciones implementadas.
GPA-001__R2-001__R1-002__0811,GPA-001__R2-001__R1-002,02_inputs_xml_flat/GPA-001__R2-001__R1-002__0811.xml,PASS,INFO,R1.D01=SI;R1.D02=NO;R2.D01=SI;R2.D02=SI;R2.D03=SI,MUNICIPIO30621,MUNICIPIO_SIN_CN_TRAB,Si,No,30621,,Regla 2 coherente para validaciones implementadas.
GPA-001__R2-001__R1-002__0812,GPA-001__R2-001__R1-002,02_inputs_xml_flat/GPA-001__R2-001__R1-002__0812.xml,PASS,INFO,R1.D01=SI;R1.D02=NO;R2.D01=SI;R2.D02=SI;R2.D03=SI,MUNICIPIO30622,MUNICIPIO_SIN_CN_TRAB,Si,No,30622,,Regla 2 coherente para validaciones implementadas.
GPA-001__R2-001__R1-002__0813,GPA-001__R2-001__R1-002,02_inputs_xml_flat/GPA-001__R2-001__R1-002__0813.xml,PASS,INFO,R1.D01=SI;R1.D02=NO;R2.D01=SI;R2.D02=SI;R2.D03=SI,MUNICIPIO30623,MUNICIPIO_SIN_CN_TRAB,Si,No,30623,,Regla 2 coherente para validaciones implementadas.
GPA-001__R2-001__R1-002__0814,GPA-001__R2-001__R1-002,02_inputs_xml_flat/GPA-001__R2-001__R1-002__0814.xml,PASS,INFO,R1.D01=SI;R1.D02=NO;R2.D01=SI;R2.D02=SI;R2.D03=SI,MUNICIPIO30621,MUNICIPIO_SIN_CN_TRAB,Si,No,30621,,Regla 2 coherente para validaciones implementadas.
GPA-001__R2-001__R1-002__0815,GPA-001__R2-001__R1-002,02_inputs_xml_flat/GPA-001__R2-001__R1-002__0815.xml,PASS,INFO,R1.D01=SI;R1.D02=NO;R2.D01=SI;R2.D02=SI;R2.D03=SI,MUNICIPIO30622,MUNICIPIO_SIN_CN_TRAB,Si,No,30622,,Regla 2 coherente para validaciones implementadas.
GPA-001__R2-001__R1-002__0816,GPA-001__R2-001__R1-002,02_inputs_xml_flat/GPA-001__R2-001__R1-002__0816.xml,PASS,INFO,R1.D01=SI;R1.D02=NO;R2.D01=SI;R2.D02=SI;R2.D03=SI,MUNICIPIO30623,MUNICIPIO_SIN_CN_TRAB,Si,No,30623,,Regla 2 coherente para validaciones implementadas.
GPA-001__R2-001__R1-002__0817,GPA-001__R2-001__R1-002,02_inputs_xml_flat/GPA-001__R2-001__R1-002__0817.xml,PASS,INFO,R1.D01=SI;R1.D02=NO;R2.D01=SI;R2.D02=SI;R2.D03=SI,MUNICIPIO30621,MUNICIPIO_SIN_CN_TRAB,Si,No,30621,,Regla 2 coherente para validaciones implementadas.
GPA-001__R2-001__R1-002__0818,GPA-001__R2-001__R1-002,02_inputs_xml_flat/GPA-001__R2-001__R1-002__0818.xml,PASS,INFO,R1.D01=SI;R1.D02=NO;R2.D01=SI;R2.D02=SI;R2.D03=SI,MUNICIPIO30622,MUNICIPIO_SIN_CN_TRAB,Si,No,30622,,Regla 2 coherente para validaciones implementadas.
GPA-001__R2-001__R1-002__0819,GPA-001__R2-001__R1-002,02_inputs_xml_flat/GPA-001__R2-001__R1-002__0819.xml,PASS,INFO,R1.D01=SI;R1.D02=NO;R2.D01=SI;R2.D02=SI;R2.D03=SI,MUNICIPIO30623,MUNICIPIO_SIN_CN_TRAB,Si,No,30623,,Regla 2 coherente para validaciones implementadas.
GPA-001__R2-001__R1-002__0820,GPA-001__R2-001__R1-002,02_inputs_xml_flat/GPA-001__R2-001__R1-002__0820.xml,PASS,INFO,R1.D01=SI;R1.D02=NO;R2.D01=SI;R2.D02=SI;R2.D03=SI,MUNICIPIO30621,MUNICIPIO_SIN_CN_TRAB,Si,No,30621,,Regla 2 coherente para validaciones implementadas.
GPA-001__R2-001__R1-002__0821,GPA-001__R2-001__R1-002,02_inputs_xml_flat/GPA-001__R2-001__R1-002__0821.xml,PASS,INFO,R1.D01=SI;R1.D02=NO;R2.D01=SI;R2.D02=SI;R2.D03=SI,MUNICIPIO30622,MUNICIPIO_SIN_CN_TRAB,Si,No,30622,,Regla 2 coherente para validaciones implementadas.
GPA-001__R2-001__R1-002__0822,GPA-001__R2-001__R1-002,02_inputs_xml_flat/GPA-001__R2-001__R1-002__0822.xml,PASS,INFO,R1.D01=SI;R1.D02=NO;R2.D01=SI;R2.D02=SI;R2.D03=SI,MUNICIPIO30623,MUNICIPIO_SIN_CN_TRAB,Si,No,30623,,Regla 2 coherente para validaciones implementadas.
GPA-001__R2-001__R1-002__0823,GPA-001__R2-001__R1-002,02_inputs_xml_flat/GPA-001__R2-001__R1-002__0823.xml,PASS,INFO,R1.D01=SI;R1.D02=NO;R2.D01=SI;R2.D02=SI;R2.D03=SI,MUNICIPIO30621,MUNICIPIO_SIN_CN_TRAB,Si,No,30621,,Regla 2 coherente para validaciones implementadas.
GPA-001__R2-001__R1-002__0824,GPA-001__R2-001__R1-002,02_inputs_xml_flat/GPA-001__R2-001__R1-002__0824.xml,PASS,INFO,R1.D01=SI;R1.D02=NO;R2.D01=SI;R2.D02=SI;R2.D03=SI,MUNICIPIO30622,MUNICIPIO_SIN_CN_TRAB,Si,No,30622,,Regla 2 coherente para validaciones implementadas.
GPA-001__R2-001__R1-002__0825,GPA-001__R2-001__R1-002,02_inputs_xml_flat/GPA-001__R2-001__R1-002__0825.xml,PASS,INFO,R1.D01=SI;R1.D02=NO;R2.D01=SI;R2.D02=SI;R2.D03=SI,MUNICIPIO30623,MUNICIPIO_SIN_CN_TRAB,Si,No,30623,,Regla 2 coherente para validaciones implementadas.
GPA-001__R2-001__R1-002__0826,GPA-001__R2-001__R1-002,02_inputs_xml_flat/GPA-001__R2-001__R1-002__0826.xml,PASS,INFO,R1.D01=SI;R1.D02=NO;R2.D01=SI;R2.D02=SI;R2.D03=SI,MUNICIPIO30621,MUNICIPIO_SIN_CN_TRAB,Si,No,30621,,Regla 2 coherente para validaciones implementadas.
GPA-001__R2-001__R1-002__0827,GPA-001__R2-001__R1-002,02_inputs_xml_flat/GPA-001__R2-001__R1-002__0827.xml,PASS,INFO,R1.D01=SI;R1.D02=NO;R2.D01=SI;R2.D02=SI;R2.D03=SI,MUNICIPIO30622,MUNICIPIO_SIN_CN_TRAB,Si,No,30622,,Regla 2 coherente para validaciones implementadas.
GPA-001__R2-001__R1-002__0828,GPA-001__R2-001__R1-002,02_inputs_xml_flat/GPA-001__R2-001__R1-002__0828.xml,PASS,INFO,R1.D01=SI;R1.D02=NO;R2.D01=SI;R2.D02=SI;R2.D03=SI,MUNICIPIO30623,MUNICIPIO_SIN_CN_TRAB,Si,No,30623,,Regla 2 coherente para validaciones implementadas.
GPA-001__R2-001__R1-002__0829,GPA-001__R2-001__R1-002,02_inputs_xml_flat/GPA-001__R2-001__R1-002__0829.xml,PASS,INFO,R1.D01=SI;R1.D02=NO;R2.D01=SI;R2.D02=SI;R2.D03=SI,MUNICIPIO30621,MUNICIPIO_SIN_CN_TRAB,Si,No,30621,,Regla 2 coherente para validaciones implementadas.
GPA-001__R2-001__R1-002__0830,GPA-001__R2-001__R1-002,02_inputs_xml_flat/GPA-001__R2-001__R1-002__0830.xml,PASS,INFO,R1.D01=SI;R1.D02=NO;R2.D01=SI;R2.D02=SI;R2.D03=SI,MUNICIPIO30622,MUNICIPIO_SIN_CN_TRAB,Si,No,30622,,Regla 2 coherente para validaciones implementadas.
GPA-001__R2-001__R1-002__0831,GPA-001__R2-001__R1-002,02_inputs_xml_flat/GPA-001__R2-001__R1-002__0831.xml,PASS,INFO,R1.D01=SI;R1.D02=NO;R2.D01=SI;R2.D02=SI;R2.D03=SI,MUNICIPIO30623,MUNICIPIO_SIN_CN_TRAB,Si,No,30623,,Regla 2 coherente para validaciones implementadas.
GPA-001__R2-001__R1-002__0832,GPA-001__R2-001__R1-002,02_inputs_xml_flat/GPA-001__R2-001__R1-002__0832.xml,PASS,INFO,R1.D01=SI;R1.D02=NO;R2.D01=SI;R2.D02=SI;R2.D03=SI,MUNICIPIO30621,MUNICIPIO_SIN_CN_TRAB,Si,No,30621,,Regla 2 coherente para validaciones implementadas.
GPA-001__R2-001__R1-002__0833,GPA-001__R2-001__R1-002,02_inputs_xml_flat/GPA-001__R2-001__R1-002__0833.xml,PASS,INFO,R1.D01=SI;R1.D02=NO;R2.D01=SI;R2.D02=SI;R2.D03=SI,MUNICIPIO30622,MUNICIPIO_SIN_CN_TRAB,Si,No,30622,,Regla 2 coherente para validaciones implementadas.
GPA-001__R2-001__R1-002__0834,GPA-001__R2-001__R1-002,02_inputs_xml_flat/GPA-001__R2-001__R1-002__0834.xml,PASS,INFO,R1.D01=SI;R1.D02=NO;R2.D01=SI;R2.D02=SI;R2.D03=SI,MUNICIPIO30623,MUNICIPIO_SIN_CN_TRAB,Si,No,30623,,Regla 2 coherente para validaciones implementadas.
GPA-001__R2-001__R1-002__0835,GPA-001__R2-001__R1-002,02_inputs_xml_flat/GPA-001__R2-001__R1-002__0835.xml,PASS,INFO,R1.D01=SI;R1.D02=NO;R2.D01=SI;R2.D02=SI;R2.D03=SI,MUNICIPIO30621,MUNICIPIO_SIN_CN_TRAB,Si,No,30621,,Regla 2 coherente para validaciones implementadas.
GPA-001__R2-001__R1-002__0836,GPA-001__R2-001__R1-002,02_inputs_xml_flat/GPA-001__R2-001__R1-002__0836.xml,PASS,INFO,R1.D01=SI;R1.D02=NO;R2.D01=SI;R2.D02=SI;R2.D03=SI,MUNICIPIO30622,MUNICIPIO_SIN_CN_TRAB,Si,No,30622,,Regla 2 coherente para validaciones implementadas.
GPA-001__R2-001__R1-002__0837,GPA-001__R2-001__R1-002,02_inputs_xml_flat/GPA-001__R2-001__R1-002__0837.xml,PASS,INFO,R1.D01=SI;R1.D02=NO;R2.D01=SI;R2.D02=SI;R2.D03=SI,MUNICIPIO30623,MUNICIPIO_SIN_CN_TRAB,Si,No,30623,,Regla 2 coherente para validaciones implementadas.
GPA-001__R2-001__R1-002__0838,GPA-001__R2-001__R1-002,02_inputs_xml_flat/GPA-001__R2-001__R1-002__0838.xml,PASS,INFO,R1.D01=SI;R1.D02=NO;R2.D01=SI;R2.D02=SI;R2.D03=SI,MUNICIPIO30621,MUNICIPIO_SIN_CN_TRAB,Si,No,30621,,Regla 2 coherente para validaciones implementadas.
GPA-001__R2-001__R1-002__0839,GPA-001__R2-001__R1-002,02_inputs_xml_flat/GPA-001__R2-001__R1-002__0839.xml,PASS,INFO,R1.D01=SI;R1.D02=NO;R2.D01=SI;R2.D02=SI;R2.D03=SI,MUNICIPIO30622,MUNICIPIO_SIN_CN_TRAB,Si,No,30622,,Regla 2 coherente para validaciones implementadas.
GPA-001__R2-001__R1-002__0840,GPA-001__R2-001__R1-002,02_inputs_xml_flat/GPA-001__R2-001__R1-002__0840.xml,PASS,INFO,R1.D01=SI;R1.D02=NO;R2.D01=SI;R2.D02=SI;R2.D03=SI,MUNICIPIO30623,MUNICIPIO_SIN_CN_TRAB,Si,No,30623,,Regla 2 coherente para validaciones implementadas.
GPA-001__R2-001__R1-002__0841,GPA-001__R2-001__R1-002,02_inputs_xml_flat/GPA-001__R2-001__R1-002__0841.xml,PASS,INFO,R1.D01=SI;R1.D02=NO;R2.D01=SI;R2.D02=SI;R2.D03=SI,MUNICIPIO30621,MUNICIPIO_SIN_CN_TRAB,Si,No,30621,,Regla 2 coherente para validaciones implementadas.
GPA-001__R2-001__R1-002__0842,GPA-001__R2-001__R1-002,02_inputs_xml_flat/GPA-001__R2-001__R1-002__0842.xml,PASS,INFO,R1.D01=SI;R1.D02=NO;R2.D01=SI;R2.D02=SI;R2.D03=SI,MUNICIPIO30622,MUNICIPIO_SIN_CN_TRAB,Si,No,30622,,Regla 2 coherente para validaciones implementadas.
GPA-001__R2-001__R1-002__0843,GPA-001__R2-001__R1-002,02_inputs_xml_flat/GPA-001__R2-001__R1-002__0843.xml,PASS,INFO,R1.D01=SI;R1.D02=NO;R2.D01=SI;R2.D02=SI;R2.D03=SI,MUNICIPIO30623,MUNICIPIO_SIN_CN_TRAB,Si,No,30623,,Regla 2 coherente para validaciones implementadas.
GPA-001__R2-001__R1-002__0844,GPA-001__R2-001__R1-002,02_inputs_xml_flat/GPA-001__R2-001__R1-002__0844.xml,PASS,INFO,R1.D01=SI;R1.D02=NO;R2.D01=SI;R2.D02=SI;R2.D03=SI,MUNICIPIO30621,MUNICIPIO_SIN_CN_TRAB,Si,No,30621,,Regla 2 coherente para validaciones implementadas.
GPA-001__R2-001__R1-002__0845,GPA-001__R2-001__R1-002,02_inputs_xml_flat/GPA-001__R2-001__R1-002__0845.xml,PASS,INFO,R1.D01=SI;R1.D02=NO;R2.D01=SI;R2.D02=SI;R2.D03=SI,MUNICIPIO30622,MUNICIPIO_SIN_CN_TRAB,Si,No,30622,,Regla 2 coherente para validaciones implementadas.
GPA-001__R2-001__R1-002__0846,GPA-001__R2-001__R1-002,02_inputs_xml_flat/GPA-001__R2-001__R1-002__0846.xml,PASS,INFO,R1.D01=SI;R1.D02=NO;R2.D01=SI;R2.D02=SI;R2.D03=SI,MUNICIPIO30623,MUNICIPIO_SIN_CN_TRAB,Si,No,30623,,Regla 2 coherente para validaciones implementadas.
GPA-001__R2-001__R1-002__0847,GPA-001__R2-001__R1-002,02_inputs_xml_flat/GPA-001__R2-001__R1-002__0847.xml,PASS,INFO,R1.D01=SI;R1.D02=NO;R2.D01=SI;R2.D02=SI;R2.D03=SI,MUNICIPIO30621,MUNICIPIO_SIN_CN_TRAB,Si,No,30621,,Regla 2 coherente para validaciones implementadas.
GPA-001__R2-001__R1-002__0848,GPA-001__R2-001__R1-002,02_inputs_xml_flat/GPA-001__R2-001__R1-002__0848.xml,PASS,INFO,R1.D01=SI;R1.D02=NO;R2.D01=SI;R2.D02=SI;R2.D03=SI,MUNICIPIO30622,MUNICIPIO_SIN_CN_TRAB,Si,No,30622,,Regla 2 coherente para validaciones implementadas.
GPA-001__R2-001__R1-002__0849,GPA-001__R2-001__R1-002,02_inputs_xml_flat/GPA-001__R2-001__R1-002__0849.xml,PASS,INFO,R1.D01=SI;R1.D02=NO;R2.D01=SI;R2.D02=SI;R2.D03=SI,MUNICIPIO30623,MUNICIPIO_SIN_CN_TRAB,Si,No,30623,,Regla 2 coherente para validaciones implementadas.
GPA-001__R2-001__R1-002__0850,GPA-001__R2-001__R1-002,02_inputs_xml_flat/GPA-001__R2-001__R1-002__0850.xml,PASS,INFO,R1.D01=SI;R1.D02=NO;R2.D01=SI;R2.D02=SI;R2.D03=SI,MUNICIPIO30621,MUNICIPIO_SIN_CN_TRAB,Si,No,30621,,Regla 2 coherente para validaciones implementadas.
GPA-001__R2-001__R1-002__0851,GPA-001__R2-001__R1-002,02_inputs_xml_flat/GPA-001__R2-001__R1-002__0851.xml,PASS,INFO,R1.D01=SI;R1.D02=NO;R2.D01=SI;R2.D02=SI;R2.D03=SI,MUNICIPIO30622,MUNICIPIO_SIN_CN_TRAB,Si,No,30622,,Regla 2 coherente para validaciones implementadas.
GPA-001__R2-001__R1-002__0852,GPA-001__R2-001__R1-002,02_inputs_xml_flat/GPA-001__R2-001__R1-002__0852.xml,PASS,INFO,R1.D01=SI;R1.D02=NO;R2.D01=SI;R2.D02=SI;R2.D03=SI,MUNICIPIO30623,MUNICIPIO_SIN_CN_TRAB,Si,No,30623,,Regla 2 coherente para validaciones implementadas.
GPA-001__R2-001__R1-002__0853,GPA-001__R2-001__R1-002,02_inputs_xml_flat/GPA-001__R2-001__R1-002__0853.xml,PASS,INFO,R1.D01=SI;R1.D02=NO;R2.D01=SI;R2.D02=SI;R2.D03=SI,MUNICIPIO30621,MUNICIPIO_SIN_CN_TRAB,Si,No,30621,,Regla 2 coherente para validaciones implementadas.
GPA-001__R2-001__R1-002__0854,GPA-001__R2-001__R1-002,02_inputs_xml_flat/GPA-001__R2-001__R1-002__0854.xml,PASS,INFO,R1.D01=SI;R1.D02=NO;R2.D01=SI;R2.D02=SI;R2.D03=SI,MUNICIPIO30622,MUNICIPIO_SIN_CN_TRAB,Si,No,30622,,Regla 2 coherente para validaciones implementadas.
GPA-001__R2-001__R1-002__0855,GPA-001__R2-001__R1-002,02_inputs_xml_flat/GPA-001__R2-001__R1-002__0855.xml,PASS,INFO,R1.D01=SI;R1.D02=NO;R2.D01=SI;R2.D02=SI;R2.D03=SI,MUNICIPIO30623,MUNICIPIO_SIN_CN_TRAB,Si,No,30623,,Regla 2 coherente para validaciones implementadas.
GPA-001__R2-001__R1-002__0856,GPA-001__R2-001__R1-002,02_inputs_xml_flat/GPA-001__R2-001__R1-002__0856.xml,PASS,INFO,R1.D01=SI;R1.D02=NO;R2.D01=SI;R2.D02=SI;R2.D03=SI,MUNICIPIO30621,MUNICIPIO_SIN_CN_TRAB,Si,No,30621,,Regla 2 coherente para validaciones implementadas.
GPA-001__R2-001__R1-002__0857,GPA-001__R2-001__R1-002,02_inputs_xml_flat/GPA-001__R2-001__R1-002__0857.xml,PASS,INFO,R1.D01=SI;R1.D02=NO;R2.D01=SI;R2.D02=SI;R2.D03=SI,MUNICIPIO30622,MUNICIPIO_SIN_CN_TRAB,Si,No,30622,,Regla 2 coherente para validaciones implementadas.
GPA-001__R2-001__R1-002__0858,GPA-001__R2-001__R1-002,02_inputs_xml_flat/GPA-001__R2-001__R1-002__0858.xml,PASS,INFO,R1.D01=SI;R1.D02=NO;R2.D01=SI;R2.D02=SI;R2.D03=SI,MUNICIPIO30623,MUNICIPIO_SIN_CN_TRAB,Si,No,30623,,Regla 2 coherente para validaciones implementadas.
GPA-001__R2-001__R1-002__0859,GPA-001__R2-001__R1-002,02_inputs_xml_flat/GPA-001__R2-001__R1-002__0859.xml,PASS,INFO,R1.D01=SI;R1.D02=NO;R2.D01=SI;R2.D02=SI;R2.D03=SI,MUNICIPIO30621,MUNICIPIO_SIN_CN_TRAB,Si,No,30621,,Regla 2 coherente para validaciones implementadas.
GPA-001__R2-001__R1-002__0860,GPA-001__R2-001__R1-002,02_inputs_xml_flat/GPA-001__R2-001__R1-002__0860.xml,PASS,INFO,R1.D01=SI;R1.D02=NO;R2.D01=SI;R2.D02=SI;R2.D03=SI,MUNICIPIO30622,MUNICIPIO_SIN_CN_TRAB,Si,No,30622,,Regla 2 coherente para validaciones implementadas.
GPA-001__R2-001__R1-002__0861,GPA-001__R2-001__R1-002,02_inputs_xml_flat/GPA-001__R2-001__R1-002__0861.xml,PASS,INFO,R1.D01=SI;R1.D02=NO;R2.D01=SI;R2.D02=SI;R2.D03=SI,MUNICIPIO30623,MUNICIPIO_SIN_CN_TRAB,Si,No,30623,,Regla 2 coherente para validaciones implementadas.
GPA-001__R2-001__R1-002__0862,GPA-001__R2-001__R1-002,02_inputs_xml_flat/GPA-001__R2-001__R1-002__0862.xml,PASS,INFO,R1.D01=SI;R1.D02=NO;R2.D01=SI;R2.D02=SI;R2.D03=SI,MUNICIPIO30621,MUNICIPIO_SIN_CN_TRAB,Si,No,30621,,Regla 2 coherente para validaciones implementadas.
GPA-001__R2-001__R1-002__0863,GPA-001__R2-001__R1-002,02_inputs_xml_flat/GPA-001__R2-001__R1-002__0863.xml,PASS,INFO,R1.D01=SI;R1.D02=NO;R2.D01=SI;R2.D02=SI;R2.D03=SI,MUNICIPIO30622,MUNICIPIO_SIN_CN_TRAB,Si,No,30622,,Regla 2 coherente para validaciones implementadas.
GPA-001__R2-001__R1-002__0864,GPA-001__R2-001__R1-002,02_inputs_xml_flat/GPA-001__R2-001__R1-002__0864.xml,PASS,INFO,R1.D01=SI;R1.D02=NO;R2.D01=SI;R2.D02=SI;R2.D03=SI,MUNICIPIO30623,MUNICIPIO_SIN_CN_TRAB,Si,No,30623,,Regla 2 coherente para validaciones implementadas.
GPA-001__R2-001__R1-002__0865,GPA-001__R2-001__R1-002,02_inputs_xml_flat/GPA-001__R2-001__R1-002__0865.xml,PASS,INFO,R1.D01=SI;R1.D02=NO;R2.D01=SI;R2.D02=SI;R2.D03=SI,MUNICIPIO30621,MUNICIPIO_SIN_CN_TRAB,Si,No,30621,,Regla 2 coherente para validaciones implementadas.
GPA-001__R2-001__R1-002__0866,GPA-001__R2-001__R1-002,02_inputs_xml_flat/GPA-001__R2-001__R1-002__0866.xml,PASS,INFO,R1.D01=SI;R1.D02=NO;R2.D01=SI;R2.D02=SI;R2.D03=SI,MUNICIPIO30622,MUNICIPIO_SIN_CN_TRAB,Si,No,30622,,Regla 2 coherente para validaciones implementadas.
GPA-001__R2-001__R1-002__0867,GPA-001__R2-001__R1-002,02_inputs_xml_flat/GPA-001__R2-001__R1-002__0867.xml,PASS,INFO,R1.D01=SI;R1.D02=NO;R2.D01=SI;R2.D02=SI;R2.D03=SI,MUNICIPIO30623,MUNICIPIO_SIN_CN_TRAB,Si,No,30623,,Regla 2 coherente para validaciones implementadas.
GPA-001__R2-001__R1-002__0868,GPA-001__R2-001__R1-002,02_inputs_xml_flat/GPA-001__R2-001__R1-002__0868.xml,PASS,INFO,R1.D01=SI;R1.D02=NO;R2.D01=SI;R2.D02=SI;R2.D03=SI,MUNICIPIO30621,MUNICIPIO_SIN_CN_TRAB,Si,No,30621,,Regla 2 coherente para validaciones implementadas.
GPA-001__R2-001__R1-002__0869,GPA-001__R2-001__R1-002,02_inputs_xml_flat/GPA-001__R2-001__R1-002__0869.xml,PASS,INFO,R1.D01=SI;R1.D02=NO;R2.D01=SI;R2.D02=SI;R2.D03=SI,MUNICIPIO30622,MUNICIPIO_SIN_CN_TRAB,Si,No,30622,,Regla 2 coherente para validaciones implementadas.
GPA-001__R2-001__R1-002__0870,GPA-001__R2-001__R1-002,02_inputs_xml_flat/GPA-001__R2-001__R1-002__0870.xml,PASS,INFO,R1.D01=SI;R1.D02=NO;R2.D01=SI;R2.D02=SI;R2.D03=SI,MUNICIPIO30623,MUNICIPIO_SIN_CN_TRAB,Si,No,30623,,Regla 2 coherente para validaciones implementadas.
GPA-001__R2-001__R1-002__0871,GPA-001__R2-001__R1-002,02_inputs_xml_flat/GPA-001__R2-001__R1-002__0871.xml,PASS,INFO,R1.D01=SI;R1.D02=NO;R2.D01=SI;R2.D02=SI;R2.D03=SI,MUNICIPIO30621,MUNICIPIO_SIN_CN_TRAB,Si,No,30621,,Regla 2 coherente para validaciones implementadas.
GPA-001__R2-001__R1-002__0872,GPA-001__R2-001__R1-002,02_inputs_xml_flat/GPA-001__R2-001__R1-002__0872.xml,PASS,INFO,R1.D01=SI;R1.D02=NO;R2.D01=SI;R2.D02=SI;R2.D03=SI,MUNICIPIO30622,MUNICIPIO_SIN_CN_TRAB,Si,No,30622,,Regla 2 coherente para validaciones implementadas.
GPA-001__R2-001__R1-002__0873,GPA-001__R2-001__R1-002,02_inputs_xml_flat/GPA-001__R2-001__R1-002__0873.xml,PASS,INFO,R1.D01=SI;R1.D02=NO;R2.D01=SI;R2.D02=SI;R2.D03=SI,MUNICIPIO30623,MUNICIPIO_SIN_CN_TRAB,Si,No,30623,,Regla 2 coherente para validaciones implementadas.
GPA-001__R2-001__R1-002__0874,GPA-001__R2-001__R1-002,02_inputs_xml_flat/GPA-001__R2-001__R1-002__0874.xml,PASS,INFO,R1.D01=SI;R1.D02=NO;R2.D01=SI;R2.D02=SI;R2.D03=SI,MUNICIPIO30621,MUNICIPIO_SIN_CN_TRAB,Si,No,30621,,Regla 2 coherente para validaciones implementadas.
GPA-001__R2-001__R1-002__0875,GPA-001__R2-001__R1-002,02_inputs_xml_flat/GPA-001__R2-001__R1-002__0875.xml,PASS,INFO,R1.D01=SI;R1.D02=NO;R2.D01=SI;R2.D02=SI;R2.D03=SI,MUNICIPIO30622,MUNICIPIO_SIN_CN_TRAB,Si,No,30622,,Regla 2 coherente para validaciones implementadas.
GPA-001__R2-001__R1-002__0876,GPA-001__R2-001__R1-002,02_inputs_xml_flat/GPA-001__R2-001__R1-002__0876.xml,PASS,INFO,R1.D01=SI;R1.D02=NO;R2.D01=SI;R2.D02=SI;R2.D03=SI,MUNICIPIO30623,MUNICIPIO_SIN_CN_TRAB,Si,No,30623,,Regla 2 coherente para validaciones implementadas.
GPA-001__R2-001__R1-002__0877,GPA-001__R2-001__R1-002,02_inputs_xml_flat/GPA-001__R2-001__R1-002__0877.xml,PASS,INFO,R1.D01=SI;R1.D02=NO;R2.D01=SI;R2.D02=SI;R2.D03=SI,MUNICIPIO30621,MUNICIPIO_SIN_CN_TRAB,Si,No,30621,,Regla 2 coherente para validaciones implementadas.
GPA-001__R2-001__R1-002__0878,GPA-001__R2-001__R1-002,02_inputs_xml_flat/GPA-001__R2-001__R1-002__0878.xml,PASS,INFO,R1.D01=SI;R1.D02=NO;R2.D01=SI;R2.D02=SI;R2.D03=SI,MUNICIPIO30622,MUNICIPIO_SIN_CN_TRAB,Si,No,30622,,Regla 2 coherente para validaciones implementadas.
GPA-001__R2-001__R1-002__0879,GPA-001__R2-001__R1-002,02_inputs_xml_flat/GPA-001__R2-001__R1-002__0879.xml,PASS,INFO,R1.D01=SI;R1.D02=NO;R2.D01=SI;R2.D02=SI;R2.D03=SI,MUNICIPIO30623,MUNICIPIO_SIN_CN_TRAB,Si,No,30623,,Regla 2 coherente para validaciones implementadas.
GPA-001__R2-001__R1-002__0880,GPA-001__R2-001__R1-002,02_inputs_xml_flat/GPA-001__R2-001__R1-002__0880.xml,PASS,INFO,R1.D01=SI;R1.D02=NO;R2.D01=SI;R2.D02=SI;R2.D03=SI,MUNICIPIO30621,MUNICIPIO_SIN_CN_TRAB,Si,No,30621,,Regla 2 coherente para validaciones implementadas.
GPA-001__R2-001__R1-002__0881,GPA-001__R2-001__R1-002,02_inputs_xml_flat/GPA-001__R2-001__R1-002__0881.xml,PASS,INFO,R1.D01=SI;R1.D02=NO;R2.D01=SI;R2.D02=SI;R2.D03=SI,MUNICIPIO30622,MUNICIPIO_SIN_CN_TRAB,Si,No,30622,,Regla 2 coherente para validaciones implementadas.
GPA-001__R2-001__R1-002__0882,GPA-001__R2-001__R1-002,02_inputs_xml_flat/GPA-001__R2-001__R1-002__0882.xml,PASS,INFO,R1.D01=SI;R1.D02=NO;R2.D01=SI;R2.D02=SI;R2.D03=SI,MUNICIPIO30623,MUNICIPIO_SIN_CN_TRAB,Si,No,30623,,Regla 2 coherente para validaciones implementadas.
GPA-001__R2-001__R1-002__0883,GPA-001__R2-001__R1-002,02_inputs_xml_flat/GPA-001__R2-001__R1-002__0883.xml,PASS,INFO,R1.D01=SI;R1.D02=NO;R2.D01=SI;R2.D02=SI;R2.D03=SI,MUNICIPIO30621,MUNICIPIO_SIN_CN_TRAB,Si,No,30621,,Regla 2 coherente para validaciones implementadas.
GPA-001__R2-001__R1-002__0884,GPA-001__R2-001__R1-002,02_inputs_xml_flat/GPA-001__R2-001__R1-002__0884.xml,PASS,INFO,R1.D01=SI;R1.D02=NO;R2.D01=SI;R2.D02=SI;R2.D03=SI,MUNICIPIO30622,MUNICIPIO_SIN_CN_TRAB,Si,No,30622,,Regla 2 coherente para validaciones implementadas.
GPA-001__R2-001__R1-002__0885,GPA-001__R2-001__R1-002,02_inputs_xml_flat/GPA-001__R2-001__R1-002__0885.xml,PASS,INFO,R1.D01=SI;R1.D02=NO;R2.D01=SI;R2.D02=SI;R2.D03=SI,MUNICIPIO30623,MUNICIPIO_SIN_CN_TRAB,Si,No,30623,,Regla 2 coherente para validaciones implementadas.
GPA-001__R2-001__R1-002__0886,GPA-001__R2-001__R1-002,02_inputs_xml_flat/GPA-001__R2-001__R1-002__0886.xml,PASS,INFO,R1.D01=SI;R1.D02=NO;R2.D01=SI;R2.D02=SI;R2.D03=SI,MUNICIPIO30621,MUNICIPIO_SIN_CN_TRAB,Si,No,30621,,Regla 2 coherente para validaciones implementadas.
GPA-001__R2-001__R1-002__0887,GPA-001__R2-001__R1-002,02_inputs_xml_flat/GPA-001__R2-001__R1-002__0887.xml,PASS,INFO,R1.D01=SI;R1.D02=NO;R2.D01=SI;R2.D02=SI;R2.D03=SI,MUNICIPIO30622,MUNICIPIO_SIN_CN_TRAB,Si,No,30622,,Regla 2 coherente para validaciones implementadas.
GPA-001__R2-001__R1-002__0888,GPA-001__R2-001__R1-002,02_inputs_xml_flat/GPA-001__R2-001__R1-002__0888.xml,PASS,INFO,R1.D01=SI;R1.D02=NO;R2.D01=SI;R2.D02=SI;R2.D03=SI,MUNICIPIO30623,MUNICIPIO_SIN_CN_TRAB,Si,No,30623,,Regla 2 coherente para validaciones implementadas.
GPA-001__R2-001__R1-002__0889,GPA-001__R2-001__R1-002,02_inputs_xml_flat/GPA-001__R2-001__R1-002__0889.xml,PASS,INFO,R1.D01=SI;R1.D02=NO;R2.D01=SI;R2.D02=SI;R2.D03=SI,MUNICIPIO30621,MUNICIPIO_SIN_CN_TRAB,Si,No,30621,,Regla 2 coherente para validaciones implementadas.
GPA-001__R2-001__R1-002__0890,GPA-001__R2-001__R1-002,02_inputs_xml_flat/GPA-001__R2-001__R1-002__0890.xml,PASS,INFO,R1.D01=SI;R1.D02=NO;R2.D01=SI;R2.D02=SI;R2.D03=SI,MUNICIPIO30622,MUNICIPIO_SIN_CN_TRAB,Si,No,30622,,Regla 2 coherente para validaciones implementadas.
GPA-001__R2-001__R1-002__0891,GPA-001__R2-001__R1-002,02_inputs_xml_flat/GPA-001__R2-001__R1-002__0891.xml,PASS,INFO,R1.D01=SI;R1.D02=NO;R2.D01=SI;R2.D02=SI;R2.D03=SI,MUNICIPIO30623,MUNICIPIO_SIN_CN_TRAB,Si,No,30623,,Regla 2 coherente para validaciones implementadas.
GPA-001__R2-001__R1-002__0892,GPA-001__R2-001__R1-002,02_inputs_xml_flat/GPA-001__R2-001__R1-002__0892.xml,PASS,INFO,R1.D01=SI;R1.D02=NO;R2.D01=SI;R2.D02=SI;R2.D03=SI,MUNICIPIO30621,MUNICIPIO_SIN_CN_TRAB,Si,No,30621,,Regla 2 coherente para validaciones implementadas.
GPA-001__R2-001__R1-002__0893,GPA-001__R2-001__R1-002,02_inputs_xml_flat/GPA-001__R2-001__R1-002__0893.xml,PASS,INFO,R1.D01=SI;R1.D02=NO;R2.D01=SI;R2.D02=SI;R2.D03=SI,MUNICIPIO30622,MUNICIPIO_SIN_CN_TRAB,Si,No,30622,,Regla 2 coherente para validaciones implementadas.
GPA-001__R2-001__R1-002__0894,GPA-001__R2-001__R1-002,02_inputs_xml_flat/GPA-001__R2-001__R1-002__0894.xml,PASS,INFO,R1.D01=SI;R1.D02=NO;R2.D01=SI;R2.D02=SI;R2.D03=SI,MUNICIPIO30623,MUNICIPIO_SIN_CN_TRAB,Si,No,30623,,Regla 2 coherente para validaciones implementadas.
GPA-001__R2-001__R1-002__0895,GPA-001__R2-001__R1-002,02_inputs_xml_flat/GPA-001__R2-001__R1-002__0895.xml,PASS,INFO,R1.D01=SI;R1.D02=NO;R2.D01=SI;R2.D02=SI;R2.D03=SI,MUNICIPIO30621,MUNICIPIO_SIN_CN_TRAB,Si,No,30621,,Regla 2 coherente para validaciones implementadas.
GPA-001__R2-001__R1-002__0896,GPA-001__R2-001__R1-002,02_inputs_xml_flat/GPA-001__R2-001__R1-002__0896.xml,PASS,INFO,R1.D01=SI;R1.D02=NO;R2.D01=SI;R2.D02=SI;R2.D03=SI,MUNICIPIO30622,MUNICIPIO_SIN_CN_TRAB,Si,No,30622,,Regla 2 coherente para validaciones implementadas.
GPA-001__R2-001__R1-002__0897,GPA-001__R2-001__R1-002,02_inputs_xml_flat/GPA-001__R2-001__R1-002__0897.xml,PASS,INFO,R1.D01=SI;R1.D02=NO;R2.D01=SI;R2.D02=SI;R2.D03=SI,MUNICIPIO30623,MUNICIPIO_SIN_CN_TRAB,Si,No,30623,,Regla 2 coherente para validaciones implementadas.
GPA-001__R2-001__R1-002__0898,GPA-001__R2-001__R1-002,02_inputs_xml_flat/GPA-001__R2-001__R1-002__0898.xml,PASS,INFO,R1.D01=SI;R1.D02=NO;R2.D01=SI;R2.D02=SI;R2.D03=SI,MUNICIPIO30621,MUNICIPIO_SIN_CN_TRAB,Si,No,30621,,Regla 2 coherente para validaciones implementadas.
GPA-001__R2-001__R1-002__0899,GPA-001__R2-001__R1-002,02_inputs_xml_flat/GPA-001__R2-001__R1-002__0899.xml,PASS,INFO,R1.D01=SI;R1.D02=NO;R2.D01=SI;R2.D02=SI;R2.D03=SI,MUNICIPIO30622,MUNICIPIO_SIN_CN_TRAB,Si,No,30622,,Regla 2 coherente para validaciones implementadas.
GPA-001__R2-001__R1-002__0900,GPA-001__R2-001__R1-002,02_inputs_xml_flat/GPA-001__R2-001__R1-002__0900.xml,PASS,INFO,R1.D01=SI;R1.D02=NO;R2.D01=SI;R2.D02=SI;R2.D03=SI,MUNICIPIO30623,MUNICIPIO_SIN_CN_TRAB,Si,No,30623,,Regla 2 coherente para validaciones implementadas.
GPA-001__R2-001__R1-002__0901,GPA-001__R2-001__R1-002,02_inputs_xml_flat/GPA-001__R2-001__R1-002__0901.xml,PASS,INFO,R1.D01=SI;R1.D02=NO;R2.D01=SI;R2.D02=SI;R2.D03=SI,MUNICIPIO30621,MUNICIPIO_SIN_CN_TRAB,Si,No,30621,,Regla 2 coherente para validaciones implementadas.
GPA-001__R2-001__R1-002__0902,GPA-001__R2-001__R1-002,02_inputs_xml_flat/GPA-001__R2-001__R1-002__0902.xml,PASS,INFO,R1.D01=SI;R1.D02=NO;R2.D01=SI;R2.D02=SI;R2.D03=SI,MUNICIPIO30622,MUNICIPIO_SIN_CN_TRAB,Si,No,30622,,Regla 2 coherente para validaciones implementadas.
GPA-001__R2-001__R1-002__0903,GPA-001__R2-001__R1-002,02_inputs_xml_flat/GPA-001__R2-001__R1-002__0903.xml,PASS,INFO,R1.D01=SI;R1.D02=NO;R2.D01=SI;R2.D02=SI;R2.D03=SI,MUNICIPIO30623,MUNICIPIO_SIN_CN_TRAB,Si,No,30623,,Regla 2 coherente para validaciones implementadas.
GPA-001__R2-001__R1-002__0904,GPA-001__R2-001__R1-002,02_inputs_xml_flat/GPA-001__R2-001__R1-002__0904.xml,PASS,INFO,R1.D01=SI;R1.D02=NO;R2.D01=SI;R2.D02=SI;R2.D03=SI,MUNICIPIO30621,MUNICIPIO_SIN_CN_TRAB,Si,No,30621,,Regla 2 coherente para validaciones implementadas.
GPA-001__R2-001__R1-002__0905,GPA-001__R2-001__R1-002,02_inputs_xml_flat/GPA-001__R2-001__R1-002__0905.xml,PASS,INFO,R1.D01=SI;R1.D02=NO;R2.D01=SI;R2.D02=SI;R2.D03=SI,MUNICIPIO30622,MUNICIPIO_SIN_CN_TRAB,Si,No,30622,,Regla 2 coherente para validaciones implementadas.
GPA-001__R2-001__R1-002__0906,GPA-001__R2-001__R1-002,02_inputs_xml_flat/GPA-001__R2-001__R1-002__0906.xml,PASS,INFO,R1.D01=SI;R1.D02=NO;R2.D01=SI;R2.D02=SI;R2.D03=SI,MUNICIPIO30623,MUNICIPIO_SIN_CN_TRAB,Si,No,30623,,Regla 2 coherente para validaciones implementadas.
GPA-001__R2-001__R1-002__0907,GPA-001__R2-001__R1-002,02_inputs_xml_flat/GPA-001__R2-001__R1-002__0907.xml,PASS,INFO,R1.D01=SI;R1.D02=NO;R2.D01=SI;R2.D02=SI;R2.D03=SI,MUNICIPIO30621,MUNICIPIO_SIN_CN_TRAB,Si,No,30621,,Regla 2 coherente para validaciones implementadas.
GPA-001__R2-001__R1-002__0908,GPA-001__R2-001__R1-002,02_inputs_xml_flat/GPA-001__R2-001__R1-002__0908.xml,PASS,INFO,R1.D01=SI;R1.D02=NO;R2.D01=SI;R2.D02=SI;R2.D03=SI,MUNICIPIO30622,MUNICIPIO_SIN_CN_TRAB,Si,No,30622,,Regla 2 coherente para validaciones implementadas.
GPA-001__R2-001__R1-002__0909,GPA-001__R2-001__R1-002,02_inputs_xml_flat/GPA-001__R2-001__R1-002__0909.xml,PASS,INFO,R1.D01=SI;R1.D02=NO;R2.D01=SI;R2.D02=SI;R2.D03=SI,MUNICIPIO30623,MUNICIPIO_SIN_CN_TRAB,Si,No,30623,,Regla 2 coherente para validaciones implementadas.
GPA-001__R2-001__R1-002__0910,GPA-001__R2-001__R1-002,02_inputs_xml_flat/GPA-001__R2-001__R1-002__0910.xml,PASS,INFO,R1.D01=SI;R1.D02=NO;R2.D01=SI;R2.D02=SI;R2.D03=SI,MUNICIPIO30621,MUNICIPIO_SIN_CN_TRAB,Si,No,30621,,Regla 2 coherente para validaciones implementadas.
GPA-001__R2-001__R1-002__0911,GPA-001__R2-001__R1-002,02_inputs_xml_flat/GPA-001__R2-001__R1-002__0911.xml,PASS,INFO,R1.D01=SI;R1.D02=NO;R2.D01=SI;R2.D02=SI;R2.D03=SI,MUNICIPIO30622,MUNICIPIO_SIN_CN_TRAB,Si,No,30622,,Regla 2 coherente para validaciones implementadas.
GPA-001__R2-001__R1-002__0912,GPA-001__R2-001__R1-002,02_inputs_xml_flat/GPA-001__R2-001__R1-002__0912.xml,PASS,INFO,R1.D01=SI;R1.D02=NO;R2.D01=SI;R2.D02=SI;R2.D03=SI,MUNICIPIO30623,MUNICIPIO_SIN_CN_TRAB,Si,No,30623,,Regla 2 coherente para validaciones implementadas.
GPA-001__R2-001__R1-002__0913,GPA-001__R2-001__R1-002,02_inputs_xml_flat/GPA-001__R2-001__R1-002__0913.xml,PASS,INFO,R1.D01=SI;R1.D02=NO;R2.D01=SI;R2.D02=SI;R2.D03=SI,MUNICIPIO30621,MUNICIPIO_SIN_CN_TRAB,Si,No,30621,,Regla 2 coherente para validaciones implementadas.
GPA-001__R2-001__R1-002__0914,GPA-001__R2-001__R1-002,02_inputs_xml_flat/GPA-001__R2-001__R1-002__0914.xml,PASS,INFO,R1.D01=SI;R1.D02=NO;R2.D01=SI;R2.D02=SI;R2.D03=SI,MUNICIPIO30622,MUNICIPIO_SIN_CN_TRAB,Si,No,30622,,Regla 2 coherente para validaciones implementadas.
GPA-001__R2-001__R1-002__0915,GPA-001__R2-001__R1-002,02_inputs_xml_flat/GPA-001__R2-001__R1-002__0915.xml,PASS,INFO,R1.D01=SI;R1.D02=NO;R2.D01=SI;R2.D02=SI;R2.D03=SI,MUNICIPIO30623,MUNICIPIO_SIN_CN_TRAB,Si,No,30623,,Regla 2 coherente para validaciones implementadas.
GPA-001__R2-001__R1-002__0916,GPA-001__R2-001__R1-002,02_inputs_xml_flat/GPA-001__R2-001__R1-002__0916.xml,PASS,INFO,R1.D01=SI;R1.D02=NO;R2.D01=SI;R2.D02=SI;R2.D03=SI,MUNICIPIO30621,MUNICIPIO_SIN_CN_TRAB,Si,No,30621,,Regla 2 coherente para validaciones implementadas.
GPA-001__R2-001__R1-002__0917,GPA-001__R2-001__R1-002,02_inputs_xml_flat/GPA-001__R2-001__R1-002__0917.xml,PASS,INFO,R1.D01=SI;R1.D02=NO;R2.D01=SI;R2.D02=SI;R2.D03=SI,MUNICIPIO30622,MUNICIPIO_SIN_CN_TRAB,Si,No,30622,,Regla 2 coherente para validaciones implementadas.
GPA-001__R2-001__R1-002__0918,GPA-001__R2-001__R1-002,02_inputs_xml_flat/GPA-001__R2-001__R1-002__0918.xml,PASS,INFO,R1.D01=SI;R1.D02=NO;R2.D01=SI;R2.D02=SI;R2.D03=SI,MUNICIPIO30623,MUNICIPIO_SIN_CN_TRAB,Si,No,30623,,Regla 2 coherente para validaciones implementadas.
GPA-001__R2-001__R1-002__0919,GPA-001__R2-001__R1-002,02_inputs_xml_flat/GPA-001__R2-001__R1-002__0919.xml,PASS,INFO,R1.D01=SI;R1.D02=NO;R2.D01=SI;R2.D02=SI;R2.D03=SI,MUNICIPIO30621,MUNICIPIO_SIN_CN_TRAB,Si,No,30621,,Regla 2 coherente para validaciones implementadas.
GPA-001__R2-001__R1-002__0920,GPA-001__R2-001__R1-002,02_inputs_xml_flat/GPA-001__R2-001__R1-002__0920.xml,PASS,INFO,R1.D01=SI;R1.D02=NO;R2.D01=SI;R2.D02=SI;R2.D03=SI,MUNICIPIO30622,MUNICIPIO_SIN_CN_TRAB,Si,No,30622,,Regla 2 coherente para validaciones implementadas.
GPA-001__R2-001__R1-002__0921,GPA-001__R2-001__R1-002,02_inputs_xml_flat/GPA-001__R2-001__R1-002__0921.xml,PASS,INFO,R1.D01=SI;R1.D02=NO;R2.D01=SI;R2.D02=SI;R2.D03=SI,MUNICIPIO30623,MUNICIPIO_SIN_CN_TRAB,Si,No,30623,,Regla 2 coherente para validaciones implementadas.
GPA-001__R2-001__R1-002__0922,GPA-001__R2-001__R1-002,02_inputs_xml_flat/GPA-001__R2-001__R1-002__0922.xml,PASS,INFO,R1.D01=SI;R1.D02=NO;R2.D01=SI;R2.D02=SI;R2.D03=SI,MUNICIPIO30621,MUNICIPIO_SIN_CN_TRAB,Si,No,30621,,Regla 2 coherente para validaciones implementadas.
GPA-001__R2-001__R1-002__0923,GPA-001__R2-001__R1-002,02_inputs_xml_flat/GPA-001__R2-001__R1-002__0923.xml,PASS,INFO,R1.D01=SI;R1.D02=NO;R2.D01=SI;R2.D02=SI;R2.D03=SI,MUNICIPIO30622,MUNICIPIO_SIN_CN_TRAB,Si,No,30622,,Regla 2 coherente para validaciones implementadas.
GPA-001__R2-001__R1-002__0924,GPA-001__R2-001__R1-002,02_inputs_xml_flat/GPA-001__R2-001__R1-002__0924.xml,PASS,INFO,R1.D01=SI;R1.D02=NO;R2.D01=SI;R2.D02=SI;R2.D03=SI,MUNICIPIO30623,MUNICIPIO_SIN_CN_TRAB,Si,No,30623,,Regla 2 coherente para validaciones implementadas.
GPA-001__R2-001__R1-002__0925,GPA-001__R2-001__R1-002,02_inputs_xml_flat/GPA-001__R2-001__R1-002__0925.xml,PASS,INFO,R1.D01=SI;R1.D02=NO;R2.D01=SI;R2.D02=SI;R2.D03=SI,MUNICIPIO30621,MUNICIPIO_SIN_CN_TRAB,Si,No,30621,,Regla 2 coherente para validaciones implementadas.
GPA-001__R2-001__R1-002__0926,GPA-001__R2-001__R1-002,02_inputs_xml_flat/GPA-001__R2-001__R1-002__0926.xml,PASS,INFO,R1.D01=SI;R1.D02=NO;R2.D01=SI;R2.D02=SI;R2.D03=SI,MUNICIPIO30622,MUNICIPIO_SIN_CN_TRAB,Si,No,30622,,Regla 2 coherente para validaciones implementadas.
GPA-001__R2-001__R1-002__0927,GPA-001__R2-001__R1-002,02_inputs_xml_flat/GPA-001__R2-001__R1-002__0927.xml,PASS,INFO,R1.D01=SI;R1.D02=NO;R2.D01=SI;R2.D02=SI;R2.D03=SI,MUNICIPIO30623,MUNICIPIO_SIN_CN_TRAB,Si,No,30623,,Regla 2 coherente para validaciones implementadas.
GPA-001__R2-001__R1-002__0928,GPA-001__R2-001__R1-002,02_inputs_xml_flat/GPA-001__R2-001__R1-002__0928.xml,PASS,INFO,R1.D01=SI;R1.D02=NO;R2.D01=SI;R2.D02=SI;R2.D03=SI,MUNICIPIO30621,MUNICIPIO_SIN_CN_TRAB,Si,No,30621,,Regla 2 coherente para validaciones implementadas.
GPA-001__R2-001__R1-002__0929,GPA-001__R2-001__R1-002,02_inputs_xml_flat/GPA-001__R2-001__R1-002__0929.xml,PASS,INFO,R1.D01=SI;R1.D02=NO;R2.D01=SI;R2.D02=SI;R2.D03=SI,MUNICIPIO30622,MUNICIPIO_SIN_CN_TRAB,Si,No,30622,,Regla 2 coherente para validaciones implementadas.
GPA-001__R2-001__R1-002__0930,GPA-001__R2-001__R1-002,02_inputs_xml_flat/GPA-001__R2-001__R1-002__0930.xml,PASS,INFO,R1.D01=SI;R1.D02=NO;R2.D01=SI;R2.D02=SI;R2.D03=SI,MUNICIPIO30623,MUNICIPIO_SIN_CN_TRAB,Si,No,30623,,Regla 2 coherente para validaciones implementadas.
GPA-001__R2-001__R1-002__0931,GPA-001__R2-001__R1-002,02_inputs_xml_flat/GPA-001__R2-001__R1-002__0931.xml,PASS,INFO,R1.D01=SI;R1.D02=NO;R2.D01=SI;R2.D02=SI;R2.D03=SI,MUNICIPIO30621,MUNICIPIO_SIN_CN_TRAB,Si,No,30621,,Regla 2 coherente para validaciones implementadas.
GPA-001__R2-001__R1-002__0932,GPA-001__R2-001__R1-002,02_inputs_xml_flat/GPA-001__R2-001__R1-002__0932.xml,PASS,INFO,R1.D01=SI;R1.D02=NO;R2.D01=SI;R2.D02=SI;R2.D03=SI,MUNICIPIO30622,MUNICIPIO_SIN_CN_TRAB,Si,No,30622,,Regla 2 coherente para validaciones implementadas.
GPA-001__R2-001__R1-002__0933,GPA-001__R2-001__R1-002,02_inputs_xml_flat/GPA-001__R2-001__R1-002__0933.xml,PASS,INFO,R1.D01=SI;R1.D02=NO;R2.D01=SI;R2.D02=SI;R2.D03=SI,MUNICIPIO30623,MUNICIPIO_SIN_CN_TRAB,Si,No,30623,,Regla 2 coherente para validaciones implementadas.
GPA-001__R2-001__R1-002__0934,GPA-001__R2-001__R1-002,02_inputs_xml_flat/GPA-001__R2-001__R1-002__0934.xml,PASS,INFO,R1.D01=SI;R1.D02=NO;R2.D01=SI;R2.D02=SI;R2.D03=SI,MUNICIPIO30621,MUNICIPIO_SIN_CN_TRAB,Si,No,30621,,Regla 2 coherente para validaciones implementadas.
GPA-001__R2-001__R1-002__0935,GPA-001__R2-001__R1-002,02_inputs_xml_flat/GPA-001__R2-001__R1-002__0935.xml,PASS,INFO,R1.D01=SI;R1.D02=NO;R2.D01=SI;R2.D02=SI;R2.D03=SI,MUNICIPIO30622,MUNICIPIO_SIN_CN_TRAB,Si,No,30622,,Regla 2 coherente para validaciones implementadas.
GPA-001__R2-001__R1-002__0936,GPA-001__R2-001__R1-002,02_inputs_xml_flat/GPA-001__R2-001__R1-002__0936.xml,PASS,INFO,R1.D01=SI;R1.D02=NO;R2.D01=SI;R2.D02=SI;R2.D03=SI,MUNICIPIO30623,MUNICIPIO_SIN_CN_TRAB,Si,No,30623,,Regla 2 coherente para validaciones implementadas.
GPA-001__R2-001__R1-002__0937,GPA-001__R2-001__R1-002,02_inputs_xml_flat/GPA-001__R2-001__R1-002__0937.xml,PASS,INFO,R1.D01=SI;R1.D02=NO;R2.D01=SI;R2.D02=SI;R2.D03=SI,MUNICIPIO30621,MUNICIPIO_SIN_CN_TRAB,Si,No,30621,,Regla 2 coherente para validaciones implementadas.
GPA-001__R2-001__R1-002__0938,GPA-001__R2-001__R1-002,02_inputs_xml_flat/GPA-001__R2-001__R1-002__0938.xml,PASS,INFO,R1.D01=SI;R1.D02=NO;R2.D01=SI;R2.D02=SI;R2.D03=SI,MUNICIPIO30622,MUNICIPIO_SIN_CN_TRAB,Si,No,30622,,Regla 2 coherente para validaciones implementadas.
GPA-001__R2-001__R1-002__0939,GPA-001__R2-001__R1-002,02_inputs_xml_flat/GPA-001__R2-001__R1-002__0939.xml,PASS,INFO,R1.D01=SI;R1.D02=NO;R2.D01=SI;R2.D02=SI;R2.D03=SI,MUNICIPIO30623,MUNICIPIO_SIN_CN_TRAB,Si,No,30623,,Regla 2 coherente para validaciones implementadas.
GPA-001__R2-001__R1-002__0940,GPA-001__R2-001__R1-002,02_inputs_xml_flat/GPA-001__R2-001__R1-002__0940.xml,PASS,INFO,R1.D01=SI;R1.D02=NO;R2.D01=SI;R2.D02=SI;R2.D03=SI,MUNICIPIO30621,MUNICIPIO_SIN_CN_TRAB,Si,No,30621,,Regla 2 coherente para validaciones implementadas.
GPA-001__R2-001__R1-002__0941,GPA-001__R2-001__R1-002,02_inputs_xml_flat/GPA-001__R2-001__R1-002__0941.xml,PASS,INFO,R1.D01=SI;R1.D02=NO;R2.D01=SI;R2.D02=SI;R2.D03=SI,MUNICIPIO30622,MUNICIPIO_SIN_CN_TRAB,Si,No,30622,,Regla 2 coherente para validaciones implementadas.
GPA-001__R2-001__R1-002__0942,GPA-001__R2-001__R1-002,02_inputs_xml_flat/GPA-001__R2-001__R1-002__0942.xml,PASS,INFO,R1.D01=SI;R1.D02=NO;R2.D01=SI;R2.D02=SI;R2.D03=SI,MUNICIPIO30623,MUNICIPIO_SIN_CN_TRAB,Si,No,30623,,Regla 2 coherente para validaciones implementadas.
GPA-001__R2-001__R1-002__0943,GPA-001__R2-001__R1-002,02_inputs_xml_flat/GPA-001__R2-001__R1-002__0943.xml,PASS,INFO,R1.D01=SI;R1.D02=NO;R2.D01=SI;R2.D02=SI;R2.D03=SI,MUNICIPIO30621,MUNICIPIO_SIN_CN_TRAB,Si,No,30621,,Regla 2 coherente para validaciones implementadas.
GPA-001__R2-001__R1-002__0944,GPA-001__R2-001__R1-002,02_inputs_xml_flat/GPA-001__R2-001__R1-002__0944.xml,PASS,INFO,R1.D01=SI;R1.D02=NO;R2.D01=SI;R2.D02=SI;R2.D03=SI,MUNICIPIO30622,MUNICIPIO_SIN_CN_TRAB,Si,No,30622,,Regla 2 coherente para validaciones implementadas.
GPA-001__R2-001__R1-002__0945,GPA-001__R2-001__R1-002,02_inputs_xml_flat/GPA-001__R2-001__R1-002__0945.xml,PASS,INFO,R1.D01=SI;R1.D02=NO;R2.D01=SI;R2.D02=SI;R2.D03=SI,MUNICIPIO30623,MUNICIPIO_SIN_CN_TRAB,Si,No,30623,,Regla 2 coherente para validaciones implementadas.
GPA-001__R2-001__R1-002__0946,GPA-001__R2-001__R1-002,02_inputs_xml_flat/GPA-001__R2-001__R1-002__0946.xml,PASS,INFO,R1.D01=SI;R1.D02=NO;R2.D01=SI;R2.D02=SI;R2.D03=SI,MUNICIPIO30621,MUNICIPIO_SIN_CN_TRAB,Si,No,30621,,Regla 2 coherente para validaciones implementadas.
GPA-001__R2-001__R1-002__0947,GPA-001__R2-001__R1-002,02_inputs_xml_flat/GPA-001__R2-001__R1-002__0947.xml,PASS,INFO,R1.D01=SI;R1.D02=NO;R2.D01=SI;R2.D02=SI;R2.D03=SI,MUNICIPIO30622,MUNICIPIO_SIN_CN_TRAB,Si,No,30622,,Regla 2 coherente para validaciones implementadas.
GPA-001__R2-001__R1-002__0948,GPA-001__R2-001__R1-002,02_inputs_xml_flat/GPA-001__R2-001__R1-002__0948.xml,PASS,INFO,R1.D01=SI;R1.D02=NO;R2.D01=SI;R2.D02=SI;R2.D03=SI,MUNICIPIO30623,MUNICIPIO_SIN_CN_TRAB,Si,No,30623,,Regla 2 coherente para validaciones implementadas.
GPA-001__R2-001__R1-002__0949,GPA-001__R2-001__R1-002,02_inputs_xml_flat/GPA-001__R2-001__R1-002__0949.xml,PASS,INFO,R1.D01=SI;R1.D02=NO;R2.D01=SI;R2.D02=SI;R2.D03=SI,MUNICIPIO30621,MUNICIPIO_SIN_CN_TRAB,Si,No,30621,,Regla 2 coherente para validaciones implementadas.
GPA-001__R2-001__R1-002__0950,GPA-001__R2-001__R1-002,02_inputs_xml_flat/GPA-001__R2-001__R1-002__0950.xml,PASS,INFO,R1.D01=SI;R1.D02=NO;R2.D01=SI;R2.D02=SI;R2.D03=SI,MUNICIPIO30622,MUNICIPIO_SIN_CN_TRAB,Si,No,30622,,Regla 2 coherente para validaciones implementadas.
GPA-001__R2-001__R1-002__0951,GPA-001__R2-001__R1-002,02_inputs_xml_flat/GPA-001__R2-001__R1-002__0951.xml,PASS,INFO,R1.D01=SI;R1.D02=NO;R2.D01=SI;R2.D02=SI;R2.D03=SI,MUNICIPIO30623,MUNICIPIO_SIN_CN_TRAB,Si,No,30623,,Regla 2 coherente para validaciones implementadas.
GPA-001__R2-001__R1-002__0952,GPA-001__R2-001__R1-002,02_inputs_xml_flat/GPA-001__R2-001__R1-002__0952.xml,PASS,INFO,R1.D01=SI;R1.D02=NO;R2.D01=SI;R2.D02=SI;R2.D03=SI,MUNICIPIO30621,MUNICIPIO_SIN_CN_TRAB,Si,No,30621,,Regla 2 coherente para validaciones implementadas.
GPA-001__R2-001__R1-002__0953,GPA-001__R2-001__R1-002,02_inputs_xml_flat/GPA-001__R2-001__R1-002__0953.xml,PASS,INFO,R1.D01=SI;R1.D02=NO;R2.D01=SI;R2.D02=SI;R2.D03=SI,MUNICIPIO30622,MUNICIPIO_SIN_CN_TRAB,Si,No,30622,,Regla 2 coherente para validaciones implementadas.
GPA-001__R2-001__R1-002__0954,GPA-001__R2-001__R1-002,02_inputs_xml_flat/GPA-001__R2-001__R1-002__0954.xml,PASS,INFO,R1.D01=SI;R1.D02=NO;R2.D01=SI;R2.D02=SI;R2.D03=SI,MUNICIPIO30623,MUNICIPIO_SIN_CN_TRAB,Si,No,30623,,Regla 2 coherente para validaciones implementadas.
GPA-001__R2-001__R1-002__0955,GPA-001__R2-001__R1-002,02_inputs_xml_flat/GPA-001__R2-001__R1-002__0955.xml,PASS,INFO,R1.D01=SI;R1.D02=NO;R2.D01=SI;R2.D02=SI;R2.D03=SI,MUNICIPIO30621,MUNICIPIO_SIN_CN_TRAB,Si,No,30621,,Regla 2 coherente para validaciones implementadas.
GPA-001__R2-001__R1-002__0956,GPA-001__R2-001__R1-002,02_inputs_xml_flat/GPA-001__R2-001__R1-002__0956.xml,PASS,INFO,R1.D01=SI;R1.D02=NO;R2.D01=SI;R2.D02=SI;R2.D03=SI,MUNICIPIO30622,MUNICIPIO_SIN_CN_TRAB,Si,No,30622,,Regla 2 coherente para validaciones implementadas.
GPA-001__R2-001__R1-002__0957,GPA-001__R2-001__R1-002,02_inputs_xml_flat/GPA-001__R2-001__R1-002__0957.xml,PASS,INFO,R1.D01=SI;R1.D02=NO;R2.D01=SI;R2.D02=SI;R2.D03=SI,MUNICIPIO30623,MUNICIPIO_SIN_CN_TRAB,Si,No,30623,,Regla 2 coherente para validaciones implementadas.
GPA-001__R2-001__R1-002__0958,GPA-001__R2-001__R1-002,02_inputs_xml_flat/GPA-001__R2-001__R1-002__0958.xml,PASS,INFO,R1.D01=SI;R1.D02=NO;R2.D01=SI;R2.D02=SI;R2.D03=SI,MUNICIPIO30621,MUNICIPIO_SIN_CN_TRAB,Si,No,30621,,Regla 2 coherente para validaciones implementadas.
GPA-001__R2-001__R1-002__0959,GPA-001__R2-001__R1-002,02_inputs_xml_flat/GPA-001__R2-001__R1-002__0959.xml,PASS,INFO,R1.D01=SI;R1.D02=NO;R2.D01=SI;R2.D02=SI;R2.D03=SI,MUNICIPIO30622,MUNICIPIO_SIN_CN_TRAB,Si,No,30622,,Regla 2 coherente para validaciones implementadas.
GPA-001__R2-001__R1-002__0960,GPA-001__R2-001__R1-002,02_inputs_xml_flat/GPA-001__R2-001__R1-002__0960.xml,PASS,INFO,R1.D01=SI;R1.D02=NO;R2.D01=SI;R2.D02=SI;R2.D03=SI,MUNICIPIO30623,MUNICIPIO_SIN_CN_TRAB,Si,No,30623,,Regla 2 coherente para validaciones implementadas.
GPA-001__R2-001__R1-002__0961,GPA-001__R2-001__R1-002,02_inputs_xml_flat/GPA-001__R2-001__R1-002__0961.xml,PASS,INFO,R1.D01=SI;R1.D02=NO;R2.D01=SI;R2.D02=SI;R2.D03=SI,MUNICIPIO30621,MUNICIPIO_SIN_CN_TRAB,Si,No,30621,,Regla 2 coherente para validaciones implementadas.
GPA-001__R2-001__R1-002__0962,GPA-001__R2-001__R1-002,02_inputs_xml_flat/GPA-001__R2-001__R1-002__0962.xml,PASS,INFO,R1.D01=SI;R1.D02=NO;R2.D01=SI;R2.D02=SI;R2.D03=SI,MUNICIPIO30622,MUNICIPIO_SIN_CN_TRAB,Si,No,30622,,Regla 2 coherente para validaciones implementadas.
GPA-001__R2-001__R1-002__0963,GPA-001__R2-001__R1-002,02_inputs_xml_flat/GPA-001__R2-001__R1-002__0963.xml,PASS,INFO,R1.D01=SI;R1.D02=NO;R2.D01=SI;R2.D02=SI;R2.D03=SI,MUNICIPIO30623,MUNICIPIO_SIN_CN_TRAB,Si,No,30623,,Regla 2 coherente para validaciones implementadas.
GPA-001__R2-001__R1-002__0964,GPA-001__R2-001__R1-002,02_inputs_xml_flat/GPA-001__R2-001__R1-002__0964.xml,PASS,INFO,R1.D01=SI;R1.D02=NO;R2.D01=SI;R2.D02=SI;R2.D03=SI,MUNICIPIO30621,MUNICIPIO_SIN_CN_TRAB,Si,No,30621,,Regla 2 coherente para validaciones implementadas.
GPA-001__R2-001__R1-002__0965,GPA-001__R2-001__R1-002,02_inputs_xml_flat/GPA-001__R2-001__R1-002__0965.xml,PASS,INFO,R1.D01=SI;R1.D02=NO;R2.D01=SI;R2.D02=SI;R2.D03=SI,MUNICIPIO30622,MUNICIPIO_SIN_CN_TRAB,Si,No,30622,,Regla 2 coherente para validaciones implementadas.
GPA-001__R2-001__R1-002__0966,GPA-001__R2-001__R1-002,02_inputs_xml_flat/GPA-001__R2-001__R1-002__0966.xml,PASS,INFO,R1.D01=SI;R1.D02=NO;R2.D01=SI;R2.D02=SI;R2.D03=SI,MUNICIPIO30623,MUNICIPIO_SIN_CN_TRAB,Si,No,30623,,Regla 2 coherente para validaciones implementadas.
GPA-001__R2-001__R1-002__0967,GPA-001__R2-001__R1-002,02_inputs_xml_flat/GPA-001__R2-001__R1-002__0967.xml,PASS,INFO,R1.D01=SI;R1.D02=NO;R2.D01=SI;R2.D02=SI;R2.D03=SI,MUNICIPIO30621,MUNICIPIO_SIN_CN_TRAB,Si,No,30621,,Regla 2 coherente para validaciones implementadas.
GPA-001__R2-001__R1-002__0968,GPA-001__R2-001__R1-002,02_inputs_xml_flat/GPA-001__R2-001__R1-002__0968.xml,PASS,INFO,R1.D01=SI;R1.D02=NO;R2.D01=SI;R2.D02=SI;R2.D03=SI,MUNICIPIO30622,MUNICIPIO_SIN_CN_TRAB,Si,No,30622,,Regla 2 coherente para validaciones implementadas.
GPA-001__R2-001__R1-002__0969,GPA-001__R2-001__R1-002,02_inputs_xml_flat/GPA-001__R2-001__R1-002__0969.xml,PASS,INFO,R1.D01=SI;R1.D02=NO;R2.D01=SI;R2.D02=SI;R2.D03=SI,MUNICIPIO30623,MUNICIPIO_SIN_CN_TRAB,Si,No,30623,,Regla 2 coherente para validaciones implementadas.
GPA-001__R2-001__R1-002__0970,GPA-001__R2-001__R1-002,02_inputs_xml_flat/GPA-001__R2-001__R1-002__0970.xml,PASS,INFO,R1.D01=SI;R1.D02=NO;R2.D01=SI;R2.D02=SI;R2.D03=SI,MUNICIPIO30621,MUNICIPIO_SIN_CN_TRAB,Si,No,30621,,Regla 2 coherente para validaciones implementadas.
GPA-001__R2-001__R1-002__0971,GPA-001__R2-001__R1-002,02_inputs_xml_flat/GPA-001__R2-001__R1-002__0971.xml,PASS,INFO,R1.D01=SI;R1.D02=NO;R2.D01=SI;R2.D02=SI;R2.D03=SI,MUNICIPIO30622,MUNICIPIO_SIN_CN_TRAB,Si,No,30622,,Regla 2 coherente para validaciones implementadas.
GPA-001__R2-001__R1-002__0972,GPA-001__R2-001__R1-002,02_inputs_xml_flat/GPA-001__R2-001__R1-002__0972.xml,PASS,INFO,R1.D01=SI;R1.D02=NO;R2.D01=SI;R2.D02=SI;R2.D03=SI,MUNICIPIO30623,MUNICIPIO_SIN_CN_TRAB,Si,No,30623,,Regla 2 coherente para validaciones implementadas.
GPA-001__R2-001__R1-002__0973,GPA-001__R2-001__R1-002,02_inputs_xml_flat/GPA-001__R2-001__R1-002__0973.xml,PASS,INFO,R1.D01=SI;R1.D02=NO;R2.D01=SI;R2.D02=SI;R2.D03=SI,MUNICIPIO30621,MUNICIPIO_SIN_CN_TRAB,Si,No,30621,,Regla 2 coherente para validaciones implementadas.
GPA-001__R2-001__R1-002__0974,GPA-001__R2-001__R1-002,02_inputs_xml_flat/GPA-001__R2-001__R1-002__0974.xml,PASS,INFO,R1.D01=SI;R1.D02=NO;R2.D01=SI;R2.D02=SI;R2.D03=SI,MUNICIPIO30622,MUNICIPIO_SIN_CN_TRAB,Si,No,30622,,Regla 2 coherente para validaciones implementadas.
GPA-001__R2-001__R1-002__0975,GPA-001__R2-001__R1-002,02_inputs_xml_flat/GPA-001__R2-001__R1-002__0975.xml,PASS,INFO,R1.D01=SI;R1.D02=NO;R2.D01=SI;R2.D02=SI;R2.D03=SI,MUNICIPIO30623,MUNICIPIO_SIN_CN_TRAB,Si,No,30623,,Regla 2 coherente para validaciones implementadas.
GPA-001__R2-001__R1-002__0976,GPA-001__R2-001__R1-002,02_inputs_xml_flat/GPA-001__R2-001__R1-002__0976.xml,PASS,INFO,R1.D01=SI;R1.D02=NO;R2.D01=SI;R2.D02=SI;R2.D03=SI,MUNICIPIO30621,MUNICIPIO_SIN_CN_TRAB,Si,No,30621,,Regla 2 coherente para validaciones implementadas.
GPA-001__R2-001__R1-002__0977,GPA-001__R2-001__R1-002,02_inputs_xml_flat/GPA-001__R2-001__R1-002__0977.xml,PASS,INFO,R1.D01=SI;R1.D02=NO;R2.D01=SI;R2.D02=SI;R2.D03=SI,MUNICIPIO30622,MUNICIPIO_SIN_CN_TRAB,Si,No,30622,,Regla 2 coherente para validaciones implementadas.
GPA-001__R2-001__R1-002__0978,GPA-001__R2-001__R1-002,02_inputs_xml_flat/GPA-001__R2-001__R1-002__0978.xml,PASS,INFO,R1.D01=SI;R1.D02=NO;R2.D01=SI;R2.D02=SI;R2.D03=SI,MUNICIPIO30623,MUNICIPIO_SIN_CN_TRAB,Si,No,30623,,Regla 2 coherente para validaciones implementadas.
GPA-001__R2-001__R1-002__0979,GPA-001__R2-001__R1-002,02_inputs_xml_flat/GPA-001__R2-001__R1-002__0979.xml,PASS,INFO,R1.D01=SI;R1.D02=NO;R2.D01=SI;R2.D02=SI;R2.D03=SI,MUNICIPIO30621,MUNICIPIO_SIN_CN_TRAB,Si,No,30621,,Regla 2 coherente para validaciones implementadas.
GPA-001__R2-001__R1-002__0980,GPA-001__R2-001__R1-002,02_inputs_xml_flat/GPA-001__R2-001__R1-002__0980.xml,PASS,INFO,R1.D01=SI;R1.D02=NO;R2.D01=SI;R2.D02=SI;R2.D03=SI,MUNICIPIO30622,MUNICIPIO_SIN_CN_TRAB,Si,No,30622,,Regla 2 coherente para validaciones implementadas.
GPA-001__R2-001__R1-002__0981,GPA-001__R2-001__R1-002,02_inputs_xml_flat/GPA-001__R2-001__R1-002__0981.xml,PASS,INFO,R1.D01=SI;R1.D02=NO;R2.D01=SI;R2.D02=SI;R2.D03=SI,MUNICIPIO30623,MUNICIPIO_SIN_CN_TRAB,Si,No,30623,,Regla 2 coherente para validaciones implementadas.
GPA-001__R2-001__R1-002__0982,GPA-001__R2-001__R1-002,02_inputs_xml_flat/GPA-001__R2-001__R1-002__0982.xml,PASS,INFO,R1.D01=SI;R1.D02=NO;R2.D01=SI;R2.D02=SI;R2.D03=SI,MUNICIPIO30621,MUNICIPIO_SIN_CN_TRAB,Si,No,30621,,Regla 2 coherente para validaciones implementadas.
GPA-001__R2-001__R1-002__0983,GPA-001__R2-001__R1-002,02_inputs_xml_flat/GPA-001__R2-001__R1-002__0983.xml,PASS,INFO,R1.D01=SI;R1.D02=NO;R2.D01=SI;R2.D02=SI;R2.D03=SI,MUNICIPIO30622,MUNICIPIO_SIN_CN_TRAB,Si,No,30622,,Regla 2 coherente para validaciones implementadas.
GPA-001__R2-001__R1-002__0984,GPA-001__R2-001__R1-002,02_inputs_xml_flat/GPA-001__R2-001__R1-002__0984.xml,PASS,INFO,R1.D01=SI;R1.D02=NO;R2.D01=SI;R2.D02=SI;R2.D03=SI,MUNICIPIO30623,MUNICIPIO_SIN_CN_TRAB,Si,No,30623,,Regla 2 coherente para validaciones implementadas.
GPA-001__R2-001__R1-002__0985,GPA-001__R2-001__R1-002,02_inputs_xml_flat/GPA-001__R2-001__R1-002__0985.xml,PASS,INFO,R1.D01=SI;R1.D02=NO;R2.D01=SI;R2.D02=SI;R2.D03=SI,MUNICIPIO30621,MUNICIPIO_SIN_CN_TRAB,Si,No,30621,,Regla 2 coherente para validaciones implementadas.
GPA-001__R2-001__R1-002__0986,GPA-001__R2-001__R1-002,02_inputs_xml_flat/GPA-001__R2-001__R1-002__0986.xml,PASS,INFO,R1.D01=SI;R1.D02=NO;R2.D01=SI;R2.D02=SI;R2.D03=SI,MUNICIPIO30622,MUNICIPIO_SIN_CN_TRAB,Si,No,30622,,Regla 2 coherente para validaciones implementadas.
GPA-001__R2-001__R1-002__0987,GPA-001__R2-001__R1-002,02_inputs_xml_flat/GPA-001__R2-001__R1-002__0987.xml,PASS,INFO,R1.D01=SI;R1.D02=NO;R2.D01=SI;R2.D02=SI;R2.D03=SI,MUNICIPIO30623,MUNICIPIO_SIN_CN_TRAB,Si,No,30623,,Regla 2 coherente para validaciones implementadas.
GPA-001__R2-001__R1-002__0988,GPA-001__R2-001__R1-002,02_inputs_xml_flat/GPA-001__R2-001__R1-002__0988.xml,PASS,INFO,R1.D01=SI;R1.D02=NO;R2.D01=SI;R2.D02=SI;R2.D03=SI,MUNICIPIO30621,MUNICIPIO_SIN_CN_TRAB,Si,No,30621,,Regla 2 coherente para validaciones implementadas.
GPA-001__R2-001__R1-002__0989,GPA-001__R2-001__R1-002,02_inputs_xml_flat/GPA-001__R2-001__R1-002__0989.xml,PASS,INFO,R1.D01=SI;R1.D02=NO;R2.D01=SI;R2.D02=SI;R2.D03=SI,MUNICIPIO30622,MUNICIPIO_SIN_CN_TRAB,Si,No,30622,,Regla 2 coherente para validaciones implementadas.
GPA-001__R2-001__R1-002__0990,GPA-001__R2-001__R1-002,02_inputs_xml_flat/GPA-001__R2-001__R1-002__0990.xml,PASS,INFO,R1.D01=SI;R1.D02=NO;R2.D01=SI;R2.D02=SI;R2.D03=SI,MUNICIPIO30623,MUNICIPIO_SIN_CN_TRAB,Si,No,30623,,Regla 2 coherente para validaciones implementadas.
GPA-001__R2-001__R1-002__0991,GPA-001__R2-001__R1-002,02_inputs_xml_flat/GPA-001__R2-001__R1-002__0991.xml,PASS,INFO,R1.D01=SI;R1.D02=NO;R2.D01=SI;R2.D02=SI;R2.D03=SI,MUNICIPIO30621,MUNICIPIO_SIN_CN_TRAB,Si,No,30621,,Regla 2 coherente para validaciones implementadas.
GPA-001__R2-001__R1-002__0992,GPA-001__R2-001__R1-002,02_inputs_xml_flat/GPA-001__R2-001__R1-002__0992.xml,PASS,INFO,R1.D01=SI;R1.D02=NO;R2.D01=SI;R2.D02=SI;R2.D03=SI,MUNICIPIO30622,MUNICIPIO_SIN_CN_TRAB,Si,No,30622,,Regla 2 coherente para validaciones implementadas.
GPA-001__R2-001__R1-002__0993,GPA-001__R2-001__R1-002,02_inputs_xml_flat/GPA-001__R2-001__R1-002__0993.xml,PASS,INFO,R1.D01=SI;R1.D02=NO;R2.D01=SI;R2.D02=SI;R2.D03=SI,MUNICIPIO30623,MUNICIPIO_SIN_CN_TRAB,Si,No,30623,,Regla 2 coherente para validaciones implementadas.
GPA-001__R2-001__R1-002__0994,GPA-001__R2-001__R1-002,02_inputs_xml_flat/GPA-001__R2-001__R1-002__0994.xml,PASS,INFO,R1.D01=SI;R1.D02=NO;R2.D01=SI;R2.D02=SI;R2.D03=SI,MUNICIPIO30621,MUNICIPIO_SIN_CN_TRAB,Si,No,30621,,Regla 2 coherente para validaciones implementadas.
GPA-001__R2-001__R1-002__0995,GPA-001__R2-001__R1-002,02_inputs_xml_flat/GPA-001__R2-001__R1-002__0995.xml,PASS,INFO,R1.D01=SI;R1.D02=NO;R2.D01=SI;R2.D02=SI;R2.D03=SI,MUNICIPIO30622,MUNICIPIO_SIN_CN_TRAB,Si,No,30622,,Regla 2 coherente para validaciones implementadas.
GPA-001__R2-001__R1-002__0996,GPA-001__R2-001__R1-002,02_inputs_xml_flat/GPA-001__R2-001__R1-002__0996.xml,PASS,INFO,R1.D01=SI;R1.D02=NO;R2.D01=SI;R2.D02=SI;R2.D03=SI,MUNICIPIO30623,MUNICIPIO_SIN_CN_TRAB,Si,No,30623,,Regla 2 coherente para validaciones implementadas.
GPA-001__R2-001__R1-002__0997,GPA-001__R2-001__R1-002,02_inputs_xml_flat/GPA-001__R2-001__R1-002__0997.xml,PASS,INFO,R1.D01=SI;R1.D02=NO;R2.D01=SI;R2.D02=SI;R2.D03=SI,MUNICIPIO30621,MUNICIPIO_SIN_CN_TRAB,Si,No,30621,,Regla 2 coherente para validaciones implementadas.
GPA-001__R2-001__R1-002__0998,GPA-001__R2-001__R1-002,02_inputs_xml_flat/GPA-001__R2-001__R1-002__0998.xml,PASS,INFO,R1.D01=SI;R1.D02=NO;R2.D01=SI;R2.D02=SI;R2.D03=SI,MUNICIPIO30622,MUNICIPIO_SIN_CN_TRAB,Si,No,30622,,Regla 2 coherente para validaciones implementadas.
GPA-001__R2-001__R1-002__0999,GPA-001__R2-001__R1-002,02_inputs_xml_flat/GPA-001__R2-001__R1-002__0999.xml,PASS,INFO,R1.D01=SI;R1.D02=NO;R2.D01=SI;R2.D02=SI;R2.D03=SI,MUNICIPIO30623,MUNICIPIO_SIN_CN_TRAB,Si,No,30623,,Regla 2 coherente para validaciones implementadas.
GPA-001__R2-001__R1-002__1000,GPA-001__R2-001__R1-002,02_inputs_xml_flat/GPA-001__R2-001__R1-002__1000.xml,PASS,INFO,R1.D01=SI;R1.D02=NO;R2.D01=SI;R2.D02=SI;R2.D03=SI,MUNICIPIO30621,MUNICIPIO_SIN_CN_TRAB,Si,No,30621,,Regla 2 coherente para validaciones implementadas.
GPA-001__R2-001__R1-003__0001,GPA-001__R2-001__R1-003,02_inputs_xml_flat/GPA-001__R2-001__R1-003__0001.xml,PASS,INFO,R1.D01=NO;R1.D03=SI;R2.D01=SI;R2.D02=SI;R2.D03=SI,MUNICIPIO30631,MUNICIPIO_SIN_CN_TRAB,Si,No,30631,,Regla 2 coherente para validaciones implementadas.
GPA-001__R2-001__R1-003__0002,GPA-001__R2-001__R1-003,02_inputs_xml_flat/GPA-001__R2-001__R1-003__0002.xml,PASS,INFO,R1.D01=NO;R1.D03=SI;R2.D01=SI;R2.D02=SI;R2.D03=SI,MUNICIPIO30632,MUNICIPIO_SIN_CN_TRAB,Si,No,30632,,Regla 2 coherente para validaciones implementadas.
GPA-001__R2-001__R1-003__0003,GPA-001__R2-001__R1-003,02_inputs_xml_flat/GPA-001__R2-001__R1-003__0003.xml,PASS,INFO,R1.D01=NO;R1.D03=SI;R2.D01=SI;R2.D02=SI;R2.D03=SI,MUNICIPIO30633,MUNICIPIO_SIN_CN_TRAB,Si,No,30633,,Regla 2 coherente para validaciones implementadas.
GPA-001__R2-001__R1-003__0004,GPA-001__R2-001__R1-003,02_inputs_xml_flat/GPA-001__R2-001__R1-003__0004.xml,PASS,INFO,R1.D01=NO;R1.D03=SI;R2.D01=SI;R2.D02=SI;R2.D03=SI,MUNICIPIO30631,MUNICIPIO_SIN_CN_TRAB,Si,No,30631,,Regla 2 coherente para validaciones implementadas.
GPA-001__R2-001__R1-003__0005,GPA-001__R2-001__R1-003,02_inputs_xml_flat/GPA-001__R2-001__R1-003__0005.xml,PASS,INFO,R1.D01=NO;R1.D03=SI;R2.D01=SI;R2.D02=SI;R2.D03=SI,MUNICIPIO30632,MUNICIPIO_SIN_CN_TRAB,Si,No,30632,,Regla 2 coherente para validaciones implementadas.
GPA-001__R2-001__R1-003__0006,GPA-001__R2-001__R1-003,02_inputs_xml_flat/GPA-001__R2-001__R1-003__0006.xml,PASS,INFO,R1.D01=NO;R1.D03=SI;R2.D01=SI;R2.D02=SI;R2.D03=SI,MUNICIPIO30633,MUNICIPIO_SIN_CN_TRAB,Si,No,30633,,Regla 2 coherente para validaciones implementadas.
GPA-001__R2-001__R1-003__0007,GPA-001__R2-001__R1-003,02_inputs_xml_flat/GPA-001__R2-001__R1-003__0007.xml,PASS,INFO,R1.D01=NO;R1.D03=SI;R2.D01=SI;R2.D02=SI;R2.D03=SI,MUNICIPIO30631,MUNICIPIO_SIN_CN_TRAB,Si,No,30631,,Regla 2 coherente para validaciones implementadas.
GPA-001__R2-001__R1-003__0008,GPA-001__R2-001__R1-003,02_inputs_xml_flat/GPA-001__R2-001__R1-003__0008.xml,PASS,INFO,R1.D01=NO;R1.D03=SI;R2.D01=SI;R2.D02=SI;R2.D03=SI,MUNICIPIO30632,MUNICIPIO_SIN_CN_TRAB,Si,No,30632,,Regla 2 coherente para validaciones implementadas.
GPA-001__R2-001__R1-003__0009,GPA-001__R2-001__R1-003,02_inputs_xml_flat/GPA-001__R2-001__R1-003__0009.xml,PASS,INFO,R1.D01=NO;R1.D03=SI;R2.D01=SI;R2.D02=SI;R2.D03=SI,MUNICIPIO30633,MUNICIPIO_SIN_CN_TRAB,Si,No,30633,,Regla 2 coherente para validaciones implementadas.
GPA-001__R2-001__R1-003__0010,GPA-001__R2-001__R1-003,02_inputs_xml_flat/GPA-001__R2-001__R1-003__0010.xml,PASS,INFO,R1.D01=NO;R1.D03=SI;R2.D01=SI;R2.D02=SI;R2.D03=SI,MUNICIPIO30631,MUNICIPIO_SIN_CN_TRAB,Si,No,30631,,Regla 2 coherente para validaciones implementadas.
GPA-001__R2-001__R1-003__0011,GPA-001__R2-001__R1-003,02_inputs_xml_flat/GPA-001__R2-001__R1-003__0011.xml,PASS,INFO,R1.D01=NO;R1.D03=SI;R2.D01=SI;R2.D02=SI;R2.D03=SI,MUNICIPIO30632,MUNICIPIO_SIN_CN_TRAB,Si,No,30632,,Regla 2 coherente para validaciones implementadas.
GPA-001__R2-001__R1-003__0012,GPA-001__R2-001__R1-003,02_inputs_xml_flat/GPA-001__R2-001__R1-003__0012.xml,PASS,INFO,R1.D01=NO;R1.D03=SI;R2.D01=SI;R2.D02=SI;R2.D03=SI,MUNICIPIO30633,MUNICIPIO_SIN_CN_TRAB,Si,No,30633,,Regla 2 coherente para validaciones implementadas.
GPA-001__R2-001__R1-003__0013,GPA-001__R2-001__R1-003,02_inputs_xml_flat/GPA-001__R2-001__R1-003__0013.xml,PASS,INFO,R1.D01=NO;R1.D03=SI;R2.D01=SI;R2.D02=SI;R2.D03=SI,MUNICIPIO30631,MUNICIPIO_SIN_CN_TRAB,Si,No,30631,,Regla 2 coherente para validaciones implementadas.
GPA-001__R2-001__R1-003__0014,GPA-001__R2-001__R1-003,02_inputs_xml_flat/GPA-001__R2-001__R1-003__0014.xml,PASS,INFO,R1.D01=NO;R1.D03=SI;R2.D01=SI;R2.D02=SI;R2.D03=SI,MUNICIPIO30632,MUNICIPIO_SIN_CN_TRAB,Si,No,30632,,Regla 2 coherente para validaciones implementadas.
GPA-001__R2-001__R1-003__0015,GPA-001__R2-001__R1-003,02_inputs_xml_flat/GPA-001__R2-001__R1-003__0015.xml,PASS,INFO,R1.D01=NO;R1.D03=SI;R2.D01=SI;R2.D02=SI;R2.D03=SI,MUNICIPIO30633,MUNICIPIO_SIN_CN_TRAB,Si,No,30633,,Regla 2 coherente para validaciones implementadas.
GPA-001__R2-001__R1-003__0016,GPA-001__R2-001__R1-003,02_inputs_xml_flat/GPA-001__R2-001__R1-003__0016.xml,PASS,INFO,R1.D01=NO;R1.D03=SI;R2.D01=SI;R2.D02=SI;R2.D03=SI,MUNICIPIO30631,MUNICIPIO_SIN_CN_TRAB,Si,No,30631,,Regla 2 coherente para validaciones implementadas.
GPA-001__R2-001__R1-003__0017,GPA-001__R2-001__R1-003,02_inputs_xml_flat/GPA-001__R2-001__R1-003__0017.xml,PASS,INFO,R1.D01=NO;R1.D03=SI;R2.D01=SI;R2.D02=SI;R2.D03=SI,MUNICIPIO30632,MUNICIPIO_SIN_CN_TRAB,Si,No,30632,,Regla 2 coherente para validaciones implementadas.
GPA-001__R2-001__R1-003__0018,GPA-001__R2-001__R1-003,02_inputs_xml_flat/GPA-001__R2-001__R1-003__0018.xml,PASS,INFO,R1.D01=NO;R1.D03=SI;R2.D01=SI;R2.D02=SI;R2.D03=SI,MUNICIPIO30633,MUNICIPIO_SIN_CN_TRAB,Si,No,30633,,Regla 2 coherente para validaciones implementadas.
GPA-001__R2-001__R1-003__0019,GPA-001__R2-001__R1-003,02_inputs_xml_flat/GPA-001__R2-001__R1-003__0019.xml,PASS,INFO,R1.D01=NO;R1.D03=SI;R2.D01=SI;R2.D02=SI;R2.D03=SI,MUNICIPIO30631,MUNICIPIO_SIN_CN_TRAB,Si,No,30631,,Regla 2 coherente para validaciones implementadas.
GPA-001__R2-001__R1-003__0020,GPA-001__R2-001__R1-003,02_inputs_xml_flat/GPA-001__R2-001__R1-003__0020.xml,PASS,INFO,R1.D01=NO;R1.D03=SI;R2.D01=SI;R2.D02=SI;R2.D03=SI,MUNICIPIO30632,MUNICIPIO_SIN_CN_TRAB,Si,No,30632,,Regla 2 coherente para validaciones implementadas.
GPA-001__R2-001__R1-003__0021,GPA-001__R2-001__R1-003,02_inputs_xml_flat/GPA-001__R2-001__R1-003__0021.xml,PASS,INFO,R1.D01=NO;R1.D03=SI;R2.D01=SI;R2.D02=SI;R2.D03=SI,MUNICIPIO30633,MUNICIPIO_SIN_CN_TRAB,Si,No,30633,,Regla 2 coherente para validaciones implementadas.
GPA-001__R2-001__R1-003__0022,GPA-001__R2-001__R1-003,02_inputs_xml_flat/GPA-001__R2-001__R1-003__0022.xml,PASS,INFO,R1.D01=NO;R1.D03=SI;R2.D01=SI;R2.D02=SI;R2.D03=SI,MUNICIPIO30631,MUNICIPIO_SIN_CN_TRAB,Si,No,30631,,Regla 2 coherente para validaciones implementadas.
GPA-001__R2-001__R1-003__0023,GPA-001__R2-001__R1-003,02_inputs_xml_flat/GPA-001__R2-001__R1-003__0023.xml,PASS,INFO,R1.D01=NO;R1.D03=SI;R2.D01=SI;R2.D02=SI;R2.D03=SI,MUNICIPIO30632,MUNICIPIO_SIN_CN_TRAB,Si,No,30632,,Regla 2 coherente para validaciones implementadas.
GPA-001__R2-001__R1-003__0024,GPA-001__R2-001__R1-003,02_inputs_xml_flat/GPA-001__R2-001__R1-003__0024.xml,PASS,INFO,R1.D01=NO;R1.D03=SI;R2.D01=SI;R2.D02=SI;R2.D03=SI,MUNICIPIO30633,MUNICIPIO_SIN_CN_TRAB,Si,No,30633,,Regla 2 coherente para validaciones implementadas.
GPA-001__R2-001__R1-003__0025,GPA-001__R2-001__R1-003,02_inputs_xml_flat/GPA-001__R2-001__R1-003__0025.xml,PASS,INFO,R1.D01=NO;R1.D03=SI;R2.D01=SI;R2.D02=SI;R2.D03=SI,MUNICIPIO30631,MUNICIPIO_SIN_CN_TRAB,Si,No,30631,,Regla 2 coherente para validaciones implementadas.
GPA-001__R2-001__R1-003__0026,GPA-001__R2-001__R1-003,02_inputs_xml_flat/GPA-001__R2-001__R1-003__0026.xml,PASS,INFO,R1.D01=NO;R1.D03=SI;R2.D01=SI;R2.D02=SI;R2.D03=SI,MUNICIPIO30632,MUNICIPIO_SIN_CN_TRAB,Si,No,30632,,Regla 2 coherente para validaciones implementadas.
GPA-001__R2-001__R1-003__0027,GPA-001__R2-001__R1-003,02_inputs_xml_flat/GPA-001__R2-001__R1-003__0027.xml,PASS,INFO,R1.D01=NO;R1.D03=SI;R2.D01=SI;R2.D02=SI;R2.D03=SI,MUNICIPIO30633,MUNICIPIO_SIN_CN_TRAB,Si,No,30633,,Regla 2 coherente para validaciones implementadas.
GPA-001__R2-001__R1-003__0028,GPA-001__R2-001__R1-003,02_inputs_xml_flat/GPA-001__R2-001__R1-003__0028.xml,PASS,INFO,R1.D01=NO;R1.D03=SI;R2.D01=SI;R2.D02=SI;R2.D03=SI,MUNICIPIO30631,MUNICIPIO_SIN_CN_TRAB,Si,No,30631,,Regla 2 coherente para validaciones implementadas.
GPA-001__R2-001__R1-003__0029,GPA-001__R2-001__R1-003,02_inputs_xml_flat/GPA-001__R2-001__R1-003__0029.xml,PASS,INFO,R1.D01=NO;R1.D03=SI;R2.D01=SI;R2.D02=SI;R2.D03=SI,MUNICIPIO30632,MUNICIPIO_SIN_CN_TRAB,Si,No,30632,,Regla 2 coherente para validaciones implementadas.
GPA-001__R2-001__R1-003__0030,GPA-001__R2-001__R1-003,02_inputs_xml_flat/GPA-001__R2-001__R1-003__0030.xml,PASS,INFO,R1.D01=NO;R1.D03=SI;R2.D01=SI;R2.D02=SI;R2.D03=SI,MUNICIPIO30633,MUNICIPIO_SIN_CN_TRAB,Si,No,30633,,Regla 2 coherente para validaciones implementadas.
GPA-001__R2-001__R1-003__0031,GPA-001__R2-001__R1-003,02_inputs_xml_flat/GPA-001__R2-001__R1-003__0031.xml,PASS,INFO,R1.D01=NO;R1.D03=SI;R2.D01=SI;R2.D02=SI;R2.D03=SI,MUNICIPIO30631,MUNICIPIO_SIN_CN_TRAB,Si,No,30631,,Regla 2 coherente para validaciones implementadas.
GPA-001__R2-001__R1-003__0032,GPA-001__R2-001__R1-003,02_inputs_xml_flat/GPA-001__R2-001__R1-003__0032.xml,PASS,INFO,R1.D01=NO;R1.D03=SI;R2.D01=SI;R2.D02=SI;R2.D03=SI,MUNICIPIO30632,MUNICIPIO_SIN_CN_TRAB,Si,No,30632,,Regla 2 coherente para validaciones implementadas.
GPA-001__R2-001__R1-003__0033,GPA-001__R2-001__R1-003,02_inputs_xml_flat/GPA-001__R2-001__R1-003__0033.xml,PASS,INFO,R1.D01=NO;R1.D03=SI;R2.D01=SI;R2.D02=SI;R2.D03=SI,MUNICIPIO30633,MUNICIPIO_SIN_CN_TRAB,Si,No,30633,,Regla 2 coherente para validaciones implementadas.
GPA-001__R2-001__R1-003__0034,GPA-001__R2-001__R1-003,02_inputs_xml_flat/GPA-001__R2-001__R1-003__0034.xml,PASS,INFO,R1.D01=NO;R1.D03=SI;R2.D01=SI;R2.D02=SI;R2.D03=SI,MUNICIPIO30631,MUNICIPIO_SIN_CN_TRAB,Si,No,30631,,Regla 2 coherente para validaciones implementadas.
GPA-001__R2-001__R1-003__0035,GPA-001__R2-001__R1-003,02_inputs_xml_flat/GPA-001__R2-001__R1-003__0035.xml,PASS,INFO,R1.D01=NO;R1.D03=SI;R2.D01=SI;R2.D02=SI;R2.D03=SI,MUNICIPIO30632,MUNICIPIO_SIN_CN_TRAB,Si,No,30632,,Regla 2 coherente para validaciones implementadas.
GPA-001__R2-001__R1-003__0036,GPA-001__R2-001__R1-003,02_inputs_xml_flat/GPA-001__R2-001__R1-003__0036.xml,PASS,INFO,R1.D01=NO;R1.D03=SI;R2.D01=SI;R2.D02=SI;R2.D03=SI,MUNICIPIO30633,MUNICIPIO_SIN_CN_TRAB,Si,No,30633,,Regla 2 coherente para validaciones implementadas.
GPA-001__R2-001__R1-003__0037,GPA-001__R2-001__R1-003,02_inputs_xml_flat/GPA-001__R2-001__R1-003__0037.xml,PASS,INFO,R1.D01=NO;R1.D03=SI;R2.D01=SI;R2.D02=SI;R2.D03=SI,MUNICIPIO30631,MUNICIPIO_SIN_CN_TRAB,Si,No,30631,,Regla 2 coherente para validaciones implementadas.
GPA-001__R2-001__R1-003__0038,GPA-001__R2-001__R1-003,02_inputs_xml_flat/GPA-001__R2-001__R1-003__0038.xml,PASS,INFO,R1.D01=NO;R1.D03=SI;R2.D01=SI;R2.D02=SI;R2.D03=SI,MUNICIPIO30632,MUNICIPIO_SIN_CN_TRAB,Si,No,30632,,Regla 2 coherente para validaciones implementadas.
GPA-001__R2-001__R1-003__0039,GPA-001__R2-001__R1-003,02_inputs_xml_flat/GPA-001__R2-001__R1-003__0039.xml,PASS,INFO,R1.D01=NO;R1.D03=SI;R2.D01=SI;R2.D02=SI;R2.D03=SI,MUNICIPIO30633,MUNICIPIO_SIN_CN_TRAB,Si,No,30633,,Regla 2 coherente para validaciones implementadas.
GPA-001__R2-001__R1-003__0040,GPA-001__R2-001__R1-003,02_inputs_xml_flat/GPA-001__R2-001__R1-003__0040.xml,PASS,INFO,R1.D01=NO;R1.D03=SI;R2.D01=SI;R2.D02=SI;R2.D03=SI,MUNICIPIO30631,MUNICIPIO_SIN_CN_TRAB,Si,No,30631,,Regla 2 coherente para validaciones implementadas.
GPA-001__R2-001__R1-003__0041,GPA-001__R2-001__R1-003,02_inputs_xml_flat/GPA-001__R2-001__R1-003__0041.xml,PASS,INFO,R1.D01=NO;R1.D03=SI;R2.D01=SI;R2.D02=SI;R2.D03=SI,MUNICIPIO30632,MUNICIPIO_SIN_CN_TRAB,Si,No,30632,,Regla 2 coherente para validaciones implementadas.
GPA-001__R2-001__R1-003__0042,GPA-001__R2-001__R1-003,02_inputs_xml_flat/GPA-001__R2-001__R1-003__0042.xml,PASS,INFO,R1.D01=NO;R1.D03=SI;R2.D01=SI;R2.D02=SI;R2.D03=SI,MUNICIPIO30633,MUNICIPIO_SIN_CN_TRAB,Si,No,30633,,Regla 2 coherente para validaciones implementadas.
GPA-001__R2-001__R1-003__0043,GPA-001__R2-001__R1-003,02_inputs_xml_flat/GPA-001__R2-001__R1-003__0043.xml,PASS,INFO,R1.D01=NO;R1.D03=SI;R2.D01=SI;R2.D02=SI;R2.D03=SI,MUNICIPIO30631,MUNICIPIO_SIN_CN_TRAB,Si,No,30631,,Regla 2 coherente para validaciones implementadas.
GPA-001__R2-001__R1-003__0044,GPA-001__R2-001__R1-003,02_inputs_xml_flat/GPA-001__R2-001__R1-003__0044.xml,PASS,INFO,R1.D01=NO;R1.D03=SI;R2.D01=SI;R2.D02=SI;R2.D03=SI,MUNICIPIO30632,MUNICIPIO_SIN_CN_TRAB,Si,No,30632,,Regla 2 coherente para validaciones implementadas.
GPA-001__R2-001__R1-003__0045,GPA-001__R2-001__R1-003,02_inputs_xml_flat/GPA-001__R2-001__R1-003__0045.xml,PASS,INFO,R1.D01=NO;R1.D03=SI;R2.D01=SI;R2.D02=SI;R2.D03=SI,MUNICIPIO30633,MUNICIPIO_SIN_CN_TRAB,Si,No,30633,,Regla 2 coherente para validaciones implementadas.
GPA-001__R2-001__R1-003__0046,GPA-001__R2-001__R1-003,02_inputs_xml_flat/GPA-001__R2-001__R1-003__0046.xml,PASS,INFO,R1.D01=NO;R1.D03=SI;R2.D01=SI;R2.D02=SI;R2.D03=SI,MUNICIPIO30631,MUNICIPIO_SIN_CN_TRAB,Si,No,30631,,Regla 2 coherente para validaciones implementadas.
GPA-001__R2-001__R1-003__0047,GPA-001__R2-001__R1-003,02_inputs_xml_flat/GPA-001__R2-001__R1-003__0047.xml,PASS,INFO,R1.D01=NO;R1.D03=SI;R2.D01=SI;R2.D02=SI;R2.D03=SI,MUNICIPIO30632,MUNICIPIO_SIN_CN_TRAB,Si,No,30632,,Regla 2 coherente para validaciones implementadas.
GPA-001__R2-001__R1-003__0048,GPA-001__R2-001__R1-003,02_inputs_xml_flat/GPA-001__R2-001__R1-003__0048.xml,PASS,INFO,R1.D01=NO;R1.D03=SI;R2.D01=SI;R2.D02=SI;R2.D03=SI,MUNICIPIO30633,MUNICIPIO_SIN_CN_TRAB,Si,No,30633,,Regla 2 coherente para validaciones implementadas.
GPA-001__R2-001__R1-003__0049,GPA-001__R2-001__R1-003,02_inputs_xml_flat/GPA-001__R2-001__R1-003__0049.xml,PASS,INFO,R1.D01=NO;R1.D03=SI;R2.D01=SI;R2.D02=SI;R2.D03=SI,MUNICIPIO30631,MUNICIPIO_SIN_CN_TRAB,Si,No,30631,,Regla 2 coherente para validaciones implementadas.
GPA-001__R2-001__R1-003__0050,GPA-001__R2-001__R1-003,02_inputs_xml_flat/GPA-001__R2-001__R1-003__0050.xml,PASS,INFO,R1.D01=NO;R1.D03=SI;R2.D01=SI;R2.D02=SI;R2.D03=SI,MUNICIPIO30632,MUNICIPIO_SIN_CN_TRAB,Si,No,30632,,Regla 2 coherente para validaciones implementadas.
GPA-001__R2-001__R1-003__0051,GPA-001__R2-001__R1-003,02_inputs_xml_flat/GPA-001__R2-001__R1-003__0051.xml,PASS,INFO,R1.D01=NO;R1.D03=SI;R2.D01=SI;R2.D02=SI;R2.D03=SI,MUNICIPIO30633,MUNICIPIO_SIN_CN_TRAB,Si,No,30633,,Regla 2 coherente para validaciones implementadas.
GPA-001__R2-001__R1-003__0052,GPA-001__R2-001__R1-003,02_inputs_xml_flat/GPA-001__R2-001__R1-003__0052.xml,PASS,INFO,R1.D01=NO;R1.D03=SI;R2.D01=SI;R2.D02=SI;R2.D03=SI,MUNICIPIO30631,MUNICIPIO_SIN_CN_TRAB,Si,No,30631,,Regla 2 coherente para validaciones implementadas.
GPA-001__R2-001__R1-003__0053,GPA-001__R2-001__R1-003,02_inputs_xml_flat/GPA-001__R2-001__R1-003__0053.xml,PASS,INFO,R1.D01=NO;R1.D03=SI;R2.D01=SI;R2.D02=SI;R2.D03=SI,MUNICIPIO30632,MUNICIPIO_SIN_CN_TRAB,Si,No,30632,,Regla 2 coherente para validaciones implementadas.
GPA-001__R2-001__R1-003__0054,GPA-001__R2-001__R1-003,02_inputs_xml_flat/GPA-001__R2-001__R1-003__0054.xml,PASS,INFO,R1.D01=NO;R1.D03=SI;R2.D01=SI;R2.D02=SI;R2.D03=SI,MUNICIPIO30633,MUNICIPIO_SIN_CN_TRAB,Si,No,30633,,Regla 2 coherente para validaciones implementadas.
GPA-001__R2-001__R1-003__0055,GPA-001__R2-001__R1-003,02_inputs_xml_flat/GPA-001__R2-001__R1-003__0055.xml,PASS,INFO,R1.D01=NO;R1.D03=SI;R2.D01=SI;R2.D02=SI;R2.D03=SI,MUNICIPIO30631,MUNICIPIO_SIN_CN_TRAB,Si,No,30631,,Regla 2 coherente para validaciones implementadas.
GPA-001__R2-001__R1-003__0056,GPA-001__R2-001__R1-003,02_inputs_xml_flat/GPA-001__R2-001__R1-003__0056.xml,PASS,INFO,R1.D01=NO;R1.D03=SI;R2.D01=SI;R2.D02=SI;R2.D03=SI,MUNICIPIO30632,MUNICIPIO_SIN_CN_TRAB,Si,No,30632,,Regla 2 coherente para validaciones implementadas.
GPA-001__R2-001__R1-003__0057,GPA-001__R2-001__R1-003,02_inputs_xml_flat/GPA-001__R2-001__R1-003__0057.xml,PASS,INFO,R1.D01=NO;R1.D03=SI;R2.D01=SI;R2.D02=SI;R2.D03=SI,MUNICIPIO30633,MUNICIPIO_SIN_CN_TRAB,Si,No,30633,,Regla 2 coherente para validaciones implementadas.
GPA-001__R2-001__R1-003__0058,GPA-001__R2-001__R1-003,02_inputs_xml_flat/GPA-001__R2-001__R1-003__0058.xml,PASS,INFO,R1.D01=NO;R1.D03=SI;R2.D01=SI;R2.D02=SI;R2.D03=SI,MUNICIPIO30631,MUNICIPIO_SIN_CN_TRAB,Si,No,30631,,Regla 2 coherente para validaciones implementadas.
GPA-001__R2-001__R1-003__0059,GPA-001__R2-001__R1-003,02_inputs_xml_flat/GPA-001__R2-001__R1-003__0059.xml,PASS,INFO,R1.D01=NO;R1.D03=SI;R2.D01=SI;R2.D02=SI;R2.D03=SI,MUNICIPIO30632,MUNICIPIO_SIN_CN_TRAB,Si,No,30632,,Regla 2 coherente para validaciones implementadas.
GPA-001__R2-001__R1-003__0060,GPA-001__R2-001__R1-003,02_inputs_xml_flat/GPA-001__R2-001__R1-003__0060.xml,PASS,INFO,R1.D01=NO;R1.D03=SI;R2.D01=SI;R2.D02=SI;R2.D03=SI,MUNICIPIO30633,MUNICIPIO_SIN_CN_TRAB,Si,No,30633,,Regla 2 coherente para validaciones implementadas.
GPA-001__R2-001__R1-003__0061,GPA-001__R2-001__R1-003,02_inputs_xml_flat/GPA-001__R2-001__R1-003__0061.xml,PASS,INFO,R1.D01=NO;R1.D03=SI;R2.D01=SI;R2.D02=SI;R2.D03=SI,MUNICIPIO30631,MUNICIPIO_SIN_CN_TRAB,Si,No,30631,,Regla 2 coherente para validaciones implementadas.
GPA-001__R2-001__R1-003__0062,GPA-001__R2-001__R1-003,02_inputs_xml_flat/GPA-001__R2-001__R1-003__0062.xml,PASS,INFO,R1.D01=NO;R1.D03=SI;R2.D01=SI;R2.D02=SI;R2.D03=SI,MUNICIPIO30632,MUNICIPIO_SIN_CN_TRAB,Si,No,30632,,Regla 2 coherente para validaciones implementadas.
GPA-001__R2-001__R1-003__0063,GPA-001__R2-001__R1-003,02_inputs_xml_flat/GPA-001__R2-001__R1-003__0063.xml,PASS,INFO,R1.D01=NO;R1.D03=SI;R2.D01=SI;R2.D02=SI;R2.D03=SI,MUNICIPIO30633,MUNICIPIO_SIN_CN_TRAB,Si,No,30633,,Regla 2 coherente para validaciones implementadas.
GPA-001__R2-001__R1-003__0064,GPA-001__R2-001__R1-003,02_inputs_xml_flat/GPA-001__R2-001__R1-003__0064.xml,PASS,INFO,R1.D01=NO;R1.D03=SI;R2.D01=SI;R2.D02=SI;R2.D03=SI,MUNICIPIO30631,MUNICIPIO_SIN_CN_TRAB,Si,No,30631,,Regla 2 coherente para validaciones implementadas.
GPA-001__R2-001__R1-003__0065,GPA-001__R2-001__R1-003,02_inputs_xml_flat/GPA-001__R2-001__R1-003__0065.xml,PASS,INFO,R1.D01=NO;R1.D03=SI;R2.D01=SI;R2.D02=SI;R2.D03=SI,MUNICIPIO30632,MUNICIPIO_SIN_CN_TRAB,Si,No,30632,,Regla 2 coherente para validaciones implementadas.
GPA-001__R2-001__R1-003__0066,GPA-001__R2-001__R1-003,02_inputs_xml_flat/GPA-001__R2-001__R1-003__0066.xml,PASS,INFO,R1.D01=NO;R1.D03=SI;R2.D01=SI;R2.D02=SI;R2.D03=SI,MUNICIPIO30633,MUNICIPIO_SIN_CN_TRAB,Si,No,30633,,Regla 2 coherente para validaciones implementadas.
GPA-001__R2-001__R1-003__0067,GPA-001__R2-001__R1-003,02_inputs_xml_flat/GPA-001__R2-001__R1-003__0067.xml,PASS,INFO,R1.D01=NO;R1.D03=SI;R2.D01=SI;R2.D02=SI;R2.D03=SI,MUNICIPIO30631,MUNICIPIO_SIN_CN_TRAB,Si,No,30631,,Regla 2 coherente para validaciones implementadas.
GPA-001__R2-001__R1-003__0068,GPA-001__R2-001__R1-003,02_inputs_xml_flat/GPA-001__R2-001__R1-003__0068.xml,PASS,INFO,R1.D01=NO;R1.D03=SI;R2.D01=SI;R2.D02=SI;R2.D03=SI,MUNICIPIO30632,MUNICIPIO_SIN_CN_TRAB,Si,No,30632,,Regla 2 coherente para validaciones implementadas.
GPA-001__R2-001__R1-003__0069,GPA-001__R2-001__R1-003,02_inputs_xml_flat/GPA-001__R2-001__R1-003__0069.xml,PASS,INFO,R1.D01=NO;R1.D03=SI;R2.D01=SI;R2.D02=SI;R2.D03=SI,MUNICIPIO30633,MUNICIPIO_SIN_CN_TRAB,Si,No,30633,,Regla 2 coherente para validaciones implementadas.
GPA-001__R2-001__R1-003__0070,GPA-001__R2-001__R1-003,02_inputs_xml_flat/GPA-001__R2-001__R1-003__0070.xml,PASS,INFO,R1.D01=NO;R1.D03=SI;R2.D01=SI;R2.D02=SI;R2.D03=SI,MUNICIPIO30631,MUNICIPIO_SIN_CN_TRAB,Si,No,30631,,Regla 2 coherente para validaciones implementadas.
GPA-001__R2-001__R1-003__0071,GPA-001__R2-001__R1-003,02_inputs_xml_flat/GPA-001__R2-001__R1-003__0071.xml,PASS,INFO,R1.D01=NO;R1.D03=SI;R2.D01=SI;R2.D02=SI;R2.D03=SI,MUNICIPIO30632,MUNICIPIO_SIN_CN_TRAB,Si,No,30632,,Regla 2 coherente para validaciones implementadas.
GPA-001__R2-001__R1-003__0072,GPA-001__R2-001__R1-003,02_inputs_xml_flat/GPA-001__R2-001__R1-003__0072.xml,PASS,INFO,R1.D01=NO;R1.D03=SI;R2.D01=SI;R2.D02=SI;R2.D03=SI,MUNICIPIO30633,MUNICIPIO_SIN_CN_TRAB,Si,No,30633,,Regla 2 coherente para validaciones implementadas.
GPA-001__R2-001__R1-003__0073,GPA-001__R2-001__R1-003,02_inputs_xml_flat/GPA-001__R2-001__R1-003__0073.xml,PASS,INFO,R1.D01=NO;R1.D03=SI;R2.D01=SI;R2.D02=SI;R2.D03=SI,MUNICIPIO30631,MUNICIPIO_SIN_CN_TRAB,Si,No,30631,,Regla 2 coherente para validaciones implementadas.
GPA-001__R2-001__R1-003__0074,GPA-001__R2-001__R1-003,02_inputs_xml_flat/GPA-001__R2-001__R1-003__0074.xml,PASS,INFO,R1.D01=NO;R1.D03=SI;R2.D01=SI;R2.D02=SI;R2.D03=SI,MUNICIPIO30632,MUNICIPIO_SIN_CN_TRAB,Si,No,30632,,Regla 2 coherente para validaciones implementadas.
GPA-001__R2-001__R1-003__0075,GPA-001__R2-001__R1-003,02_inputs_xml_flat/GPA-001__R2-001__R1-003__0075.xml,PASS,INFO,R1.D01=NO;R1.D03=SI;R2.D01=SI;R2.D02=SI;R2.D03=SI,MUNICIPIO30633,MUNICIPIO_SIN_CN_TRAB,Si,No,30633,,Regla 2 coherente para validaciones implementadas.
GPA-001__R2-001__R1-003__0076,GPA-001__R2-001__R1-003,02_inputs_xml_flat/GPA-001__R2-001__R1-003__0076.xml,PASS,INFO,R1.D01=NO;R1.D03=SI;R2.D01=SI;R2.D02=SI;R2.D03=SI,MUNICIPIO30631,MUNICIPIO_SIN_CN_TRAB,Si,No,30631,,Regla 2 coherente para validaciones implementadas.
GPA-001__R2-001__R1-003__0077,GPA-001__R2-001__R1-003,02_inputs_xml_flat/GPA-001__R2-001__R1-003__0077.xml,PASS,INFO,R1.D01=NO;R1.D03=SI;R2.D01=SI;R2.D02=SI;R2.D03=SI,MUNICIPIO30632,MUNICIPIO_SIN_CN_TRAB,Si,No,30632,,Regla 2 coherente para validaciones implementadas.
GPA-001__R2-001__R1-003__0078,GPA-001__R2-001__R1-003,02_inputs_xml_flat/GPA-001__R2-001__R1-003__0078.xml,PASS,INFO,R1.D01=NO;R1.D03=SI;R2.D01=SI;R2.D02=SI;R2.D03=SI,MUNICIPIO30633,MUNICIPIO_SIN_CN_TRAB,Si,No,30633,,Regla 2 coherente para validaciones implementadas.
GPA-001__R2-001__R1-003__0079,GPA-001__R2-001__R1-003,02_inputs_xml_flat/GPA-001__R2-001__R1-003__0079.xml,PASS,INFO,R1.D01=NO;R1.D03=SI;R2.D01=SI;R2.D02=SI;R2.D03=SI,MUNICIPIO30631,MUNICIPIO_SIN_CN_TRAB,Si,No,30631,,Regla 2 coherente para validaciones implementadas.
GPA-001__R2-001__R1-003__0080,GPA-001__R2-001__R1-003,02_inputs_xml_flat/GPA-001__R2-001__R1-003__0080.xml,PASS,INFO,R1.D01=NO;R1.D03=SI;R2.D01=SI;R2.D02=SI;R2.D03=SI,MUNICIPIO30632,MUNICIPIO_SIN_CN_TRAB,Si,No,30632,,Regla 2 coherente para validaciones implementadas.
GPA-001__R2-001__R1-003__0081,GPA-001__R2-001__R1-003,02_inputs_xml_flat/GPA-001__R2-001__R1-003__0081.xml,PASS,INFO,R1.D01=NO;R1.D03=SI;R2.D01=SI;R2.D02=SI;R2.D03=SI,MUNICIPIO30633,MUNICIPIO_SIN_CN_TRAB,Si,No,30633,,Regla 2 coherente para validaciones implementadas.
GPA-001__R2-001__R1-003__0082,GPA-001__R2-001__R1-003,02_inputs_xml_flat/GPA-001__R2-001__R1-003__0082.xml,PASS,INFO,R1.D01=NO;R1.D03=SI;R2.D01=SI;R2.D02=SI;R2.D03=SI,MUNICIPIO30631,MUNICIPIO_SIN_CN_TRAB,Si,No,30631,,Regla 2 coherente para validaciones implementadas.
GPA-001__R2-001__R1-003__0083,GPA-001__R2-001__R1-003,02_inputs_xml_flat/GPA-001__R2-001__R1-003__0083.xml,PASS,INFO,R1.D01=NO;R1.D03=SI;R2.D01=SI;R2.D02=SI;R2.D03=SI,MUNICIPIO30632,MUNICIPIO_SIN_CN_TRAB,Si,No,30632,,Regla 2 coherente para validaciones implementadas.
GPA-001__R2-001__R1-003__0084,GPA-001__R2-001__R1-003,02_inputs_xml_flat/GPA-001__R2-001__R1-003__0084.xml,PASS,INFO,R1.D01=NO;R1.D03=SI;R2.D01=SI;R2.D02=SI;R2.D03=SI,MUNICIPIO30633,MUNICIPIO_SIN_CN_TRAB,Si,No,30633,,Regla 2 coherente para validaciones implementadas.
GPA-001__R2-001__R1-003__0085,GPA-001__R2-001__R1-003,02_inputs_xml_flat/GPA-001__R2-001__R1-003__0085.xml,PASS,INFO,R1.D01=NO;R1.D03=SI;R2.D01=SI;R2.D02=SI;R2.D03=SI,MUNICIPIO30631,MUNICIPIO_SIN_CN_TRAB,Si,No,30631,,Regla 2 coherente para validaciones implementadas.
GPA-001__R2-001__R1-003__0086,GPA-001__R2-001__R1-003,02_inputs_xml_flat/GPA-001__R2-001__R1-003__0086.xml,PASS,INFO,R1.D01=NO;R1.D03=SI;R2.D01=SI;R2.D02=SI;R2.D03=SI,MUNICIPIO30632,MUNICIPIO_SIN_CN_TRAB,Si,No,30632,,Regla 2 coherente para validaciones implementadas.
GPA-001__R2-001__R1-003__0087,GPA-001__R2-001__R1-003,02_inputs_xml_flat/GPA-001__R2-001__R1-003__0087.xml,PASS,INFO,R1.D01=NO;R1.D03=SI;R2.D01=SI;R2.D02=SI;R2.D03=SI,MUNICIPIO30633,MUNICIPIO_SIN_CN_TRAB,Si,No,30633,,Regla 2 coherente para validaciones implementadas.
GPA-001__R2-001__R1-003__0088,GPA-001__R2-001__R1-003,02_inputs_xml_flat/GPA-001__R2-001__R1-003__0088.xml,PASS,INFO,R1.D01=NO;R1.D03=SI;R2.D01=SI;R2.D02=SI;R2.D03=SI,MUNICIPIO30631,MUNICIPIO_SIN_CN_TRAB,Si,No,30631,,Regla 2 coherente para validaciones implementadas.
GPA-001__R2-001__R1-003__0089,GPA-001__R2-001__R1-003,02_inputs_xml_flat/GPA-001__R2-001__R1-003__0089.xml,PASS,INFO,R1.D01=NO;R1.D03=SI;R2.D01=SI;R2.D02=SI;R2.D03=SI,MUNICIPIO30632,MUNICIPIO_SIN_CN_TRAB,Si,No,30632,,Regla 2 coherente para validaciones implementadas.
GPA-001__R2-001__R1-003__0090,GPA-001__R2-001__R1-003,02_inputs_xml_flat/GPA-001__R2-001__R1-003__0090.xml,PASS,INFO,R1.D01=NO;R1.D03=SI;R2.D01=SI;R2.D02=SI;R2.D03=SI,MUNICIPIO30633,MUNICIPIO_SIN_CN_TRAB,Si,No,30633,,Regla 2 coherente para validaciones implementadas.
GPA-001__R2-001__R1-003__0091,GPA-001__R2-001__R1-003,02_inputs_xml_flat/GPA-001__R2-001__R1-003__0091.xml,PASS,INFO,R1.D01=NO;R1.D03=SI;R2.D01=SI;R2.D02=SI;R2.D03=SI,MUNICIPIO30631,MUNICIPIO_SIN_CN_TRAB,Si,No,30631,,Regla 2 coherente para validaciones implementadas.
GPA-001__R2-001__R1-003__0092,GPA-001__R2-001__R1-003,02_inputs_xml_flat/GPA-001__R2-001__R1-003__0092.xml,PASS,INFO,R1.D01=NO;R1.D03=SI;R2.D01=SI;R2.D02=SI;R2.D03=SI,MUNICIPIO30632,MUNICIPIO_SIN_CN_TRAB,Si,No,30632,,Regla 2 coherente para validaciones implementadas.
GPA-001__R2-001__R1-003__0093,GPA-001__R2-001__R1-003,02_inputs_xml_flat/GPA-001__R2-001__R1-003__0093.xml,PASS,INFO,R1.D01=NO;R1.D03=SI;R2.D01=SI;R2.D02=SI;R2.D03=SI,MUNICIPIO30633,MUNICIPIO_SIN_CN_TRAB,Si,No,30633,,Regla 2 coherente para validaciones implementadas.
GPA-001__R2-001__R1-003__0094,GPA-001__R2-001__R1-003,02_inputs_xml_flat/GPA-001__R2-001__R1-003__0094.xml,PASS,INFO,R1.D01=NO;R1.D03=SI;R2.D01=SI;R2.D02=SI;R2.D03=SI,MUNICIPIO30631,MUNICIPIO_SIN_CN_TRAB,Si,No,30631,,Regla 2 coherente para validaciones implementadas.
GPA-001__R2-001__R1-003__0095,GPA-001__R2-001__R1-003,02_inputs_xml_flat/GPA-001__R2-001__R1-003__0095.xml,PASS,INFO,R1.D01=NO;R1.D03=SI;R2.D01=SI;R2.D02=SI;R2.D03=SI,MUNICIPIO30632,MUNICIPIO_SIN_CN_TRAB,Si,No,30632,,Regla 2 coherente para validaciones implementadas.
GPA-001__R2-001__R1-003__0096,GPA-001__R2-001__R1-003,02_inputs_xml_flat/GPA-001__R2-001__R1-003__0096.xml,PASS,INFO,R1.D01=NO;R1.D03=SI;R2.D01=SI;R2.D02=SI;R2.D03=SI,MUNICIPIO30633,MUNICIPIO_SIN_CN_TRAB,Si,No,30633,,Regla 2 coherente para validaciones implementadas.
GPA-001__R2-001__R1-003__0097,GPA-001__R2-001__R1-003,02_inputs_xml_flat/GPA-001__R2-001__R1-003__0097.xml,PASS,INFO,R1.D01=NO;R1.D03=SI;R2.D01=SI;R2.D02=SI;R2.D03=SI,MUNICIPIO30631,MUNICIPIO_SIN_CN_TRAB,Si,No,30631,,Regla 2 coherente para validaciones implementadas.
GPA-001__R2-001__R1-003__0098,GPA-001__R2-001__R1-003,02_inputs_xml_flat/GPA-001__R2-001__R1-003__0098.xml,PASS,INFO,R1.D01=NO;R1.D03=SI;R2.D01=SI;R2.D02=SI;R2.D03=SI,MUNICIPIO30632,MUNICIPIO_SIN_CN_TRAB,Si,No,30632,,Regla 2 coherente para validaciones implementadas.
GPA-001__R2-001__R1-003__0099,GPA-001__R2-001__R1-003,02_inputs_xml_flat/GPA-001__R2-001__R1-003__0099.xml,PASS,INFO,R1.D01=NO;R1.D03=SI;R2.D01=SI;R2.D02=SI;R2.D03=SI,MUNICIPIO30633,MUNICIPIO_SIN_CN_TRAB,Si,No,30633,,Regla 2 coherente para validaciones implementadas.
GPA-001__R2-001__R1-003__0100,GPA-001__R2-001__R1-003,02_inputs_xml_flat/GPA-001__R2-001__R1-003__0100.xml,PASS,INFO,R1.D01=NO;R1.D03=SI;R2.D01=SI;R2.D02=SI;R2.D03=SI,MUNICIPIO30631,MUNICIPIO_SIN_CN_TRAB,Si,No,30631,,Regla 2 coherente para validaciones implementadas.
GPA-001__R2-001__R1-003__0101,GPA-001__R2-001__R1-003,02_inputs_xml_flat/GPA-001__R2-001__R1-003__0101.xml,PASS,INFO,R1.D01=NO;R1.D03=SI;R2.D01=SI;R2.D02=SI;R2.D03=SI,MUNICIPIO30632,MUNICIPIO_SIN_CN_TRAB,Si,No,30632,,Regla 2 coherente para validaciones implementadas.
GPA-001__R2-001__R1-003__0102,GPA-001__R2-001__R1-003,02_inputs_xml_flat/GPA-001__R2-001__R1-003__0102.xml,PASS,INFO,R1.D01=NO;R1.D03=SI;R2.D01=SI;R2.D02=SI;R2.D03=SI,MUNICIPIO30633,MUNICIPIO_SIN_CN_TRAB,Si,No,30633,,Regla 2 coherente para validaciones implementadas.
GPA-001__R2-001__R1-003__0103,GPA-001__R2-001__R1-003,02_inputs_xml_flat/GPA-001__R2-001__R1-003__0103.xml,PASS,INFO,R1.D01=NO;R1.D03=SI;R2.D01=SI;R2.D02=SI;R2.D03=SI,MUNICIPIO30631,MUNICIPIO_SIN_CN_TRAB,Si,No,30631,,Regla 2 coherente para validaciones implementadas.
GPA-001__R2-001__R1-003__0104,GPA-001__R2-001__R1-003,02_inputs_xml_flat/GPA-001__R2-001__R1-003__0104.xml,PASS,INFO,R1.D01=NO;R1.D03=SI;R2.D01=SI;R2.D02=SI;R2.D03=SI,MUNICIPIO30632,MUNICIPIO_SIN_CN_TRAB,Si,No,30632,,Regla 2 coherente para validaciones implementadas.
GPA-001__R2-001__R1-003__0105,GPA-001__R2-001__R1-003,02_inputs_xml_flat/GPA-001__R2-001__R1-003__0105.xml,PASS,INFO,R1.D01=NO;R1.D03=SI;R2.D01=SI;R2.D02=SI;R2.D03=SI,MUNICIPIO30633,MUNICIPIO_SIN_CN_TRAB,Si,No,30633,,Regla 2 coherente para validaciones implementadas.
GPA-001__R2-001__R1-003__0106,GPA-001__R2-001__R1-003,02_inputs_xml_flat/GPA-001__R2-001__R1-003__0106.xml,PASS,INFO,R1.D01=NO;R1.D03=SI;R2.D01=SI;R2.D02=SI;R2.D03=SI,MUNICIPIO30631,MUNICIPIO_SIN_CN_TRAB,Si,No,30631,,Regla 2 coherente para validaciones implementadas.
GPA-001__R2-001__R1-003__0107,GPA-001__R2-001__R1-003,02_inputs_xml_flat/GPA-001__R2-001__R1-003__0107.xml,PASS,INFO,R1.D01=NO;R1.D03=SI;R2.D01=SI;R2.D02=SI;R2.D03=SI,MUNICIPIO30632,MUNICIPIO_SIN_CN_TRAB,Si,No,30632,,Regla 2 coherente para validaciones implementadas.
GPA-001__R2-001__R1-003__0108,GPA-001__R2-001__R1-003,02_inputs_xml_flat/GPA-001__R2-001__R1-003__0108.xml,PASS,INFO,R1.D01=NO;R1.D03=SI;R2.D01=SI;R2.D02=SI;R2.D03=SI,MUNICIPIO30633,MUNICIPIO_SIN_CN_TRAB,Si,No,30633,,Regla 2 coherente para validaciones implementadas.
GPA-001__R2-001__R1-003__0109,GPA-001__R2-001__R1-003,02_inputs_xml_flat/GPA-001__R2-001__R1-003__0109.xml,PASS,INFO,R1.D01=NO;R1.D03=SI;R2.D01=SI;R2.D02=SI;R2.D03=SI,MUNICIPIO30631,MUNICIPIO_SIN_CN_TRAB,Si,No,30631,,Regla 2 coherente para validaciones implementadas.
GPA-001__R2-001__R1-003__0110,GPA-001__R2-001__R1-003,02_inputs_xml_flat/GPA-001__R2-001__R1-003__0110.xml,PASS,INFO,R1.D01=NO;R1.D03=SI;R2.D01=SI;R2.D02=SI;R2.D03=SI,MUNICIPIO30632,MUNICIPIO_SIN_CN_TRAB,Si,No,30632,,Regla 2 coherente para validaciones implementadas.
GPA-001__R2-001__R1-003__0111,GPA-001__R2-001__R1-003,02_inputs_xml_flat/GPA-001__R2-001__R1-003__0111.xml,PASS,INFO,R1.D01=NO;R1.D03=SI;R2.D01=SI;R2.D02=SI;R2.D03=SI,MUNICIPIO30633,MUNICIPIO_SIN_CN_TRAB,Si,No,30633,,Regla 2 coherente para validaciones implementadas.
GPA-001__R2-001__R1-003__0112,GPA-001__R2-001__R1-003,02_inputs_xml_flat/GPA-001__R2-001__R1-003__0112.xml,PASS,INFO,R1.D01=NO;R1.D03=SI;R2.D01=SI;R2.D02=SI;R2.D03=SI,MUNICIPIO30631,MUNICIPIO_SIN_CN_TRAB,Si,No,30631,,Regla 2 coherente para validaciones implementadas.
GPA-001__R2-001__R1-003__0113,GPA-001__R2-001__R1-003,02_inputs_xml_flat/GPA-001__R2-001__R1-003__0113.xml,PASS,INFO,R1.D01=NO;R1.D03=SI;R2.D01=SI;R2.D02=SI;R2.D03=SI,MUNICIPIO30632,MUNICIPIO_SIN_CN_TRAB,Si,No,30632,,Regla 2 coherente para validaciones implementadas.
GPA-001__R2-001__R1-003__0114,GPA-001__R2-001__R1-003,02_inputs_xml_flat/GPA-001__R2-001__R1-003__0114.xml,PASS,INFO,R1.D01=NO;R1.D03=SI;R2.D01=SI;R2.D02=SI;R2.D03=SI,MUNICIPIO30633,MUNICIPIO_SIN_CN_TRAB,Si,No,30633,,Regla 2 coherente para validaciones implementadas.
GPA-001__R2-001__R1-003__0115,GPA-001__R2-001__R1-003,02_inputs_xml_flat/GPA-001__R2-001__R1-003__0115.xml,PASS,INFO,R1.D01=NO;R1.D03=SI;R2.D01=SI;R2.D02=SI;R2.D03=SI,MUNICIPIO30631,MUNICIPIO_SIN_CN_TRAB,Si,No,30631,,Regla 2 coherente para validaciones implementadas.
GPA-001__R2-001__R1-003__0116,GPA-001__R2-001__R1-003,02_inputs_xml_flat/GPA-001__R2-001__R1-003__0116.xml,PASS,INFO,R1.D01=NO;R1.D03=SI;R2.D01=SI;R2.D02=SI;R2.D03=SI,MUNICIPIO30632,MUNICIPIO_SIN_CN_TRAB,Si,No,30632,,Regla 2 coherente para validaciones implementadas.
GPA-001__R2-001__R1-003__0117,GPA-001__R2-001__R1-003,02_inputs_xml_flat/GPA-001__R2-001__R1-003__0117.xml,PASS,INFO,R1.D01=NO;R1.D03=SI;R2.D01=SI;R2.D02=SI;R2.D03=SI,MUNICIPIO30633,MUNICIPIO_SIN_CN_TRAB,Si,No,30633,,Regla 2 coherente para validaciones implementadas.
GPA-001__R2-001__R1-003__0118,GPA-001__R2-001__R1-003,02_inputs_xml_flat/GPA-001__R2-001__R1-003__0118.xml,PASS,INFO,R1.D01=NO;R1.D03=SI;R2.D01=SI;R2.D02=SI;R2.D03=SI,MUNICIPIO30631,MUNICIPIO_SIN_CN_TRAB,Si,No,30631,,Regla 2 coherente para validaciones implementadas.
GPA-001__R2-001__R1-003__0119,GPA-001__R2-001__R1-003,02_inputs_xml_flat/GPA-001__R2-001__R1-003__0119.xml,PASS,INFO,R1.D01=NO;R1.D03=SI;R2.D01=SI;R2.D02=SI;R2.D03=SI,MUNICIPIO30632,MUNICIPIO_SIN_CN_TRAB,Si,No,30632,,Regla 2 coherente para validaciones implementadas.
GPA-001__R2-001__R1-003__0120,GPA-001__R2-001__R1-003,02_inputs_xml_flat/GPA-001__R2-001__R1-003__0120.xml,PASS,INFO,R1.D01=NO;R1.D03=SI;R2.D01=SI;R2.D02=SI;R2.D03=SI,MUNICIPIO30633,MUNICIPIO_SIN_CN_TRAB,Si,No,30633,,Regla 2 coherente para validaciones implementadas.
GPA-001__R2-001__R1-003__0121,GPA-001__R2-001__R1-003,02_inputs_xml_flat/GPA-001__R2-001__R1-003__0121.xml,PASS,INFO,R1.D01=NO;R1.D03=SI;R2.D01=SI;R2.D02=SI;R2.D03=SI,MUNICIPIO30631,MUNICIPIO_SIN_CN_TRAB,Si,No,30631,,Regla 2 coherente para validaciones implementadas.
GPA-001__R2-001__R1-003__0122,GPA-001__R2-001__R1-003,02_inputs_xml_flat/GPA-001__R2-001__R1-003__0122.xml,PASS,INFO,R1.D01=NO;R1.D03=SI;R2.D01=SI;R2.D02=SI;R2.D03=SI,MUNICIPIO30632,MUNICIPIO_SIN_CN_TRAB,Si,No,30632,,Regla 2 coherente para validaciones implementadas.
GPA-001__R2-001__R1-003__0123,GPA-001__R2-001__R1-003,02_inputs_xml_flat/GPA-001__R2-001__R1-003__0123.xml,PASS,INFO,R1.D01=NO;R1.D03=SI;R2.D01=SI;R2.D02=SI;R2.D03=SI,MUNICIPIO30633,MUNICIPIO_SIN_CN_TRAB,Si,No,30633,,Regla 2 coherente para validaciones implementadas.
GPA-001__R2-001__R1-003__0124,GPA-001__R2-001__R1-003,02_inputs_xml_flat/GPA-001__R2-001__R1-003__0124.xml,PASS,INFO,R1.D01=NO;R1.D03=SI;R2.D01=SI;R2.D02=SI;R2.D03=SI,MUNICIPIO30631,MUNICIPIO_SIN_CN_TRAB,Si,No,30631,,Regla 2 coherente para validaciones implementadas.
GPA-001__R2-001__R1-003__0125,GPA-001__R2-001__R1-003,02_inputs_xml_flat/GPA-001__R2-001__R1-003__0125.xml,PASS,INFO,R1.D01=NO;R1.D03=SI;R2.D01=SI;R2.D02=SI;R2.D03=SI,MUNICIPIO30632,MUNICIPIO_SIN_CN_TRAB,Si,No,30632,,Regla 2 coherente para validaciones implementadas.
GPA-001__R2-001__R1-003__0126,GPA-001__R2-001__R1-003,02_inputs_xml_flat/GPA-001__R2-001__R1-003__0126.xml,PASS,INFO,R1.D01=NO;R1.D03=SI;R2.D01=SI;R2.D02=SI;R2.D03=SI,MUNICIPIO30633,MUNICIPIO_SIN_CN_TRAB,Si,No,30633,,Regla 2 coherente para validaciones implementadas.
GPA-001__R2-001__R1-003__0127,GPA-001__R2-001__R1-003,02_inputs_xml_flat/GPA-001__R2-001__R1-003__0127.xml,PASS,INFO,R1.D01=NO;R1.D03=SI;R2.D01=SI;R2.D02=SI;R2.D03=SI,MUNICIPIO30631,MUNICIPIO_SIN_CN_TRAB,Si,No,30631,,Regla 2 coherente para validaciones implementadas.
GPA-001__R2-001__R1-003__0128,GPA-001__R2-001__R1-003,02_inputs_xml_flat/GPA-001__R2-001__R1-003__0128.xml,PASS,INFO,R1.D01=NO;R1.D03=SI;R2.D01=SI;R2.D02=SI;R2.D03=SI,MUNICIPIO30632,MUNICIPIO_SIN_CN_TRAB,Si,No,30632,,Regla 2 coherente para validaciones implementadas.
GPA-001__R2-001__R1-003__0129,GPA-001__R2-001__R1-003,02_inputs_xml_flat/GPA-001__R2-001__R1-003__0129.xml,PASS,INFO,R1.D01=NO;R1.D03=SI;R2.D01=SI;R2.D02=SI;R2.D03=SI,MUNICIPIO30633,MUNICIPIO_SIN_CN_TRAB,Si,No,30633,,Regla 2 coherente para validaciones implementadas.
GPA-001__R2-001__R1-003__0130,GPA-001__R2-001__R1-003,02_inputs_xml_flat/GPA-001__R2-001__R1-003__0130.xml,PASS,INFO,R1.D01=NO;R1.D03=SI;R2.D01=SI;R2.D02=SI;R2.D03=SI,MUNICIPIO30631,MUNICIPIO_SIN_CN_TRAB,Si,No,30631,,Regla 2 coherente para validaciones implementadas.
GPA-001__R2-001__R1-003__0131,GPA-001__R2-001__R1-003,02_inputs_xml_flat/GPA-001__R2-001__R1-003__0131.xml,PASS,INFO,R1.D01=NO;R1.D03=SI;R2.D01=SI;R2.D02=SI;R2.D03=SI,MUNICIPIO30632,MUNICIPIO_SIN_CN_TRAB,Si,No,30632,,Regla 2 coherente para validaciones implementadas.
GPA-001__R2-001__R1-003__0132,GPA-001__R2-001__R1-003,02_inputs_xml_flat/GPA-001__R2-001__R1-003__0132.xml,PASS,INFO,R1.D01=NO;R1.D03=SI;R2.D01=SI;R2.D02=SI;R2.D03=SI,MUNICIPIO30633,MUNICIPIO_SIN_CN_TRAB,Si,No,30633,,Regla 2 coherente para validaciones implementadas.
GPA-001__R2-001__R1-003__0133,GPA-001__R2-001__R1-003,02_inputs_xml_flat/GPA-001__R2-001__R1-003__0133.xml,PASS,INFO,R1.D01=NO;R1.D03=SI;R2.D01=SI;R2.D02=SI;R2.D03=SI,MUNICIPIO30631,MUNICIPIO_SIN_CN_TRAB,Si,No,30631,,Regla 2 coherente para validaciones implementadas.
GPA-001__R2-001__R1-003__0134,GPA-001__R2-001__R1-003,02_inputs_xml_flat/GPA-001__R2-001__R1-003__0134.xml,PASS,INFO,R1.D01=NO;R1.D03=SI;R2.D01=SI;R2.D02=SI;R2.D03=SI,MUNICIPIO30632,MUNICIPIO_SIN_CN_TRAB,Si,No,30632,,Regla 2 coherente para validaciones implementadas.
GPA-001__R2-001__R1-003__0135,GPA-001__R2-001__R1-003,02_inputs_xml_flat/GPA-001__R2-001__R1-003__0135.xml,PASS,INFO,R1.D01=NO;R1.D03=SI;R2.D01=SI;R2.D02=SI;R2.D03=SI,MUNICIPIO30633,MUNICIPIO_SIN_CN_TRAB,Si,No,30633,,Regla 2 coherente para validaciones implementadas.
GPA-001__R2-001__R1-003__0136,GPA-001__R2-001__R1-003,02_inputs_xml_flat/GPA-001__R2-001__R1-003__0136.xml,PASS,INFO,R1.D01=NO;R1.D03=SI;R2.D01=SI;R2.D02=SI;R2.D03=SI,MUNICIPIO30631,MUNICIPIO_SIN_CN_TRAB,Si,No,30631,,Regla 2 coherente para validaciones implementadas.
GPA-001__R2-001__R1-003__0137,GPA-001__R2-001__R1-003,02_inputs_xml_flat/GPA-001__R2-001__R1-003__0137.xml,PASS,INFO,R1.D01=NO;R1.D03=SI;R2.D01=SI;R2.D02=SI;R2.D03=SI,MUNICIPIO30632,MUNICIPIO_SIN_CN_TRAB,Si,No,30632,,Regla 2 coherente para validaciones implementadas.
GPA-001__R2-001__R1-003__0138,GPA-001__R2-001__R1-003,02_inputs_xml_flat/GPA-001__R2-001__R1-003__0138.xml,PASS,INFO,R1.D01=NO;R1.D03=SI;R2.D01=SI;R2.D02=SI;R2.D03=SI,MUNICIPIO30633,MUNICIPIO_SIN_CN_TRAB,Si,No,30633,,Regla 2 coherente para validaciones implementadas.
GPA-001__R2-001__R1-003__0139,GPA-001__R2-001__R1-003,02_inputs_xml_flat/GPA-001__R2-001__R1-003__0139.xml,PASS,INFO,R1.D01=NO;R1.D03=SI;R2.D01=SI;R2.D02=SI;R2.D03=SI,MUNICIPIO30631,MUNICIPIO_SIN_CN_TRAB,Si,No,30631,,Regla 2 coherente para validaciones implementadas.
GPA-001__R2-001__R1-003__0140,GPA-001__R2-001__R1-003,02_inputs_xml_flat/GPA-001__R2-001__R1-003__0140.xml,PASS,INFO,R1.D01=NO;R1.D03=SI;R2.D01=SI;R2.D02=SI;R2.D03=SI,MUNICIPIO30632,MUNICIPIO_SIN_CN_TRAB,Si,No,30632,,Regla 2 coherente para validaciones implementadas.
GPA-001__R2-001__R1-003__0141,GPA-001__R2-001__R1-003,02_inputs_xml_flat/GPA-001__R2-001__R1-003__0141.xml,PASS,INFO,R1.D01=NO;R1.D03=SI;R2.D01=SI;R2.D02=SI;R2.D03=SI,MUNICIPIO30633,MUNICIPIO_SIN_CN_TRAB,Si,No,30633,,Regla 2 coherente para validaciones implementadas.
GPA-001__R2-001__R1-003__0142,GPA-001__R2-001__R1-003,02_inputs_xml_flat/GPA-001__R2-001__R1-003__0142.xml,PASS,INFO,R1.D01=NO;R1.D03=SI;R2.D01=SI;R2.D02=SI;R2.D03=SI,MUNICIPIO30631,MUNICIPIO_SIN_CN_TRAB,Si,No,30631,,Regla 2 coherente para validaciones implementadas.
GPA-001__R2-001__R1-003__0143,GPA-001__R2-001__R1-003,02_inputs_xml_flat/GPA-001__R2-001__R1-003__0143.xml,PASS,INFO,R1.D01=NO;R1.D03=SI;R2.D01=SI;R2.D02=SI;R2.D03=SI,MUNICIPIO30632,MUNICIPIO_SIN_CN_TRAB,Si,No,30632,,Regla 2 coherente para validaciones implementadas.
GPA-001__R2-001__R1-003__0144,GPA-001__R2-001__R1-003,02_inputs_xml_flat/GPA-001__R2-001__R1-003__0144.xml,PASS,INFO,R1.D01=NO;R1.D03=SI;R2.D01=SI;R2.D02=SI;R2.D03=SI,MUNICIPIO30633,MUNICIPIO_SIN_CN_TRAB,Si,No,30633,,Regla 2 coherente para validaciones implementadas.
GPA-001__R2-001__R1-003__0145,GPA-001__R2-001__R1-003,02_inputs_xml_flat/GPA-001__R2-001__R1-003__0145.xml,PASS,INFO,R1.D01=NO;R1.D03=SI;R2.D01=SI;R2.D02=SI;R2.D03=SI,MUNICIPIO30631,MUNICIPIO_SIN_CN_TRAB,Si,No,30631,,Regla 2 coherente para validaciones implementadas.
GPA-001__R2-001__R1-003__0146,GPA-001__R2-001__R1-003,02_inputs_xml_flat/GPA-001__R2-001__R1-003__0146.xml,PASS,INFO,R1.D01=NO;R1.D03=SI;R2.D01=SI;R2.D02=SI;R2.D03=SI,MUNICIPIO30632,MUNICIPIO_SIN_CN_TRAB,Si,No,30632,,Regla 2 coherente para validaciones implementadas.
GPA-001__R2-001__R1-003__0147,GPA-001__R2-001__R1-003,02_inputs_xml_flat/GPA-001__R2-001__R1-003__0147.xml,PASS,INFO,R1.D01=NO;R1.D03=SI;R2.D01=SI;R2.D02=SI;R2.D03=SI,MUNICIPIO30633,MUNICIPIO_SIN_CN_TRAB,Si,No,30633,,Regla 2 coherente para validaciones implementadas.
GPA-001__R2-001__R1-003__0148,GPA-001__R2-001__R1-003,02_inputs_xml_flat/GPA-001__R2-001__R1-003__0148.xml,PASS,INFO,R1.D01=NO;R1.D03=SI;R2.D01=SI;R2.D02=SI;R2.D03=SI,MUNICIPIO30631,MUNICIPIO_SIN_CN_TRAB,Si,No,30631,,Regla 2 coherente para validaciones implementadas.
GPA-001__R2-001__R1-003__0149,GPA-001__R2-001__R1-003,02_inputs_xml_flat/GPA-001__R2-001__R1-003__0149.xml,PASS,INFO,R1.D01=NO;R1.D03=SI;R2.D01=SI;R2.D02=SI;R2.D03=SI,MUNICIPIO30632,MUNICIPIO_SIN_CN_TRAB,Si,No,30632,,Regla 2 coherente para validaciones implementadas.
GPA-001__R2-001__R1-003__0150,GPA-001__R2-001__R1-003,02_inputs_xml_flat/GPA-001__R2-001__R1-003__0150.xml,PASS,INFO,R1.D01=NO;R1.D03=SI;R2.D01=SI;R2.D02=SI;R2.D03=SI,MUNICIPIO30633,MUNICIPIO_SIN_CN_TRAB,Si,No,30633,,Regla 2 coherente para validaciones implementadas.
GPA-001__R2-001__R1-003__0151,GPA-001__R2-001__R1-003,02_inputs_xml_flat/GPA-001__R2-001__R1-003__0151.xml,PASS,INFO,R1.D01=NO;R1.D03=SI;R2.D01=SI;R2.D02=SI;R2.D03=SI,MUNICIPIO30631,MUNICIPIO_SIN_CN_TRAB,Si,No,30631,,Regla 2 coherente para validaciones implementadas.
GPA-001__R2-001__R1-003__0152,GPA-001__R2-001__R1-003,02_inputs_xml_flat/GPA-001__R2-001__R1-003__0152.xml,PASS,INFO,R1.D01=NO;R1.D03=SI;R2.D01=SI;R2.D02=SI;R2.D03=SI,MUNICIPIO30632,MUNICIPIO_SIN_CN_TRAB,Si,No,30632,,Regla 2 coherente para validaciones implementadas.
GPA-001__R2-001__R1-003__0153,GPA-001__R2-001__R1-003,02_inputs_xml_flat/GPA-001__R2-001__R1-003__0153.xml,PASS,INFO,R1.D01=NO;R1.D03=SI;R2.D01=SI;R2.D02=SI;R2.D03=SI,MUNICIPIO30633,MUNICIPIO_SIN_CN_TRAB,Si,No,30633,,Regla 2 coherente para validaciones implementadas.
GPA-001__R2-001__R1-003__0154,GPA-001__R2-001__R1-003,02_inputs_xml_flat/GPA-001__R2-001__R1-003__0154.xml,PASS,INFO,R1.D01=NO;R1.D03=SI;R2.D01=SI;R2.D02=SI;R2.D03=SI,MUNICIPIO30631,MUNICIPIO_SIN_CN_TRAB,Si,No,30631,,Regla 2 coherente para validaciones implementadas.
GPA-001__R2-001__R1-003__0155,GPA-001__R2-001__R1-003,02_inputs_xml_flat/GPA-001__R2-001__R1-003__0155.xml,PASS,INFO,R1.D01=NO;R1.D03=SI;R2.D01=SI;R2.D02=SI;R2.D03=SI,MUNICIPIO30632,MUNICIPIO_SIN_CN_TRAB,Si,No,30632,,Regla 2 coherente para validaciones implementadas.
GPA-001__R2-001__R1-003__0156,GPA-001__R2-001__R1-003,02_inputs_xml_flat/GPA-001__R2-001__R1-003__0156.xml,PASS,INFO,R1.D01=NO;R1.D03=SI;R2.D01=SI;R2.D02=SI;R2.D03=SI,MUNICIPIO30633,MUNICIPIO_SIN_CN_TRAB,Si,No,30633,,Regla 2 coherente para validaciones implementadas.
GPA-001__R2-001__R1-003__0157,GPA-001__R2-001__R1-003,02_inputs_xml_flat/GPA-001__R2-001__R1-003__0157.xml,PASS,INFO,R1.D01=NO;R1.D03=SI;R2.D01=SI;R2.D02=SI;R2.D03=SI,MUNICIPIO30631,MUNICIPIO_SIN_CN_TRAB,Si,No,30631,,Regla 2 coherente para validaciones implementadas.
GPA-001__R2-001__R1-003__0158,GPA-001__R2-001__R1-003,02_inputs_xml_flat/GPA-001__R2-001__R1-003__0158.xml,PASS,INFO,R1.D01=NO;R1.D03=SI;R2.D01=SI;R2.D02=SI;R2.D03=SI,MUNICIPIO30632,MUNICIPIO_SIN_CN_TRAB,Si,No,30632,,Regla 2 coherente para validaciones implementadas.
GPA-001__R2-001__R1-003__0159,GPA-001__R2-001__R1-003,02_inputs_xml_flat/GPA-001__R2-001__R1-003__0159.xml,PASS,INFO,R1.D01=NO;R1.D03=SI;R2.D01=SI;R2.D02=SI;R2.D03=SI,MUNICIPIO30633,MUNICIPIO_SIN_CN_TRAB,Si,No,30633,,Regla 2 coherente para validaciones implementadas.
GPA-001__R2-001__R1-003__0160,GPA-001__R2-001__R1-003,02_inputs_xml_flat/GPA-001__R2-001__R1-003__0160.xml,PASS,INFO,R1.D01=NO;R1.D03=SI;R2.D01=SI;R2.D02=SI;R2.D03=SI,MUNICIPIO30631,MUNICIPIO_SIN_CN_TRAB,Si,No,30631,,Regla 2 coherente para validaciones implementadas.
GPA-001__R2-001__R1-003__0161,GPA-001__R2-001__R1-003,02_inputs_xml_flat/GPA-001__R2-001__R1-003__0161.xml,PASS,INFO,R1.D01=NO;R1.D03=SI;R2.D01=SI;R2.D02=SI;R2.D03=SI,MUNICIPIO30632,MUNICIPIO_SIN_CN_TRAB,Si,No,30632,,Regla 2 coherente para validaciones implementadas.
GPA-001__R2-001__R1-003__0162,GPA-001__R2-001__R1-003,02_inputs_xml_flat/GPA-001__R2-001__R1-003__0162.xml,PASS,INFO,R1.D01=NO;R1.D03=SI;R2.D01=SI;R2.D02=SI;R2.D03=SI,MUNICIPIO30633,MUNICIPIO_SIN_CN_TRAB,Si,No,30633,,Regla 2 coherente para validaciones implementadas.
GPA-001__R2-001__R1-003__0163,GPA-001__R2-001__R1-003,02_inputs_xml_flat/GPA-001__R2-001__R1-003__0163.xml,PASS,INFO,R1.D01=NO;R1.D03=SI;R2.D01=SI;R2.D02=SI;R2.D03=SI,MUNICIPIO30631,MUNICIPIO_SIN_CN_TRAB,Si,No,30631,,Regla 2 coherente para validaciones implementadas.
GPA-001__R2-001__R1-003__0164,GPA-001__R2-001__R1-003,02_inputs_xml_flat/GPA-001__R2-001__R1-003__0164.xml,PASS,INFO,R1.D01=NO;R1.D03=SI;R2.D01=SI;R2.D02=SI;R2.D03=SI,MUNICIPIO30632,MUNICIPIO_SIN_CN_TRAB,Si,No,30632,,Regla 2 coherente para validaciones implementadas.
GPA-001__R2-001__R1-003__0165,GPA-001__R2-001__R1-003,02_inputs_xml_flat/GPA-001__R2-001__R1-003__0165.xml,PASS,INFO,R1.D01=NO;R1.D03=SI;R2.D01=SI;R2.D02=SI;R2.D03=SI,MUNICIPIO30633,MUNICIPIO_SIN_CN_TRAB,Si,No,30633,,Regla 2 coherente para validaciones implementadas.
GPA-001__R2-001__R1-003__0166,GPA-001__R2-001__R1-003,02_inputs_xml_flat/GPA-001__R2-001__R1-003__0166.xml,PASS,INFO,R1.D01=NO;R1.D03=SI;R2.D01=SI;R2.D02=SI;R2.D03=SI,MUNICIPIO30631,MUNICIPIO_SIN_CN_TRAB,Si,No,30631,,Regla 2 coherente para validaciones implementadas.
GPA-001__R2-001__R1-003__0167,GPA-001__R2-001__R1-003,02_inputs_xml_flat/GPA-001__R2-001__R1-003__0167.xml,PASS,INFO,R1.D01=NO;R1.D03=SI;R2.D01=SI;R2.D02=SI;R2.D03=SI,MUNICIPIO30632,MUNICIPIO_SIN_CN_TRAB,Si,No,30632,,Regla 2 coherente para validaciones implementadas.
GPA-001__R2-001__R1-003__0168,GPA-001__R2-001__R1-003,02_inputs_xml_flat/GPA-001__R2-001__R1-003__0168.xml,PASS,INFO,R1.D01=NO;R1.D03=SI;R2.D01=SI;R2.D02=SI;R2.D03=SI,MUNICIPIO30633,MUNICIPIO_SIN_CN_TRAB,Si,No,30633,,Regla 2 coherente para validaciones implementadas.
GPA-001__R2-001__R1-003__0169,GPA-001__R2-001__R1-003,02_inputs_xml_flat/GPA-001__R2-001__R1-003__0169.xml,PASS,INFO,R1.D01=NO;R1.D03=SI;R2.D01=SI;R2.D02=SI;R2.D03=SI,MUNICIPIO30631,MUNICIPIO_SIN_CN_TRAB,Si,No,30631,,Regla 2 coherente para validaciones implementadas.
GPA-001__R2-001__R1-003__0170,GPA-001__R2-001__R1-003,02_inputs_xml_flat/GPA-001__R2-001__R1-003__0170.xml,PASS,INFO,R1.D01=NO;R1.D03=SI;R2.D01=SI;R2.D02=SI;R2.D03=SI,MUNICIPIO30632,MUNICIPIO_SIN_CN_TRAB,Si,No,30632,,Regla 2 coherente para validaciones implementadas.
GPA-001__R2-001__R1-003__0171,GPA-001__R2-001__R1-003,02_inputs_xml_flat/GPA-001__R2-001__R1-003__0171.xml,PASS,INFO,R1.D01=NO;R1.D03=SI;R2.D01=SI;R2.D02=SI;R2.D03=SI,MUNICIPIO30633,MUNICIPIO_SIN_CN_TRAB,Si,No,30633,,Regla 2 coherente para validaciones implementadas.
GPA-001__R2-001__R1-003__0172,GPA-001__R2-001__R1-003,02_inputs_xml_flat/GPA-001__R2-001__R1-003__0172.xml,PASS,INFO,R1.D01=NO;R1.D03=SI;R2.D01=SI;R2.D02=SI;R2.D03=SI,MUNICIPIO30631,MUNICIPIO_SIN_CN_TRAB,Si,No,30631,,Regla 2 coherente para validaciones implementadas.
GPA-001__R2-001__R1-003__0173,GPA-001__R2-001__R1-003,02_inputs_xml_flat/GPA-001__R2-001__R1-003__0173.xml,PASS,INFO,R1.D01=NO;R1.D03=SI;R2.D01=SI;R2.D02=SI;R2.D03=SI,MUNICIPIO30632,MUNICIPIO_SIN_CN_TRAB,Si,No,30632,,Regla 2 coherente para validaciones implementadas.
GPA-001__R2-001__R1-003__0174,GPA-001__R2-001__R1-003,02_inputs_xml_flat/GPA-001__R2-001__R1-003__0174.xml,PASS,INFO,R1.D01=NO;R1.D03=SI;R2.D01=SI;R2.D02=SI;R2.D03=SI,MUNICIPIO30633,MUNICIPIO_SIN_CN_TRAB,Si,No,30633,,Regla 2 coherente para validaciones implementadas.
GPA-001__R2-001__R1-003__0175,GPA-001__R2-001__R1-003,02_inputs_xml_flat/GPA-001__R2-001__R1-003__0175.xml,PASS,INFO,R1.D01=NO;R1.D03=SI;R2.D01=SI;R2.D02=SI;R2.D03=SI,MUNICIPIO30631,MUNICIPIO_SIN_CN_TRAB,Si,No,30631,,Regla 2 coherente para validaciones implementadas.
GPA-001__R2-001__R1-003__0176,GPA-001__R2-001__R1-003,02_inputs_xml_flat/GPA-001__R2-001__R1-003__0176.xml,PASS,INFO,R1.D01=NO;R1.D03=SI;R2.D01=SI;R2.D02=SI;R2.D03=SI,MUNICIPIO30632,MUNICIPIO_SIN_CN_TRAB,Si,No,30632,,Regla 2 coherente para validaciones implementadas.
GPA-001__R2-001__R1-003__0177,GPA-001__R2-001__R1-003,02_inputs_xml_flat/GPA-001__R2-001__R1-003__0177.xml,PASS,INFO,R1.D01=NO;R1.D03=SI;R2.D01=SI;R2.D02=SI;R2.D03=SI,MUNICIPIO30633,MUNICIPIO_SIN_CN_TRAB,Si,No,30633,,Regla 2 coherente para validaciones implementadas.
GPA-001__R2-001__R1-003__0178,GPA-001__R2-001__R1-003,02_inputs_xml_flat/GPA-001__R2-001__R1-003__0178.xml,PASS,INFO,R1.D01=NO;R1.D03=SI;R2.D01=SI;R2.D02=SI;R2.D03=SI,MUNICIPIO30631,MUNICIPIO_SIN_CN_TRAB,Si,No,30631,,Regla 2 coherente para validaciones implementadas.
GPA-001__R2-001__R1-003__0179,GPA-001__R2-001__R1-003,02_inputs_xml_flat/GPA-001__R2-001__R1-003__0179.xml,PASS,INFO,R1.D01=NO;R1.D03=SI;R2.D01=SI;R2.D02=SI;R2.D03=SI,MUNICIPIO30632,MUNICIPIO_SIN_CN_TRAB,Si,No,30632,,Regla 2 coherente para validaciones implementadas.
GPA-001__R2-001__R1-003__0180,GPA-001__R2-001__R1-003,02_inputs_xml_flat/GPA-001__R2-001__R1-003__0180.xml,PASS,INFO,R1.D01=NO;R1.D03=SI;R2.D01=SI;R2.D02=SI;R2.D03=SI,MUNICIPIO30633,MUNICIPIO_SIN_CN_TRAB,Si,No,30633,,Regla 2 coherente para validaciones implementadas.
GPA-001__R2-001__R1-003__0181,GPA-001__R2-001__R1-003,02_inputs_xml_flat/GPA-001__R2-001__R1-003__0181.xml,PASS,INFO,R1.D01=NO;R1.D03=SI;R2.D01=SI;R2.D02=SI;R2.D03=SI,MUNICIPIO30631,MUNICIPIO_SIN_CN_TRAB,Si,No,30631,,Regla 2 coherente para validaciones implementadas.
GPA-001__R2-001__R1-003__0182,GPA-001__R2-001__R1-003,02_inputs_xml_flat/GPA-001__R2-001__R1-003__0182.xml,PASS,INFO,R1.D01=NO;R1.D03=SI;R2.D01=SI;R2.D02=SI;R2.D03=SI,MUNICIPIO30632,MUNICIPIO_SIN_CN_TRAB,Si,No,30632,,Regla 2 coherente para validaciones implementadas.
GPA-001__R2-001__R1-003__0183,GPA-001__R2-001__R1-003,02_inputs_xml_flat/GPA-001__R2-001__R1-003__0183.xml,PASS,INFO,R1.D01=NO;R1.D03=SI;R2.D01=SI;R2.D02=SI;R2.D03=SI,MUNICIPIO30633,MUNICIPIO_SIN_CN_TRAB,Si,No,30633,,Regla 2 coherente para validaciones implementadas.
GPA-001__R2-001__R1-003__0184,GPA-001__R2-001__R1-003,02_inputs_xml_flat/GPA-001__R2-001__R1-003__0184.xml,PASS,INFO,R1.D01=NO;R1.D03=SI;R2.D01=SI;R2.D02=SI;R2.D03=SI,MUNICIPIO30631,MUNICIPIO_SIN_CN_TRAB,Si,No,30631,,Regla 2 coherente para validaciones implementadas.
GPA-001__R2-001__R1-003__0185,GPA-001__R2-001__R1-003,02_inputs_xml_flat/GPA-001__R2-001__R1-003__0185.xml,PASS,INFO,R1.D01=NO;R1.D03=SI;R2.D01=SI;R2.D02=SI;R2.D03=SI,MUNICIPIO30632,MUNICIPIO_SIN_CN_TRAB,Si,No,30632,,Regla 2 coherente para validaciones implementadas.
GPA-001__R2-001__R1-003__0186,GPA-001__R2-001__R1-003,02_inputs_xml_flat/GPA-001__R2-001__R1-003__0186.xml,PASS,INFO,R1.D01=NO;R1.D03=SI;R2.D01=SI;R2.D02=SI;R2.D03=SI,MUNICIPIO30633,MUNICIPIO_SIN_CN_TRAB,Si,No,30633,,Regla 2 coherente para validaciones implementadas.
GPA-001__R2-001__R1-003__0187,GPA-001__R2-001__R1-003,02_inputs_xml_flat/GPA-001__R2-001__R1-003__0187.xml,PASS,INFO,R1.D01=NO;R1.D03=SI;R2.D01=SI;R2.D02=SI;R2.D03=SI,MUNICIPIO30631,MUNICIPIO_SIN_CN_TRAB,Si,No,30631,,Regla 2 coherente para validaciones implementadas.
GPA-001__R2-001__R1-003__0188,GPA-001__R2-001__R1-003,02_inputs_xml_flat/GPA-001__R2-001__R1-003__0188.xml,PASS,INFO,R1.D01=NO;R1.D03=SI;R2.D01=SI;R2.D02=SI;R2.D03=SI,MUNICIPIO30632,MUNICIPIO_SIN_CN_TRAB,Si,No,30632,,Regla 2 coherente para validaciones implementadas.
GPA-001__R2-001__R1-003__0189,GPA-001__R2-001__R1-003,02_inputs_xml_flat/GPA-001__R2-001__R1-003__0189.xml,PASS,INFO,R1.D01=NO;R1.D03=SI;R2.D01=SI;R2.D02=SI;R2.D03=SI,MUNICIPIO30633,MUNICIPIO_SIN_CN_TRAB,Si,No,30633,,Regla 2 coherente para validaciones implementadas.
GPA-001__R2-001__R1-003__0190,GPA-001__R2-001__R1-003,02_inputs_xml_flat/GPA-001__R2-001__R1-003__0190.xml,PASS,INFO,R1.D01=NO;R1.D03=SI;R2.D01=SI;R2.D02=SI;R2.D03=SI,MUNICIPIO30631,MUNICIPIO_SIN_CN_TRAB,Si,No,30631,,Regla 2 coherente para validaciones implementadas.
GPA-001__R2-001__R1-003__0191,GPA-001__R2-001__R1-003,02_inputs_xml_flat/GPA-001__R2-001__R1-003__0191.xml,PASS,INFO,R1.D01=NO;R1.D03=SI;R2.D01=SI;R2.D02=SI;R2.D03=SI,MUNICIPIO30632,MUNICIPIO_SIN_CN_TRAB,Si,No,30632,,Regla 2 coherente para validaciones implementadas.
GPA-001__R2-001__R1-003__0192,GPA-001__R2-001__R1-003,02_inputs_xml_flat/GPA-001__R2-001__R1-003__0192.xml,PASS,INFO,R1.D01=NO;R1.D03=SI;R2.D01=SI;R2.D02=SI;R2.D03=SI,MUNICIPIO30633,MUNICIPIO_SIN_CN_TRAB,Si,No,30633,,Regla 2 coherente para validaciones implementadas.
GPA-001__R2-001__R1-003__0193,GPA-001__R2-001__R1-003,02_inputs_xml_flat/GPA-001__R2-001__R1-003__0193.xml,PASS,INFO,R1.D01=NO;R1.D03=SI;R2.D01=SI;R2.D02=SI;R2.D03=SI,MUNICIPIO30631,MUNICIPIO_SIN_CN_TRAB,Si,No,30631,,Regla 2 coherente para validaciones implementadas.
GPA-001__R2-001__R1-003__0194,GPA-001__R2-001__R1-003,02_inputs_xml_flat/GPA-001__R2-001__R1-003__0194.xml,PASS,INFO,R1.D01=NO;R1.D03=SI;R2.D01=SI;R2.D02=SI;R2.D03=SI,MUNICIPIO30632,MUNICIPIO_SIN_CN_TRAB,Si,No,30632,,Regla 2 coherente para validaciones implementadas.
GPA-001__R2-001__R1-003__0195,GPA-001__R2-001__R1-003,02_inputs_xml_flat/GPA-001__R2-001__R1-003__0195.xml,PASS,INFO,R1.D01=NO;R1.D03=SI;R2.D01=SI;R2.D02=SI;R2.D03=SI,MUNICIPIO30633,MUNICIPIO_SIN_CN_TRAB,Si,No,30633,,Regla 2 coherente para validaciones implementadas.
GPA-001__R2-001__R1-003__0196,GPA-001__R2-001__R1-003,02_inputs_xml_flat/GPA-001__R2-001__R1-003__0196.xml,PASS,INFO,R1.D01=NO;R1.D03=SI;R2.D01=SI;R2.D02=SI;R2.D03=SI,MUNICIPIO30631,MUNICIPIO_SIN_CN_TRAB,Si,No,30631,,Regla 2 coherente para validaciones implementadas.
GPA-001__R2-001__R1-003__0197,GPA-001__R2-001__R1-003,02_inputs_xml_flat/GPA-001__R2-001__R1-003__0197.xml,PASS,INFO,R1.D01=NO;R1.D03=SI;R2.D01=SI;R2.D02=SI;R2.D03=SI,MUNICIPIO30632,MUNICIPIO_SIN_CN_TRAB,Si,No,30632,,Regla 2 coherente para validaciones implementadas.
GPA-001__R2-001__R1-003__0198,GPA-001__R2-001__R1-003,02_inputs_xml_flat/GPA-001__R2-001__R1-003__0198.xml,PASS,INFO,R1.D01=NO;R1.D03=SI;R2.D01=SI;R2.D02=SI;R2.D03=SI,MUNICIPIO30633,MUNICIPIO_SIN_CN_TRAB,Si,No,30633,,Regla 2 coherente para validaciones implementadas.
GPA-001__R2-001__R1-003__0199,GPA-001__R2-001__R1-003,02_inputs_xml_flat/GPA-001__R2-001__R1-003__0199.xml,PASS,INFO,R1.D01=NO;R1.D03=SI;R2.D01=SI;R2.D02=SI;R2.D03=SI,MUNICIPIO30631,MUNICIPIO_SIN_CN_TRAB,Si,No,30631,,Regla 2 coherente para validaciones implementadas.
GPA-001__R2-001__R1-003__0200,GPA-001__R2-001__R1-003,02_inputs_xml_flat/GPA-001__R2-001__R1-003__0200.xml,PASS,INFO,R1.D01=NO;R1.D03=SI;R2.D01=SI;R2.D02=SI;R2.D03=SI,MUNICIPIO30632,MUNICIPIO_SIN_CN_TRAB,Si,No,30632,,Regla 2 coherente para validaciones implementadas.
GPA-001__R2-001__R1-003__0201,GPA-001__R2-001__R1-003,02_inputs_xml_flat/GPA-001__R2-001__R1-003__0201.xml,PASS,INFO,R1.D01=NO;R1.D03=SI;R2.D01=SI;R2.D02=SI;R2.D03=SI,MUNICIPIO30633,MUNICIPIO_SIN_CN_TRAB,Si,No,30633,,Regla 2 coherente para validaciones implementadas.
GPA-001__R2-001__R1-003__0202,GPA-001__R2-001__R1-003,02_inputs_xml_flat/GPA-001__R2-001__R1-003__0202.xml,PASS,INFO,R1.D01=NO;R1.D03=SI;R2.D01=SI;R2.D02=SI;R2.D03=SI,MUNICIPIO30631,MUNICIPIO_SIN_CN_TRAB,Si,No,30631,,Regla 2 coherente para validaciones implementadas.
GPA-001__R2-001__R1-003__0203,GPA-001__R2-001__R1-003,02_inputs_xml_flat/GPA-001__R2-001__R1-003__0203.xml,PASS,INFO,R1.D01=NO;R1.D03=SI;R2.D01=SI;R2.D02=SI;R2.D03=SI,MUNICIPIO30632,MUNICIPIO_SIN_CN_TRAB,Si,No,30632,,Regla 2 coherente para validaciones implementadas.
GPA-001__R2-001__R1-003__0204,GPA-001__R2-001__R1-003,02_inputs_xml_flat/GPA-001__R2-001__R1-003__0204.xml,PASS,INFO,R1.D01=NO;R1.D03=SI;R2.D01=SI;R2.D02=SI;R2.D03=SI,MUNICIPIO30633,MUNICIPIO_SIN_CN_TRAB,Si,No,30633,,Regla 2 coherente para validaciones implementadas.
GPA-001__R2-001__R1-003__0205,GPA-001__R2-001__R1-003,02_inputs_xml_flat/GPA-001__R2-001__R1-003__0205.xml,PASS,INFO,R1.D01=NO;R1.D03=SI;R2.D01=SI;R2.D02=SI;R2.D03=SI,MUNICIPIO30631,MUNICIPIO_SIN_CN_TRAB,Si,No,30631,,Regla 2 coherente para validaciones implementadas.
GPA-001__R2-001__R1-003__0206,GPA-001__R2-001__R1-003,02_inputs_xml_flat/GPA-001__R2-001__R1-003__0206.xml,PASS,INFO,R1.D01=NO;R1.D03=SI;R2.D01=SI;R2.D02=SI;R2.D03=SI,MUNICIPIO30632,MUNICIPIO_SIN_CN_TRAB,Si,No,30632,,Regla 2 coherente para validaciones implementadas.
GPA-001__R2-001__R1-003__0207,GPA-001__R2-001__R1-003,02_inputs_xml_flat/GPA-001__R2-001__R1-003__0207.xml,PASS,INFO,R1.D01=NO;R1.D03=SI;R2.D01=SI;R2.D02=SI;R2.D03=SI,MUNICIPIO30633,MUNICIPIO_SIN_CN_TRAB,Si,No,30633,,Regla 2 coherente para validaciones implementadas.
GPA-001__R2-001__R1-003__0208,GPA-001__R2-001__R1-003,02_inputs_xml_flat/GPA-001__R2-001__R1-003__0208.xml,PASS,INFO,R1.D01=NO;R1.D03=SI;R2.D01=SI;R2.D02=SI;R2.D03=SI,MUNICIPIO30631,MUNICIPIO_SIN_CN_TRAB,Si,No,30631,,Regla 2 coherente para validaciones implementadas.
GPA-001__R2-001__R1-003__0209,GPA-001__R2-001__R1-003,02_inputs_xml_flat/GPA-001__R2-001__R1-003__0209.xml,PASS,INFO,R1.D01=NO;R1.D03=SI;R2.D01=SI;R2.D02=SI;R2.D03=SI,MUNICIPIO30632,MUNICIPIO_SIN_CN_TRAB,Si,No,30632,,Regla 2 coherente para validaciones implementadas.
GPA-001__R2-001__R1-003__0210,GPA-001__R2-001__R1-003,02_inputs_xml_flat/GPA-001__R2-001__R1-003__0210.xml,PASS,INFO,R1.D01=NO;R1.D03=SI;R2.D01=SI;R2.D02=SI;R2.D03=SI,MUNICIPIO30633,MUNICIPIO_SIN_CN_TRAB,Si,No,30633,,Regla 2 coherente para validaciones implementadas.
GPA-001__R2-001__R1-003__0211,GPA-001__R2-001__R1-003,02_inputs_xml_flat/GPA-001__R2-001__R1-003__0211.xml,PASS,INFO,R1.D01=NO;R1.D03=SI;R2.D01=SI;R2.D02=SI;R2.D03=SI,MUNICIPIO30631,MUNICIPIO_SIN_CN_TRAB,Si,No,30631,,Regla 2 coherente para validaciones implementadas.
GPA-001__R2-001__R1-003__0212,GPA-001__R2-001__R1-003,02_inputs_xml_flat/GPA-001__R2-001__R1-003__0212.xml,PASS,INFO,R1.D01=NO;R1.D03=SI;R2.D01=SI;R2.D02=SI;R2.D03=SI,MUNICIPIO30632,MUNICIPIO_SIN_CN_TRAB,Si,No,30632,,Regla 2 coherente para validaciones implementadas.
GPA-001__R2-001__R1-003__0213,GPA-001__R2-001__R1-003,02_inputs_xml_flat/GPA-001__R2-001__R1-003__0213.xml,PASS,INFO,R1.D01=NO;R1.D03=SI;R2.D01=SI;R2.D02=SI;R2.D03=SI,MUNICIPIO30633,MUNICIPIO_SIN_CN_TRAB,Si,No,30633,,Regla 2 coherente para validaciones implementadas.
GPA-001__R2-001__R1-003__0214,GPA-001__R2-001__R1-003,02_inputs_xml_flat/GPA-001__R2-001__R1-003__0214.xml,PASS,INFO,R1.D01=NO;R1.D03=SI;R2.D01=SI;R2.D02=SI;R2.D03=SI,MUNICIPIO30631,MUNICIPIO_SIN_CN_TRAB,Si,No,30631,,Regla 2 coherente para validaciones implementadas.
GPA-001__R2-001__R1-003__0215,GPA-001__R2-001__R1-003,02_inputs_xml_flat/GPA-001__R2-001__R1-003__0215.xml,PASS,INFO,R1.D01=NO;R1.D03=SI;R2.D01=SI;R2.D02=SI;R2.D03=SI,MUNICIPIO30632,MUNICIPIO_SIN_CN_TRAB,Si,No,30632,,Regla 2 coherente para validaciones implementadas.
GPA-001__R2-001__R1-003__0216,GPA-001__R2-001__R1-003,02_inputs_xml_flat/GPA-001__R2-001__R1-003__0216.xml,PASS,INFO,R1.D01=NO;R1.D03=SI;R2.D01=SI;R2.D02=SI;R2.D03=SI,MUNICIPIO30633,MUNICIPIO_SIN_CN_TRAB,Si,No,30633,,Regla 2 coherente para validaciones implementadas.
GPA-001__R2-001__R1-003__0217,GPA-001__R2-001__R1-003,02_inputs_xml_flat/GPA-001__R2-001__R1-003__0217.xml,PASS,INFO,R1.D01=NO;R1.D03=SI;R2.D01=SI;R2.D02=SI;R2.D03=SI,MUNICIPIO30631,MUNICIPIO_SIN_CN_TRAB,Si,No,30631,,Regla 2 coherente para validaciones implementadas.
GPA-001__R2-001__R1-003__0218,GPA-001__R2-001__R1-003,02_inputs_xml_flat/GPA-001__R2-001__R1-003__0218.xml,PASS,INFO,R1.D01=NO;R1.D03=SI;R2.D01=SI;R2.D02=SI;R2.D03=SI,MUNICIPIO30632,MUNICIPIO_SIN_CN_TRAB,Si,No,30632,,Regla 2 coherente para validaciones implementadas.
GPA-001__R2-001__R1-003__0219,GPA-001__R2-001__R1-003,02_inputs_xml_flat/GPA-001__R2-001__R1-003__0219.xml,PASS,INFO,R1.D01=NO;R1.D03=SI;R2.D01=SI;R2.D02=SI;R2.D03=SI,MUNICIPIO30633,MUNICIPIO_SIN_CN_TRAB,Si,No,30633,,Regla 2 coherente para validaciones implementadas.
GPA-001__R2-001__R1-003__0220,GPA-001__R2-001__R1-003,02_inputs_xml_flat/GPA-001__R2-001__R1-003__0220.xml,PASS,INFO,R1.D01=NO;R1.D03=SI;R2.D01=SI;R2.D02=SI;R2.D03=SI,MUNICIPIO30631,MUNICIPIO_SIN_CN_TRAB,Si,No,30631,,Regla 2 coherente para validaciones implementadas.
GPA-001__R2-001__R1-003__0221,GPA-001__R2-001__R1-003,02_inputs_xml_flat/GPA-001__R2-001__R1-003__0221.xml,PASS,INFO,R1.D01=NO;R1.D03=SI;R2.D01=SI;R2.D02=SI;R2.D03=SI,MUNICIPIO30632,MUNICIPIO_SIN_CN_TRAB,Si,No,30632,,Regla 2 coherente para validaciones implementadas.
GPA-001__R2-001__R1-003__0222,GPA-001__R2-001__R1-003,02_inputs_xml_flat/GPA-001__R2-001__R1-003__0222.xml,PASS,INFO,R1.D01=NO;R1.D03=SI;R2.D01=SI;R2.D02=SI;R2.D03=SI,MUNICIPIO30633,MUNICIPIO_SIN_CN_TRAB,Si,No,30633,,Regla 2 coherente para validaciones implementadas.
GPA-001__R2-001__R1-003__0223,GPA-001__R2-001__R1-003,02_inputs_xml_flat/GPA-001__R2-001__R1-003__0223.xml,PASS,INFO,R1.D01=NO;R1.D03=SI;R2.D01=SI;R2.D02=SI;R2.D03=SI,MUNICIPIO30631,MUNICIPIO_SIN_CN_TRAB,Si,No,30631,,Regla 2 coherente para validaciones implementadas.
GPA-001__R2-001__R1-003__0224,GPA-001__R2-001__R1-003,02_inputs_xml_flat/GPA-001__R2-001__R1-003__0224.xml,PASS,INFO,R1.D01=NO;R1.D03=SI;R2.D01=SI;R2.D02=SI;R2.D03=SI,MUNICIPIO30632,MUNICIPIO_SIN_CN_TRAB,Si,No,30632,,Regla 2 coherente para validaciones implementadas.
GPA-001__R2-001__R1-003__0225,GPA-001__R2-001__R1-003,02_inputs_xml_flat/GPA-001__R2-001__R1-003__0225.xml,PASS,INFO,R1.D01=NO;R1.D03=SI;R2.D01=SI;R2.D02=SI;R2.D03=SI,MUNICIPIO30633,MUNICIPIO_SIN_CN_TRAB,Si,No,30633,,Regla 2 coherente para validaciones implementadas.
GPA-001__R2-001__R1-003__0226,GPA-001__R2-001__R1-003,02_inputs_xml_flat/GPA-001__R2-001__R1-003__0226.xml,PASS,INFO,R1.D01=NO;R1.D03=SI;R2.D01=SI;R2.D02=SI;R2.D03=SI,MUNICIPIO30631,MUNICIPIO_SIN_CN_TRAB,Si,No,30631,,Regla 2 coherente para validaciones implementadas.
GPA-001__R2-001__R1-003__0227,GPA-001__R2-001__R1-003,02_inputs_xml_flat/GPA-001__R2-001__R1-003__0227.xml,PASS,INFO,R1.D01=NO;R1.D03=SI;R2.D01=SI;R2.D02=SI;R2.D03=SI,MUNICIPIO30632,MUNICIPIO_SIN_CN_TRAB,Si,No,30632,,Regla 2 coherente para validaciones implementadas.
GPA-001__R2-001__R1-003__0228,GPA-001__R2-001__R1-003,02_inputs_xml_flat/GPA-001__R2-001__R1-003__0228.xml,PASS,INFO,R1.D01=NO;R1.D03=SI;R2.D01=SI;R2.D02=SI;R2.D03=SI,MUNICIPIO30633,MUNICIPIO_SIN_CN_TRAB,Si,No,30633,,Regla 2 coherente para validaciones implementadas.
GPA-001__R2-001__R1-003__0229,GPA-001__R2-001__R1-003,02_inputs_xml_flat/GPA-001__R2-001__R1-003__0229.xml,PASS,INFO,R1.D01=NO;R1.D03=SI;R2.D01=SI;R2.D02=SI;R2.D03=SI,MUNICIPIO30631,MUNICIPIO_SIN_CN_TRAB,Si,No,30631,,Regla 2 coherente para validaciones implementadas.
GPA-001__R2-001__R1-003__0230,GPA-001__R2-001__R1-003,02_inputs_xml_flat/GPA-001__R2-001__R1-003__0230.xml,PASS,INFO,R1.D01=NO;R1.D03=SI;R2.D01=SI;R2.D02=SI;R2.D03=SI,MUNICIPIO30632,MUNICIPIO_SIN_CN_TRAB,Si,No,30632,,Regla 2 coherente para validaciones implementadas.
GPA-001__R2-001__R1-003__0231,GPA-001__R2-001__R1-003,02_inputs_xml_flat/GPA-001__R2-001__R1-003__0231.xml,PASS,INFO,R1.D01=NO;R1.D03=SI;R2.D01=SI;R2.D02=SI;R2.D03=SI,MUNICIPIO30633,MUNICIPIO_SIN_CN_TRAB,Si,No,30633,,Regla 2 coherente para validaciones implementadas.
GPA-001__R2-001__R1-003__0232,GPA-001__R2-001__R1-003,02_inputs_xml_flat/GPA-001__R2-001__R1-003__0232.xml,PASS,INFO,R1.D01=NO;R1.D03=SI;R2.D01=SI;R2.D02=SI;R2.D03=SI,MUNICIPIO30631,MUNICIPIO_SIN_CN_TRAB,Si,No,30631,,Regla 2 coherente para validaciones implementadas.
GPA-001__R2-001__R1-003__0233,GPA-001__R2-001__R1-003,02_inputs_xml_flat/GPA-001__R2-001__R1-003__0233.xml,PASS,INFO,R1.D01=NO;R1.D03=SI;R2.D01=SI;R2.D02=SI;R2.D03=SI,MUNICIPIO30632,MUNICIPIO_SIN_CN_TRAB,Si,No,30632,,Regla 2 coherente para validaciones implementadas.
GPA-001__R2-001__R1-003__0234,GPA-001__R2-001__R1-003,02_inputs_xml_flat/GPA-001__R2-001__R1-003__0234.xml,PASS,INFO,R1.D01=NO;R1.D03=SI;R2.D01=SI;R2.D02=SI;R2.D03=SI,MUNICIPIO30633,MUNICIPIO_SIN_CN_TRAB,Si,No,30633,,Regla 2 coherente para validaciones implementadas.
GPA-001__R2-001__R1-003__0235,GPA-001__R2-001__R1-003,02_inputs_xml_flat/GPA-001__R2-001__R1-003__0235.xml,PASS,INFO,R1.D01=NO;R1.D03=SI;R2.D01=SI;R2.D02=SI;R2.D03=SI,MUNICIPIO30631,MUNICIPIO_SIN_CN_TRAB,Si,No,30631,,Regla 2 coherente para validaciones implementadas.
GPA-001__R2-001__R1-003__0236,GPA-001__R2-001__R1-003,02_inputs_xml_flat/GPA-001__R2-001__R1-003__0236.xml,PASS,INFO,R1.D01=NO;R1.D03=SI;R2.D01=SI;R2.D02=SI;R2.D03=SI,MUNICIPIO30632,MUNICIPIO_SIN_CN_TRAB,Si,No,30632,,Regla 2 coherente para validaciones implementadas.
GPA-001__R2-001__R1-003__0237,GPA-001__R2-001__R1-003,02_inputs_xml_flat/GPA-001__R2-001__R1-003__0237.xml,PASS,INFO,R1.D01=NO;R1.D03=SI;R2.D01=SI;R2.D02=SI;R2.D03=SI,MUNICIPIO30633,MUNICIPIO_SIN_CN_TRAB,Si,No,30633,,Regla 2 coherente para validaciones implementadas.
GPA-001__R2-001__R1-003__0238,GPA-001__R2-001__R1-003,02_inputs_xml_flat/GPA-001__R2-001__R1-003__0238.xml,PASS,INFO,R1.D01=NO;R1.D03=SI;R2.D01=SI;R2.D02=SI;R2.D03=SI,MUNICIPIO30631,MUNICIPIO_SIN_CN_TRAB,Si,No,30631,,Regla 2 coherente para validaciones implementadas.
GPA-001__R2-001__R1-003__0239,GPA-001__R2-001__R1-003,02_inputs_xml_flat/GPA-001__R2-001__R1-003__0239.xml,PASS,INFO,R1.D01=NO;R1.D03=SI;R2.D01=SI;R2.D02=SI;R2.D03=SI,MUNICIPIO30632,MUNICIPIO_SIN_CN_TRAB,Si,No,30632,,Regla 2 coherente para validaciones implementadas.
GPA-001__R2-001__R1-003__0240,GPA-001__R2-001__R1-003,02_inputs_xml_flat/GPA-001__R2-001__R1-003__0240.xml,PASS,INFO,R1.D01=NO;R1.D03=SI;R2.D01=SI;R2.D02=SI;R2.D03=SI,MUNICIPIO30633,MUNICIPIO_SIN_CN_TRAB,Si,No,30633,,Regla 2 coherente para validaciones implementadas.
GPA-001__R2-001__R1-003__0241,GPA-001__R2-001__R1-003,02_inputs_xml_flat/GPA-001__R2-001__R1-003__0241.xml,PASS,INFO,R1.D01=NO;R1.D03=SI;R2.D01=SI;R2.D02=SI;R2.D03=SI,MUNICIPIO30631,MUNICIPIO_SIN_CN_TRAB,Si,No,30631,,Regla 2 coherente para validaciones implementadas.
GPA-001__R2-001__R1-003__0242,GPA-001__R2-001__R1-003,02_inputs_xml_flat/GPA-001__R2-001__R1-003__0242.xml,PASS,INFO,R1.D01=NO;R1.D03=SI;R2.D01=SI;R2.D02=SI;R2.D03=SI,MUNICIPIO30632,MUNICIPIO_SIN_CN_TRAB,Si,No,30632,,Regla 2 coherente para validaciones implementadas.
GPA-001__R2-001__R1-003__0243,GPA-001__R2-001__R1-003,02_inputs_xml_flat/GPA-001__R2-001__R1-003__0243.xml,PASS,INFO,R1.D01=NO;R1.D03=SI;R2.D01=SI;R2.D02=SI;R2.D03=SI,MUNICIPIO30633,MUNICIPIO_SIN_CN_TRAB,Si,No,30633,,Regla 2 coherente para validaciones implementadas.
GPA-001__R2-001__R1-003__0244,GPA-001__R2-001__R1-003,02_inputs_xml_flat/GPA-001__R2-001__R1-003__0244.xml,PASS,INFO,R1.D01=NO;R1.D03=SI;R2.D01=SI;R2.D02=SI;R2.D03=SI,MUNICIPIO30631,MUNICIPIO_SIN_CN_TRAB,Si,No,30631,,Regla 2 coherente para validaciones implementadas.
GPA-001__R2-001__R1-003__0245,GPA-001__R2-001__R1-003,02_inputs_xml_flat/GPA-001__R2-001__R1-003__0245.xml,PASS,INFO,R1.D01=NO;R1.D03=SI;R2.D01=SI;R2.D02=SI;R2.D03=SI,MUNICIPIO30632,MUNICIPIO_SIN_CN_TRAB,Si,No,30632,,Regla 2 coherente para validaciones implementadas.
GPA-001__R2-001__R1-003__0246,GPA-001__R2-001__R1-003,02_inputs_xml_flat/GPA-001__R2-001__R1-003__0246.xml,PASS,INFO,R1.D01=NO;R1.D03=SI;R2.D01=SI;R2.D02=SI;R2.D03=SI,MUNICIPIO30633,MUNICIPIO_SIN_CN_TRAB,Si,No,30633,,Regla 2 coherente para validaciones implementadas.
GPA-001__R2-001__R1-003__0247,GPA-001__R2-001__R1-003,02_inputs_xml_flat/GPA-001__R2-001__R1-003__0247.xml,PASS,INFO,R1.D01=NO;R1.D03=SI;R2.D01=SI;R2.D02=SI;R2.D03=SI,MUNICIPIO30631,MUNICIPIO_SIN_CN_TRAB,Si,No,30631,,Regla 2 coherente para validaciones implementadas.
GPA-001__R2-001__R1-003__0248,GPA-001__R2-001__R1-003,02_inputs_xml_flat/GPA-001__R2-001__R1-003__0248.xml,PASS,INFO,R1.D01=NO;R1.D03=SI;R2.D01=SI;R2.D02=SI;R2.D03=SI,MUNICIPIO30632,MUNICIPIO_SIN_CN_TRAB,Si,No,30632,,Regla 2 coherente para validaciones implementadas.
GPA-001__R2-001__R1-003__0249,GPA-001__R2-001__R1-003,02_inputs_xml_flat/GPA-001__R2-001__R1-003__0249.xml,PASS,INFO,R1.D01=NO;R1.D03=SI;R2.D01=SI;R2.D02=SI;R2.D03=SI,MUNICIPIO30633,MUNICIPIO_SIN_CN_TRAB,Si,No,30633,,Regla 2 coherente para validaciones implementadas.
GPA-001__R2-001__R1-003__0250,GPA-001__R2-001__R1-003,02_inputs_xml_flat/GPA-001__R2-001__R1-003__0250.xml,PASS,INFO,R1.D01=NO;R1.D03=SI;R2.D01=SI;R2.D02=SI;R2.D03=SI,MUNICIPIO30631,MUNICIPIO_SIN_CN_TRAB,Si,No,30631,,Regla 2 coherente para validaciones implementadas.
GPA-001__R2-001__R1-003__0251,GPA-001__R2-001__R1-003,02_inputs_xml_flat/GPA-001__R2-001__R1-003__0251.xml,PASS,INFO,R1.D01=NO;R1.D03=SI;R2.D01=SI;R2.D02=SI;R2.D03=SI,MUNICIPIO30632,MUNICIPIO_SIN_CN_TRAB,Si,No,30632,,Regla 2 coherente para validaciones implementadas.
GPA-001__R2-001__R1-003__0252,GPA-001__R2-001__R1-003,02_inputs_xml_flat/GPA-001__R2-001__R1-003__0252.xml,PASS,INFO,R1.D01=NO;R1.D03=SI;R2.D01=SI;R2.D02=SI;R2.D03=SI,MUNICIPIO30633,MUNICIPIO_SIN_CN_TRAB,Si,No,30633,,Regla 2 coherente para validaciones implementadas.
GPA-001__R2-001__R1-003__0253,GPA-001__R2-001__R1-003,02_inputs_xml_flat/GPA-001__R2-001__R1-003__0253.xml,PASS,INFO,R1.D01=NO;R1.D03=SI;R2.D01=SI;R2.D02=SI;R2.D03=SI,MUNICIPIO30631,MUNICIPIO_SIN_CN_TRAB,Si,No,30631,,Regla 2 coherente para validaciones implementadas.
GPA-001__R2-001__R1-003__0254,GPA-001__R2-001__R1-003,02_inputs_xml_flat/GPA-001__R2-001__R1-003__0254.xml,PASS,INFO,R1.D01=NO;R1.D03=SI;R2.D01=SI;R2.D02=SI;R2.D03=SI,MUNICIPIO30632,MUNICIPIO_SIN_CN_TRAB,Si,No,30632,,Regla 2 coherente para validaciones implementadas.
GPA-001__R2-001__R1-003__0255,GPA-001__R2-001__R1-003,02_inputs_xml_flat/GPA-001__R2-001__R1-003__0255.xml,PASS,INFO,R1.D01=NO;R1.D03=SI;R2.D01=SI;R2.D02=SI;R2.D03=SI,MUNICIPIO30633,MUNICIPIO_SIN_CN_TRAB,Si,No,30633,,Regla 2 coherente para validaciones implementadas.
GPA-001__R2-001__R1-003__0256,GPA-001__R2-001__R1-003,02_inputs_xml_flat/GPA-001__R2-001__R1-003__0256.xml,PASS,INFO,R1.D01=NO;R1.D03=SI;R2.D01=SI;R2.D02=SI;R2.D03=SI,MUNICIPIO30631,MUNICIPIO_SIN_CN_TRAB,Si,No,30631,,Regla 2 coherente para validaciones implementadas.
GPA-001__R2-001__R1-003__0257,GPA-001__R2-001__R1-003,02_inputs_xml_flat/GPA-001__R2-001__R1-003__0257.xml,PASS,INFO,R1.D01=NO;R1.D03=SI;R2.D01=SI;R2.D02=SI;R2.D03=SI,MUNICIPIO30632,MUNICIPIO_SIN_CN_TRAB,Si,No,30632,,Regla 2 coherente para validaciones implementadas.
GPA-001__R2-001__R1-003__0258,GPA-001__R2-001__R1-003,02_inputs_xml_flat/GPA-001__R2-001__R1-003__0258.xml,PASS,INFO,R1.D01=NO;R1.D03=SI;R2.D01=SI;R2.D02=SI;R2.D03=SI,MUNICIPIO30633,MUNICIPIO_SIN_CN_TRAB,Si,No,30633,,Regla 2 coherente para validaciones implementadas.
GPA-001__R2-001__R1-003__0259,GPA-001__R2-001__R1-003,02_inputs_xml_flat/GPA-001__R2-001__R1-003__0259.xml,PASS,INFO,R1.D01=NO;R1.D03=SI;R2.D01=SI;R2.D02=SI;R2.D03=SI,MUNICIPIO30631,MUNICIPIO_SIN_CN_TRAB,Si,No,30631,,Regla 2 coherente para validaciones implementadas.
GPA-001__R2-001__R1-003__0260,GPA-001__R2-001__R1-003,02_inputs_xml_flat/GPA-001__R2-001__R1-003__0260.xml,PASS,INFO,R1.D01=NO;R1.D03=SI;R2.D01=SI;R2.D02=SI;R2.D03=SI,MUNICIPIO30632,MUNICIPIO_SIN_CN_TRAB,Si,No,30632,,Regla 2 coherente para validaciones implementadas.
GPA-001__R2-001__R1-003__0261,GPA-001__R2-001__R1-003,02_inputs_xml_flat/GPA-001__R2-001__R1-003__0261.xml,PASS,INFO,R1.D01=NO;R1.D03=SI;R2.D01=SI;R2.D02=SI;R2.D03=SI,MUNICIPIO30633,MUNICIPIO_SIN_CN_TRAB,Si,No,30633,,Regla 2 coherente para validaciones implementadas.
GPA-001__R2-001__R1-003__0262,GPA-001__R2-001__R1-003,02_inputs_xml_flat/GPA-001__R2-001__R1-003__0262.xml,PASS,INFO,R1.D01=NO;R1.D03=SI;R2.D01=SI;R2.D02=SI;R2.D03=SI,MUNICIPIO30631,MUNICIPIO_SIN_CN_TRAB,Si,No,30631,,Regla 2 coherente para validaciones implementadas.
GPA-001__R2-001__R1-003__0263,GPA-001__R2-001__R1-003,02_inputs_xml_flat/GPA-001__R2-001__R1-003__0263.xml,PASS,INFO,R1.D01=NO;R1.D03=SI;R2.D01=SI;R2.D02=SI;R2.D03=SI,MUNICIPIO30632,MUNICIPIO_SIN_CN_TRAB,Si,No,30632,,Regla 2 coherente para validaciones implementadas.
GPA-001__R2-001__R1-003__0264,GPA-001__R2-001__R1-003,02_inputs_xml_flat/GPA-001__R2-001__R1-003__0264.xml,PASS,INFO,R1.D01=NO;R1.D03=SI;R2.D01=SI;R2.D02=SI;R2.D03=SI,MUNICIPIO30633,MUNICIPIO_SIN_CN_TRAB,Si,No,30633,,Regla 2 coherente para validaciones implementadas.
GPA-001__R2-001__R1-003__0265,GPA-001__R2-001__R1-003,02_inputs_xml_flat/GPA-001__R2-001__R1-003__0265.xml,PASS,INFO,R1.D01=NO;R1.D03=SI;R2.D01=SI;R2.D02=SI;R2.D03=SI,MUNICIPIO30631,MUNICIPIO_SIN_CN_TRAB,Si,No,30631,,Regla 2 coherente para validaciones implementadas.
GPA-001__R2-001__R1-003__0266,GPA-001__R2-001__R1-003,02_inputs_xml_flat/GPA-001__R2-001__R1-003__0266.xml,PASS,INFO,R1.D01=NO;R1.D03=SI;R2.D01=SI;R2.D02=SI;R2.D03=SI,MUNICIPIO30632,MUNICIPIO_SIN_CN_TRAB,Si,No,30632,,Regla 2 coherente para validaciones implementadas.
GPA-001__R2-001__R1-003__0267,GPA-001__R2-001__R1-003,02_inputs_xml_flat/GPA-001__R2-001__R1-003__0267.xml,PASS,INFO,R1.D01=NO;R1.D03=SI;R2.D01=SI;R2.D02=SI;R2.D03=SI,MUNICIPIO30633,MUNICIPIO_SIN_CN_TRAB,Si,No,30633,,Regla 2 coherente para validaciones implementadas.
GPA-001__R2-001__R1-003__0268,GPA-001__R2-001__R1-003,02_inputs_xml_flat/GPA-001__R2-001__R1-003__0268.xml,PASS,INFO,R1.D01=NO;R1.D03=SI;R2.D01=SI;R2.D02=SI;R2.D03=SI,MUNICIPIO30631,MUNICIPIO_SIN_CN_TRAB,Si,No,30631,,Regla 2 coherente para validaciones implementadas.
GPA-001__R2-001__R1-003__0269,GPA-001__R2-001__R1-003,02_inputs_xml_flat/GPA-001__R2-001__R1-003__0269.xml,PASS,INFO,R1.D01=NO;R1.D03=SI;R2.D01=SI;R2.D02=SI;R2.D03=SI,MUNICIPIO30632,MUNICIPIO_SIN_CN_TRAB,Si,No,30632,,Regla 2 coherente para validaciones implementadas.
GPA-001__R2-001__R1-003__0270,GPA-001__R2-001__R1-003,02_inputs_xml_flat/GPA-001__R2-001__R1-003__0270.xml,PASS,INFO,R1.D01=NO;R1.D03=SI;R2.D01=SI;R2.D02=SI;R2.D03=SI,MUNICIPIO30633,MUNICIPIO_SIN_CN_TRAB,Si,No,30633,,Regla 2 coherente para validaciones implementadas.
GPA-001__R2-001__R1-003__0271,GPA-001__R2-001__R1-003,02_inputs_xml_flat/GPA-001__R2-001__R1-003__0271.xml,PASS,INFO,R1.D01=NO;R1.D03=SI;R2.D01=SI;R2.D02=SI;R2.D03=SI,MUNICIPIO30631,MUNICIPIO_SIN_CN_TRAB,Si,No,30631,,Regla 2 coherente para validaciones implementadas.
GPA-001__R2-001__R1-003__0272,GPA-001__R2-001__R1-003,02_inputs_xml_flat/GPA-001__R2-001__R1-003__0272.xml,PASS,INFO,R1.D01=NO;R1.D03=SI;R2.D01=SI;R2.D02=SI;R2.D03=SI,MUNICIPIO30632,MUNICIPIO_SIN_CN_TRAB,Si,No,30632,,Regla 2 coherente para validaciones implementadas.
GPA-001__R2-001__R1-003__0273,GPA-001__R2-001__R1-003,02_inputs_xml_flat/GPA-001__R2-001__R1-003__0273.xml,PASS,INFO,R1.D01=NO;R1.D03=SI;R2.D01=SI;R2.D02=SI;R2.D03=SI,MUNICIPIO30633,MUNICIPIO_SIN_CN_TRAB,Si,No,30633,,Regla 2 coherente para validaciones implementadas.
GPA-001__R2-001__R1-003__0274,GPA-001__R2-001__R1-003,02_inputs_xml_flat/GPA-001__R2-001__R1-003__0274.xml,PASS,INFO,R1.D01=NO;R1.D03=SI;R2.D01=SI;R2.D02=SI;R2.D03=SI,MUNICIPIO30631,MUNICIPIO_SIN_CN_TRAB,Si,No,30631,,Regla 2 coherente para validaciones implementadas.
GPA-001__R2-001__R1-003__0275,GPA-001__R2-001__R1-003,02_inputs_xml_flat/GPA-001__R2-001__R1-003__0275.xml,PASS,INFO,R1.D01=NO;R1.D03=SI;R2.D01=SI;R2.D02=SI;R2.D03=SI,MUNICIPIO30632,MUNICIPIO_SIN_CN_TRAB,Si,No,30632,,Regla 2 coherente para validaciones implementadas.
GPA-001__R2-001__R1-003__0276,GPA-001__R2-001__R1-003,02_inputs_xml_flat/GPA-001__R2-001__R1-003__0276.xml,PASS,INFO,R1.D01=NO;R1.D03=SI;R2.D01=SI;R2.D02=SI;R2.D03=SI,MUNICIPIO30633,MUNICIPIO_SIN_CN_TRAB,Si,No,30633,,Regla 2 coherente para validaciones implementadas.
GPA-001__R2-001__R1-003__0277,GPA-001__R2-001__R1-003,02_inputs_xml_flat/GPA-001__R2-001__R1-003__0277.xml,PASS,INFO,R1.D01=NO;R1.D03=SI;R2.D01=SI;R2.D02=SI;R2.D03=SI,MUNICIPIO30631,MUNICIPIO_SIN_CN_TRAB,Si,No,30631,,Regla 2 coherente para validaciones implementadas.
GPA-001__R2-001__R1-003__0278,GPA-001__R2-001__R1-003,02_inputs_xml_flat/GPA-001__R2-001__R1-003__0278.xml,PASS,INFO,R1.D01=NO;R1.D03=SI;R2.D01=SI;R2.D02=SI;R2.D03=SI,MUNICIPIO30632,MUNICIPIO_SIN_CN_TRAB,Si,No,30632,,Regla 2 coherente para validaciones implementadas.
GPA-001__R2-001__R1-003__0279,GPA-001__R2-001__R1-003,02_inputs_xml_flat/GPA-001__R2-001__R1-003__0279.xml,PASS,INFO,R1.D01=NO;R1.D03=SI;R2.D01=SI;R2.D02=SI;R2.D03=SI,MUNICIPIO30633,MUNICIPIO_SIN_CN_TRAB,Si,No,30633,,Regla 2 coherente para validaciones implementadas.
GPA-001__R2-001__R1-003__0280,GPA-001__R2-001__R1-003,02_inputs_xml_flat/GPA-001__R2-001__R1-003__0280.xml,PASS,INFO,R1.D01=NO;R1.D03=SI;R2.D01=SI;R2.D02=SI;R2.D03=SI,MUNICIPIO30631,MUNICIPIO_SIN_CN_TRAB,Si,No,30631,,Regla 2 coherente para validaciones implementadas.
GPA-001__R2-001__R1-003__0281,GPA-001__R2-001__R1-003,02_inputs_xml_flat/GPA-001__R2-001__R1-003__0281.xml,PASS,INFO,R1.D01=NO;R1.D03=SI;R2.D01=SI;R2.D02=SI;R2.D03=SI,MUNICIPIO30632,MUNICIPIO_SIN_CN_TRAB,Si,No,30632,,Regla 2 coherente para validaciones implementadas.
GPA-001__R2-001__R1-003__0282,GPA-001__R2-001__R1-003,02_inputs_xml_flat/GPA-001__R2-001__R1-003__0282.xml,PASS,INFO,R1.D01=NO;R1.D03=SI;R2.D01=SI;R2.D02=SI;R2.D03=SI,MUNICIPIO30633,MUNICIPIO_SIN_CN_TRAB,Si,No,30633,,Regla 2 coherente para validaciones implementadas.
GPA-001__R2-001__R1-003__0283,GPA-001__R2-001__R1-003,02_inputs_xml_flat/GPA-001__R2-001__R1-003__0283.xml,PASS,INFO,R1.D01=NO;R1.D03=SI;R2.D01=SI;R2.D02=SI;R2.D03=SI,MUNICIPIO30631,MUNICIPIO_SIN_CN_TRAB,Si,No,30631,,Regla 2 coherente para validaciones implementadas.
GPA-001__R2-001__R1-003__0284,GPA-001__R2-001__R1-003,02_inputs_xml_flat/GPA-001__R2-001__R1-003__0284.xml,PASS,INFO,R1.D01=NO;R1.D03=SI;R2.D01=SI;R2.D02=SI;R2.D03=SI,MUNICIPIO30632,MUNICIPIO_SIN_CN_TRAB,Si,No,30632,,Regla 2 coherente para validaciones implementadas.
GPA-001__R2-001__R1-003__0285,GPA-001__R2-001__R1-003,02_inputs_xml_flat/GPA-001__R2-001__R1-003__0285.xml,PASS,INFO,R1.D01=NO;R1.D03=SI;R2.D01=SI;R2.D02=SI;R2.D03=SI,MUNICIPIO30633,MUNICIPIO_SIN_CN_TRAB,Si,No,30633,,Regla 2 coherente para validaciones implementadas.
GPA-001__R2-001__R1-003__0286,GPA-001__R2-001__R1-003,02_inputs_xml_flat/GPA-001__R2-001__R1-003__0286.xml,PASS,INFO,R1.D01=NO;R1.D03=SI;R2.D01=SI;R2.D02=SI;R2.D03=SI,MUNICIPIO30631,MUNICIPIO_SIN_CN_TRAB,Si,No,30631,,Regla 2 coherente para validaciones implementadas.
GPA-001__R2-001__R1-003__0287,GPA-001__R2-001__R1-003,02_inputs_xml_flat/GPA-001__R2-001__R1-003__0287.xml,PASS,INFO,R1.D01=NO;R1.D03=SI;R2.D01=SI;R2.D02=SI;R2.D03=SI,MUNICIPIO30632,MUNICIPIO_SIN_CN_TRAB,Si,No,30632,,Regla 2 coherente para validaciones implementadas.
GPA-001__R2-001__R1-003__0288,GPA-001__R2-001__R1-003,02_inputs_xml_flat/GPA-001__R2-001__R1-003__0288.xml,PASS,INFO,R1.D01=NO;R1.D03=SI;R2.D01=SI;R2.D02=SI;R2.D03=SI,MUNICIPIO30633,MUNICIPIO_SIN_CN_TRAB,Si,No,30633,,Regla 2 coherente para validaciones implementadas.
GPA-001__R2-001__R1-003__0289,GPA-001__R2-001__R1-003,02_inputs_xml_flat/GPA-001__R2-001__R1-003__0289.xml,PASS,INFO,R1.D01=NO;R1.D03=SI;R2.D01=SI;R2.D02=SI;R2.D03=SI,MUNICIPIO30631,MUNICIPIO_SIN_CN_TRAB,Si,No,30631,,Regla 2 coherente para validaciones implementadas.
GPA-001__R2-001__R1-003__0290,GPA-001__R2-001__R1-003,02_inputs_xml_flat/GPA-001__R2-001__R1-003__0290.xml,PASS,INFO,R1.D01=NO;R1.D03=SI;R2.D01=SI;R2.D02=SI;R2.D03=SI,MUNICIPIO30632,MUNICIPIO_SIN_CN_TRAB,Si,No,30632,,Regla 2 coherente para validaciones implementadas.
GPA-001__R2-001__R1-003__0291,GPA-001__R2-001__R1-003,02_inputs_xml_flat/GPA-001__R2-001__R1-003__0291.xml,PASS,INFO,R1.D01=NO;R1.D03=SI;R2.D01=SI;R2.D02=SI;R2.D03=SI,MUNICIPIO30633,MUNICIPIO_SIN_CN_TRAB,Si,No,30633,,Regla 2 coherente para validaciones implementadas.
GPA-001__R2-001__R1-003__0292,GPA-001__R2-001__R1-003,02_inputs_xml_flat/GPA-001__R2-001__R1-003__0292.xml,PASS,INFO,R1.D01=NO;R1.D03=SI;R2.D01=SI;R2.D02=SI;R2.D03=SI,MUNICIPIO30631,MUNICIPIO_SIN_CN_TRAB,Si,No,30631,,Regla 2 coherente para validaciones implementadas.
GPA-001__R2-001__R1-003__0293,GPA-001__R2-001__R1-003,02_inputs_xml_flat/GPA-001__R2-001__R1-003__0293.xml,PASS,INFO,R1.D01=NO;R1.D03=SI;R2.D01=SI;R2.D02=SI;R2.D03=SI,MUNICIPIO30632,MUNICIPIO_SIN_CN_TRAB,Si,No,30632,,Regla 2 coherente para validaciones implementadas.
GPA-001__R2-001__R1-003__0294,GPA-001__R2-001__R1-003,02_inputs_xml_flat/GPA-001__R2-001__R1-003__0294.xml,PASS,INFO,R1.D01=NO;R1.D03=SI;R2.D01=SI;R2.D02=SI;R2.D03=SI,MUNICIPIO30633,MUNICIPIO_SIN_CN_TRAB,Si,No,30633,,Regla 2 coherente para validaciones implementadas.
GPA-001__R2-001__R1-003__0295,GPA-001__R2-001__R1-003,02_inputs_xml_flat/GPA-001__R2-001__R1-003__0295.xml,PASS,INFO,R1.D01=NO;R1.D03=SI;R2.D01=SI;R2.D02=SI;R2.D03=SI,MUNICIPIO30631,MUNICIPIO_SIN_CN_TRAB,Si,No,30631,,Regla 2 coherente para validaciones implementadas.
GPA-001__R2-001__R1-003__0296,GPA-001__R2-001__R1-003,02_inputs_xml_flat/GPA-001__R2-001__R1-003__0296.xml,PASS,INFO,R1.D01=NO;R1.D03=SI;R2.D01=SI;R2.D02=SI;R2.D03=SI,MUNICIPIO30632,MUNICIPIO_SIN_CN_TRAB,Si,No,30632,,Regla 2 coherente para validaciones implementadas.
GPA-001__R2-001__R1-003__0297,GPA-001__R2-001__R1-003,02_inputs_xml_flat/GPA-001__R2-001__R1-003__0297.xml,PASS,INFO,R1.D01=NO;R1.D03=SI;R2.D01=SI;R2.D02=SI;R2.D03=SI,MUNICIPIO30633,MUNICIPIO_SIN_CN_TRAB,Si,No,30633,,Regla 2 coherente para validaciones implementadas.
GPA-001__R2-001__R1-003__0298,GPA-001__R2-001__R1-003,02_inputs_xml_flat/GPA-001__R2-001__R1-003__0298.xml,PASS,INFO,R1.D01=NO;R1.D03=SI;R2.D01=SI;R2.D02=SI;R2.D03=SI,MUNICIPIO30631,MUNICIPIO_SIN_CN_TRAB,Si,No,30631,,Regla 2 coherente para validaciones implementadas.
GPA-001__R2-001__R1-003__0299,GPA-001__R2-001__R1-003,02_inputs_xml_flat/GPA-001__R2-001__R1-003__0299.xml,PASS,INFO,R1.D01=NO;R1.D03=SI;R2.D01=SI;R2.D02=SI;R2.D03=SI,MUNICIPIO30632,MUNICIPIO_SIN_CN_TRAB,Si,No,30632,,Regla 2 coherente para validaciones implementadas.
GPA-001__R2-001__R1-003__0300,GPA-001__R2-001__R1-003,02_inputs_xml_flat/GPA-001__R2-001__R1-003__0300.xml,PASS,INFO,R1.D01=NO;R1.D03=SI;R2.D01=SI;R2.D02=SI;R2.D03=SI,MUNICIPIO30633,MUNICIPIO_SIN_CN_TRAB,Si,No,30633,,Regla 2 coherente para validaciones implementadas.
GPA-001__R2-001__R1-003__0301,GPA-001__R2-001__R1-003,02_inputs_xml_flat/GPA-001__R2-001__R1-003__0301.xml,PASS,INFO,R1.D01=NO;R1.D03=SI;R2.D01=SI;R2.D02=SI;R2.D03=SI,MUNICIPIO30631,MUNICIPIO_SIN_CN_TRAB,Si,No,30631,,Regla 2 coherente para validaciones implementadas.
GPA-001__R2-001__R1-003__0302,GPA-001__R2-001__R1-003,02_inputs_xml_flat/GPA-001__R2-001__R1-003__0302.xml,PASS,INFO,R1.D01=NO;R1.D03=SI;R2.D01=SI;R2.D02=SI;R2.D03=SI,MUNICIPIO30632,MUNICIPIO_SIN_CN_TRAB,Si,No,30632,,Regla 2 coherente para validaciones implementadas.
GPA-001__R2-001__R1-003__0303,GPA-001__R2-001__R1-003,02_inputs_xml_flat/GPA-001__R2-001__R1-003__0303.xml,PASS,INFO,R1.D01=NO;R1.D03=SI;R2.D01=SI;R2.D02=SI;R2.D03=SI,MUNICIPIO30633,MUNICIPIO_SIN_CN_TRAB,Si,No,30633,,Regla 2 coherente para validaciones implementadas.
GPA-001__R2-001__R1-003__0304,GPA-001__R2-001__R1-003,02_inputs_xml_flat/GPA-001__R2-001__R1-003__0304.xml,PASS,INFO,R1.D01=NO;R1.D03=SI;R2.D01=SI;R2.D02=SI;R2.D03=SI,MUNICIPIO30631,MUNICIPIO_SIN_CN_TRAB,Si,No,30631,,Regla 2 coherente para validaciones implementadas.
GPA-001__R2-001__R1-003__0305,GPA-001__R2-001__R1-003,02_inputs_xml_flat/GPA-001__R2-001__R1-003__0305.xml,PASS,INFO,R1.D01=NO;R1.D03=SI;R2.D01=SI;R2.D02=SI;R2.D03=SI,MUNICIPIO30632,MUNICIPIO_SIN_CN_TRAB,Si,No,30632,,Regla 2 coherente para validaciones implementadas.
GPA-001__R2-001__R1-003__0306,GPA-001__R2-001__R1-003,02_inputs_xml_flat/GPA-001__R2-001__R1-003__0306.xml,PASS,INFO,R1.D01=NO;R1.D03=SI;R2.D01=SI;R2.D02=SI;R2.D03=SI,MUNICIPIO30633,MUNICIPIO_SIN_CN_TRAB,Si,No,30633,,Regla 2 coherente para validaciones implementadas.
GPA-001__R2-001__R1-003__0307,GPA-001__R2-001__R1-003,02_inputs_xml_flat/GPA-001__R2-001__R1-003__0307.xml,PASS,INFO,R1.D01=NO;R1.D03=SI;R2.D01=SI;R2.D02=SI;R2.D03=SI,MUNICIPIO30631,MUNICIPIO_SIN_CN_TRAB,Si,No,30631,,Regla 2 coherente para validaciones implementadas.
GPA-001__R2-001__R1-003__0308,GPA-001__R2-001__R1-003,02_inputs_xml_flat/GPA-001__R2-001__R1-003__0308.xml,PASS,INFO,R1.D01=NO;R1.D03=SI;R2.D01=SI;R2.D02=SI;R2.D03=SI,MUNICIPIO30632,MUNICIPIO_SIN_CN_TRAB,Si,No,30632,,Regla 2 coherente para validaciones implementadas.
GPA-001__R2-001__R1-003__0309,GPA-001__R2-001__R1-003,02_inputs_xml_flat/GPA-001__R2-001__R1-003__0309.xml,PASS,INFO,R1.D01=NO;R1.D03=SI;R2.D01=SI;R2.D02=SI;R2.D03=SI,MUNICIPIO30633,MUNICIPIO_SIN_CN_TRAB,Si,No,30633,,Regla 2 coherente para validaciones implementadas.
GPA-001__R2-001__R1-003__0310,GPA-001__R2-001__R1-003,02_inputs_xml_flat/GPA-001__R2-001__R1-003__0310.xml,PASS,INFO,R1.D01=NO;R1.D03=SI;R2.D01=SI;R2.D02=SI;R2.D03=SI,MUNICIPIO30631,MUNICIPIO_SIN_CN_TRAB,Si,No,30631,,Regla 2 coherente para validaciones implementadas.
GPA-001__R2-001__R1-003__0311,GPA-001__R2-001__R1-003,02_inputs_xml_flat/GPA-001__R2-001__R1-003__0311.xml,PASS,INFO,R1.D01=NO;R1.D03=SI;R2.D01=SI;R2.D02=SI;R2.D03=SI,MUNICIPIO30632,MUNICIPIO_SIN_CN_TRAB,Si,No,30632,,Regla 2 coherente para validaciones implementadas.
GPA-001__R2-001__R1-003__0312,GPA-001__R2-001__R1-003,02_inputs_xml_flat/GPA-001__R2-001__R1-003__0312.xml,PASS,INFO,R1.D01=NO;R1.D03=SI;R2.D01=SI;R2.D02=SI;R2.D03=SI,MUNICIPIO30633,MUNICIPIO_SIN_CN_TRAB,Si,No,30633,,Regla 2 coherente para validaciones implementadas.
GPA-001__R2-001__R1-003__0313,GPA-001__R2-001__R1-003,02_inputs_xml_flat/GPA-001__R2-001__R1-003__0313.xml,PASS,INFO,R1.D01=NO;R1.D03=SI;R2.D01=SI;R2.D02=SI;R2.D03=SI,MUNICIPIO30631,MUNICIPIO_SIN_CN_TRAB,Si,No,30631,,Regla 2 coherente para validaciones implementadas.
GPA-001__R2-001__R1-003__0314,GPA-001__R2-001__R1-003,02_inputs_xml_flat/GPA-001__R2-001__R1-003__0314.xml,PASS,INFO,R1.D01=NO;R1.D03=SI;R2.D01=SI;R2.D02=SI;R2.D03=SI,MUNICIPIO30632,MUNICIPIO_SIN_CN_TRAB,Si,No,30632,,Regla 2 coherente para validaciones implementadas.
GPA-001__R2-001__R1-003__0315,GPA-001__R2-001__R1-003,02_inputs_xml_flat/GPA-001__R2-001__R1-003__0315.xml,PASS,INFO,R1.D01=NO;R1.D03=SI;R2.D01=SI;R2.D02=SI;R2.D03=SI,MUNICIPIO30633,MUNICIPIO_SIN_CN_TRAB,Si,No,30633,,Regla 2 coherente para validaciones implementadas.
GPA-001__R2-001__R1-003__0316,GPA-001__R2-001__R1-003,02_inputs_xml_flat/GPA-001__R2-001__R1-003__0316.xml,PASS,INFO,R1.D01=NO;R1.D03=SI;R2.D01=SI;R2.D02=SI;R2.D03=SI,MUNICIPIO30631,MUNICIPIO_SIN_CN_TRAB,Si,No,30631,,Regla 2 coherente para validaciones implementadas.
GPA-001__R2-001__R1-003__0317,GPA-001__R2-001__R1-003,02_inputs_xml_flat/GPA-001__R2-001__R1-003__0317.xml,PASS,INFO,R1.D01=NO;R1.D03=SI;R2.D01=SI;R2.D02=SI;R2.D03=SI,MUNICIPIO30632,MUNICIPIO_SIN_CN_TRAB,Si,No,30632,,Regla 2 coherente para validaciones implementadas.
GPA-001__R2-001__R1-003__0318,GPA-001__R2-001__R1-003,02_inputs_xml_flat/GPA-001__R2-001__R1-003__0318.xml,PASS,INFO,R1.D01=NO;R1.D03=SI;R2.D01=SI;R2.D02=SI;R2.D03=SI,MUNICIPIO30633,MUNICIPIO_SIN_CN_TRAB,Si,No,30633,,Regla 2 coherente para validaciones implementadas.
GPA-001__R2-001__R1-003__0319,GPA-001__R2-001__R1-003,02_inputs_xml_flat/GPA-001__R2-001__R1-003__0319.xml,PASS,INFO,R1.D01=NO;R1.D03=SI;R2.D01=SI;R2.D02=SI;R2.D03=SI,MUNICIPIO30631,MUNICIPIO_SIN_CN_TRAB,Si,No,30631,,Regla 2 coherente para validaciones implementadas.
GPA-001__R2-001__R1-003__0320,GPA-001__R2-001__R1-003,02_inputs_xml_flat/GPA-001__R2-001__R1-003__0320.xml,PASS,INFO,R1.D01=NO;R1.D03=SI;R2.D01=SI;R2.D02=SI;R2.D03=SI,MUNICIPIO30632,MUNICIPIO_SIN_CN_TRAB,Si,No,30632,,Regla 2 coherente para validaciones implementadas.
GPA-001__R2-001__R1-003__0321,GPA-001__R2-001__R1-003,02_inputs_xml_flat/GPA-001__R2-001__R1-003__0321.xml,PASS,INFO,R1.D01=NO;R1.D03=SI;R2.D01=SI;R2.D02=SI;R2.D03=SI,MUNICIPIO30633,MUNICIPIO_SIN_CN_TRAB,Si,No,30633,,Regla 2 coherente para validaciones implementadas.
GPA-001__R2-001__R1-003__0322,GPA-001__R2-001__R1-003,02_inputs_xml_flat/GPA-001__R2-001__R1-003__0322.xml,PASS,INFO,R1.D01=NO;R1.D03=SI;R2.D01=SI;R2.D02=SI;R2.D03=SI,MUNICIPIO30631,MUNICIPIO_SIN_CN_TRAB,Si,No,30631,,Regla 2 coherente para validaciones implementadas.
GPA-001__R2-001__R1-003__0323,GPA-001__R2-001__R1-003,02_inputs_xml_flat/GPA-001__R2-001__R1-003__0323.xml,PASS,INFO,R1.D01=NO;R1.D03=SI;R2.D01=SI;R2.D02=SI;R2.D03=SI,MUNICIPIO30632,MUNICIPIO_SIN_CN_TRAB,Si,No,30632,,Regla 2 coherente para validaciones implementadas.
GPA-001__R2-001__R1-003__0324,GPA-001__R2-001__R1-003,02_inputs_xml_flat/GPA-001__R2-001__R1-003__0324.xml,PASS,INFO,R1.D01=NO;R1.D03=SI;R2.D01=SI;R2.D02=SI;R2.D03=SI,MUNICIPIO30633,MUNICIPIO_SIN_CN_TRAB,Si,No,30633,,Regla 2 coherente para validaciones implementadas.
GPA-001__R2-001__R1-003__0325,GPA-001__R2-001__R1-003,02_inputs_xml_flat/GPA-001__R2-001__R1-003__0325.xml,PASS,INFO,R1.D01=NO;R1.D03=SI;R2.D01=SI;R2.D02=SI;R2.D03=SI,MUNICIPIO30631,MUNICIPIO_SIN_CN_TRAB,Si,No,30631,,Regla 2 coherente para validaciones implementadas.
GPA-001__R2-001__R1-003__0326,GPA-001__R2-001__R1-003,02_inputs_xml_flat/GPA-001__R2-001__R1-003__0326.xml,PASS,INFO,R1.D01=NO;R1.D03=SI;R2.D01=SI;R2.D02=SI;R2.D03=SI,MUNICIPIO30632,MUNICIPIO_SIN_CN_TRAB,Si,No,30632,,Regla 2 coherente para validaciones implementadas.
GPA-001__R2-001__R1-003__0327,GPA-001__R2-001__R1-003,02_inputs_xml_flat/GPA-001__R2-001__R1-003__0327.xml,PASS,INFO,R1.D01=NO;R1.D03=SI;R2.D01=SI;R2.D02=SI;R2.D03=SI,MUNICIPIO30633,MUNICIPIO_SIN_CN_TRAB,Si,No,30633,,Regla 2 coherente para validaciones implementadas.
GPA-001__R2-001__R1-003__0328,GPA-001__R2-001__R1-003,02_inputs_xml_flat/GPA-001__R2-001__R1-003__0328.xml,PASS,INFO,R1.D01=NO;R1.D03=SI;R2.D01=SI;R2.D02=SI;R2.D03=SI,MUNICIPIO30631,MUNICIPIO_SIN_CN_TRAB,Si,No,30631,,Regla 2 coherente para validaciones implementadas.
GPA-001__R2-001__R1-003__0329,GPA-001__R2-001__R1-003,02_inputs_xml_flat/GPA-001__R2-001__R1-003__0329.xml,PASS,INFO,R1.D01=NO;R1.D03=SI;R2.D01=SI;R2.D02=SI;R2.D03=SI,MUNICIPIO30632,MUNICIPIO_SIN_CN_TRAB,Si,No,30632,,Regla 2 coherente para validaciones implementadas.
GPA-001__R2-001__R1-003__0330,GPA-001__R2-001__R1-003,02_inputs_xml_flat/GPA-001__R2-001__R1-003__0330.xml,PASS,INFO,R1.D01=NO;R1.D03=SI;R2.D01=SI;R2.D02=SI;R2.D03=SI,MUNICIPIO30633,MUNICIPIO_SIN_CN_TRAB,Si,No,30633,,Regla 2 coherente para validaciones implementadas.
GPA-001__R2-001__R1-003__0331,GPA-001__R2-001__R1-003,02_inputs_xml_flat/GPA-001__R2-001__R1-003__0331.xml,PASS,INFO,R1.D01=NO;R1.D03=SI;R2.D01=SI;R2.D02=SI;R2.D03=SI,MUNICIPIO30631,MUNICIPIO_SIN_CN_TRAB,Si,No,30631,,Regla 2 coherente para validaciones implementadas.
GPA-001__R2-001__R1-003__0332,GPA-001__R2-001__R1-003,02_inputs_xml_flat/GPA-001__R2-001__R1-003__0332.xml,PASS,INFO,R1.D01=NO;R1.D03=SI;R2.D01=SI;R2.D02=SI;R2.D03=SI,MUNICIPIO30632,MUNICIPIO_SIN_CN_TRAB,Si,No,30632,,Regla 2 coherente para validaciones implementadas.
GPA-001__R2-001__R1-003__0333,GPA-001__R2-001__R1-003,02_inputs_xml_flat/GPA-001__R2-001__R1-003__0333.xml,PASS,INFO,R1.D01=NO;R1.D03=SI;R2.D01=SI;R2.D02=SI;R2.D03=SI,MUNICIPIO30633,MUNICIPIO_SIN_CN_TRAB,Si,No,30633,,Regla 2 coherente para validaciones implementadas.
GPA-001__R2-001__R1-003__0334,GPA-001__R2-001__R1-003,02_inputs_xml_flat/GPA-001__R2-001__R1-003__0334.xml,PASS,INFO,R1.D01=NO;R1.D03=SI;R2.D01=SI;R2.D02=SI;R2.D03=SI,MUNICIPIO30631,MUNICIPIO_SIN_CN_TRAB,Si,No,30631,,Regla 2 coherente para validaciones implementadas.
GPA-001__R2-001__R1-003__0335,GPA-001__R2-001__R1-003,02_inputs_xml_flat/GPA-001__R2-001__R1-003__0335.xml,PASS,INFO,R1.D01=NO;R1.D03=SI;R2.D01=SI;R2.D02=SI;R2.D03=SI,MUNICIPIO30632,MUNICIPIO_SIN_CN_TRAB,Si,No,30632,,Regla 2 coherente para validaciones implementadas.
GPA-001__R2-001__R1-003__0336,GPA-001__R2-001__R1-003,02_inputs_xml_flat/GPA-001__R2-001__R1-003__0336.xml,PASS,INFO,R1.D01=NO;R1.D03=SI;R2.D01=SI;R2.D02=SI;R2.D03=SI,MUNICIPIO30633,MUNICIPIO_SIN_CN_TRAB,Si,No,30633,,Regla 2 coherente para validaciones implementadas.
GPA-001__R2-001__R1-003__0337,GPA-001__R2-001__R1-003,02_inputs_xml_flat/GPA-001__R2-001__R1-003__0337.xml,PASS,INFO,R1.D01=NO;R1.D03=SI;R2.D01=SI;R2.D02=SI;R2.D03=SI,MUNICIPIO30631,MUNICIPIO_SIN_CN_TRAB,Si,No,30631,,Regla 2 coherente para validaciones implementadas.
GPA-001__R2-001__R1-003__0338,GPA-001__R2-001__R1-003,02_inputs_xml_flat/GPA-001__R2-001__R1-003__0338.xml,PASS,INFO,R1.D01=NO;R1.D03=SI;R2.D01=SI;R2.D02=SI;R2.D03=SI,MUNICIPIO30632,MUNICIPIO_SIN_CN_TRAB,Si,No,30632,,Regla 2 coherente para validaciones implementadas.
GPA-001__R2-001__R1-003__0339,GPA-001__R2-001__R1-003,02_inputs_xml_flat/GPA-001__R2-001__R1-003__0339.xml,PASS,INFO,R1.D01=NO;R1.D03=SI;R2.D01=SI;R2.D02=SI;R2.D03=SI,MUNICIPIO30633,MUNICIPIO_SIN_CN_TRAB,Si,No,30633,,Regla 2 coherente para validaciones implementadas.
GPA-001__R2-001__R1-003__0340,GPA-001__R2-001__R1-003,02_inputs_xml_flat/GPA-001__R2-001__R1-003__0340.xml,PASS,INFO,R1.D01=NO;R1.D03=SI;R2.D01=SI;R2.D02=SI;R2.D03=SI,MUNICIPIO30631,MUNICIPIO_SIN_CN_TRAB,Si,No,30631,,Regla 2 coherente para validaciones implementadas.
GPA-001__R2-001__R1-003__0341,GPA-001__R2-001__R1-003,02_inputs_xml_flat/GPA-001__R2-001__R1-003__0341.xml,PASS,INFO,R1.D01=NO;R1.D03=SI;R2.D01=SI;R2.D02=SI;R2.D03=SI,MUNICIPIO30632,MUNICIPIO_SIN_CN_TRAB,Si,No,30632,,Regla 2 coherente para validaciones implementadas.
GPA-001__R2-001__R1-003__0342,GPA-001__R2-001__R1-003,02_inputs_xml_flat/GPA-001__R2-001__R1-003__0342.xml,PASS,INFO,R1.D01=NO;R1.D03=SI;R2.D01=SI;R2.D02=SI;R2.D03=SI,MUNICIPIO30633,MUNICIPIO_SIN_CN_TRAB,Si,No,30633,,Regla 2 coherente para validaciones implementadas.
GPA-001__R2-001__R1-003__0343,GPA-001__R2-001__R1-003,02_inputs_xml_flat/GPA-001__R2-001__R1-003__0343.xml,PASS,INFO,R1.D01=NO;R1.D03=SI;R2.D01=SI;R2.D02=SI;R2.D03=SI,MUNICIPIO30631,MUNICIPIO_SIN_CN_TRAB,Si,No,30631,,Regla 2 coherente para validaciones implementadas.
GPA-001__R2-001__R1-003__0344,GPA-001__R2-001__R1-003,02_inputs_xml_flat/GPA-001__R2-001__R1-003__0344.xml,PASS,INFO,R1.D01=NO;R1.D03=SI;R2.D01=SI;R2.D02=SI;R2.D03=SI,MUNICIPIO30632,MUNICIPIO_SIN_CN_TRAB,Si,No,30632,,Regla 2 coherente para validaciones implementadas.
GPA-001__R2-001__R1-003__0345,GPA-001__R2-001__R1-003,02_inputs_xml_flat/GPA-001__R2-001__R1-003__0345.xml,PASS,INFO,R1.D01=NO;R1.D03=SI;R2.D01=SI;R2.D02=SI;R2.D03=SI,MUNICIPIO30633,MUNICIPIO_SIN_CN_TRAB,Si,No,30633,,Regla 2 coherente para validaciones implementadas.
GPA-001__R2-001__R1-003__0346,GPA-001__R2-001__R1-003,02_inputs_xml_flat/GPA-001__R2-001__R1-003__0346.xml,PASS,INFO,R1.D01=NO;R1.D03=SI;R2.D01=SI;R2.D02=SI;R2.D03=SI,MUNICIPIO30631,MUNICIPIO_SIN_CN_TRAB,Si,No,30631,,Regla 2 coherente para validaciones implementadas.
GPA-001__R2-001__R1-003__0347,GPA-001__R2-001__R1-003,02_inputs_xml_flat/GPA-001__R2-001__R1-003__0347.xml,PASS,INFO,R1.D01=NO;R1.D03=SI;R2.D01=SI;R2.D02=SI;R2.D03=SI,MUNICIPIO30632,MUNICIPIO_SIN_CN_TRAB,Si,No,30632,,Regla 2 coherente para validaciones implementadas.
GPA-001__R2-001__R1-003__0348,GPA-001__R2-001__R1-003,02_inputs_xml_flat/GPA-001__R2-001__R1-003__0348.xml,PASS,INFO,R1.D01=NO;R1.D03=SI;R2.D01=SI;R2.D02=SI;R2.D03=SI,MUNICIPIO30633,MUNICIPIO_SIN_CN_TRAB,Si,No,30633,,Regla 2 coherente para validaciones implementadas.
GPA-001__R2-001__R1-003__0349,GPA-001__R2-001__R1-003,02_inputs_xml_flat/GPA-001__R2-001__R1-003__0349.xml,PASS,INFO,R1.D01=NO;R1.D03=SI;R2.D01=SI;R2.D02=SI;R2.D03=SI,MUNICIPIO30631,MUNICIPIO_SIN_CN_TRAB,Si,No,30631,,Regla 2 coherente para validaciones implementadas.
GPA-001__R2-001__R1-003__0350,GPA-001__R2-001__R1-003,02_inputs_xml_flat/GPA-001__R2-001__R1-003__0350.xml,PASS,INFO,R1.D01=NO;R1.D03=SI;R2.D01=SI;R2.D02=SI;R2.D03=SI,MUNICIPIO30632,MUNICIPIO_SIN_CN_TRAB,Si,No,30632,,Regla 2 coherente para validaciones implementadas.
GPA-001__R2-001__R1-003__0351,GPA-001__R2-001__R1-003,02_inputs_xml_flat/GPA-001__R2-001__R1-003__0351.xml,PASS,INFO,R1.D01=NO;R1.D03=SI;R2.D01=SI;R2.D02=SI;R2.D03=SI,MUNICIPIO30633,MUNICIPIO_SIN_CN_TRAB,Si,No,30633,,Regla 2 coherente para validaciones implementadas.
GPA-001__R2-001__R1-003__0352,GPA-001__R2-001__R1-003,02_inputs_xml_flat/GPA-001__R2-001__R1-003__0352.xml,PASS,INFO,R1.D01=NO;R1.D03=SI;R2.D01=SI;R2.D02=SI;R2.D03=SI,MUNICIPIO30631,MUNICIPIO_SIN_CN_TRAB,Si,No,30631,,Regla 2 coherente para validaciones implementadas.
GPA-001__R2-001__R1-003__0353,GPA-001__R2-001__R1-003,02_inputs_xml_flat/GPA-001__R2-001__R1-003__0353.xml,PASS,INFO,R1.D01=NO;R1.D03=SI;R2.D01=SI;R2.D02=SI;R2.D03=SI,MUNICIPIO30632,MUNICIPIO_SIN_CN_TRAB,Si,No,30632,,Regla 2 coherente para validaciones implementadas.
GPA-001__R2-001__R1-003__0354,GPA-001__R2-001__R1-003,02_inputs_xml_flat/GPA-001__R2-001__R1-003__0354.xml,PASS,INFO,R1.D01=NO;R1.D03=SI;R2.D01=SI;R2.D02=SI;R2.D03=SI,MUNICIPIO30633,MUNICIPIO_SIN_CN_TRAB,Si,No,30633,,Regla 2 coherente para validaciones implementadas.
GPA-001__R2-001__R1-003__0355,GPA-001__R2-001__R1-003,02_inputs_xml_flat/GPA-001__R2-001__R1-003__0355.xml,PASS,INFO,R1.D01=NO;R1.D03=SI;R2.D01=SI;R2.D02=SI;R2.D03=SI,MUNICIPIO30631,MUNICIPIO_SIN_CN_TRAB,Si,No,30631,,Regla 2 coherente para validaciones implementadas.
GPA-001__R2-001__R1-003__0356,GPA-001__R2-001__R1-003,02_inputs_xml_flat/GPA-001__R2-001__R1-003__0356.xml,PASS,INFO,R1.D01=NO;R1.D03=SI;R2.D01=SI;R2.D02=SI;R2.D03=SI,MUNICIPIO30632,MUNICIPIO_SIN_CN_TRAB,Si,No,30632,,Regla 2 coherente para validaciones implementadas.
GPA-001__R2-001__R1-003__0357,GPA-001__R2-001__R1-003,02_inputs_xml_flat/GPA-001__R2-001__R1-003__0357.xml,PASS,INFO,R1.D01=NO;R1.D03=SI;R2.D01=SI;R2.D02=SI;R2.D03=SI,MUNICIPIO30633,MUNICIPIO_SIN_CN_TRAB,Si,No,30633,,Regla 2 coherente para validaciones implementadas.
GPA-001__R2-001__R1-003__0358,GPA-001__R2-001__R1-003,02_inputs_xml_flat/GPA-001__R2-001__R1-003__0358.xml,PASS,INFO,R1.D01=NO;R1.D03=SI;R2.D01=SI;R2.D02=SI;R2.D03=SI,MUNICIPIO30631,MUNICIPIO_SIN_CN_TRAB,Si,No,30631,,Regla 2 coherente para validaciones implementadas.
GPA-001__R2-001__R1-003__0359,GPA-001__R2-001__R1-003,02_inputs_xml_flat/GPA-001__R2-001__R1-003__0359.xml,PASS,INFO,R1.D01=NO;R1.D03=SI;R2.D01=SI;R2.D02=SI;R2.D03=SI,MUNICIPIO30632,MUNICIPIO_SIN_CN_TRAB,Si,No,30632,,Regla 2 coherente para validaciones implementadas.
GPA-001__R2-001__R1-003__0360,GPA-001__R2-001__R1-003,02_inputs_xml_flat/GPA-001__R2-001__R1-003__0360.xml,PASS,INFO,R1.D01=NO;R1.D03=SI;R2.D01=SI;R2.D02=SI;R2.D03=SI,MUNICIPIO30633,MUNICIPIO_SIN_CN_TRAB,Si,No,30633,,Regla 2 coherente para validaciones implementadas.
GPA-001__R2-001__R1-003__0361,GPA-001__R2-001__R1-003,02_inputs_xml_flat/GPA-001__R2-001__R1-003__0361.xml,PASS,INFO,R1.D01=NO;R1.D03=SI;R2.D01=SI;R2.D02=SI;R2.D03=SI,MUNICIPIO30631,MUNICIPIO_SIN_CN_TRAB,Si,No,30631,,Regla 2 coherente para validaciones implementadas.
GPA-001__R2-001__R1-003__0362,GPA-001__R2-001__R1-003,02_inputs_xml_flat/GPA-001__R2-001__R1-003__0362.xml,PASS,INFO,R1.D01=NO;R1.D03=SI;R2.D01=SI;R2.D02=SI;R2.D03=SI,MUNICIPIO30632,MUNICIPIO_SIN_CN_TRAB,Si,No,30632,,Regla 2 coherente para validaciones implementadas.
GPA-001__R2-001__R1-003__0363,GPA-001__R2-001__R1-003,02_inputs_xml_flat/GPA-001__R2-001__R1-003__0363.xml,PASS,INFO,R1.D01=NO;R1.D03=SI;R2.D01=SI;R2.D02=SI;R2.D03=SI,MUNICIPIO30633,MUNICIPIO_SIN_CN_TRAB,Si,No,30633,,Regla 2 coherente para validaciones implementadas.
GPA-001__R2-001__R1-003__0364,GPA-001__R2-001__R1-003,02_inputs_xml_flat/GPA-001__R2-001__R1-003__0364.xml,PASS,INFO,R1.D01=NO;R1.D03=SI;R2.D01=SI;R2.D02=SI;R2.D03=SI,MUNICIPIO30631,MUNICIPIO_SIN_CN_TRAB,Si,No,30631,,Regla 2 coherente para validaciones implementadas.
GPA-001__R2-001__R1-003__0365,GPA-001__R2-001__R1-003,02_inputs_xml_flat/GPA-001__R2-001__R1-003__0365.xml,PASS,INFO,R1.D01=NO;R1.D03=SI;R2.D01=SI;R2.D02=SI;R2.D03=SI,MUNICIPIO30632,MUNICIPIO_SIN_CN_TRAB,Si,No,30632,,Regla 2 coherente para validaciones implementadas.
GPA-001__R2-001__R1-003__0366,GPA-001__R2-001__R1-003,02_inputs_xml_flat/GPA-001__R2-001__R1-003__0366.xml,PASS,INFO,R1.D01=NO;R1.D03=SI;R2.D01=SI;R2.D02=SI;R2.D03=SI,MUNICIPIO30633,MUNICIPIO_SIN_CN_TRAB,Si,No,30633,,Regla 2 coherente para validaciones implementadas.
GPA-001__R2-001__R1-003__0367,GPA-001__R2-001__R1-003,02_inputs_xml_flat/GPA-001__R2-001__R1-003__0367.xml,PASS,INFO,R1.D01=NO;R1.D03=SI;R2.D01=SI;R2.D02=SI;R2.D03=SI,MUNICIPIO30631,MUNICIPIO_SIN_CN_TRAB,Si,No,30631,,Regla 2 coherente para validaciones implementadas.
GPA-001__R2-001__R1-003__0368,GPA-001__R2-001__R1-003,02_inputs_xml_flat/GPA-001__R2-001__R1-003__0368.xml,PASS,INFO,R1.D01=NO;R1.D03=SI;R2.D01=SI;R2.D02=SI;R2.D03=SI,MUNICIPIO30632,MUNICIPIO_SIN_CN_TRAB,Si,No,30632,,Regla 2 coherente para validaciones implementadas.
GPA-001__R2-001__R1-003__0369,GPA-001__R2-001__R1-003,02_inputs_xml_flat/GPA-001__R2-001__R1-003__0369.xml,PASS,INFO,R1.D01=NO;R1.D03=SI;R2.D01=SI;R2.D02=SI;R2.D03=SI,MUNICIPIO30633,MUNICIPIO_SIN_CN_TRAB,Si,No,30633,,Regla 2 coherente para validaciones implementadas.
GPA-001__R2-001__R1-003__0370,GPA-001__R2-001__R1-003,02_inputs_xml_flat/GPA-001__R2-001__R1-003__0370.xml,PASS,INFO,R1.D01=NO;R1.D03=SI;R2.D01=SI;R2.D02=SI;R2.D03=SI,MUNICIPIO30631,MUNICIPIO_SIN_CN_TRAB,Si,No,30631,,Regla 2 coherente para validaciones implementadas.
GPA-001__R2-001__R1-003__0371,GPA-001__R2-001__R1-003,02_inputs_xml_flat/GPA-001__R2-001__R1-003__0371.xml,PASS,INFO,R1.D01=NO;R1.D03=SI;R2.D01=SI;R2.D02=SI;R2.D03=SI,MUNICIPIO30632,MUNICIPIO_SIN_CN_TRAB,Si,No,30632,,Regla 2 coherente para validaciones implementadas.
GPA-001__R2-001__R1-003__0372,GPA-001__R2-001__R1-003,02_inputs_xml_flat/GPA-001__R2-001__R1-003__0372.xml,PASS,INFO,R1.D01=NO;R1.D03=SI;R2.D01=SI;R2.D02=SI;R2.D03=SI,MUNICIPIO30633,MUNICIPIO_SIN_CN_TRAB,Si,No,30633,,Regla 2 coherente para validaciones implementadas.
GPA-001__R2-001__R1-003__0373,GPA-001__R2-001__R1-003,02_inputs_xml_flat/GPA-001__R2-001__R1-003__0373.xml,PASS,INFO,R1.D01=NO;R1.D03=SI;R2.D01=SI;R2.D02=SI;R2.D03=SI,MUNICIPIO30631,MUNICIPIO_SIN_CN_TRAB,Si,No,30631,,Regla 2 coherente para validaciones implementadas.
GPA-001__R2-001__R1-003__0374,GPA-001__R2-001__R1-003,02_inputs_xml_flat/GPA-001__R2-001__R1-003__0374.xml,PASS,INFO,R1.D01=NO;R1.D03=SI;R2.D01=SI;R2.D02=SI;R2.D03=SI,MUNICIPIO30632,MUNICIPIO_SIN_CN_TRAB,Si,No,30632,,Regla 2 coherente para validaciones implementadas.
GPA-001__R2-001__R1-003__0375,GPA-001__R2-001__R1-003,02_inputs_xml_flat/GPA-001__R2-001__R1-003__0375.xml,PASS,INFO,R1.D01=NO;R1.D03=SI;R2.D01=SI;R2.D02=SI;R2.D03=SI,MUNICIPIO30633,MUNICIPIO_SIN_CN_TRAB,Si,No,30633,,Regla 2 coherente para validaciones implementadas.
GPA-001__R2-001__R1-003__0376,GPA-001__R2-001__R1-003,02_inputs_xml_flat/GPA-001__R2-001__R1-003__0376.xml,PASS,INFO,R1.D01=NO;R1.D03=SI;R2.D01=SI;R2.D02=SI;R2.D03=SI,MUNICIPIO30631,MUNICIPIO_SIN_CN_TRAB,Si,No,30631,,Regla 2 coherente para validaciones implementadas.
GPA-001__R2-001__R1-003__0377,GPA-001__R2-001__R1-003,02_inputs_xml_flat/GPA-001__R2-001__R1-003__0377.xml,PASS,INFO,R1.D01=NO;R1.D03=SI;R2.D01=SI;R2.D02=SI;R2.D03=SI,MUNICIPIO30632,MUNICIPIO_SIN_CN_TRAB,Si,No,30632,,Regla 2 coherente para validaciones implementadas.
GPA-001__R2-001__R1-003__0378,GPA-001__R2-001__R1-003,02_inputs_xml_flat/GPA-001__R2-001__R1-003__0378.xml,PASS,INFO,R1.D01=NO;R1.D03=SI;R2.D01=SI;R2.D02=SI;R2.D03=SI,MUNICIPIO30633,MUNICIPIO_SIN_CN_TRAB,Si,No,30633,,Regla 2 coherente para validaciones implementadas.
GPA-001__R2-001__R1-003__0379,GPA-001__R2-001__R1-003,02_inputs_xml_flat/GPA-001__R2-001__R1-003__0379.xml,PASS,INFO,R1.D01=NO;R1.D03=SI;R2.D01=SI;R2.D02=SI;R2.D03=SI,MUNICIPIO30631,MUNICIPIO_SIN_CN_TRAB,Si,No,30631,,Regla 2 coherente para validaciones implementadas.
GPA-001__R2-001__R1-003__0380,GPA-001__R2-001__R1-003,02_inputs_xml_flat/GPA-001__R2-001__R1-003__0380.xml,PASS,INFO,R1.D01=NO;R1.D03=SI;R2.D01=SI;R2.D02=SI;R2.D03=SI,MUNICIPIO30632,MUNICIPIO_SIN_CN_TRAB,Si,No,30632,,Regla 2 coherente para validaciones implementadas.
GPA-001__R2-001__R1-003__0381,GPA-001__R2-001__R1-003,02_inputs_xml_flat/GPA-001__R2-001__R1-003__0381.xml,PASS,INFO,R1.D01=NO;R1.D03=SI;R2.D01=SI;R2.D02=SI;R2.D03=SI,MUNICIPIO30633,MUNICIPIO_SIN_CN_TRAB,Si,No,30633,,Regla 2 coherente para validaciones implementadas.
GPA-001__R2-001__R1-003__0382,GPA-001__R2-001__R1-003,02_inputs_xml_flat/GPA-001__R2-001__R1-003__0382.xml,PASS,INFO,R1.D01=NO;R1.D03=SI;R2.D01=SI;R2.D02=SI;R2.D03=SI,MUNICIPIO30631,MUNICIPIO_SIN_CN_TRAB,Si,No,30631,,Regla 2 coherente para validaciones implementadas.
GPA-001__R2-001__R1-003__0383,GPA-001__R2-001__R1-003,02_inputs_xml_flat/GPA-001__R2-001__R1-003__0383.xml,PASS,INFO,R1.D01=NO;R1.D03=SI;R2.D01=SI;R2.D02=SI;R2.D03=SI,MUNICIPIO30632,MUNICIPIO_SIN_CN_TRAB,Si,No,30632,,Regla 2 coherente para validaciones implementadas.
GPA-001__R2-001__R1-003__0384,GPA-001__R2-001__R1-003,02_inputs_xml_flat/GPA-001__R2-001__R1-003__0384.xml,PASS,INFO,R1.D01=NO;R1.D03=SI;R2.D01=SI;R2.D02=SI;R2.D03=SI,MUNICIPIO30633,MUNICIPIO_SIN_CN_TRAB,Si,No,30633,,Regla 2 coherente para validaciones implementadas.
GPA-001__R2-001__R1-003__0385,GPA-001__R2-001__R1-003,02_inputs_xml_flat/GPA-001__R2-001__R1-003__0385.xml,PASS,INFO,R1.D01=NO;R1.D03=SI;R2.D01=SI;R2.D02=SI;R2.D03=SI,MUNICIPIO30631,MUNICIPIO_SIN_CN_TRAB,Si,No,30631,,Regla 2 coherente para validaciones implementadas.
GPA-001__R2-001__R1-003__0386,GPA-001__R2-001__R1-003,02_inputs_xml_flat/GPA-001__R2-001__R1-003__0386.xml,PASS,INFO,R1.D01=NO;R1.D03=SI;R2.D01=SI;R2.D02=SI;R2.D03=SI,MUNICIPIO30632,MUNICIPIO_SIN_CN_TRAB,Si,No,30632,,Regla 2 coherente para validaciones implementadas.
GPA-001__R2-001__R1-003__0387,GPA-001__R2-001__R1-003,02_inputs_xml_flat/GPA-001__R2-001__R1-003__0387.xml,PASS,INFO,R1.D01=NO;R1.D03=SI;R2.D01=SI;R2.D02=SI;R2.D03=SI,MUNICIPIO30633,MUNICIPIO_SIN_CN_TRAB,Si,No,30633,,Regla 2 coherente para validaciones implementadas.
GPA-001__R2-001__R1-003__0388,GPA-001__R2-001__R1-003,02_inputs_xml_flat/GPA-001__R2-001__R1-003__0388.xml,PASS,INFO,R1.D01=NO;R1.D03=SI;R2.D01=SI;R2.D02=SI;R2.D03=SI,MUNICIPIO30631,MUNICIPIO_SIN_CN_TRAB,Si,No,30631,,Regla 2 coherente para validaciones implementadas.
GPA-001__R2-001__R1-003__0389,GPA-001__R2-001__R1-003,02_inputs_xml_flat/GPA-001__R2-001__R1-003__0389.xml,PASS,INFO,R1.D01=NO;R1.D03=SI;R2.D01=SI;R2.D02=SI;R2.D03=SI,MUNICIPIO30632,MUNICIPIO_SIN_CN_TRAB,Si,No,30632,,Regla 2 coherente para validaciones implementadas.
GPA-001__R2-001__R1-003__0390,GPA-001__R2-001__R1-003,02_inputs_xml_flat/GPA-001__R2-001__R1-003__0390.xml,PASS,INFO,R1.D01=NO;R1.D03=SI;R2.D01=SI;R2.D02=SI;R2.D03=SI,MUNICIPIO30633,MUNICIPIO_SIN_CN_TRAB,Si,No,30633,,Regla 2 coherente para validaciones implementadas.
GPA-001__R2-001__R1-003__0391,GPA-001__R2-001__R1-003,02_inputs_xml_flat/GPA-001__R2-001__R1-003__0391.xml,PASS,INFO,R1.D01=NO;R1.D03=SI;R2.D01=SI;R2.D02=SI;R2.D03=SI,MUNICIPIO30631,MUNICIPIO_SIN_CN_TRAB,Si,No,30631,,Regla 2 coherente para validaciones implementadas.
GPA-001__R2-001__R1-003__0392,GPA-001__R2-001__R1-003,02_inputs_xml_flat/GPA-001__R2-001__R1-003__0392.xml,PASS,INFO,R1.D01=NO;R1.D03=SI;R2.D01=SI;R2.D02=SI;R2.D03=SI,MUNICIPIO30632,MUNICIPIO_SIN_CN_TRAB,Si,No,30632,,Regla 2 coherente para validaciones implementadas.
GPA-001__R2-001__R1-003__0393,GPA-001__R2-001__R1-003,02_inputs_xml_flat/GPA-001__R2-001__R1-003__0393.xml,PASS,INFO,R1.D01=NO;R1.D03=SI;R2.D01=SI;R2.D02=SI;R2.D03=SI,MUNICIPIO30633,MUNICIPIO_SIN_CN_TRAB,Si,No,30633,,Regla 2 coherente para validaciones implementadas.
GPA-001__R2-001__R1-003__0394,GPA-001__R2-001__R1-003,02_inputs_xml_flat/GPA-001__R2-001__R1-003__0394.xml,PASS,INFO,R1.D01=NO;R1.D03=SI;R2.D01=SI;R2.D02=SI;R2.D03=SI,MUNICIPIO30631,MUNICIPIO_SIN_CN_TRAB,Si,No,30631,,Regla 2 coherente para validaciones implementadas.
GPA-001__R2-001__R1-003__0395,GPA-001__R2-001__R1-003,02_inputs_xml_flat/GPA-001__R2-001__R1-003__0395.xml,PASS,INFO,R1.D01=NO;R1.D03=SI;R2.D01=SI;R2.D02=SI;R2.D03=SI,MUNICIPIO30632,MUNICIPIO_SIN_CN_TRAB,Si,No,30632,,Regla 2 coherente para validaciones implementadas.
GPA-001__R2-001__R1-003__0396,GPA-001__R2-001__R1-003,02_inputs_xml_flat/GPA-001__R2-001__R1-003__0396.xml,PASS,INFO,R1.D01=NO;R1.D03=SI;R2.D01=SI;R2.D02=SI;R2.D03=SI,MUNICIPIO30633,MUNICIPIO_SIN_CN_TRAB,Si,No,30633,,Regla 2 coherente para validaciones implementadas.
GPA-001__R2-001__R1-003__0397,GPA-001__R2-001__R1-003,02_inputs_xml_flat/GPA-001__R2-001__R1-003__0397.xml,PASS,INFO,R1.D01=NO;R1.D03=SI;R2.D01=SI;R2.D02=SI;R2.D03=SI,MUNICIPIO30631,MUNICIPIO_SIN_CN_TRAB,Si,No,30631,,Regla 2 coherente para validaciones implementadas.
GPA-001__R2-001__R1-003__0398,GPA-001__R2-001__R1-003,02_inputs_xml_flat/GPA-001__R2-001__R1-003__0398.xml,PASS,INFO,R1.D01=NO;R1.D03=SI;R2.D01=SI;R2.D02=SI;R2.D03=SI,MUNICIPIO30632,MUNICIPIO_SIN_CN_TRAB,Si,No,30632,,Regla 2 coherente para validaciones implementadas.
GPA-001__R2-001__R1-003__0399,GPA-001__R2-001__R1-003,02_inputs_xml_flat/GPA-001__R2-001__R1-003__0399.xml,PASS,INFO,R1.D01=NO;R1.D03=SI;R2.D01=SI;R2.D02=SI;R2.D03=SI,MUNICIPIO30633,MUNICIPIO_SIN_CN_TRAB,Si,No,30633,,Regla 2 coherente para validaciones implementadas.
GPA-001__R2-001__R1-003__0400,GPA-001__R2-001__R1-003,02_inputs_xml_flat/GPA-001__R2-001__R1-003__0400.xml,PASS,INFO,R1.D01=NO;R1.D03=SI;R2.D01=SI;R2.D02=SI;R2.D03=SI,MUNICIPIO30631,MUNICIPIO_SIN_CN_TRAB,Si,No,30631,,Regla 2 coherente para validaciones implementadas.
GPA-001__R2-001__R1-003__0401,GPA-001__R2-001__R1-003,02_inputs_xml_flat/GPA-001__R2-001__R1-003__0401.xml,PASS,INFO,R1.D01=NO;R1.D03=SI;R2.D01=SI;R2.D02=SI;R2.D03=SI,MUNICIPIO30632,MUNICIPIO_SIN_CN_TRAB,Si,No,30632,,Regla 2 coherente para validaciones implementadas.
GPA-001__R2-001__R1-003__0402,GPA-001__R2-001__R1-003,02_inputs_xml_flat/GPA-001__R2-001__R1-003__0402.xml,PASS,INFO,R1.D01=NO;R1.D03=SI;R2.D01=SI;R2.D02=SI;R2.D03=SI,MUNICIPIO30633,MUNICIPIO_SIN_CN_TRAB,Si,No,30633,,Regla 2 coherente para validaciones implementadas.
GPA-001__R2-001__R1-003__0403,GPA-001__R2-001__R1-003,02_inputs_xml_flat/GPA-001__R2-001__R1-003__0403.xml,PASS,INFO,R1.D01=NO;R1.D03=SI;R2.D01=SI;R2.D02=SI;R2.D03=SI,MUNICIPIO30631,MUNICIPIO_SIN_CN_TRAB,Si,No,30631,,Regla 2 coherente para validaciones implementadas.
GPA-001__R2-001__R1-003__0404,GPA-001__R2-001__R1-003,02_inputs_xml_flat/GPA-001__R2-001__R1-003__0404.xml,PASS,INFO,R1.D01=NO;R1.D03=SI;R2.D01=SI;R2.D02=SI;R2.D03=SI,MUNICIPIO30632,MUNICIPIO_SIN_CN_TRAB,Si,No,30632,,Regla 2 coherente para validaciones implementadas.
GPA-001__R2-001__R1-003__0405,GPA-001__R2-001__R1-003,02_inputs_xml_flat/GPA-001__R2-001__R1-003__0405.xml,PASS,INFO,R1.D01=NO;R1.D03=SI;R2.D01=SI;R2.D02=SI;R2.D03=SI,MUNICIPIO30633,MUNICIPIO_SIN_CN_TRAB,Si,No,30633,,Regla 2 coherente para validaciones implementadas.
GPA-001__R2-001__R1-003__0406,GPA-001__R2-001__R1-003,02_inputs_xml_flat/GPA-001__R2-001__R1-003__0406.xml,PASS,INFO,R1.D01=NO;R1.D03=SI;R2.D01=SI;R2.D02=SI;R2.D03=SI,MUNICIPIO30631,MUNICIPIO_SIN_CN_TRAB,Si,No,30631,,Regla 2 coherente para validaciones implementadas.
GPA-001__R2-001__R1-003__0407,GPA-001__R2-001__R1-003,02_inputs_xml_flat/GPA-001__R2-001__R1-003__0407.xml,PASS,INFO,R1.D01=NO;R1.D03=SI;R2.D01=SI;R2.D02=SI;R2.D03=SI,MUNICIPIO30632,MUNICIPIO_SIN_CN_TRAB,Si,No,30632,,Regla 2 coherente para validaciones implementadas.
GPA-001__R2-001__R1-003__0408,GPA-001__R2-001__R1-003,02_inputs_xml_flat/GPA-001__R2-001__R1-003__0408.xml,PASS,INFO,R1.D01=NO;R1.D03=SI;R2.D01=SI;R2.D02=SI;R2.D03=SI,MUNICIPIO30633,MUNICIPIO_SIN_CN_TRAB,Si,No,30633,,Regla 2 coherente para validaciones implementadas.
GPA-001__R2-001__R1-003__0409,GPA-001__R2-001__R1-003,02_inputs_xml_flat/GPA-001__R2-001__R1-003__0409.xml,PASS,INFO,R1.D01=NO;R1.D03=SI;R2.D01=SI;R2.D02=SI;R2.D03=SI,MUNICIPIO30631,MUNICIPIO_SIN_CN_TRAB,Si,No,30631,,Regla 2 coherente para validaciones implementadas.
GPA-001__R2-001__R1-003__0410,GPA-001__R2-001__R1-003,02_inputs_xml_flat/GPA-001__R2-001__R1-003__0410.xml,PASS,INFO,R1.D01=NO;R1.D03=SI;R2.D01=SI;R2.D02=SI;R2.D03=SI,MUNICIPIO30632,MUNICIPIO_SIN_CN_TRAB,Si,No,30632,,Regla 2 coherente para validaciones implementadas.
GPA-001__R2-001__R1-003__0411,GPA-001__R2-001__R1-003,02_inputs_xml_flat/GPA-001__R2-001__R1-003__0411.xml,PASS,INFO,R1.D01=NO;R1.D03=SI;R2.D01=SI;R2.D02=SI;R2.D03=SI,MUNICIPIO30633,MUNICIPIO_SIN_CN_TRAB,Si,No,30633,,Regla 2 coherente para validaciones implementadas.
GPA-001__R2-001__R1-003__0412,GPA-001__R2-001__R1-003,02_inputs_xml_flat/GPA-001__R2-001__R1-003__0412.xml,PASS,INFO,R1.D01=NO;R1.D03=SI;R2.D01=SI;R2.D02=SI;R2.D03=SI,MUNICIPIO30631,MUNICIPIO_SIN_CN_TRAB,Si,No,30631,,Regla 2 coherente para validaciones implementadas.
GPA-001__R2-001__R1-003__0413,GPA-001__R2-001__R1-003,02_inputs_xml_flat/GPA-001__R2-001__R1-003__0413.xml,PASS,INFO,R1.D01=NO;R1.D03=SI;R2.D01=SI;R2.D02=SI;R2.D03=SI,MUNICIPIO30632,MUNICIPIO_SIN_CN_TRAB,Si,No,30632,,Regla 2 coherente para validaciones implementadas.
GPA-001__R2-001__R1-003__0414,GPA-001__R2-001__R1-003,02_inputs_xml_flat/GPA-001__R2-001__R1-003__0414.xml,PASS,INFO,R1.D01=NO;R1.D03=SI;R2.D01=SI;R2.D02=SI;R2.D03=SI,MUNICIPIO30633,MUNICIPIO_SIN_CN_TRAB,Si,No,30633,,Regla 2 coherente para validaciones implementadas.
GPA-001__R2-001__R1-003__0415,GPA-001__R2-001__R1-003,02_inputs_xml_flat/GPA-001__R2-001__R1-003__0415.xml,PASS,INFO,R1.D01=NO;R1.D03=SI;R2.D01=SI;R2.D02=SI;R2.D03=SI,MUNICIPIO30631,MUNICIPIO_SIN_CN_TRAB,Si,No,30631,,Regla 2 coherente para validaciones implementadas.
GPA-001__R2-001__R1-003__0416,GPA-001__R2-001__R1-003,02_inputs_xml_flat/GPA-001__R2-001__R1-003__0416.xml,PASS,INFO,R1.D01=NO;R1.D03=SI;R2.D01=SI;R2.D02=SI;R2.D03=SI,MUNICIPIO30632,MUNICIPIO_SIN_CN_TRAB,Si,No,30632,,Regla 2 coherente para validaciones implementadas.
GPA-001__R2-001__R1-003__0417,GPA-001__R2-001__R1-003,02_inputs_xml_flat/GPA-001__R2-001__R1-003__0417.xml,PASS,INFO,R1.D01=NO;R1.D03=SI;R2.D01=SI;R2.D02=SI;R2.D03=SI,MUNICIPIO30633,MUNICIPIO_SIN_CN_TRAB,Si,No,30633,,Regla 2 coherente para validaciones implementadas.
GPA-001__R2-001__R1-003__0418,GPA-001__R2-001__R1-003,02_inputs_xml_flat/GPA-001__R2-001__R1-003__0418.xml,PASS,INFO,R1.D01=NO;R1.D03=SI;R2.D01=SI;R2.D02=SI;R2.D03=SI,MUNICIPIO30631,MUNICIPIO_SIN_CN_TRAB,Si,No,30631,,Regla 2 coherente para validaciones implementadas.
GPA-001__R2-001__R1-003__0419,GPA-001__R2-001__R1-003,02_inputs_xml_flat/GPA-001__R2-001__R1-003__0419.xml,PASS,INFO,R1.D01=NO;R1.D03=SI;R2.D01=SI;R2.D02=SI;R2.D03=SI,MUNICIPIO30632,MUNICIPIO_SIN_CN_TRAB,Si,No,30632,,Regla 2 coherente para validaciones implementadas.
GPA-001__R2-001__R1-003__0420,GPA-001__R2-001__R1-003,02_inputs_xml_flat/GPA-001__R2-001__R1-003__0420.xml,PASS,INFO,R1.D01=NO;R1.D03=SI;R2.D01=SI;R2.D02=SI;R2.D03=SI,MUNICIPIO30633,MUNICIPIO_SIN_CN_TRAB,Si,No,30633,,Regla 2 coherente para validaciones implementadas.
GPA-001__R2-001__R1-003__0421,GPA-001__R2-001__R1-003,02_inputs_xml_flat/GPA-001__R2-001__R1-003__0421.xml,PASS,INFO,R1.D01=NO;R1.D03=SI;R2.D01=SI;R2.D02=SI;R2.D03=SI,MUNICIPIO30631,MUNICIPIO_SIN_CN_TRAB,Si,No,30631,,Regla 2 coherente para validaciones implementadas.
GPA-001__R2-001__R1-003__0422,GPA-001__R2-001__R1-003,02_inputs_xml_flat/GPA-001__R2-001__R1-003__0422.xml,PASS,INFO,R1.D01=NO;R1.D03=SI;R2.D01=SI;R2.D02=SI;R2.D03=SI,MUNICIPIO30632,MUNICIPIO_SIN_CN_TRAB,Si,No,30632,,Regla 2 coherente para validaciones implementadas.
GPA-001__R2-001__R1-003__0423,GPA-001__R2-001__R1-003,02_inputs_xml_flat/GPA-001__R2-001__R1-003__0423.xml,PASS,INFO,R1.D01=NO;R1.D03=SI;R2.D01=SI;R2.D02=SI;R2.D03=SI,MUNICIPIO30633,MUNICIPIO_SIN_CN_TRAB,Si,No,30633,,Regla 2 coherente para validaciones implementadas.
GPA-001__R2-001__R1-003__0424,GPA-001__R2-001__R1-003,02_inputs_xml_flat/GPA-001__R2-001__R1-003__0424.xml,PASS,INFO,R1.D01=NO;R1.D03=SI;R2.D01=SI;R2.D02=SI;R2.D03=SI,MUNICIPIO30631,MUNICIPIO_SIN_CN_TRAB,Si,No,30631,,Regla 2 coherente para validaciones implementadas.
GPA-001__R2-001__R1-003__0425,GPA-001__R2-001__R1-003,02_inputs_xml_flat/GPA-001__R2-001__R1-003__0425.xml,PASS,INFO,R1.D01=NO;R1.D03=SI;R2.D01=SI;R2.D02=SI;R2.D03=SI,MUNICIPIO30632,MUNICIPIO_SIN_CN_TRAB,Si,No,30632,,Regla 2 coherente para validaciones implementadas.
GPA-001__R2-001__R1-003__0426,GPA-001__R2-001__R1-003,02_inputs_xml_flat/GPA-001__R2-001__R1-003__0426.xml,PASS,INFO,R1.D01=NO;R1.D03=SI;R2.D01=SI;R2.D02=SI;R2.D03=SI,MUNICIPIO30633,MUNICIPIO_SIN_CN_TRAB,Si,No,30633,,Regla 2 coherente para validaciones implementadas.
GPA-001__R2-001__R1-003__0427,GPA-001__R2-001__R1-003,02_inputs_xml_flat/GPA-001__R2-001__R1-003__0427.xml,PASS,INFO,R1.D01=NO;R1.D03=SI;R2.D01=SI;R2.D02=SI;R2.D03=SI,MUNICIPIO30631,MUNICIPIO_SIN_CN_TRAB,Si,No,30631,,Regla 2 coherente para validaciones implementadas.
GPA-001__R2-001__R1-003__0428,GPA-001__R2-001__R1-003,02_inputs_xml_flat/GPA-001__R2-001__R1-003__0428.xml,PASS,INFO,R1.D01=NO;R1.D03=SI;R2.D01=SI;R2.D02=SI;R2.D03=SI,MUNICIPIO30632,MUNICIPIO_SIN_CN_TRAB,Si,No,30632,,Regla 2 coherente para validaciones implementadas.
GPA-001__R2-001__R1-003__0429,GPA-001__R2-001__R1-003,02_inputs_xml_flat/GPA-001__R2-001__R1-003__0429.xml,PASS,INFO,R1.D01=NO;R1.D03=SI;R2.D01=SI;R2.D02=SI;R2.D03=SI,MUNICIPIO30633,MUNICIPIO_SIN_CN_TRAB,Si,No,30633,,Regla 2 coherente para validaciones implementadas.
GPA-001__R2-001__R1-003__0430,GPA-001__R2-001__R1-003,02_inputs_xml_flat/GPA-001__R2-001__R1-003__0430.xml,PASS,INFO,R1.D01=NO;R1.D03=SI;R2.D01=SI;R2.D02=SI;R2.D03=SI,MUNICIPIO30631,MUNICIPIO_SIN_CN_TRAB,Si,No,30631,,Regla 2 coherente para validaciones implementadas.
GPA-001__R2-001__R1-003__0431,GPA-001__R2-001__R1-003,02_inputs_xml_flat/GPA-001__R2-001__R1-003__0431.xml,PASS,INFO,R1.D01=NO;R1.D03=SI;R2.D01=SI;R2.D02=SI;R2.D03=SI,MUNICIPIO30632,MUNICIPIO_SIN_CN_TRAB,Si,No,30632,,Regla 2 coherente para validaciones implementadas.
GPA-001__R2-001__R1-003__0432,GPA-001__R2-001__R1-003,02_inputs_xml_flat/GPA-001__R2-001__R1-003__0432.xml,PASS,INFO,R1.D01=NO;R1.D03=SI;R2.D01=SI;R2.D02=SI;R2.D03=SI,MUNICIPIO30633,MUNICIPIO_SIN_CN_TRAB,Si,No,30633,,Regla 2 coherente para validaciones implementadas.
GPA-001__R2-001__R1-003__0433,GPA-001__R2-001__R1-003,02_inputs_xml_flat/GPA-001__R2-001__R1-003__0433.xml,PASS,INFO,R1.D01=NO;R1.D03=SI;R2.D01=SI;R2.D02=SI;R2.D03=SI,MUNICIPIO30631,MUNICIPIO_SIN_CN_TRAB,Si,No,30631,,Regla 2 coherente para validaciones implementadas.
GPA-001__R2-001__R1-003__0434,GPA-001__R2-001__R1-003,02_inputs_xml_flat/GPA-001__R2-001__R1-003__0434.xml,PASS,INFO,R1.D01=NO;R1.D03=SI;R2.D01=SI;R2.D02=SI;R2.D03=SI,MUNICIPIO30632,MUNICIPIO_SIN_CN_TRAB,Si,No,30632,,Regla 2 coherente para validaciones implementadas.
GPA-001__R2-001__R1-003__0435,GPA-001__R2-001__R1-003,02_inputs_xml_flat/GPA-001__R2-001__R1-003__0435.xml,PASS,INFO,R1.D01=NO;R1.D03=SI;R2.D01=SI;R2.D02=SI;R2.D03=SI,MUNICIPIO30633,MUNICIPIO_SIN_CN_TRAB,Si,No,30633,,Regla 2 coherente para validaciones implementadas.
GPA-001__R2-001__R1-003__0436,GPA-001__R2-001__R1-003,02_inputs_xml_flat/GPA-001__R2-001__R1-003__0436.xml,PASS,INFO,R1.D01=NO;R1.D03=SI;R2.D01=SI;R2.D02=SI;R2.D03=SI,MUNICIPIO30631,MUNICIPIO_SIN_CN_TRAB,Si,No,30631,,Regla 2 coherente para validaciones implementadas.
GPA-001__R2-001__R1-003__0437,GPA-001__R2-001__R1-003,02_inputs_xml_flat/GPA-001__R2-001__R1-003__0437.xml,PASS,INFO,R1.D01=NO;R1.D03=SI;R2.D01=SI;R2.D02=SI;R2.D03=SI,MUNICIPIO30632,MUNICIPIO_SIN_CN_TRAB,Si,No,30632,,Regla 2 coherente para validaciones implementadas.
GPA-001__R2-001__R1-003__0438,GPA-001__R2-001__R1-003,02_inputs_xml_flat/GPA-001__R2-001__R1-003__0438.xml,PASS,INFO,R1.D01=NO;R1.D03=SI;R2.D01=SI;R2.D02=SI;R2.D03=SI,MUNICIPIO30633,MUNICIPIO_SIN_CN_TRAB,Si,No,30633,,Regla 2 coherente para validaciones implementadas.
GPA-001__R2-001__R1-003__0439,GPA-001__R2-001__R1-003,02_inputs_xml_flat/GPA-001__R2-001__R1-003__0439.xml,PASS,INFO,R1.D01=NO;R1.D03=SI;R2.D01=SI;R2.D02=SI;R2.D03=SI,MUNICIPIO30631,MUNICIPIO_SIN_CN_TRAB,Si,No,30631,,Regla 2 coherente para validaciones implementadas.
GPA-001__R2-001__R1-003__0440,GPA-001__R2-001__R1-003,02_inputs_xml_flat/GPA-001__R2-001__R1-003__0440.xml,PASS,INFO,R1.D01=NO;R1.D03=SI;R2.D01=SI;R2.D02=SI;R2.D03=SI,MUNICIPIO30632,MUNICIPIO_SIN_CN_TRAB,Si,No,30632,,Regla 2 coherente para validaciones implementadas.
GPA-001__R2-001__R1-003__0441,GPA-001__R2-001__R1-003,02_inputs_xml_flat/GPA-001__R2-001__R1-003__0441.xml,PASS,INFO,R1.D01=NO;R1.D03=SI;R2.D01=SI;R2.D02=SI;R2.D03=SI,MUNICIPIO30633,MUNICIPIO_SIN_CN_TRAB,Si,No,30633,,Regla 2 coherente para validaciones implementadas.
GPA-001__R2-001__R1-003__0442,GPA-001__R2-001__R1-003,02_inputs_xml_flat/GPA-001__R2-001__R1-003__0442.xml,PASS,INFO,R1.D01=NO;R1.D03=SI;R2.D01=SI;R2.D02=SI;R2.D03=SI,MUNICIPIO30631,MUNICIPIO_SIN_CN_TRAB,Si,No,30631,,Regla 2 coherente para validaciones implementadas.
GPA-001__R2-001__R1-003__0443,GPA-001__R2-001__R1-003,02_inputs_xml_flat/GPA-001__R2-001__R1-003__0443.xml,PASS,INFO,R1.D01=NO;R1.D03=SI;R2.D01=SI;R2.D02=SI;R2.D03=SI,MUNICIPIO30632,MUNICIPIO_SIN_CN_TRAB,Si,No,30632,,Regla 2 coherente para validaciones implementadas.
GPA-001__R2-001__R1-003__0444,GPA-001__R2-001__R1-003,02_inputs_xml_flat/GPA-001__R2-001__R1-003__0444.xml,PASS,INFO,R1.D01=NO;R1.D03=SI;R2.D01=SI;R2.D02=SI;R2.D03=SI,MUNICIPIO30633,MUNICIPIO_SIN_CN_TRAB,Si,No,30633,,Regla 2 coherente para validaciones implementadas.
GPA-001__R2-001__R1-003__0445,GPA-001__R2-001__R1-003,02_inputs_xml_flat/GPA-001__R2-001__R1-003__0445.xml,PASS,INFO,R1.D01=NO;R1.D03=SI;R2.D01=SI;R2.D02=SI;R2.D03=SI,MUNICIPIO30631,MUNICIPIO_SIN_CN_TRAB,Si,No,30631,,Regla 2 coherente para validaciones implementadas.
GPA-001__R2-001__R1-003__0446,GPA-001__R2-001__R1-003,02_inputs_xml_flat/GPA-001__R2-001__R1-003__0446.xml,PASS,INFO,R1.D01=NO;R1.D03=SI;R2.D01=SI;R2.D02=SI;R2.D03=SI,MUNICIPIO30632,MUNICIPIO_SIN_CN_TRAB,Si,No,30632,,Regla 2 coherente para validaciones implementadas.
GPA-001__R2-001__R1-003__0447,GPA-001__R2-001__R1-003,02_inputs_xml_flat/GPA-001__R2-001__R1-003__0447.xml,PASS,INFO,R1.D01=NO;R1.D03=SI;R2.D01=SI;R2.D02=SI;R2.D03=SI,MUNICIPIO30633,MUNICIPIO_SIN_CN_TRAB,Si,No,30633,,Regla 2 coherente para validaciones implementadas.
GPA-001__R2-001__R1-003__0448,GPA-001__R2-001__R1-003,02_inputs_xml_flat/GPA-001__R2-001__R1-003__0448.xml,PASS,INFO,R1.D01=NO;R1.D03=SI;R2.D01=SI;R2.D02=SI;R2.D03=SI,MUNICIPIO30631,MUNICIPIO_SIN_CN_TRAB,Si,No,30631,,Regla 2 coherente para validaciones implementadas.
GPA-001__R2-001__R1-003__0449,GPA-001__R2-001__R1-003,02_inputs_xml_flat/GPA-001__R2-001__R1-003__0449.xml,PASS,INFO,R1.D01=NO;R1.D03=SI;R2.D01=SI;R2.D02=SI;R2.D03=SI,MUNICIPIO30632,MUNICIPIO_SIN_CN_TRAB,Si,No,30632,,Regla 2 coherente para validaciones implementadas.
GPA-001__R2-001__R1-003__0450,GPA-001__R2-001__R1-003,02_inputs_xml_flat/GPA-001__R2-001__R1-003__0450.xml,PASS,INFO,R1.D01=NO;R1.D03=SI;R2.D01=SI;R2.D02=SI;R2.D03=SI,MUNICIPIO30633,MUNICIPIO_SIN_CN_TRAB,Si,No,30633,,Regla 2 coherente para validaciones implementadas.
GPA-001__R2-001__R1-003__0451,GPA-001__R2-001__R1-003,02_inputs_xml_flat/GPA-001__R2-001__R1-003__0451.xml,PASS,INFO,R1.D01=NO;R1.D03=SI;R2.D01=SI;R2.D02=SI;R2.D03=SI,MUNICIPIO30631,MUNICIPIO_SIN_CN_TRAB,Si,No,30631,,Regla 2 coherente para validaciones implementadas.
GPA-001__R2-001__R1-003__0452,GPA-001__R2-001__R1-003,02_inputs_xml_flat/GPA-001__R2-001__R1-003__0452.xml,PASS,INFO,R1.D01=NO;R1.D03=SI;R2.D01=SI;R2.D02=SI;R2.D03=SI,MUNICIPIO30632,MUNICIPIO_SIN_CN_TRAB,Si,No,30632,,Regla 2 coherente para validaciones implementadas.
GPA-001__R2-001__R1-003__0453,GPA-001__R2-001__R1-003,02_inputs_xml_flat/GPA-001__R2-001__R1-003__0453.xml,PASS,INFO,R1.D01=NO;R1.D03=SI;R2.D01=SI;R2.D02=SI;R2.D03=SI,MUNICIPIO30633,MUNICIPIO_SIN_CN_TRAB,Si,No,30633,,Regla 2 coherente para validaciones implementadas.
GPA-001__R2-001__R1-003__0454,GPA-001__R2-001__R1-003,02_inputs_xml_flat/GPA-001__R2-001__R1-003__0454.xml,PASS,INFO,R1.D01=NO;R1.D03=SI;R2.D01=SI;R2.D02=SI;R2.D03=SI,MUNICIPIO30631,MUNICIPIO_SIN_CN_TRAB,Si,No,30631,,Regla 2 coherente para validaciones implementadas.
GPA-001__R2-001__R1-003__0455,GPA-001__R2-001__R1-003,02_inputs_xml_flat/GPA-001__R2-001__R1-003__0455.xml,PASS,INFO,R1.D01=NO;R1.D03=SI;R2.D01=SI;R2.D02=SI;R2.D03=SI,MUNICIPIO30632,MUNICIPIO_SIN_CN_TRAB,Si,No,30632,,Regla 2 coherente para validaciones implementadas.
GPA-001__R2-001__R1-003__0456,GPA-001__R2-001__R1-003,02_inputs_xml_flat/GPA-001__R2-001__R1-003__0456.xml,PASS,INFO,R1.D01=NO;R1.D03=SI;R2.D01=SI;R2.D02=SI;R2.D03=SI,MUNICIPIO30633,MUNICIPIO_SIN_CN_TRAB,Si,No,30633,,Regla 2 coherente para validaciones implementadas.
GPA-001__R2-001__R1-003__0457,GPA-001__R2-001__R1-003,02_inputs_xml_flat/GPA-001__R2-001__R1-003__0457.xml,PASS,INFO,R1.D01=NO;R1.D03=SI;R2.D01=SI;R2.D02=SI;R2.D03=SI,MUNICIPIO30631,MUNICIPIO_SIN_CN_TRAB,Si,No,30631,,Regla 2 coherente para validaciones implementadas.
GPA-001__R2-001__R1-003__0458,GPA-001__R2-001__R1-003,02_inputs_xml_flat/GPA-001__R2-001__R1-003__0458.xml,PASS,INFO,R1.D01=NO;R1.D03=SI;R2.D01=SI;R2.D02=SI;R2.D03=SI,MUNICIPIO30632,MUNICIPIO_SIN_CN_TRAB,Si,No,30632,,Regla 2 coherente para validaciones implementadas.
GPA-001__R2-001__R1-003__0459,GPA-001__R2-001__R1-003,02_inputs_xml_flat/GPA-001__R2-001__R1-003__0459.xml,PASS,INFO,R1.D01=NO;R1.D03=SI;R2.D01=SI;R2.D02=SI;R2.D03=SI,MUNICIPIO30633,MUNICIPIO_SIN_CN_TRAB,Si,No,30633,,Regla 2 coherente para validaciones implementadas.
GPA-001__R2-001__R1-003__0460,GPA-001__R2-001__R1-003,02_inputs_xml_flat/GPA-001__R2-001__R1-003__0460.xml,PASS,INFO,R1.D01=NO;R1.D03=SI;R2.D01=SI;R2.D02=SI;R2.D03=SI,MUNICIPIO30631,MUNICIPIO_SIN_CN_TRAB,Si,No,30631,,Regla 2 coherente para validaciones implementadas.
GPA-001__R2-001__R1-003__0461,GPA-001__R2-001__R1-003,02_inputs_xml_flat/GPA-001__R2-001__R1-003__0461.xml,PASS,INFO,R1.D01=NO;R1.D03=SI;R2.D01=SI;R2.D02=SI;R2.D03=SI,MUNICIPIO30632,MUNICIPIO_SIN_CN_TRAB,Si,No,30632,,Regla 2 coherente para validaciones implementadas.
GPA-001__R2-001__R1-003__0462,GPA-001__R2-001__R1-003,02_inputs_xml_flat/GPA-001__R2-001__R1-003__0462.xml,PASS,INFO,R1.D01=NO;R1.D03=SI;R2.D01=SI;R2.D02=SI;R2.D03=SI,MUNICIPIO30633,MUNICIPIO_SIN_CN_TRAB,Si,No,30633,,Regla 2 coherente para validaciones implementadas.
GPA-001__R2-001__R1-003__0463,GPA-001__R2-001__R1-003,02_inputs_xml_flat/GPA-001__R2-001__R1-003__0463.xml,PASS,INFO,R1.D01=NO;R1.D03=SI;R2.D01=SI;R2.D02=SI;R2.D03=SI,MUNICIPIO30631,MUNICIPIO_SIN_CN_TRAB,Si,No,30631,,Regla 2 coherente para validaciones implementadas.
GPA-001__R2-001__R1-003__0464,GPA-001__R2-001__R1-003,02_inputs_xml_flat/GPA-001__R2-001__R1-003__0464.xml,PASS,INFO,R1.D01=NO;R1.D03=SI;R2.D01=SI;R2.D02=SI;R2.D03=SI,MUNICIPIO30632,MUNICIPIO_SIN_CN_TRAB,Si,No,30632,,Regla 2 coherente para validaciones implementadas.
GPA-001__R2-001__R1-003__0465,GPA-001__R2-001__R1-003,02_inputs_xml_flat/GPA-001__R2-001__R1-003__0465.xml,PASS,INFO,R1.D01=NO;R1.D03=SI;R2.D01=SI;R2.D02=SI;R2.D03=SI,MUNICIPIO30633,MUNICIPIO_SIN_CN_TRAB,Si,No,30633,,Regla 2 coherente para validaciones implementadas.
GPA-001__R2-001__R1-003__0466,GPA-001__R2-001__R1-003,02_inputs_xml_flat/GPA-001__R2-001__R1-003__0466.xml,PASS,INFO,R1.D01=NO;R1.D03=SI;R2.D01=SI;R2.D02=SI;R2.D03=SI,MUNICIPIO30631,MUNICIPIO_SIN_CN_TRAB,Si,No,30631,,Regla 2 coherente para validaciones implementadas.
GPA-001__R2-001__R1-003__0467,GPA-001__R2-001__R1-003,02_inputs_xml_flat/GPA-001__R2-001__R1-003__0467.xml,PASS,INFO,R1.D01=NO;R1.D03=SI;R2.D01=SI;R2.D02=SI;R2.D03=SI,MUNICIPIO30632,MUNICIPIO_SIN_CN_TRAB,Si,No,30632,,Regla 2 coherente para validaciones implementadas.
GPA-001__R2-001__R1-003__0468,GPA-001__R2-001__R1-003,02_inputs_xml_flat/GPA-001__R2-001__R1-003__0468.xml,PASS,INFO,R1.D01=NO;R1.D03=SI;R2.D01=SI;R2.D02=SI;R2.D03=SI,MUNICIPIO30633,MUNICIPIO_SIN_CN_TRAB,Si,No,30633,,Regla 2 coherente para validaciones implementadas.
GPA-001__R2-001__R1-003__0469,GPA-001__R2-001__R1-003,02_inputs_xml_flat/GPA-001__R2-001__R1-003__0469.xml,PASS,INFO,R1.D01=NO;R1.D03=SI;R2.D01=SI;R2.D02=SI;R2.D03=SI,MUNICIPIO30631,MUNICIPIO_SIN_CN_TRAB,Si,No,30631,,Regla 2 coherente para validaciones implementadas.
GPA-001__R2-001__R1-003__0470,GPA-001__R2-001__R1-003,02_inputs_xml_flat/GPA-001__R2-001__R1-003__0470.xml,PASS,INFO,R1.D01=NO;R1.D03=SI;R2.D01=SI;R2.D02=SI;R2.D03=SI,MUNICIPIO30632,MUNICIPIO_SIN_CN_TRAB,Si,No,30632,,Regla 2 coherente para validaciones implementadas.
GPA-001__R2-001__R1-003__0471,GPA-001__R2-001__R1-003,02_inputs_xml_flat/GPA-001__R2-001__R1-003__0471.xml,PASS,INFO,R1.D01=NO;R1.D03=SI;R2.D01=SI;R2.D02=SI;R2.D03=SI,MUNICIPIO30633,MUNICIPIO_SIN_CN_TRAB,Si,No,30633,,Regla 2 coherente para validaciones implementadas.
GPA-001__R2-001__R1-003__0472,GPA-001__R2-001__R1-003,02_inputs_xml_flat/GPA-001__R2-001__R1-003__0472.xml,PASS,INFO,R1.D01=NO;R1.D03=SI;R2.D01=SI;R2.D02=SI;R2.D03=SI,MUNICIPIO30631,MUNICIPIO_SIN_CN_TRAB,Si,No,30631,,Regla 2 coherente para validaciones implementadas.
GPA-001__R2-001__R1-003__0473,GPA-001__R2-001__R1-003,02_inputs_xml_flat/GPA-001__R2-001__R1-003__0473.xml,PASS,INFO,R1.D01=NO;R1.D03=SI;R2.D01=SI;R2.D02=SI;R2.D03=SI,MUNICIPIO30632,MUNICIPIO_SIN_CN_TRAB,Si,No,30632,,Regla 2 coherente para validaciones implementadas.
GPA-001__R2-001__R1-003__0474,GPA-001__R2-001__R1-003,02_inputs_xml_flat/GPA-001__R2-001__R1-003__0474.xml,PASS,INFO,R1.D01=NO;R1.D03=SI;R2.D01=SI;R2.D02=SI;R2.D03=SI,MUNICIPIO30633,MUNICIPIO_SIN_CN_TRAB,Si,No,30633,,Regla 2 coherente para validaciones implementadas.
GPA-001__R2-001__R1-003__0475,GPA-001__R2-001__R1-003,02_inputs_xml_flat/GPA-001__R2-001__R1-003__0475.xml,PASS,INFO,R1.D01=NO;R1.D03=SI;R2.D01=SI;R2.D02=SI;R2.D03=SI,MUNICIPIO30631,MUNICIPIO_SIN_CN_TRAB,Si,No,30631,,Regla 2 coherente para validaciones implementadas.
GPA-001__R2-001__R1-003__0476,GPA-001__R2-001__R1-003,02_inputs_xml_flat/GPA-001__R2-001__R1-003__0476.xml,PASS,INFO,R1.D01=NO;R1.D03=SI;R2.D01=SI;R2.D02=SI;R2.D03=SI,MUNICIPIO30632,MUNICIPIO_SIN_CN_TRAB,Si,No,30632,,Regla 2 coherente para validaciones implementadas.
GPA-001__R2-001__R1-003__0477,GPA-001__R2-001__R1-003,02_inputs_xml_flat/GPA-001__R2-001__R1-003__0477.xml,PASS,INFO,R1.D01=NO;R1.D03=SI;R2.D01=SI;R2.D02=SI;R2.D03=SI,MUNICIPIO30633,MUNICIPIO_SIN_CN_TRAB,Si,No,30633,,Regla 2 coherente para validaciones implementadas.
GPA-001__R2-001__R1-003__0478,GPA-001__R2-001__R1-003,02_inputs_xml_flat/GPA-001__R2-001__R1-003__0478.xml,PASS,INFO,R1.D01=NO;R1.D03=SI;R2.D01=SI;R2.D02=SI;R2.D03=SI,MUNICIPIO30631,MUNICIPIO_SIN_CN_TRAB,Si,No,30631,,Regla 2 coherente para validaciones implementadas.
GPA-001__R2-001__R1-003__0479,GPA-001__R2-001__R1-003,02_inputs_xml_flat/GPA-001__R2-001__R1-003__0479.xml,PASS,INFO,R1.D01=NO;R1.D03=SI;R2.D01=SI;R2.D02=SI;R2.D03=SI,MUNICIPIO30632,MUNICIPIO_SIN_CN_TRAB,Si,No,30632,,Regla 2 coherente para validaciones implementadas.
GPA-001__R2-001__R1-003__0480,GPA-001__R2-001__R1-003,02_inputs_xml_flat/GPA-001__R2-001__R1-003__0480.xml,PASS,INFO,R1.D01=NO;R1.D03=SI;R2.D01=SI;R2.D02=SI;R2.D03=SI,MUNICIPIO30633,MUNICIPIO_SIN_CN_TRAB,Si,No,30633,,Regla 2 coherente para validaciones implementadas.
GPA-001__R2-001__R1-003__0481,GPA-001__R2-001__R1-003,02_inputs_xml_flat/GPA-001__R2-001__R1-003__0481.xml,PASS,INFO,R1.D01=NO;R1.D03=SI;R2.D01=SI;R2.D02=SI;R2.D03=SI,MUNICIPIO30631,MUNICIPIO_SIN_CN_TRAB,Si,No,30631,,Regla 2 coherente para validaciones implementadas.
GPA-001__R2-001__R1-003__0482,GPA-001__R2-001__R1-003,02_inputs_xml_flat/GPA-001__R2-001__R1-003__0482.xml,PASS,INFO,R1.D01=NO;R1.D03=SI;R2.D01=SI;R2.D02=SI;R2.D03=SI,MUNICIPIO30632,MUNICIPIO_SIN_CN_TRAB,Si,No,30632,,Regla 2 coherente para validaciones implementadas.
GPA-001__R2-001__R1-003__0483,GPA-001__R2-001__R1-003,02_inputs_xml_flat/GPA-001__R2-001__R1-003__0483.xml,PASS,INFO,R1.D01=NO;R1.D03=SI;R2.D01=SI;R2.D02=SI;R2.D03=SI,MUNICIPIO30633,MUNICIPIO_SIN_CN_TRAB,Si,No,30633,,Regla 2 coherente para validaciones implementadas.
GPA-001__R2-001__R1-003__0484,GPA-001__R2-001__R1-003,02_inputs_xml_flat/GPA-001__R2-001__R1-003__0484.xml,PASS,INFO,R1.D01=NO;R1.D03=SI;R2.D01=SI;R2.D02=SI;R2.D03=SI,MUNICIPIO30631,MUNICIPIO_SIN_CN_TRAB,Si,No,30631,,Regla 2 coherente para validaciones implementadas.
GPA-001__R2-001__R1-003__0485,GPA-001__R2-001__R1-003,02_inputs_xml_flat/GPA-001__R2-001__R1-003__0485.xml,PASS,INFO,R1.D01=NO;R1.D03=SI;R2.D01=SI;R2.D02=SI;R2.D03=SI,MUNICIPIO30632,MUNICIPIO_SIN_CN_TRAB,Si,No,30632,,Regla 2 coherente para validaciones implementadas.
GPA-001__R2-001__R1-003__0486,GPA-001__R2-001__R1-003,02_inputs_xml_flat/GPA-001__R2-001__R1-003__0486.xml,PASS,INFO,R1.D01=NO;R1.D03=SI;R2.D01=SI;R2.D02=SI;R2.D03=SI,MUNICIPIO30633,MUNICIPIO_SIN_CN_TRAB,Si,No,30633,,Regla 2 coherente para validaciones implementadas.
GPA-001__R2-001__R1-003__0487,GPA-001__R2-001__R1-003,02_inputs_xml_flat/GPA-001__R2-001__R1-003__0487.xml,PASS,INFO,R1.D01=NO;R1.D03=SI;R2.D01=SI;R2.D02=SI;R2.D03=SI,MUNICIPIO30631,MUNICIPIO_SIN_CN_TRAB,Si,No,30631,,Regla 2 coherente para validaciones implementadas.
GPA-001__R2-001__R1-003__0488,GPA-001__R2-001__R1-003,02_inputs_xml_flat/GPA-001__R2-001__R1-003__0488.xml,PASS,INFO,R1.D01=NO;R1.D03=SI;R2.D01=SI;R2.D02=SI;R2.D03=SI,MUNICIPIO30632,MUNICIPIO_SIN_CN_TRAB,Si,No,30632,,Regla 2 coherente para validaciones implementadas.
GPA-001__R2-001__R1-003__0489,GPA-001__R2-001__R1-003,02_inputs_xml_flat/GPA-001__R2-001__R1-003__0489.xml,PASS,INFO,R1.D01=NO;R1.D03=SI;R2.D01=SI;R2.D02=SI;R2.D03=SI,MUNICIPIO30633,MUNICIPIO_SIN_CN_TRAB,Si,No,30633,,Regla 2 coherente para validaciones implementadas.
GPA-001__R2-001__R1-003__0490,GPA-001__R2-001__R1-003,02_inputs_xml_flat/GPA-001__R2-001__R1-003__0490.xml,PASS,INFO,R1.D01=NO;R1.D03=SI;R2.D01=SI;R2.D02=SI;R2.D03=SI,MUNICIPIO30631,MUNICIPIO_SIN_CN_TRAB,Si,No,30631,,Regla 2 coherente para validaciones implementadas.
GPA-001__R2-001__R1-003__0491,GPA-001__R2-001__R1-003,02_inputs_xml_flat/GPA-001__R2-001__R1-003__0491.xml,PASS,INFO,R1.D01=NO;R1.D03=SI;R2.D01=SI;R2.D02=SI;R2.D03=SI,MUNICIPIO30632,MUNICIPIO_SIN_CN_TRAB,Si,No,30632,,Regla 2 coherente para validaciones implementadas.
GPA-001__R2-001__R1-003__0492,GPA-001__R2-001__R1-003,02_inputs_xml_flat/GPA-001__R2-001__R1-003__0492.xml,PASS,INFO,R1.D01=NO;R1.D03=SI;R2.D01=SI;R2.D02=SI;R2.D03=SI,MUNICIPIO30633,MUNICIPIO_SIN_CN_TRAB,Si,No,30633,,Regla 2 coherente para validaciones implementadas.
GPA-001__R2-001__R1-003__0493,GPA-001__R2-001__R1-003,02_inputs_xml_flat/GPA-001__R2-001__R1-003__0493.xml,PASS,INFO,R1.D01=NO;R1.D03=SI;R2.D01=SI;R2.D02=SI;R2.D03=SI,MUNICIPIO30631,MUNICIPIO_SIN_CN_TRAB,Si,No,30631,,Regla 2 coherente para validaciones implementadas.
GPA-001__R2-001__R1-003__0494,GPA-001__R2-001__R1-003,02_inputs_xml_flat/GPA-001__R2-001__R1-003__0494.xml,PASS,INFO,R1.D01=NO;R1.D03=SI;R2.D01=SI;R2.D02=SI;R2.D03=SI,MUNICIPIO30632,MUNICIPIO_SIN_CN_TRAB,Si,No,30632,,Regla 2 coherente para validaciones implementadas.
GPA-001__R2-001__R1-003__0495,GPA-001__R2-001__R1-003,02_inputs_xml_flat/GPA-001__R2-001__R1-003__0495.xml,PASS,INFO,R1.D01=NO;R1.D03=SI;R2.D01=SI;R2.D02=SI;R2.D03=SI,MUNICIPIO30633,MUNICIPIO_SIN_CN_TRAB,Si,No,30633,,Regla 2 coherente para validaciones implementadas.
GPA-001__R2-001__R1-003__0496,GPA-001__R2-001__R1-003,02_inputs_xml_flat/GPA-001__R2-001__R1-003__0496.xml,PASS,INFO,R1.D01=NO;R1.D03=SI;R2.D01=SI;R2.D02=SI;R2.D03=SI,MUNICIPIO30631,MUNICIPIO_SIN_CN_TRAB,Si,No,30631,,Regla 2 coherente para validaciones implementadas.
GPA-001__R2-001__R1-003__0497,GPA-001__R2-001__R1-003,02_inputs_xml_flat/GPA-001__R2-001__R1-003__0497.xml,PASS,INFO,R1.D01=NO;R1.D03=SI;R2.D01=SI;R2.D02=SI;R2.D03=SI,MUNICIPIO30632,MUNICIPIO_SIN_CN_TRAB,Si,No,30632,,Regla 2 coherente para validaciones implementadas.
GPA-001__R2-001__R1-003__0498,GPA-001__R2-001__R1-003,02_inputs_xml_flat/GPA-001__R2-001__R1-003__0498.xml,PASS,INFO,R1.D01=NO;R1.D03=SI;R2.D01=SI;R2.D02=SI;R2.D03=SI,MUNICIPIO30633,MUNICIPIO_SIN_CN_TRAB,Si,No,30633,,Regla 2 coherente para validaciones implementadas.
GPA-001__R2-001__R1-003__0499,GPA-001__R2-001__R1-003,02_inputs_xml_flat/GPA-001__R2-001__R1-003__0499.xml,PASS,INFO,R1.D01=NO;R1.D03=SI;R2.D01=SI;R2.D02=SI;R2.D03=SI,MUNICIPIO30631,MUNICIPIO_SIN_CN_TRAB,Si,No,30631,,Regla 2 coherente para validaciones implementadas.
GPA-001__R2-001__R1-003__0500,GPA-001__R2-001__R1-003,02_inputs_xml_flat/GPA-001__R2-001__R1-003__0500.xml,PASS,INFO,R1.D01=NO;R1.D03=SI;R2.D01=SI;R2.D02=SI;R2.D03=SI,MUNICIPIO30632,MUNICIPIO_SIN_CN_TRAB,Si,No,30632,,Regla 2 coherente para validaciones implementadas.
GPA-001__R2-001__R1-003__0501,GPA-001__R2-001__R1-003,02_inputs_xml_flat/GPA-001__R2-001__R1-003__0501.xml,PASS,INFO,R1.D01=NO;R1.D03=SI;R2.D01=SI;R2.D02=SI;R2.D03=SI,MUNICIPIO30633,MUNICIPIO_SIN_CN_TRAB,Si,No,30633,,Regla 2 coherente para validaciones implementadas.
GPA-001__R2-001__R1-003__0502,GPA-001__R2-001__R1-003,02_inputs_xml_flat/GPA-001__R2-001__R1-003__0502.xml,PASS,INFO,R1.D01=NO;R1.D03=SI;R2.D01=SI;R2.D02=SI;R2.D03=SI,MUNICIPIO30631,MUNICIPIO_SIN_CN_TRAB,Si,No,30631,,Regla 2 coherente para validaciones implementadas.
GPA-001__R2-001__R1-003__0503,GPA-001__R2-001__R1-003,02_inputs_xml_flat/GPA-001__R2-001__R1-003__0503.xml,PASS,INFO,R1.D01=NO;R1.D03=SI;R2.D01=SI;R2.D02=SI;R2.D03=SI,MUNICIPIO30632,MUNICIPIO_SIN_CN_TRAB,Si,No,30632,,Regla 2 coherente para validaciones implementadas.
GPA-001__R2-001__R1-003__0504,GPA-001__R2-001__R1-003,02_inputs_xml_flat/GPA-001__R2-001__R1-003__0504.xml,PASS,INFO,R1.D01=NO;R1.D03=SI;R2.D01=SI;R2.D02=SI;R2.D03=SI,MUNICIPIO30633,MUNICIPIO_SIN_CN_TRAB,Si,No,30633,,Regla 2 coherente para validaciones implementadas.
GPA-001__R2-001__R1-003__0505,GPA-001__R2-001__R1-003,02_inputs_xml_flat/GPA-001__R2-001__R1-003__0505.xml,PASS,INFO,R1.D01=NO;R1.D03=SI;R2.D01=SI;R2.D02=SI;R2.D03=SI,MUNICIPIO30631,MUNICIPIO_SIN_CN_TRAB,Si,No,30631,,Regla 2 coherente para validaciones implementadas.
GPA-001__R2-001__R1-003__0506,GPA-001__R2-001__R1-003,02_inputs_xml_flat/GPA-001__R2-001__R1-003__0506.xml,PASS,INFO,R1.D01=NO;R1.D03=SI;R2.D01=SI;R2.D02=SI;R2.D03=SI,MUNICIPIO30632,MUNICIPIO_SIN_CN_TRAB,Si,No,30632,,Regla 2 coherente para validaciones implementadas.
GPA-001__R2-001__R1-003__0507,GPA-001__R2-001__R1-003,02_inputs_xml_flat/GPA-001__R2-001__R1-003__0507.xml,PASS,INFO,R1.D01=NO;R1.D03=SI;R2.D01=SI;R2.D02=SI;R2.D03=SI,MUNICIPIO30633,MUNICIPIO_SIN_CN_TRAB,Si,No,30633,,Regla 2 coherente para validaciones implementadas.
GPA-001__R2-001__R1-003__0508,GPA-001__R2-001__R1-003,02_inputs_xml_flat/GPA-001__R2-001__R1-003__0508.xml,PASS,INFO,R1.D01=NO;R1.D03=SI;R2.D01=SI;R2.D02=SI;R2.D03=SI,MUNICIPIO30631,MUNICIPIO_SIN_CN_TRAB,Si,No,30631,,Regla 2 coherente para validaciones implementadas.
GPA-001__R2-001__R1-003__0509,GPA-001__R2-001__R1-003,02_inputs_xml_flat/GPA-001__R2-001__R1-003__0509.xml,PASS,INFO,R1.D01=NO;R1.D03=SI;R2.D01=SI;R2.D02=SI;R2.D03=SI,MUNICIPIO30632,MUNICIPIO_SIN_CN_TRAB,Si,No,30632,,Regla 2 coherente para validaciones implementadas.
GPA-001__R2-001__R1-003__0510,GPA-001__R2-001__R1-003,02_inputs_xml_flat/GPA-001__R2-001__R1-003__0510.xml,PASS,INFO,R1.D01=NO;R1.D03=SI;R2.D01=SI;R2.D02=SI;R2.D03=SI,MUNICIPIO30633,MUNICIPIO_SIN_CN_TRAB,Si,No,30633,,Regla 2 coherente para validaciones implementadas.
GPA-001__R2-001__R1-003__0511,GPA-001__R2-001__R1-003,02_inputs_xml_flat/GPA-001__R2-001__R1-003__0511.xml,PASS,INFO,R1.D01=NO;R1.D03=SI;R2.D01=SI;R2.D02=SI;R2.D03=SI,MUNICIPIO30631,MUNICIPIO_SIN_CN_TRAB,Si,No,30631,,Regla 2 coherente para validaciones implementadas.
GPA-001__R2-001__R1-003__0512,GPA-001__R2-001__R1-003,02_inputs_xml_flat/GPA-001__R2-001__R1-003__0512.xml,PASS,INFO,R1.D01=NO;R1.D03=SI;R2.D01=SI;R2.D02=SI;R2.D03=SI,MUNICIPIO30632,MUNICIPIO_SIN_CN_TRAB,Si,No,30632,,Regla 2 coherente para validaciones implementadas.
GPA-001__R2-001__R1-003__0513,GPA-001__R2-001__R1-003,02_inputs_xml_flat/GPA-001__R2-001__R1-003__0513.xml,PASS,INFO,R1.D01=NO;R1.D03=SI;R2.D01=SI;R2.D02=SI;R2.D03=SI,MUNICIPIO30633,MUNICIPIO_SIN_CN_TRAB,Si,No,30633,,Regla 2 coherente para validaciones implementadas.
GPA-001__R2-001__R1-003__0514,GPA-001__R2-001__R1-003,02_inputs_xml_flat/GPA-001__R2-001__R1-003__0514.xml,PASS,INFO,R1.D01=NO;R1.D03=SI;R2.D01=SI;R2.D02=SI;R2.D03=SI,MUNICIPIO30631,MUNICIPIO_SIN_CN_TRAB,Si,No,30631,,Regla 2 coherente para validaciones implementadas.
GPA-001__R2-001__R1-003__0515,GPA-001__R2-001__R1-003,02_inputs_xml_flat/GPA-001__R2-001__R1-003__0515.xml,PASS,INFO,R1.D01=NO;R1.D03=SI;R2.D01=SI;R2.D02=SI;R2.D03=SI,MUNICIPIO30632,MUNICIPIO_SIN_CN_TRAB,Si,No,30632,,Regla 2 coherente para validaciones implementadas.
GPA-001__R2-001__R1-003__0516,GPA-001__R2-001__R1-003,02_inputs_xml_flat/GPA-001__R2-001__R1-003__0516.xml,PASS,INFO,R1.D01=NO;R1.D03=SI;R2.D01=SI;R2.D02=SI;R2.D03=SI,MUNICIPIO30633,MUNICIPIO_SIN_CN_TRAB,Si,No,30633,,Regla 2 coherente para validaciones implementadas.
GPA-001__R2-001__R1-003__0517,GPA-001__R2-001__R1-003,02_inputs_xml_flat/GPA-001__R2-001__R1-003__0517.xml,PASS,INFO,R1.D01=NO;R1.D03=SI;R2.D01=SI;R2.D02=SI;R2.D03=SI,MUNICIPIO30631,MUNICIPIO_SIN_CN_TRAB,Si,No,30631,,Regla 2 coherente para validaciones implementadas.
GPA-001__R2-001__R1-003__0518,GPA-001__R2-001__R1-003,02_inputs_xml_flat/GPA-001__R2-001__R1-003__0518.xml,PASS,INFO,R1.D01=NO;R1.D03=SI;R2.D01=SI;R2.D02=SI;R2.D03=SI,MUNICIPIO30632,MUNICIPIO_SIN_CN_TRAB,Si,No,30632,,Regla 2 coherente para validaciones implementadas.
GPA-001__R2-001__R1-003__0519,GPA-001__R2-001__R1-003,02_inputs_xml_flat/GPA-001__R2-001__R1-003__0519.xml,PASS,INFO,R1.D01=NO;R1.D03=SI;R2.D01=SI;R2.D02=SI;R2.D03=SI,MUNICIPIO30633,MUNICIPIO_SIN_CN_TRAB,Si,No,30633,,Regla 2 coherente para validaciones implementadas.
GPA-001__R2-001__R1-003__0520,GPA-001__R2-001__R1-003,02_inputs_xml_flat/GPA-001__R2-001__R1-003__0520.xml,PASS,INFO,R1.D01=NO;R1.D03=SI;R2.D01=SI;R2.D02=SI;R2.D03=SI,MUNICIPIO30631,MUNICIPIO_SIN_CN_TRAB,Si,No,30631,,Regla 2 coherente para validaciones implementadas.
GPA-001__R2-001__R1-003__0521,GPA-001__R2-001__R1-003,02_inputs_xml_flat/GPA-001__R2-001__R1-003__0521.xml,PASS,INFO,R1.D01=NO;R1.D03=SI;R2.D01=SI;R2.D02=SI;R2.D03=SI,MUNICIPIO30632,MUNICIPIO_SIN_CN_TRAB,Si,No,30632,,Regla 2 coherente para validaciones implementadas.
GPA-001__R2-001__R1-003__0522,GPA-001__R2-001__R1-003,02_inputs_xml_flat/GPA-001__R2-001__R1-003__0522.xml,PASS,INFO,R1.D01=NO;R1.D03=SI;R2.D01=SI;R2.D02=SI;R2.D03=SI,MUNICIPIO30633,MUNICIPIO_SIN_CN_TRAB,Si,No,30633,,Regla 2 coherente para validaciones implementadas.
GPA-001__R2-001__R1-003__0523,GPA-001__R2-001__R1-003,02_inputs_xml_flat/GPA-001__R2-001__R1-003__0523.xml,PASS,INFO,R1.D01=NO;R1.D03=SI;R2.D01=SI;R2.D02=SI;R2.D03=SI,MUNICIPIO30631,MUNICIPIO_SIN_CN_TRAB,Si,No,30631,,Regla 2 coherente para validaciones implementadas.
GPA-001__R2-001__R1-003__0524,GPA-001__R2-001__R1-003,02_inputs_xml_flat/GPA-001__R2-001__R1-003__0524.xml,PASS,INFO,R1.D01=NO;R1.D03=SI;R2.D01=SI;R2.D02=SI;R2.D03=SI,MUNICIPIO30632,MUNICIPIO_SIN_CN_TRAB,Si,No,30632,,Regla 2 coherente para validaciones implementadas.
GPA-001__R2-001__R1-003__0525,GPA-001__R2-001__R1-003,02_inputs_xml_flat/GPA-001__R2-001__R1-003__0525.xml,PASS,INFO,R1.D01=NO;R1.D03=SI;R2.D01=SI;R2.D02=SI;R2.D03=SI,MUNICIPIO30633,MUNICIPIO_SIN_CN_TRAB,Si,No,30633,,Regla 2 coherente para validaciones implementadas.
GPA-001__R2-001__R1-003__0526,GPA-001__R2-001__R1-003,02_inputs_xml_flat/GPA-001__R2-001__R1-003__0526.xml,PASS,INFO,R1.D01=NO;R1.D03=SI;R2.D01=SI;R2.D02=SI;R2.D03=SI,MUNICIPIO30631,MUNICIPIO_SIN_CN_TRAB,Si,No,30631,,Regla 2 coherente para validaciones implementadas.
GPA-001__R2-001__R1-003__0527,GPA-001__R2-001__R1-003,02_inputs_xml_flat/GPA-001__R2-001__R1-003__0527.xml,PASS,INFO,R1.D01=NO;R1.D03=SI;R2.D01=SI;R2.D02=SI;R2.D03=SI,MUNICIPIO30632,MUNICIPIO_SIN_CN_TRAB,Si,No,30632,,Regla 2 coherente para validaciones implementadas.
GPA-001__R2-001__R1-003__0528,GPA-001__R2-001__R1-003,02_inputs_xml_flat/GPA-001__R2-001__R1-003__0528.xml,PASS,INFO,R1.D01=NO;R1.D03=SI;R2.D01=SI;R2.D02=SI;R2.D03=SI,MUNICIPIO30633,MUNICIPIO_SIN_CN_TRAB,Si,No,30633,,Regla 2 coherente para validaciones implementadas.
GPA-001__R2-001__R1-003__0529,GPA-001__R2-001__R1-003,02_inputs_xml_flat/GPA-001__R2-001__R1-003__0529.xml,PASS,INFO,R1.D01=NO;R1.D03=SI;R2.D01=SI;R2.D02=SI;R2.D03=SI,MUNICIPIO30631,MUNICIPIO_SIN_CN_TRAB,Si,No,30631,,Regla 2 coherente para validaciones implementadas.
GPA-001__R2-001__R1-003__0530,GPA-001__R2-001__R1-003,02_inputs_xml_flat/GPA-001__R2-001__R1-003__0530.xml,PASS,INFO,R1.D01=NO;R1.D03=SI;R2.D01=SI;R2.D02=SI;R2.D03=SI,MUNICIPIO30632,MUNICIPIO_SIN_CN_TRAB,Si,No,30632,,Regla 2 coherente para validaciones implementadas.
GPA-001__R2-001__R1-003__0531,GPA-001__R2-001__R1-003,02_inputs_xml_flat/GPA-001__R2-001__R1-003__0531.xml,PASS,INFO,R1.D01=NO;R1.D03=SI;R2.D01=SI;R2.D02=SI;R2.D03=SI,MUNICIPIO30633,MUNICIPIO_SIN_CN_TRAB,Si,No,30633,,Regla 2 coherente para validaciones implementadas.
GPA-001__R2-001__R1-003__0532,GPA-001__R2-001__R1-003,02_inputs_xml_flat/GPA-001__R2-001__R1-003__0532.xml,PASS,INFO,R1.D01=NO;R1.D03=SI;R2.D01=SI;R2.D02=SI;R2.D03=SI,MUNICIPIO30631,MUNICIPIO_SIN_CN_TRAB,Si,No,30631,,Regla 2 coherente para validaciones implementadas.
GPA-001__R2-001__R1-003__0533,GPA-001__R2-001__R1-003,02_inputs_xml_flat/GPA-001__R2-001__R1-003__0533.xml,PASS,INFO,R1.D01=NO;R1.D03=SI;R2.D01=SI;R2.D02=SI;R2.D03=SI,MUNICIPIO30632,MUNICIPIO_SIN_CN_TRAB,Si,No,30632,,Regla 2 coherente para validaciones implementadas.
GPA-001__R2-001__R1-003__0534,GPA-001__R2-001__R1-003,02_inputs_xml_flat/GPA-001__R2-001__R1-003__0534.xml,PASS,INFO,R1.D01=NO;R1.D03=SI;R2.D01=SI;R2.D02=SI;R2.D03=SI,MUNICIPIO30633,MUNICIPIO_SIN_CN_TRAB,Si,No,30633,,Regla 2 coherente para validaciones implementadas.
GPA-001__R2-001__R1-003__0535,GPA-001__R2-001__R1-003,02_inputs_xml_flat/GPA-001__R2-001__R1-003__0535.xml,PASS,INFO,R1.D01=NO;R1.D03=SI;R2.D01=SI;R2.D02=SI;R2.D03=SI,MUNICIPIO30631,MUNICIPIO_SIN_CN_TRAB,Si,No,30631,,Regla 2 coherente para validaciones implementadas.
GPA-001__R2-001__R1-003__0536,GPA-001__R2-001__R1-003,02_inputs_xml_flat/GPA-001__R2-001__R1-003__0536.xml,PASS,INFO,R1.D01=NO;R1.D03=SI;R2.D01=SI;R2.D02=SI;R2.D03=SI,MUNICIPIO30632,MUNICIPIO_SIN_CN_TRAB,Si,No,30632,,Regla 2 coherente para validaciones implementadas.
GPA-001__R2-001__R1-003__0537,GPA-001__R2-001__R1-003,02_inputs_xml_flat/GPA-001__R2-001__R1-003__0537.xml,PASS,INFO,R1.D01=NO;R1.D03=SI;R2.D01=SI;R2.D02=SI;R2.D03=SI,MUNICIPIO30633,MUNICIPIO_SIN_CN_TRAB,Si,No,30633,,Regla 2 coherente para validaciones implementadas.
GPA-001__R2-001__R1-003__0538,GPA-001__R2-001__R1-003,02_inputs_xml_flat/GPA-001__R2-001__R1-003__0538.xml,PASS,INFO,R1.D01=NO;R1.D03=SI;R2.D01=SI;R2.D02=SI;R2.D03=SI,MUNICIPIO30631,MUNICIPIO_SIN_CN_TRAB,Si,No,30631,,Regla 2 coherente para validaciones implementadas.
GPA-001__R2-001__R1-003__0539,GPA-001__R2-001__R1-003,02_inputs_xml_flat/GPA-001__R2-001__R1-003__0539.xml,PASS,INFO,R1.D01=NO;R1.D03=SI;R2.D01=SI;R2.D02=SI;R2.D03=SI,MUNICIPIO30632,MUNICIPIO_SIN_CN_TRAB,Si,No,30632,,Regla 2 coherente para validaciones implementadas.
GPA-001__R2-001__R1-003__0540,GPA-001__R2-001__R1-003,02_inputs_xml_flat/GPA-001__R2-001__R1-003__0540.xml,PASS,INFO,R1.D01=NO;R1.D03=SI;R2.D01=SI;R2.D02=SI;R2.D03=SI,MUNICIPIO30633,MUNICIPIO_SIN_CN_TRAB,Si,No,30633,,Regla 2 coherente para validaciones implementadas.
GPA-001__R2-001__R1-003__0541,GPA-001__R2-001__R1-003,02_inputs_xml_flat/GPA-001__R2-001__R1-003__0541.xml,PASS,INFO,R1.D01=NO;R1.D03=SI;R2.D01=SI;R2.D02=SI;R2.D03=SI,MUNICIPIO30631,MUNICIPIO_SIN_CN_TRAB,Si,No,30631,,Regla 2 coherente para validaciones implementadas.
GPA-001__R2-001__R1-003__0542,GPA-001__R2-001__R1-003,02_inputs_xml_flat/GPA-001__R2-001__R1-003__0542.xml,PASS,INFO,R1.D01=NO;R1.D03=SI;R2.D01=SI;R2.D02=SI;R2.D03=SI,MUNICIPIO30632,MUNICIPIO_SIN_CN_TRAB,Si,No,30632,,Regla 2 coherente para validaciones implementadas.
GPA-001__R2-001__R1-003__0543,GPA-001__R2-001__R1-003,02_inputs_xml_flat/GPA-001__R2-001__R1-003__0543.xml,PASS,INFO,R1.D01=NO;R1.D03=SI;R2.D01=SI;R2.D02=SI;R2.D03=SI,MUNICIPIO30633,MUNICIPIO_SIN_CN_TRAB,Si,No,30633,,Regla 2 coherente para validaciones implementadas.
GPA-001__R2-001__R1-003__0544,GPA-001__R2-001__R1-003,02_inputs_xml_flat/GPA-001__R2-001__R1-003__0544.xml,PASS,INFO,R1.D01=NO;R1.D03=SI;R2.D01=SI;R2.D02=SI;R2.D03=SI,MUNICIPIO30631,MUNICIPIO_SIN_CN_TRAB,Si,No,30631,,Regla 2 coherente para validaciones implementadas.
GPA-001__R2-001__R1-003__0545,GPA-001__R2-001__R1-003,02_inputs_xml_flat/GPA-001__R2-001__R1-003__0545.xml,PASS,INFO,R1.D01=NO;R1.D03=SI;R2.D01=SI;R2.D02=SI;R2.D03=SI,MUNICIPIO30632,MUNICIPIO_SIN_CN_TRAB,Si,No,30632,,Regla 2 coherente para validaciones implementadas.
GPA-001__R2-001__R1-003__0546,GPA-001__R2-001__R1-003,02_inputs_xml_flat/GPA-001__R2-001__R1-003__0546.xml,PASS,INFO,R1.D01=NO;R1.D03=SI;R2.D01=SI;R2.D02=SI;R2.D03=SI,MUNICIPIO30633,MUNICIPIO_SIN_CN_TRAB,Si,No,30633,,Regla 2 coherente para validaciones implementadas.
GPA-001__R2-001__R1-003__0547,GPA-001__R2-001__R1-003,02_inputs_xml_flat/GPA-001__R2-001__R1-003__0547.xml,PASS,INFO,R1.D01=NO;R1.D03=SI;R2.D01=SI;R2.D02=SI;R2.D03=SI,MUNICIPIO30631,MUNICIPIO_SIN_CN_TRAB,Si,No,30631,,Regla 2 coherente para validaciones implementadas.
GPA-001__R2-001__R1-003__0548,GPA-001__R2-001__R1-003,02_inputs_xml_flat/GPA-001__R2-001__R1-003__0548.xml,PASS,INFO,R1.D01=NO;R1.D03=SI;R2.D01=SI;R2.D02=SI;R2.D03=SI,MUNICIPIO30632,MUNICIPIO_SIN_CN_TRAB,Si,No,30632,,Regla 2 coherente para validaciones implementadas.
GPA-001__R2-001__R1-003__0549,GPA-001__R2-001__R1-003,02_inputs_xml_flat/GPA-001__R2-001__R1-003__0549.xml,PASS,INFO,R1.D01=NO;R1.D03=SI;R2.D01=SI;R2.D02=SI;R2.D03=SI,MUNICIPIO30633,MUNICIPIO_SIN_CN_TRAB,Si,No,30633,,Regla 2 coherente para validaciones implementadas.
GPA-001__R2-001__R1-003__0550,GPA-001__R2-001__R1-003,02_inputs_xml_flat/GPA-001__R2-001__R1-003__0550.xml,PASS,INFO,R1.D01=NO;R1.D03=SI;R2.D01=SI;R2.D02=SI;R2.D03=SI,MUNICIPIO30631,MUNICIPIO_SIN_CN_TRAB,Si,No,30631,,Regla 2 coherente para validaciones implementadas.
GPA-001__R2-001__R1-003__0551,GPA-001__R2-001__R1-003,02_inputs_xml_flat/GPA-001__R2-001__R1-003__0551.xml,PASS,INFO,R1.D01=NO;R1.D03=SI;R2.D01=SI;R2.D02=SI;R2.D03=SI,MUNICIPIO30632,MUNICIPIO_SIN_CN_TRAB,Si,No,30632,,Regla 2 coherente para validaciones implementadas.
GPA-001__R2-001__R1-003__0552,GPA-001__R2-001__R1-003,02_inputs_xml_flat/GPA-001__R2-001__R1-003__0552.xml,PASS,INFO,R1.D01=NO;R1.D03=SI;R2.D01=SI;R2.D02=SI;R2.D03=SI,MUNICIPIO30633,MUNICIPIO_SIN_CN_TRAB,Si,No,30633,,Regla 2 coherente para validaciones implementadas.
GPA-001__R2-001__R1-003__0553,GPA-001__R2-001__R1-003,02_inputs_xml_flat/GPA-001__R2-001__R1-003__0553.xml,PASS,INFO,R1.D01=NO;R1.D03=SI;R2.D01=SI;R2.D02=SI;R2.D03=SI,MUNICIPIO30631,MUNICIPIO_SIN_CN_TRAB,Si,No,30631,,Regla 2 coherente para validaciones implementadas.
GPA-001__R2-001__R1-003__0554,GPA-001__R2-001__R1-003,02_inputs_xml_flat/GPA-001__R2-001__R1-003__0554.xml,PASS,INFO,R1.D01=NO;R1.D03=SI;R2.D01=SI;R2.D02=SI;R2.D03=SI,MUNICIPIO30632,MUNICIPIO_SIN_CN_TRAB,Si,No,30632,,Regla 2 coherente para validaciones implementadas.
GPA-001__R2-001__R1-003__0555,GPA-001__R2-001__R1-003,02_inputs_xml_flat/GPA-001__R2-001__R1-003__0555.xml,PASS,INFO,R1.D01=NO;R1.D03=SI;R2.D01=SI;R2.D02=SI;R2.D03=SI,MUNICIPIO30633,MUNICIPIO_SIN_CN_TRAB,Si,No,30633,,Regla 2 coherente para validaciones implementadas.
GPA-001__R2-001__R1-003__0556,GPA-001__R2-001__R1-003,02_inputs_xml_flat/GPA-001__R2-001__R1-003__0556.xml,PASS,INFO,R1.D01=NO;R1.D03=SI;R2.D01=SI;R2.D02=SI;R2.D03=SI,MUNICIPIO30631,MUNICIPIO_SIN_CN_TRAB,Si,No,30631,,Regla 2 coherente para validaciones implementadas.
GPA-001__R2-001__R1-003__0557,GPA-001__R2-001__R1-003,02_inputs_xml_flat/GPA-001__R2-001__R1-003__0557.xml,PASS,INFO,R1.D01=NO;R1.D03=SI;R2.D01=SI;R2.D02=SI;R2.D03=SI,MUNICIPIO30632,MUNICIPIO_SIN_CN_TRAB,Si,No,30632,,Regla 2 coherente para validaciones implementadas.
GPA-001__R2-001__R1-003__0558,GPA-001__R2-001__R1-003,02_inputs_xml_flat/GPA-001__R2-001__R1-003__0558.xml,PASS,INFO,R1.D01=NO;R1.D03=SI;R2.D01=SI;R2.D02=SI;R2.D03=SI,MUNICIPIO30633,MUNICIPIO_SIN_CN_TRAB,Si,No,30633,,Regla 2 coherente para validaciones implementadas.
GPA-001__R2-001__R1-003__0559,GPA-001__R2-001__R1-003,02_inputs_xml_flat/GPA-001__R2-001__R1-003__0559.xml,PASS,INFO,R1.D01=NO;R1.D03=SI;R2.D01=SI;R2.D02=SI;R2.D03=SI,MUNICIPIO30631,MUNICIPIO_SIN_CN_TRAB,Si,No,30631,,Regla 2 coherente para validaciones implementadas.
GPA-001__R2-001__R1-003__0560,GPA-001__R2-001__R1-003,02_inputs_xml_flat/GPA-001__R2-001__R1-003__0560.xml,PASS,INFO,R1.D01=NO;R1.D03=SI;R2.D01=SI;R2.D02=SI;R2.D03=SI,MUNICIPIO30632,MUNICIPIO_SIN_CN_TRAB,Si,No,30632,,Regla 2 coherente para validaciones implementadas.
GPA-001__R2-001__R1-003__0561,GPA-001__R2-001__R1-003,02_inputs_xml_flat/GPA-001__R2-001__R1-003__0561.xml,PASS,INFO,R1.D01=NO;R1.D03=SI;R2.D01=SI;R2.D02=SI;R2.D03=SI,MUNICIPIO30633,MUNICIPIO_SIN_CN_TRAB,Si,No,30633,,Regla 2 coherente para validaciones implementadas.
GPA-001__R2-001__R1-003__0562,GPA-001__R2-001__R1-003,02_inputs_xml_flat/GPA-001__R2-001__R1-003__0562.xml,PASS,INFO,R1.D01=NO;R1.D03=SI;R2.D01=SI;R2.D02=SI;R2.D03=SI,MUNICIPIO30631,MUNICIPIO_SIN_CN_TRAB,Si,No,30631,,Regla 2 coherente para validaciones implementadas.
GPA-001__R2-001__R1-003__0563,GPA-001__R2-001__R1-003,02_inputs_xml_flat/GPA-001__R2-001__R1-003__0563.xml,PASS,INFO,R1.D01=NO;R1.D03=SI;R2.D01=SI;R2.D02=SI;R2.D03=SI,MUNICIPIO30632,MUNICIPIO_SIN_CN_TRAB,Si,No,30632,,Regla 2 coherente para validaciones implementadas.
GPA-001__R2-001__R1-003__0564,GPA-001__R2-001__R1-003,02_inputs_xml_flat/GPA-001__R2-001__R1-003__0564.xml,PASS,INFO,R1.D01=NO;R1.D03=SI;R2.D01=SI;R2.D02=SI;R2.D03=SI,MUNICIPIO30633,MUNICIPIO_SIN_CN_TRAB,Si,No,30633,,Regla 2 coherente para validaciones implementadas.
GPA-001__R2-001__R1-003__0565,GPA-001__R2-001__R1-003,02_inputs_xml_flat/GPA-001__R2-001__R1-003__0565.xml,PASS,INFO,R1.D01=NO;R1.D03=SI;R2.D01=SI;R2.D02=SI;R2.D03=SI,MUNICIPIO30631,MUNICIPIO_SIN_CN_TRAB,Si,No,30631,,Regla 2 coherente para validaciones implementadas.
GPA-001__R2-001__R1-003__0566,GPA-001__R2-001__R1-003,02_inputs_xml_flat/GPA-001__R2-001__R1-003__0566.xml,PASS,INFO,R1.D01=NO;R1.D03=SI;R2.D01=SI;R2.D02=SI;R2.D03=SI,MUNICIPIO30632,MUNICIPIO_SIN_CN_TRAB,Si,No,30632,,Regla 2 coherente para validaciones implementadas.
GPA-001__R2-001__R1-003__0567,GPA-001__R2-001__R1-003,02_inputs_xml_flat/GPA-001__R2-001__R1-003__0567.xml,PASS,INFO,R1.D01=NO;R1.D03=SI;R2.D01=SI;R2.D02=SI;R2.D03=SI,MUNICIPIO30633,MUNICIPIO_SIN_CN_TRAB,Si,No,30633,,Regla 2 coherente para validaciones implementadas.
GPA-001__R2-001__R1-003__0568,GPA-001__R2-001__R1-003,02_inputs_xml_flat/GPA-001__R2-001__R1-003__0568.xml,PASS,INFO,R1.D01=NO;R1.D03=SI;R2.D01=SI;R2.D02=SI;R2.D03=SI,MUNICIPIO30631,MUNICIPIO_SIN_CN_TRAB,Si,No,30631,,Regla 2 coherente para validaciones implementadas.
GPA-001__R2-001__R1-003__0569,GPA-001__R2-001__R1-003,02_inputs_xml_flat/GPA-001__R2-001__R1-003__0569.xml,PASS,INFO,R1.D01=NO;R1.D03=SI;R2.D01=SI;R2.D02=SI;R2.D03=SI,MUNICIPIO30632,MUNICIPIO_SIN_CN_TRAB,Si,No,30632,,Regla 2 coherente para validaciones implementadas.
GPA-001__R2-001__R1-003__0570,GPA-001__R2-001__R1-003,02_inputs_xml_flat/GPA-001__R2-001__R1-003__0570.xml,PASS,INFO,R1.D01=NO;R1.D03=SI;R2.D01=SI;R2.D02=SI;R2.D03=SI,MUNICIPIO30633,MUNICIPIO_SIN_CN_TRAB,Si,No,30633,,Regla 2 coherente para validaciones implementadas.
GPA-001__R2-001__R1-003__0571,GPA-001__R2-001__R1-003,02_inputs_xml_flat/GPA-001__R2-001__R1-003__0571.xml,PASS,INFO,R1.D01=NO;R1.D03=SI;R2.D01=SI;R2.D02=SI;R2.D03=SI,MUNICIPIO30631,MUNICIPIO_SIN_CN_TRAB,Si,No,30631,,Regla 2 coherente para validaciones implementadas.
GPA-001__R2-001__R1-003__0572,GPA-001__R2-001__R1-003,02_inputs_xml_flat/GPA-001__R2-001__R1-003__0572.xml,PASS,INFO,R1.D01=NO;R1.D03=SI;R2.D01=SI;R2.D02=SI;R2.D03=SI,MUNICIPIO30632,MUNICIPIO_SIN_CN_TRAB,Si,No,30632,,Regla 2 coherente para validaciones implementadas.
GPA-001__R2-001__R1-003__0573,GPA-001__R2-001__R1-003,02_inputs_xml_flat/GPA-001__R2-001__R1-003__0573.xml,PASS,INFO,R1.D01=NO;R1.D03=SI;R2.D01=SI;R2.D02=SI;R2.D03=SI,MUNICIPIO30633,MUNICIPIO_SIN_CN_TRAB,Si,No,30633,,Regla 2 coherente para validaciones implementadas.
GPA-001__R2-001__R1-003__0574,GPA-001__R2-001__R1-003,02_inputs_xml_flat/GPA-001__R2-001__R1-003__0574.xml,PASS,INFO,R1.D01=NO;R1.D03=SI;R2.D01=SI;R2.D02=SI;R2.D03=SI,MUNICIPIO30631,MUNICIPIO_SIN_CN_TRAB,Si,No,30631,,Regla 2 coherente para validaciones implementadas.
GPA-001__R2-001__R1-003__0575,GPA-001__R2-001__R1-003,02_inputs_xml_flat/GPA-001__R2-001__R1-003__0575.xml,PASS,INFO,R1.D01=NO;R1.D03=SI;R2.D01=SI;R2.D02=SI;R2.D03=SI,MUNICIPIO30632,MUNICIPIO_SIN_CN_TRAB,Si,No,30632,,Regla 2 coherente para validaciones implementadas.
GPA-001__R2-001__R1-003__0576,GPA-001__R2-001__R1-003,02_inputs_xml_flat/GPA-001__R2-001__R1-003__0576.xml,PASS,INFO,R1.D01=NO;R1.D03=SI;R2.D01=SI;R2.D02=SI;R2.D03=SI,MUNICIPIO30633,MUNICIPIO_SIN_CN_TRAB,Si,No,30633,,Regla 2 coherente para validaciones implementadas.
GPA-001__R2-001__R1-003__0577,GPA-001__R2-001__R1-003,02_inputs_xml_flat/GPA-001__R2-001__R1-003__0577.xml,PASS,INFO,R1.D01=NO;R1.D03=SI;R2.D01=SI;R2.D02=SI;R2.D03=SI,MUNICIPIO30631,MUNICIPIO_SIN_CN_TRAB,Si,No,30631,,Regla 2 coherente para validaciones implementadas.
GPA-001__R2-001__R1-003__0578,GPA-001__R2-001__R1-003,02_inputs_xml_flat/GPA-001__R2-001__R1-003__0578.xml,PASS,INFO,R1.D01=NO;R1.D03=SI;R2.D01=SI;R2.D02=SI;R2.D03=SI,MUNICIPIO30632,MUNICIPIO_SIN_CN_TRAB,Si,No,30632,,Regla 2 coherente para validaciones implementadas.
GPA-001__R2-001__R1-003__0579,GPA-001__R2-001__R1-003,02_inputs_xml_flat/GPA-001__R2-001__R1-003__0579.xml,PASS,INFO,R1.D01=NO;R1.D03=SI;R2.D01=SI;R2.D02=SI;R2.D03=SI,MUNICIPIO30633,MUNICIPIO_SIN_CN_TRAB,Si,No,30633,,Regla 2 coherente para validaciones implementadas.
GPA-001__R2-001__R1-003__0580,GPA-001__R2-001__R1-003,02_inputs_xml_flat/GPA-001__R2-001__R1-003__0580.xml,PASS,INFO,R1.D01=NO;R1.D03=SI;R2.D01=SI;R2.D02=SI;R2.D03=SI,MUNICIPIO30631,MUNICIPIO_SIN_CN_TRAB,Si,No,30631,,Regla 2 coherente para validaciones implementadas.
GPA-001__R2-001__R1-003__0581,GPA-001__R2-001__R1-003,02_inputs_xml_flat/GPA-001__R2-001__R1-003__0581.xml,PASS,INFO,R1.D01=NO;R1.D03=SI;R2.D01=SI;R2.D02=SI;R2.D03=SI,MUNICIPIO30632,MUNICIPIO_SIN_CN_TRAB,Si,No,30632,,Regla 2 coherente para validaciones implementadas.
GPA-001__R2-001__R1-003__0582,GPA-001__R2-001__R1-003,02_inputs_xml_flat/GPA-001__R2-001__R1-003__0582.xml,PASS,INFO,R1.D01=NO;R1.D03=SI;R2.D01=SI;R2.D02=SI;R2.D03=SI,MUNICIPIO30633,MUNICIPIO_SIN_CN_TRAB,Si,No,30633,,Regla 2 coherente para validaciones implementadas.
GPA-001__R2-001__R1-003__0583,GPA-001__R2-001__R1-003,02_inputs_xml_flat/GPA-001__R2-001__R1-003__0583.xml,PASS,INFO,R1.D01=NO;R1.D03=SI;R2.D01=SI;R2.D02=SI;R2.D03=SI,MUNICIPIO30631,MUNICIPIO_SIN_CN_TRAB,Si,No,30631,,Regla 2 coherente para validaciones implementadas.
GPA-001__R2-001__R1-003__0584,GPA-001__R2-001__R1-003,02_inputs_xml_flat/GPA-001__R2-001__R1-003__0584.xml,PASS,INFO,R1.D01=NO;R1.D03=SI;R2.D01=SI;R2.D02=SI;R2.D03=SI,MUNICIPIO30632,MUNICIPIO_SIN_CN_TRAB,Si,No,30632,,Regla 2 coherente para validaciones implementadas.
GPA-001__R2-001__R1-003__0585,GPA-001__R2-001__R1-003,02_inputs_xml_flat/GPA-001__R2-001__R1-003__0585.xml,PASS,INFO,R1.D01=NO;R1.D03=SI;R2.D01=SI;R2.D02=SI;R2.D03=SI,MUNICIPIO30633,MUNICIPIO_SIN_CN_TRAB,Si,No,30633,,Regla 2 coherente para validaciones implementadas.
GPA-001__R2-001__R1-003__0586,GPA-001__R2-001__R1-003,02_inputs_xml_flat/GPA-001__R2-001__R1-003__0586.xml,PASS,INFO,R1.D01=NO;R1.D03=SI;R2.D01=SI;R2.D02=SI;R2.D03=SI,MUNICIPIO30631,MUNICIPIO_SIN_CN_TRAB,Si,No,30631,,Regla 2 coherente para validaciones implementadas.
GPA-001__R2-001__R1-003__0587,GPA-001__R2-001__R1-003,02_inputs_xml_flat/GPA-001__R2-001__R1-003__0587.xml,PASS,INFO,R1.D01=NO;R1.D03=SI;R2.D01=SI;R2.D02=SI;R2.D03=SI,MUNICIPIO30632,MUNICIPIO_SIN_CN_TRAB,Si,No,30632,,Regla 2 coherente para validaciones implementadas.
GPA-001__R2-001__R1-003__0588,GPA-001__R2-001__R1-003,02_inputs_xml_flat/GPA-001__R2-001__R1-003__0588.xml,PASS,INFO,R1.D01=NO;R1.D03=SI;R2.D01=SI;R2.D02=SI;R2.D03=SI,MUNICIPIO30633,MUNICIPIO_SIN_CN_TRAB,Si,No,30633,,Regla 2 coherente para validaciones implementadas.
GPA-001__R2-001__R1-003__0589,GPA-001__R2-001__R1-003,02_inputs_xml_flat/GPA-001__R2-001__R1-003__0589.xml,PASS,INFO,R1.D01=NO;R1.D03=SI;R2.D01=SI;R2.D02=SI;R2.D03=SI,MUNICIPIO30631,MUNICIPIO_SIN_CN_TRAB,Si,No,30631,,Regla 2 coherente para validaciones implementadas.
GPA-001__R2-001__R1-003__0590,GPA-001__R2-001__R1-003,02_inputs_xml_flat/GPA-001__R2-001__R1-003__0590.xml,PASS,INFO,R1.D01=NO;R1.D03=SI;R2.D01=SI;R2.D02=SI;R2.D03=SI,MUNICIPIO30632,MUNICIPIO_SIN_CN_TRAB,Si,No,30632,,Regla 2 coherente para validaciones implementadas.
GPA-001__R2-001__R1-003__0591,GPA-001__R2-001__R1-003,02_inputs_xml_flat/GPA-001__R2-001__R1-003__0591.xml,PASS,INFO,R1.D01=NO;R1.D03=SI;R2.D01=SI;R2.D02=SI;R2.D03=SI,MUNICIPIO30633,MUNICIPIO_SIN_CN_TRAB,Si,No,30633,,Regla 2 coherente para validaciones implementadas.
GPA-001__R2-001__R1-003__0592,GPA-001__R2-001__R1-003,02_inputs_xml_flat/GPA-001__R2-001__R1-003__0592.xml,PASS,INFO,R1.D01=NO;R1.D03=SI;R2.D01=SI;R2.D02=SI;R2.D03=SI,MUNICIPIO30631,MUNICIPIO_SIN_CN_TRAB,Si,No,30631,,Regla 2 coherente para validaciones implementadas.
GPA-001__R2-001__R1-003__0593,GPA-001__R2-001__R1-003,02_inputs_xml_flat/GPA-001__R2-001__R1-003__0593.xml,PASS,INFO,R1.D01=NO;R1.D03=SI;R2.D01=SI;R2.D02=SI;R2.D03=SI,MUNICIPIO30632,MUNICIPIO_SIN_CN_TRAB,Si,No,30632,,Regla 2 coherente para validaciones implementadas.
GPA-001__R2-001__R1-003__0594,GPA-001__R2-001__R1-003,02_inputs_xml_flat/GPA-001__R2-001__R1-003__0594.xml,PASS,INFO,R1.D01=NO;R1.D03=SI;R2.D01=SI;R2.D02=SI;R2.D03=SI,MUNICIPIO30633,MUNICIPIO_SIN_CN_TRAB,Si,No,30633,,Regla 2 coherente para validaciones implementadas.
GPA-001__R2-001__R1-003__0595,GPA-001__R2-001__R1-003,02_inputs_xml_flat/GPA-001__R2-001__R1-003__0595.xml,PASS,INFO,R1.D01=NO;R1.D03=SI;R2.D01=SI;R2.D02=SI;R2.D03=SI,MUNICIPIO30631,MUNICIPIO_SIN_CN_TRAB,Si,No,30631,,Regla 2 coherente para validaciones implementadas.
GPA-001__R2-001__R1-003__0596,GPA-001__R2-001__R1-003,02_inputs_xml_flat/GPA-001__R2-001__R1-003__0596.xml,PASS,INFO,R1.D01=NO;R1.D03=SI;R2.D01=SI;R2.D02=SI;R2.D03=SI,MUNICIPIO30632,MUNICIPIO_SIN_CN_TRAB,Si,No,30632,,Regla 2 coherente para validaciones implementadas.
GPA-001__R2-001__R1-003__0597,GPA-001__R2-001__R1-003,02_inputs_xml_flat/GPA-001__R2-001__R1-003__0597.xml,PASS,INFO,R1.D01=NO;R1.D03=SI;R2.D01=SI;R2.D02=SI;R2.D03=SI,MUNICIPIO30633,MUNICIPIO_SIN_CN_TRAB,Si,No,30633,,Regla 2 coherente para validaciones implementadas.
GPA-001__R2-001__R1-003__0598,GPA-001__R2-001__R1-003,02_inputs_xml_flat/GPA-001__R2-001__R1-003__0598.xml,PASS,INFO,R1.D01=NO;R1.D03=SI;R2.D01=SI;R2.D02=SI;R2.D03=SI,MUNICIPIO30631,MUNICIPIO_SIN_CN_TRAB,Si,No,30631,,Regla 2 coherente para validaciones implementadas.
GPA-001__R2-001__R1-003__0599,GPA-001__R2-001__R1-003,02_inputs_xml_flat/GPA-001__R2-001__R1-003__0599.xml,PASS,INFO,R1.D01=NO;R1.D03=SI;R2.D01=SI;R2.D02=SI;R2.D03=SI,MUNICIPIO30632,MUNICIPIO_SIN_CN_TRAB,Si,No,30632,,Regla 2 coherente para validaciones implementadas.
GPA-001__R2-001__R1-003__0600,GPA-001__R2-001__R1-003,02_inputs_xml_flat/GPA-001__R2-001__R1-003__0600.xml,PASS,INFO,R1.D01=NO;R1.D03=SI;R2.D01=SI;R2.D02=SI;R2.D03=SI,MUNICIPIO30633,MUNICIPIO_SIN_CN_TRAB,Si,No,30633,,Regla 2 coherente para validaciones implementadas.
GPA-001__R2-001__R1-003__0601,GPA-001__R2-001__R1-003,02_inputs_xml_flat/GPA-001__R2-001__R1-003__0601.xml,PASS,INFO,R1.D01=NO;R1.D03=SI;R2.D01=SI;R2.D02=SI;R2.D03=SI,MUNICIPIO30631,MUNICIPIO_SIN_CN_TRAB,Si,No,30631,,Regla 2 coherente para validaciones implementadas.
GPA-001__R2-001__R1-003__0602,GPA-001__R2-001__R1-003,02_inputs_xml_flat/GPA-001__R2-001__R1-003__0602.xml,PASS,INFO,R1.D01=NO;R1.D03=SI;R2.D01=SI;R2.D02=SI;R2.D03=SI,MUNICIPIO30632,MUNICIPIO_SIN_CN_TRAB,Si,No,30632,,Regla 2 coherente para validaciones implementadas.
GPA-001__R2-001__R1-003__0603,GPA-001__R2-001__R1-003,02_inputs_xml_flat/GPA-001__R2-001__R1-003__0603.xml,PASS,INFO,R1.D01=NO;R1.D03=SI;R2.D01=SI;R2.D02=SI;R2.D03=SI,MUNICIPIO30633,MUNICIPIO_SIN_CN_TRAB,Si,No,30633,,Regla 2 coherente para validaciones implementadas.
GPA-001__R2-001__R1-003__0604,GPA-001__R2-001__R1-003,02_inputs_xml_flat/GPA-001__R2-001__R1-003__0604.xml,PASS,INFO,R1.D01=NO;R1.D03=SI;R2.D01=SI;R2.D02=SI;R2.D03=SI,MUNICIPIO30631,MUNICIPIO_SIN_CN_TRAB,Si,No,30631,,Regla 2 coherente para validaciones implementadas.
GPA-001__R2-001__R1-003__0605,GPA-001__R2-001__R1-003,02_inputs_xml_flat/GPA-001__R2-001__R1-003__0605.xml,PASS,INFO,R1.D01=NO;R1.D03=SI;R2.D01=SI;R2.D02=SI;R2.D03=SI,MUNICIPIO30632,MUNICIPIO_SIN_CN_TRAB,Si,No,30632,,Regla 2 coherente para validaciones implementadas.
GPA-001__R2-001__R1-003__0606,GPA-001__R2-001__R1-003,02_inputs_xml_flat/GPA-001__R2-001__R1-003__0606.xml,PASS,INFO,R1.D01=NO;R1.D03=SI;R2.D01=SI;R2.D02=SI;R2.D03=SI,MUNICIPIO30633,MUNICIPIO_SIN_CN_TRAB,Si,No,30633,,Regla 2 coherente para validaciones implementadas.
GPA-001__R2-001__R1-003__0607,GPA-001__R2-001__R1-003,02_inputs_xml_flat/GPA-001__R2-001__R1-003__0607.xml,PASS,INFO,R1.D01=NO;R1.D03=SI;R2.D01=SI;R2.D02=SI;R2.D03=SI,MUNICIPIO30631,MUNICIPIO_SIN_CN_TRAB,Si,No,30631,,Regla 2 coherente para validaciones implementadas.
GPA-001__R2-001__R1-003__0608,GPA-001__R2-001__R1-003,02_inputs_xml_flat/GPA-001__R2-001__R1-003__0608.xml,PASS,INFO,R1.D01=NO;R1.D03=SI;R2.D01=SI;R2.D02=SI;R2.D03=SI,MUNICIPIO30632,MUNICIPIO_SIN_CN_TRAB,Si,No,30632,,Regla 2 coherente para validaciones implementadas.
GPA-001__R2-001__R1-003__0609,GPA-001__R2-001__R1-003,02_inputs_xml_flat/GPA-001__R2-001__R1-003__0609.xml,PASS,INFO,R1.D01=NO;R1.D03=SI;R2.D01=SI;R2.D02=SI;R2.D03=SI,MUNICIPIO30633,MUNICIPIO_SIN_CN_TRAB,Si,No,30633,,Regla 2 coherente para validaciones implementadas.
GPA-001__R2-001__R1-003__0610,GPA-001__R2-001__R1-003,02_inputs_xml_flat/GPA-001__R2-001__R1-003__0610.xml,PASS,INFO,R1.D01=NO;R1.D03=SI;R2.D01=SI;R2.D02=SI;R2.D03=SI,MUNICIPIO30631,MUNICIPIO_SIN_CN_TRAB,Si,No,30631,,Regla 2 coherente para validaciones implementadas.
GPA-001__R2-001__R1-003__0611,GPA-001__R2-001__R1-003,02_inputs_xml_flat/GPA-001__R2-001__R1-003__0611.xml,PASS,INFO,R1.D01=NO;R1.D03=SI;R2.D01=SI;R2.D02=SI;R2.D03=SI,MUNICIPIO30632,MUNICIPIO_SIN_CN_TRAB,Si,No,30632,,Regla 2 coherente para validaciones implementadas.
GPA-001__R2-001__R1-003__0612,GPA-001__R2-001__R1-003,02_inputs_xml_flat/GPA-001__R2-001__R1-003__0612.xml,PASS,INFO,R1.D01=NO;R1.D03=SI;R2.D01=SI;R2.D02=SI;R2.D03=SI,MUNICIPIO30633,MUNICIPIO_SIN_CN_TRAB,Si,No,30633,,Regla 2 coherente para validaciones implementadas.
GPA-001__R2-001__R1-003__0613,GPA-001__R2-001__R1-003,02_inputs_xml_flat/GPA-001__R2-001__R1-003__0613.xml,PASS,INFO,R1.D01=NO;R1.D03=SI;R2.D01=SI;R2.D02=SI;R2.D03=SI,MUNICIPIO30631,MUNICIPIO_SIN_CN_TRAB,Si,No,30631,,Regla 2 coherente para validaciones implementadas.
GPA-001__R2-001__R1-003__0614,GPA-001__R2-001__R1-003,02_inputs_xml_flat/GPA-001__R2-001__R1-003__0614.xml,PASS,INFO,R1.D01=NO;R1.D03=SI;R2.D01=SI;R2.D02=SI;R2.D03=SI,MUNICIPIO30632,MUNICIPIO_SIN_CN_TRAB,Si,No,30632,,Regla 2 coherente para validaciones implementadas.
GPA-001__R2-001__R1-003__0615,GPA-001__R2-001__R1-003,02_inputs_xml_flat/GPA-001__R2-001__R1-003__0615.xml,PASS,INFO,R1.D01=NO;R1.D03=SI;R2.D01=SI;R2.D02=SI;R2.D03=SI,MUNICIPIO30633,MUNICIPIO_SIN_CN_TRAB,Si,No,30633,,Regla 2 coherente para validaciones implementadas.
GPA-001__R2-001__R1-003__0616,GPA-001__R2-001__R1-003,02_inputs_xml_flat/GPA-001__R2-001__R1-003__0616.xml,PASS,INFO,R1.D01=NO;R1.D03=SI;R2.D01=SI;R2.D02=SI;R2.D03=SI,MUNICIPIO30631,MUNICIPIO_SIN_CN_TRAB,Si,No,30631,,Regla 2 coherente para validaciones implementadas.
GPA-001__R2-001__R1-003__0617,GPA-001__R2-001__R1-003,02_inputs_xml_flat/GPA-001__R2-001__R1-003__0617.xml,PASS,INFO,R1.D01=NO;R1.D03=SI;R2.D01=SI;R2.D02=SI;R2.D03=SI,MUNICIPIO30632,MUNICIPIO_SIN_CN_TRAB,Si,No,30632,,Regla 2 coherente para validaciones implementadas.
GPA-001__R2-001__R1-003__0618,GPA-001__R2-001__R1-003,02_inputs_xml_flat/GPA-001__R2-001__R1-003__0618.xml,PASS,INFO,R1.D01=NO;R1.D03=SI;R2.D01=SI;R2.D02=SI;R2.D03=SI,MUNICIPIO30633,MUNICIPIO_SIN_CN_TRAB,Si,No,30633,,Regla 2 coherente para validaciones implementadas.
GPA-001__R2-001__R1-003__0619,GPA-001__R2-001__R1-003,02_inputs_xml_flat/GPA-001__R2-001__R1-003__0619.xml,PASS,INFO,R1.D01=NO;R1.D03=SI;R2.D01=SI;R2.D02=SI;R2.D03=SI,MUNICIPIO30631,MUNICIPIO_SIN_CN_TRAB,Si,No,30631,,Regla 2 coherente para validaciones implementadas.
GPA-001__R2-001__R1-003__0620,GPA-001__R2-001__R1-003,02_inputs_xml_flat/GPA-001__R2-001__R1-003__0620.xml,PASS,INFO,R1.D01=NO;R1.D03=SI;R2.D01=SI;R2.D02=SI;R2.D03=SI,MUNICIPIO30632,MUNICIPIO_SIN_CN_TRAB,Si,No,30632,,Regla 2 coherente para validaciones implementadas.
GPA-001__R2-001__R1-003__0621,GPA-001__R2-001__R1-003,02_inputs_xml_flat/GPA-001__R2-001__R1-003__0621.xml,PASS,INFO,R1.D01=NO;R1.D03=SI;R2.D01=SI;R2.D02=SI;R2.D03=SI,MUNICIPIO30633,MUNICIPIO_SIN_CN_TRAB,Si,No,30633,,Regla 2 coherente para validaciones implementadas.
GPA-001__R2-001__R1-003__0622,GPA-001__R2-001__R1-003,02_inputs_xml_flat/GPA-001__R2-001__R1-003__0622.xml,PASS,INFO,R1.D01=NO;R1.D03=SI;R2.D01=SI;R2.D02=SI;R2.D03=SI,MUNICIPIO30631,MUNICIPIO_SIN_CN_TRAB,Si,No,30631,,Regla 2 coherente para validaciones implementadas.
GPA-001__R2-001__R1-003__0623,GPA-001__R2-001__R1-003,02_inputs_xml_flat/GPA-001__R2-001__R1-003__0623.xml,PASS,INFO,R1.D01=NO;R1.D03=SI;R2.D01=SI;R2.D02=SI;R2.D03=SI,MUNICIPIO30632,MUNICIPIO_SIN_CN_TRAB,Si,No,30632,,Regla 2 coherente para validaciones implementadas.
GPA-001__R2-001__R1-003__0624,GPA-001__R2-001__R1-003,02_inputs_xml_flat/GPA-001__R2-001__R1-003__0624.xml,PASS,INFO,R1.D01=NO;R1.D03=SI;R2.D01=SI;R2.D02=SI;R2.D03=SI,MUNICIPIO30633,MUNICIPIO_SIN_CN_TRAB,Si,No,30633,,Regla 2 coherente para validaciones implementadas.
GPA-001__R2-001__R1-003__0625,GPA-001__R2-001__R1-003,02_inputs_xml_flat/GPA-001__R2-001__R1-003__0625.xml,PASS,INFO,R1.D01=NO;R1.D03=SI;R2.D01=SI;R2.D02=SI;R2.D03=SI,MUNICIPIO30631,MUNICIPIO_SIN_CN_TRAB,Si,No,30631,,Regla 2 coherente para validaciones implementadas.
GPA-001__R2-001__R1-003__0626,GPA-001__R2-001__R1-003,02_inputs_xml_flat/GPA-001__R2-001__R1-003__0626.xml,PASS,INFO,R1.D01=NO;R1.D03=SI;R2.D01=SI;R2.D02=SI;R2.D03=SI,MUNICIPIO30632,MUNICIPIO_SIN_CN_TRAB,Si,No,30632,,Regla 2 coherente para validaciones implementadas.
GPA-001__R2-001__R1-003__0627,GPA-001__R2-001__R1-003,02_inputs_xml_flat/GPA-001__R2-001__R1-003__0627.xml,PASS,INFO,R1.D01=NO;R1.D03=SI;R2.D01=SI;R2.D02=SI;R2.D03=SI,MUNICIPIO30633,MUNICIPIO_SIN_CN_TRAB,Si,No,30633,,Regla 2 coherente para validaciones implementadas.
GPA-001__R2-001__R1-003__0628,GPA-001__R2-001__R1-003,02_inputs_xml_flat/GPA-001__R2-001__R1-003__0628.xml,PASS,INFO,R1.D01=NO;R1.D03=SI;R2.D01=SI;R2.D02=SI;R2.D03=SI,MUNICIPIO30631,MUNICIPIO_SIN_CN_TRAB,Si,No,30631,,Regla 2 coherente para validaciones implementadas.
GPA-001__R2-001__R1-003__0629,GPA-001__R2-001__R1-003,02_inputs_xml_flat/GPA-001__R2-001__R1-003__0629.xml,PASS,INFO,R1.D01=NO;R1.D03=SI;R2.D01=SI;R2.D02=SI;R2.D03=SI,MUNICIPIO30632,MUNICIPIO_SIN_CN_TRAB,Si,No,30632,,Regla 2 coherente para validaciones implementadas.
GPA-001__R2-001__R1-003__0630,GPA-001__R2-001__R1-003,02_inputs_xml_flat/GPA-001__R2-001__R1-003__0630.xml,PASS,INFO,R1.D01=NO;R1.D03=SI;R2.D01=SI;R2.D02=SI;R2.D03=SI,MUNICIPIO30633,MUNICIPIO_SIN_CN_TRAB,Si,No,30633,,Regla 2 coherente para validaciones implementadas.
GPA-001__R2-001__R1-003__0631,GPA-001__R2-001__R1-003,02_inputs_xml_flat/GPA-001__R2-001__R1-003__0631.xml,PASS,INFO,R1.D01=NO;R1.D03=SI;R2.D01=SI;R2.D02=SI;R2.D03=SI,MUNICIPIO30631,MUNICIPIO_SIN_CN_TRAB,Si,No,30631,,Regla 2 coherente para validaciones implementadas.
GPA-001__R2-001__R1-003__0632,GPA-001__R2-001__R1-003,02_inputs_xml_flat/GPA-001__R2-001__R1-003__0632.xml,PASS,INFO,R1.D01=NO;R1.D03=SI;R2.D01=SI;R2.D02=SI;R2.D03=SI,MUNICIPIO30632,MUNICIPIO_SIN_CN_TRAB,Si,No,30632,,Regla 2 coherente para validaciones implementadas.
GPA-001__R2-001__R1-003__0633,GPA-001__R2-001__R1-003,02_inputs_xml_flat/GPA-001__R2-001__R1-003__0633.xml,PASS,INFO,R1.D01=NO;R1.D03=SI;R2.D01=SI;R2.D02=SI;R2.D03=SI,MUNICIPIO30633,MUNICIPIO_SIN_CN_TRAB,Si,No,30633,,Regla 2 coherente para validaciones implementadas.
GPA-001__R2-001__R1-003__0634,GPA-001__R2-001__R1-003,02_inputs_xml_flat/GPA-001__R2-001__R1-003__0634.xml,PASS,INFO,R1.D01=NO;R1.D03=SI;R2.D01=SI;R2.D02=SI;R2.D03=SI,MUNICIPIO30631,MUNICIPIO_SIN_CN_TRAB,Si,No,30631,,Regla 2 coherente para validaciones implementadas.
GPA-001__R2-001__R1-003__0635,GPA-001__R2-001__R1-003,02_inputs_xml_flat/GPA-001__R2-001__R1-003__0635.xml,PASS,INFO,R1.D01=NO;R1.D03=SI;R2.D01=SI;R2.D02=SI;R2.D03=SI,MUNICIPIO30632,MUNICIPIO_SIN_CN_TRAB,Si,No,30632,,Regla 2 coherente para validaciones implementadas.
GPA-001__R2-001__R1-003__0636,GPA-001__R2-001__R1-003,02_inputs_xml_flat/GPA-001__R2-001__R1-003__0636.xml,PASS,INFO,R1.D01=NO;R1.D03=SI;R2.D01=SI;R2.D02=SI;R2.D03=SI,MUNICIPIO30633,MUNICIPIO_SIN_CN_TRAB,Si,No,30633,,Regla 2 coherente para validaciones implementadas.
GPA-001__R2-001__R1-003__0637,GPA-001__R2-001__R1-003,02_inputs_xml_flat/GPA-001__R2-001__R1-003__0637.xml,PASS,INFO,R1.D01=NO;R1.D03=SI;R2.D01=SI;R2.D02=SI;R2.D03=SI,MUNICIPIO30631,MUNICIPIO_SIN_CN_TRAB,Si,No,30631,,Regla 2 coherente para validaciones implementadas.
GPA-001__R2-001__R1-003__0638,GPA-001__R2-001__R1-003,02_inputs_xml_flat/GPA-001__R2-001__R1-003__0638.xml,PASS,INFO,R1.D01=NO;R1.D03=SI;R2.D01=SI;R2.D02=SI;R2.D03=SI,MUNICIPIO30632,MUNICIPIO_SIN_CN_TRAB,Si,No,30632,,Regla 2 coherente para validaciones implementadas.
GPA-001__R2-001__R1-003__0639,GPA-001__R2-001__R1-003,02_inputs_xml_flat/GPA-001__R2-001__R1-003__0639.xml,PASS,INFO,R1.D01=NO;R1.D03=SI;R2.D01=SI;R2.D02=SI;R2.D03=SI,MUNICIPIO30633,MUNICIPIO_SIN_CN_TRAB,Si,No,30633,,Regla 2 coherente para validaciones implementadas.
GPA-001__R2-001__R1-003__0640,GPA-001__R2-001__R1-003,02_inputs_xml_flat/GPA-001__R2-001__R1-003__0640.xml,PASS,INFO,R1.D01=NO;R1.D03=SI;R2.D01=SI;R2.D02=SI;R2.D03=SI,MUNICIPIO30631,MUNICIPIO_SIN_CN_TRAB,Si,No,30631,,Regla 2 coherente para validaciones implementadas.
GPA-001__R2-001__R1-003__0641,GPA-001__R2-001__R1-003,02_inputs_xml_flat/GPA-001__R2-001__R1-003__0641.xml,PASS,INFO,R1.D01=NO;R1.D03=SI;R2.D01=SI;R2.D02=SI;R2.D03=SI,MUNICIPIO30632,MUNICIPIO_SIN_CN_TRAB,Si,No,30632,,Regla 2 coherente para validaciones implementadas.
GPA-001__R2-001__R1-003__0642,GPA-001__R2-001__R1-003,02_inputs_xml_flat/GPA-001__R2-001__R1-003__0642.xml,PASS,INFO,R1.D01=NO;R1.D03=SI;R2.D01=SI;R2.D02=SI;R2.D03=SI,MUNICIPIO30633,MUNICIPIO_SIN_CN_TRAB,Si,No,30633,,Regla 2 coherente para validaciones implementadas.
GPA-001__R2-001__R1-003__0643,GPA-001__R2-001__R1-003,02_inputs_xml_flat/GPA-001__R2-001__R1-003__0643.xml,PASS,INFO,R1.D01=NO;R1.D03=SI;R2.D01=SI;R2.D02=SI;R2.D03=SI,MUNICIPIO30631,MUNICIPIO_SIN_CN_TRAB,Si,No,30631,,Regla 2 coherente para validaciones implementadas.
GPA-001__R2-001__R1-003__0644,GPA-001__R2-001__R1-003,02_inputs_xml_flat/GPA-001__R2-001__R1-003__0644.xml,PASS,INFO,R1.D01=NO;R1.D03=SI;R2.D01=SI;R2.D02=SI;R2.D03=SI,MUNICIPIO30632,MUNICIPIO_SIN_CN_TRAB,Si,No,30632,,Regla 2 coherente para validaciones implementadas.
GPA-001__R2-001__R1-003__0645,GPA-001__R2-001__R1-003,02_inputs_xml_flat/GPA-001__R2-001__R1-003__0645.xml,PASS,INFO,R1.D01=NO;R1.D03=SI;R2.D01=SI;R2.D02=SI;R2.D03=SI,MUNICIPIO30633,MUNICIPIO_SIN_CN_TRAB,Si,No,30633,,Regla 2 coherente para validaciones implementadas.
GPA-001__R2-001__R1-003__0646,GPA-001__R2-001__R1-003,02_inputs_xml_flat/GPA-001__R2-001__R1-003__0646.xml,PASS,INFO,R1.D01=NO;R1.D03=SI;R2.D01=SI;R2.D02=SI;R2.D03=SI,MUNICIPIO30631,MUNICIPIO_SIN_CN_TRAB,Si,No,30631,,Regla 2 coherente para validaciones implementadas.
GPA-001__R2-001__R1-003__0647,GPA-001__R2-001__R1-003,02_inputs_xml_flat/GPA-001__R2-001__R1-003__0647.xml,PASS,INFO,R1.D01=NO;R1.D03=SI;R2.D01=SI;R2.D02=SI;R2.D03=SI,MUNICIPIO30632,MUNICIPIO_SIN_CN_TRAB,Si,No,30632,,Regla 2 coherente para validaciones implementadas.
GPA-001__R2-001__R1-003__0648,GPA-001__R2-001__R1-003,02_inputs_xml_flat/GPA-001__R2-001__R1-003__0648.xml,PASS,INFO,R1.D01=NO;R1.D03=SI;R2.D01=SI;R2.D02=SI;R2.D03=SI,MUNICIPIO30633,MUNICIPIO_SIN_CN_TRAB,Si,No,30633,,Regla 2 coherente para validaciones implementadas.
GPA-001__R2-001__R1-003__0649,GPA-001__R2-001__R1-003,02_inputs_xml_flat/GPA-001__R2-001__R1-003__0649.xml,PASS,INFO,R1.D01=NO;R1.D03=SI;R2.D01=SI;R2.D02=SI;R2.D03=SI,MUNICIPIO30631,MUNICIPIO_SIN_CN_TRAB,Si,No,30631,,Regla 2 coherente para validaciones implementadas.
GPA-001__R2-001__R1-003__0650,GPA-001__R2-001__R1-003,02_inputs_xml_flat/GPA-001__R2-001__R1-003__0650.xml,PASS,INFO,R1.D01=NO;R1.D03=SI;R2.D01=SI;R2.D02=SI;R2.D03=SI,MUNICIPIO30632,MUNICIPIO_SIN_CN_TRAB,Si,No,30632,,Regla 2 coherente para validaciones implementadas.
GPA-001__R2-001__R1-003__0651,GPA-001__R2-001__R1-003,02_inputs_xml_flat/GPA-001__R2-001__R1-003__0651.xml,PASS,INFO,R1.D01=NO;R1.D03=SI;R2.D01=SI;R2.D02=SI;R2.D03=SI,MUNICIPIO30633,MUNICIPIO_SIN_CN_TRAB,Si,No,30633,,Regla 2 coherente para validaciones implementadas.
GPA-001__R2-001__R1-003__0652,GPA-001__R2-001__R1-003,02_inputs_xml_flat/GPA-001__R2-001__R1-003__0652.xml,PASS,INFO,R1.D01=NO;R1.D03=SI;R2.D01=SI;R2.D02=SI;R2.D03=SI,MUNICIPIO30631,MUNICIPIO_SIN_CN_TRAB,Si,No,30631,,Regla 2 coherente para validaciones implementadas.
GPA-001__R2-001__R1-003__0653,GPA-001__R2-001__R1-003,02_inputs_xml_flat/GPA-001__R2-001__R1-003__0653.xml,PASS,INFO,R1.D01=NO;R1.D03=SI;R2.D01=SI;R2.D02=SI;R2.D03=SI,MUNICIPIO30632,MUNICIPIO_SIN_CN_TRAB,Si,No,30632,,Regla 2 coherente para validaciones implementadas.
GPA-001__R2-001__R1-003__0654,GPA-001__R2-001__R1-003,02_inputs_xml_flat/GPA-001__R2-001__R1-003__0654.xml,PASS,INFO,R1.D01=NO;R1.D03=SI;R2.D01=SI;R2.D02=SI;R2.D03=SI,MUNICIPIO30633,MUNICIPIO_SIN_CN_TRAB,Si,No,30633,,Regla 2 coherente para validaciones implementadas.
GPA-001__R2-001__R1-003__0655,GPA-001__R2-001__R1-003,02_inputs_xml_flat/GPA-001__R2-001__R1-003__0655.xml,PASS,INFO,R1.D01=NO;R1.D03=SI;R2.D01=SI;R2.D02=SI;R2.D03=SI,MUNICIPIO30631,MUNICIPIO_SIN_CN_TRAB,Si,No,30631,,Regla 2 coherente para validaciones implementadas.
GPA-001__R2-001__R1-003__0656,GPA-001__R2-001__R1-003,02_inputs_xml_flat/GPA-001__R2-001__R1-003__0656.xml,PASS,INFO,R1.D01=NO;R1.D03=SI;R2.D01=SI;R2.D02=SI;R2.D03=SI,MUNICIPIO30632,MUNICIPIO_SIN_CN_TRAB,Si,No,30632,,Regla 2 coherente para validaciones implementadas.
GPA-001__R2-001__R1-003__0657,GPA-001__R2-001__R1-003,02_inputs_xml_flat/GPA-001__R2-001__R1-003__0657.xml,PASS,INFO,R1.D01=NO;R1.D03=SI;R2.D01=SI;R2.D02=SI;R2.D03=SI,MUNICIPIO30633,MUNICIPIO_SIN_CN_TRAB,Si,No,30633,,Regla 2 coherente para validaciones implementadas.
GPA-001__R2-001__R1-003__0658,GPA-001__R2-001__R1-003,02_inputs_xml_flat/GPA-001__R2-001__R1-003__0658.xml,PASS,INFO,R1.D01=NO;R1.D03=SI;R2.D01=SI;R2.D02=SI;R2.D03=SI,MUNICIPIO30631,MUNICIPIO_SIN_CN_TRAB,Si,No,30631,,Regla 2 coherente para validaciones implementadas.
GPA-001__R2-001__R1-003__0659,GPA-001__R2-001__R1-003,02_inputs_xml_flat/GPA-001__R2-001__R1-003__0659.xml,PASS,INFO,R1.D01=NO;R1.D03=SI;R2.D01=SI;R2.D02=SI;R2.D03=SI,MUNICIPIO30632,MUNICIPIO_SIN_CN_TRAB,Si,No,30632,,Regla 2 coherente para validaciones implementadas.
GPA-001__R2-001__R1-003__0660,GPA-001__R2-001__R1-003,02_inputs_xml_flat/GPA-001__R2-001__R1-003__0660.xml,PASS,INFO,R1.D01=NO;R1.D03=SI;R2.D01=SI;R2.D02=SI;R2.D03=SI,MUNICIPIO30633,MUNICIPIO_SIN_CN_TRAB,Si,No,30633,,Regla 2 coherente para validaciones implementadas.
GPA-001__R2-001__R1-003__0661,GPA-001__R2-001__R1-003,02_inputs_xml_flat/GPA-001__R2-001__R1-003__0661.xml,PASS,INFO,R1.D01=NO;R1.D03=SI;R2.D01=SI;R2.D02=SI;R2.D03=SI,MUNICIPIO30631,MUNICIPIO_SIN_CN_TRAB,Si,No,30631,,Regla 2 coherente para validaciones implementadas.
GPA-001__R2-001__R1-003__0662,GPA-001__R2-001__R1-003,02_inputs_xml_flat/GPA-001__R2-001__R1-003__0662.xml,PASS,INFO,R1.D01=NO;R1.D03=SI;R2.D01=SI;R2.D02=SI;R2.D03=SI,MUNICIPIO30632,MUNICIPIO_SIN_CN_TRAB,Si,No,30632,,Regla 2 coherente para validaciones implementadas.
GPA-001__R2-001__R1-003__0663,GPA-001__R2-001__R1-003,02_inputs_xml_flat/GPA-001__R2-001__R1-003__0663.xml,PASS,INFO,R1.D01=NO;R1.D03=SI;R2.D01=SI;R2.D02=SI;R2.D03=SI,MUNICIPIO30633,MUNICIPIO_SIN_CN_TRAB,Si,No,30633,,Regla 2 coherente para validaciones implementadas.
GPA-001__R2-001__R1-003__0664,GPA-001__R2-001__R1-003,02_inputs_xml_flat/GPA-001__R2-001__R1-003__0664.xml,PASS,INFO,R1.D01=NO;R1.D03=SI;R2.D01=SI;R2.D02=SI;R2.D03=SI,MUNICIPIO30631,MUNICIPIO_SIN_CN_TRAB,Si,No,30631,,Regla 2 coherente para validaciones implementadas.
GPA-001__R2-001__R1-003__0665,GPA-001__R2-001__R1-003,02_inputs_xml_flat/GPA-001__R2-001__R1-003__0665.xml,PASS,INFO,R1.D01=NO;R1.D03=SI;R2.D01=SI;R2.D02=SI;R2.D03=SI,MUNICIPIO30632,MUNICIPIO_SIN_CN_TRAB,Si,No,30632,,Regla 2 coherente para validaciones implementadas.
GPA-001__R2-001__R1-003__0666,GPA-001__R2-001__R1-003,02_inputs_xml_flat/GPA-001__R2-001__R1-003__0666.xml,PASS,INFO,R1.D01=NO;R1.D03=SI;R2.D01=SI;R2.D02=SI;R2.D03=SI,MUNICIPIO30633,MUNICIPIO_SIN_CN_TRAB,Si,No,30633,,Regla 2 coherente para validaciones implementadas.
GPA-001__R2-001__R1-003__0667,GPA-001__R2-001__R1-003,02_inputs_xml_flat/GPA-001__R2-001__R1-003__0667.xml,PASS,INFO,R1.D01=NO;R1.D03=SI;R2.D01=SI;R2.D02=SI;R2.D03=SI,MUNICIPIO30631,MUNICIPIO_SIN_CN_TRAB,Si,No,30631,,Regla 2 coherente para validaciones implementadas.
GPA-001__R2-001__R1-003__0668,GPA-001__R2-001__R1-003,02_inputs_xml_flat/GPA-001__R2-001__R1-003__0668.xml,PASS,INFO,R1.D01=NO;R1.D03=SI;R2.D01=SI;R2.D02=SI;R2.D03=SI,MUNICIPIO30632,MUNICIPIO_SIN_CN_TRAB,Si,No,30632,,Regla 2 coherente para validaciones implementadas.
GPA-001__R2-001__R1-003__0669,GPA-001__R2-001__R1-003,02_inputs_xml_flat/GPA-001__R2-001__R1-003__0669.xml,PASS,INFO,R1.D01=NO;R1.D03=SI;R2.D01=SI;R2.D02=SI;R2.D03=SI,MUNICIPIO30633,MUNICIPIO_SIN_CN_TRAB,Si,No,30633,,Regla 2 coherente para validaciones implementadas.
GPA-001__R2-001__R1-003__0670,GPA-001__R2-001__R1-003,02_inputs_xml_flat/GPA-001__R2-001__R1-003__0670.xml,PASS,INFO,R1.D01=NO;R1.D03=SI;R2.D01=SI;R2.D02=SI;R2.D03=SI,MUNICIPIO30631,MUNICIPIO_SIN_CN_TRAB,Si,No,30631,,Regla 2 coherente para validaciones implementadas.
GPA-001__R2-001__R1-003__0671,GPA-001__R2-001__R1-003,02_inputs_xml_flat/GPA-001__R2-001__R1-003__0671.xml,PASS,INFO,R1.D01=NO;R1.D03=SI;R2.D01=SI;R2.D02=SI;R2.D03=SI,MUNICIPIO30632,MUNICIPIO_SIN_CN_TRAB,Si,No,30632,,Regla 2 coherente para validaciones implementadas.
GPA-001__R2-001__R1-003__0672,GPA-001__R2-001__R1-003,02_inputs_xml_flat/GPA-001__R2-001__R1-003__0672.xml,PASS,INFO,R1.D01=NO;R1.D03=SI;R2.D01=SI;R2.D02=SI;R2.D03=SI,MUNICIPIO30633,MUNICIPIO_SIN_CN_TRAB,Si,No,30633,,Regla 2 coherente para validaciones implementadas.
GPA-001__R2-001__R1-003__0673,GPA-001__R2-001__R1-003,02_inputs_xml_flat/GPA-001__R2-001__R1-003__0673.xml,PASS,INFO,R1.D01=NO;R1.D03=SI;R2.D01=SI;R2.D02=SI;R2.D03=SI,MUNICIPIO30631,MUNICIPIO_SIN_CN_TRAB,Si,No,30631,,Regla 2 coherente para validaciones implementadas.
GPA-001__R2-001__R1-003__0674,GPA-001__R2-001__R1-003,02_inputs_xml_flat/GPA-001__R2-001__R1-003__0674.xml,PASS,INFO,R1.D01=NO;R1.D03=SI;R2.D01=SI;R2.D02=SI;R2.D03=SI,MUNICIPIO30632,MUNICIPIO_SIN_CN_TRAB,Si,No,30632,,Regla 2 coherente para validaciones implementadas.
GPA-001__R2-001__R1-003__0675,GPA-001__R2-001__R1-003,02_inputs_xml_flat/GPA-001__R2-001__R1-003__0675.xml,PASS,INFO,R1.D01=NO;R1.D03=SI;R2.D01=SI;R2.D02=SI;R2.D03=SI,MUNICIPIO30633,MUNICIPIO_SIN_CN_TRAB,Si,No,30633,,Regla 2 coherente para validaciones implementadas.
GPA-001__R2-001__R1-003__0676,GPA-001__R2-001__R1-003,02_inputs_xml_flat/GPA-001__R2-001__R1-003__0676.xml,PASS,INFO,R1.D01=NO;R1.D03=SI;R2.D01=SI;R2.D02=SI;R2.D03=SI,MUNICIPIO30631,MUNICIPIO_SIN_CN_TRAB,Si,No,30631,,Regla 2 coherente para validaciones implementadas.
GPA-001__R2-001__R1-003__0677,GPA-001__R2-001__R1-003,02_inputs_xml_flat/GPA-001__R2-001__R1-003__0677.xml,PASS,INFO,R1.D01=NO;R1.D03=SI;R2.D01=SI;R2.D02=SI;R2.D03=SI,MUNICIPIO30632,MUNICIPIO_SIN_CN_TRAB,Si,No,30632,,Regla 2 coherente para validaciones implementadas.
GPA-001__R2-001__R1-003__0678,GPA-001__R2-001__R1-003,02_inputs_xml_flat/GPA-001__R2-001__R1-003__0678.xml,PASS,INFO,R1.D01=NO;R1.D03=SI;R2.D01=SI;R2.D02=SI;R2.D03=SI,MUNICIPIO30633,MUNICIPIO_SIN_CN_TRAB,Si,No,30633,,Regla 2 coherente para validaciones implementadas.
GPA-001__R2-001__R1-003__0679,GPA-001__R2-001__R1-003,02_inputs_xml_flat/GPA-001__R2-001__R1-003__0679.xml,PASS,INFO,R1.D01=NO;R1.D03=SI;R2.D01=SI;R2.D02=SI;R2.D03=SI,MUNICIPIO30631,MUNICIPIO_SIN_CN_TRAB,Si,No,30631,,Regla 2 coherente para validaciones implementadas.
GPA-001__R2-001__R1-003__0680,GPA-001__R2-001__R1-003,02_inputs_xml_flat/GPA-001__R2-001__R1-003__0680.xml,PASS,INFO,R1.D01=NO;R1.D03=SI;R2.D01=SI;R2.D02=SI;R2.D03=SI,MUNICIPIO30632,MUNICIPIO_SIN_CN_TRAB,Si,No,30632,,Regla 2 coherente para validaciones implementadas.
GPA-001__R2-001__R1-003__0681,GPA-001__R2-001__R1-003,02_inputs_xml_flat/GPA-001__R2-001__R1-003__0681.xml,PASS,INFO,R1.D01=NO;R1.D03=SI;R2.D01=SI;R2.D02=SI;R2.D03=SI,MUNICIPIO30633,MUNICIPIO_SIN_CN_TRAB,Si,No,30633,,Regla 2 coherente para validaciones implementadas.
GPA-001__R2-001__R1-003__0682,GPA-001__R2-001__R1-003,02_inputs_xml_flat/GPA-001__R2-001__R1-003__0682.xml,PASS,INFO,R1.D01=NO;R1.D03=SI;R2.D01=SI;R2.D02=SI;R2.D03=SI,MUNICIPIO30631,MUNICIPIO_SIN_CN_TRAB,Si,No,30631,,Regla 2 coherente para validaciones implementadas.
GPA-001__R2-001__R1-003__0683,GPA-001__R2-001__R1-003,02_inputs_xml_flat/GPA-001__R2-001__R1-003__0683.xml,PASS,INFO,R1.D01=NO;R1.D03=SI;R2.D01=SI;R2.D02=SI;R2.D03=SI,MUNICIPIO30632,MUNICIPIO_SIN_CN_TRAB,Si,No,30632,,Regla 2 coherente para validaciones implementadas.
GPA-001__R2-001__R1-003__0684,GPA-001__R2-001__R1-003,02_inputs_xml_flat/GPA-001__R2-001__R1-003__0684.xml,PASS,INFO,R1.D01=NO;R1.D03=SI;R2.D01=SI;R2.D02=SI;R2.D03=SI,MUNICIPIO30633,MUNICIPIO_SIN_CN_TRAB,Si,No,30633,,Regla 2 coherente para validaciones implementadas.
GPA-001__R2-001__R1-003__0685,GPA-001__R2-001__R1-003,02_inputs_xml_flat/GPA-001__R2-001__R1-003__0685.xml,PASS,INFO,R1.D01=NO;R1.D03=SI;R2.D01=SI;R2.D02=SI;R2.D03=SI,MUNICIPIO30631,MUNICIPIO_SIN_CN_TRAB,Si,No,30631,,Regla 2 coherente para validaciones implementadas.
GPA-001__R2-001__R1-003__0686,GPA-001__R2-001__R1-003,02_inputs_xml_flat/GPA-001__R2-001__R1-003__0686.xml,PASS,INFO,R1.D01=NO;R1.D03=SI;R2.D01=SI;R2.D02=SI;R2.D03=SI,MUNICIPIO30632,MUNICIPIO_SIN_CN_TRAB,Si,No,30632,,Regla 2 coherente para validaciones implementadas.
GPA-001__R2-001__R1-003__0687,GPA-001__R2-001__R1-003,02_inputs_xml_flat/GPA-001__R2-001__R1-003__0687.xml,PASS,INFO,R1.D01=NO;R1.D03=SI;R2.D01=SI;R2.D02=SI;R2.D03=SI,MUNICIPIO30633,MUNICIPIO_SIN_CN_TRAB,Si,No,30633,,Regla 2 coherente para validaciones implementadas.
GPA-001__R2-001__R1-003__0688,GPA-001__R2-001__R1-003,02_inputs_xml_flat/GPA-001__R2-001__R1-003__0688.xml,PASS,INFO,R1.D01=NO;R1.D03=SI;R2.D01=SI;R2.D02=SI;R2.D03=SI,MUNICIPIO30631,MUNICIPIO_SIN_CN_TRAB,Si,No,30631,,Regla 2 coherente para validaciones implementadas.
GPA-001__R2-001__R1-003__0689,GPA-001__R2-001__R1-003,02_inputs_xml_flat/GPA-001__R2-001__R1-003__0689.xml,PASS,INFO,R1.D01=NO;R1.D03=SI;R2.D01=SI;R2.D02=SI;R2.D03=SI,MUNICIPIO30632,MUNICIPIO_SIN_CN_TRAB,Si,No,30632,,Regla 2 coherente para validaciones implementadas.
GPA-001__R2-001__R1-003__0690,GPA-001__R2-001__R1-003,02_inputs_xml_flat/GPA-001__R2-001__R1-003__0690.xml,PASS,INFO,R1.D01=NO;R1.D03=SI;R2.D01=SI;R2.D02=SI;R2.D03=SI,MUNICIPIO30633,MUNICIPIO_SIN_CN_TRAB,Si,No,30633,,Regla 2 coherente para validaciones implementadas.
GPA-001__R2-001__R1-003__0691,GPA-001__R2-001__R1-003,02_inputs_xml_flat/GPA-001__R2-001__R1-003__0691.xml,PASS,INFO,R1.D01=NO;R1.D03=SI;R2.D01=SI;R2.D02=SI;R2.D03=SI,MUNICIPIO30631,MUNICIPIO_SIN_CN_TRAB,Si,No,30631,,Regla 2 coherente para validaciones implementadas.
GPA-001__R2-001__R1-003__0692,GPA-001__R2-001__R1-003,02_inputs_xml_flat/GPA-001__R2-001__R1-003__0692.xml,PASS,INFO,R1.D01=NO;R1.D03=SI;R2.D01=SI;R2.D02=SI;R2.D03=SI,MUNICIPIO30632,MUNICIPIO_SIN_CN_TRAB,Si,No,30632,,Regla 2 coherente para validaciones implementadas.
GPA-001__R2-001__R1-003__0693,GPA-001__R2-001__R1-003,02_inputs_xml_flat/GPA-001__R2-001__R1-003__0693.xml,PASS,INFO,R1.D01=NO;R1.D03=SI;R2.D01=SI;R2.D02=SI;R2.D03=SI,MUNICIPIO30633,MUNICIPIO_SIN_CN_TRAB,Si,No,30633,,Regla 2 coherente para validaciones implementadas.
GPA-001__R2-001__R1-003__0694,GPA-001__R2-001__R1-003,02_inputs_xml_flat/GPA-001__R2-001__R1-003__0694.xml,PASS,INFO,R1.D01=NO;R1.D03=SI;R2.D01=SI;R2.D02=SI;R2.D03=SI,MUNICIPIO30631,MUNICIPIO_SIN_CN_TRAB,Si,No,30631,,Regla 2 coherente para validaciones implementadas.
GPA-001__R2-001__R1-003__0695,GPA-001__R2-001__R1-003,02_inputs_xml_flat/GPA-001__R2-001__R1-003__0695.xml,PASS,INFO,R1.D01=NO;R1.D03=SI;R2.D01=SI;R2.D02=SI;R2.D03=SI,MUNICIPIO30632,MUNICIPIO_SIN_CN_TRAB,Si,No,30632,,Regla 2 coherente para validaciones implementadas.
GPA-001__R2-001__R1-003__0696,GPA-001__R2-001__R1-003,02_inputs_xml_flat/GPA-001__R2-001__R1-003__0696.xml,PASS,INFO,R1.D01=NO;R1.D03=SI;R2.D01=SI;R2.D02=SI;R2.D03=SI,MUNICIPIO30633,MUNICIPIO_SIN_CN_TRAB,Si,No,30633,,Regla 2 coherente para validaciones implementadas.
GPA-001__R2-001__R1-003__0697,GPA-001__R2-001__R1-003,02_inputs_xml_flat/GPA-001__R2-001__R1-003__0697.xml,PASS,INFO,R1.D01=NO;R1.D03=SI;R2.D01=SI;R2.D02=SI;R2.D03=SI,MUNICIPIO30631,MUNICIPIO_SIN_CN_TRAB,Si,No,30631,,Regla 2 coherente para validaciones implementadas.
GPA-001__R2-001__R1-003__0698,GPA-001__R2-001__R1-003,02_inputs_xml_flat/GPA-001__R2-001__R1-003__0698.xml,PASS,INFO,R1.D01=NO;R1.D03=SI;R2.D01=SI;R2.D02=SI;R2.D03=SI,MUNICIPIO30632,MUNICIPIO_SIN_CN_TRAB,Si,No,30632,,Regla 2 coherente para validaciones implementadas.
GPA-001__R2-001__R1-003__0699,GPA-001__R2-001__R1-003,02_inputs_xml_flat/GPA-001__R2-001__R1-003__0699.xml,PASS,INFO,R1.D01=NO;R1.D03=SI;R2.D01=SI;R2.D02=SI;R2.D03=SI,MUNICIPIO30633,MUNICIPIO_SIN_CN_TRAB,Si,No,30633,,Regla 2 coherente para validaciones implementadas.
GPA-001__R2-001__R1-003__0700,GPA-001__R2-001__R1-003,02_inputs_xml_flat/GPA-001__R2-001__R1-003__0700.xml,PASS,INFO,R1.D01=NO;R1.D03=SI;R2.D01=SI;R2.D02=SI;R2.D03=SI,MUNICIPIO30631,MUNICIPIO_SIN_CN_TRAB,Si,No,30631,,Regla 2 coherente para validaciones implementadas.
GPA-001__R2-001__R1-003__0701,GPA-001__R2-001__R1-003,02_inputs_xml_flat/GPA-001__R2-001__R1-003__0701.xml,PASS,INFO,R1.D01=NO;R1.D03=SI;R2.D01=SI;R2.D02=SI;R2.D03=SI,MUNICIPIO30632,MUNICIPIO_SIN_CN_TRAB,Si,No,30632,,Regla 2 coherente para validaciones implementadas.
GPA-001__R2-001__R1-003__0702,GPA-001__R2-001__R1-003,02_inputs_xml_flat/GPA-001__R2-001__R1-003__0702.xml,PASS,INFO,R1.D01=NO;R1.D03=SI;R2.D01=SI;R2.D02=SI;R2.D03=SI,MUNICIPIO30633,MUNICIPIO_SIN_CN_TRAB,Si,No,30633,,Regla 2 coherente para validaciones implementadas.
GPA-001__R2-001__R1-003__0703,GPA-001__R2-001__R1-003,02_inputs_xml_flat/GPA-001__R2-001__R1-003__0703.xml,PASS,INFO,R1.D01=NO;R1.D03=SI;R2.D01=SI;R2.D02=SI;R2.D03=SI,MUNICIPIO30631,MUNICIPIO_SIN_CN_TRAB,Si,No,30631,,Regla 2 coherente para validaciones implementadas.
GPA-001__R2-001__R1-003__0704,GPA-001__R2-001__R1-003,02_inputs_xml_flat/GPA-001__R2-001__R1-003__0704.xml,PASS,INFO,R1.D01=NO;R1.D03=SI;R2.D01=SI;R2.D02=SI;R2.D03=SI,MUNICIPIO30632,MUNICIPIO_SIN_CN_TRAB,Si,No,30632,,Regla 2 coherente para validaciones implementadas.
GPA-001__R2-001__R1-003__0705,GPA-001__R2-001__R1-003,02_inputs_xml_flat/GPA-001__R2-001__R1-003__0705.xml,PASS,INFO,R1.D01=NO;R1.D03=SI;R2.D01=SI;R2.D02=SI;R2.D03=SI,MUNICIPIO30633,MUNICIPIO_SIN_CN_TRAB,Si,No,30633,,Regla 2 coherente para validaciones implementadas.
GPA-001__R2-001__R1-003__0706,GPA-001__R2-001__R1-003,02_inputs_xml_flat/GPA-001__R2-001__R1-003__0706.xml,PASS,INFO,R1.D01=NO;R1.D03=SI;R2.D01=SI;R2.D02=SI;R2.D03=SI,MUNICIPIO30631,MUNICIPIO_SIN_CN_TRAB,Si,No,30631,,Regla 2 coherente para validaciones implementadas.
GPA-001__R2-001__R1-003__0707,GPA-001__R2-001__R1-003,02_inputs_xml_flat/GPA-001__R2-001__R1-003__0707.xml,PASS,INFO,R1.D01=NO;R1.D03=SI;R2.D01=SI;R2.D02=SI;R2.D03=SI,MUNICIPIO30632,MUNICIPIO_SIN_CN_TRAB,Si,No,30632,,Regla 2 coherente para validaciones implementadas.
GPA-001__R2-001__R1-003__0708,GPA-001__R2-001__R1-003,02_inputs_xml_flat/GPA-001__R2-001__R1-003__0708.xml,PASS,INFO,R1.D01=NO;R1.D03=SI;R2.D01=SI;R2.D02=SI;R2.D03=SI,MUNICIPIO30633,MUNICIPIO_SIN_CN_TRAB,Si,No,30633,,Regla 2 coherente para validaciones implementadas.
GPA-001__R2-001__R1-003__0709,GPA-001__R2-001__R1-003,02_inputs_xml_flat/GPA-001__R2-001__R1-003__0709.xml,PASS,INFO,R1.D01=NO;R1.D03=SI;R2.D01=SI;R2.D02=SI;R2.D03=SI,MUNICIPIO30631,MUNICIPIO_SIN_CN_TRAB,Si,No,30631,,Regla 2 coherente para validaciones implementadas.
GPA-001__R2-001__R1-003__0710,GPA-001__R2-001__R1-003,02_inputs_xml_flat/GPA-001__R2-001__R1-003__0710.xml,PASS,INFO,R1.D01=NO;R1.D03=SI;R2.D01=SI;R2.D02=SI;R2.D03=SI,MUNICIPIO30632,MUNICIPIO_SIN_CN_TRAB,Si,No,30632,,Regla 2 coherente para validaciones implementadas.
GPA-001__R2-001__R1-003__0711,GPA-001__R2-001__R1-003,02_inputs_xml_flat/GPA-001__R2-001__R1-003__0711.xml,PASS,INFO,R1.D01=NO;R1.D03=SI;R2.D01=SI;R2.D02=SI;R2.D03=SI,MUNICIPIO30633,MUNICIPIO_SIN_CN_TRAB,Si,No,30633,,Regla 2 coherente para validaciones implementadas.
GPA-001__R2-001__R1-003__0712,GPA-001__R2-001__R1-003,02_inputs_xml_flat/GPA-001__R2-001__R1-003__0712.xml,PASS,INFO,R1.D01=NO;R1.D03=SI;R2.D01=SI;R2.D02=SI;R2.D03=SI,MUNICIPIO30631,MUNICIPIO_SIN_CN_TRAB,Si,No,30631,,Regla 2 coherente para validaciones implementadas.
GPA-001__R2-001__R1-003__0713,GPA-001__R2-001__R1-003,02_inputs_xml_flat/GPA-001__R2-001__R1-003__0713.xml,PASS,INFO,R1.D01=NO;R1.D03=SI;R2.D01=SI;R2.D02=SI;R2.D03=SI,MUNICIPIO30632,MUNICIPIO_SIN_CN_TRAB,Si,No,30632,,Regla 2 coherente para validaciones implementadas.
GPA-001__R2-001__R1-003__0714,GPA-001__R2-001__R1-003,02_inputs_xml_flat/GPA-001__R2-001__R1-003__0714.xml,PASS,INFO,R1.D01=NO;R1.D03=SI;R2.D01=SI;R2.D02=SI;R2.D03=SI,MUNICIPIO30633,MUNICIPIO_SIN_CN_TRAB,Si,No,30633,,Regla 2 coherente para validaciones implementadas.
GPA-001__R2-001__R1-003__0715,GPA-001__R2-001__R1-003,02_inputs_xml_flat/GPA-001__R2-001__R1-003__0715.xml,PASS,INFO,R1.D01=NO;R1.D03=SI;R2.D01=SI;R2.D02=SI;R2.D03=SI,MUNICIPIO30631,MUNICIPIO_SIN_CN_TRAB,Si,No,30631,,Regla 2 coherente para validaciones implementadas.
GPA-001__R2-001__R1-003__0716,GPA-001__R2-001__R1-003,02_inputs_xml_flat/GPA-001__R2-001__R1-003__0716.xml,PASS,INFO,R1.D01=NO;R1.D03=SI;R2.D01=SI;R2.D02=SI;R2.D03=SI,MUNICIPIO30632,MUNICIPIO_SIN_CN_TRAB,Si,No,30632,,Regla 2 coherente para validaciones implementadas.
GPA-001__R2-001__R1-003__0717,GPA-001__R2-001__R1-003,02_inputs_xml_flat/GPA-001__R2-001__R1-003__0717.xml,PASS,INFO,R1.D01=NO;R1.D03=SI;R2.D01=SI;R2.D02=SI;R2.D03=SI,MUNICIPIO30633,MUNICIPIO_SIN_CN_TRAB,Si,No,30633,,Regla 2 coherente para validaciones implementadas.
GPA-001__R2-001__R1-003__0718,GPA-001__R2-001__R1-003,02_inputs_xml_flat/GPA-001__R2-001__R1-003__0718.xml,PASS,INFO,R1.D01=NO;R1.D03=SI;R2.D01=SI;R2.D02=SI;R2.D03=SI,MUNICIPIO30631,MUNICIPIO_SIN_CN_TRAB,Si,No,30631,,Regla 2 coherente para validaciones implementadas.
GPA-001__R2-001__R1-003__0719,GPA-001__R2-001__R1-003,02_inputs_xml_flat/GPA-001__R2-001__R1-003__0719.xml,PASS,INFO,R1.D01=NO;R1.D03=SI;R2.D01=SI;R2.D02=SI;R2.D03=SI,MUNICIPIO30632,MUNICIPIO_SIN_CN_TRAB,Si,No,30632,,Regla 2 coherente para validaciones implementadas.
GPA-001__R2-001__R1-003__0720,GPA-001__R2-001__R1-003,02_inputs_xml_flat/GPA-001__R2-001__R1-003__0720.xml,PASS,INFO,R1.D01=NO;R1.D03=SI;R2.D01=SI;R2.D02=SI;R2.D03=SI,MUNICIPIO30633,MUNICIPIO_SIN_CN_TRAB,Si,No,30633,,Regla 2 coherente para validaciones implementadas.
GPA-001__R2-001__R1-003__0721,GPA-001__R2-001__R1-003,02_inputs_xml_flat/GPA-001__R2-001__R1-003__0721.xml,PASS,INFO,R1.D01=NO;R1.D03=SI;R2.D01=SI;R2.D02=SI;R2.D03=SI,MUNICIPIO30631,MUNICIPIO_SIN_CN_TRAB,Si,No,30631,,Regla 2 coherente para validaciones implementadas.
GPA-001__R2-001__R1-003__0722,GPA-001__R2-001__R1-003,02_inputs_xml_flat/GPA-001__R2-001__R1-003__0722.xml,PASS,INFO,R1.D01=NO;R1.D03=SI;R2.D01=SI;R2.D02=SI;R2.D03=SI,MUNICIPIO30632,MUNICIPIO_SIN_CN_TRAB,Si,No,30632,,Regla 2 coherente para validaciones implementadas.
GPA-001__R2-001__R1-003__0723,GPA-001__R2-001__R1-003,02_inputs_xml_flat/GPA-001__R2-001__R1-003__0723.xml,PASS,INFO,R1.D01=NO;R1.D03=SI;R2.D01=SI;R2.D02=SI;R2.D03=SI,MUNICIPIO30633,MUNICIPIO_SIN_CN_TRAB,Si,No,30633,,Regla 2 coherente para validaciones implementadas.
GPA-001__R2-001__R1-003__0724,GPA-001__R2-001__R1-003,02_inputs_xml_flat/GPA-001__R2-001__R1-003__0724.xml,PASS,INFO,R1.D01=NO;R1.D03=SI;R2.D01=SI;R2.D02=SI;R2.D03=SI,MUNICIPIO30631,MUNICIPIO_SIN_CN_TRAB,Si,No,30631,,Regla 2 coherente para validaciones implementadas.
GPA-001__R2-001__R1-003__0725,GPA-001__R2-001__R1-003,02_inputs_xml_flat/GPA-001__R2-001__R1-003__0725.xml,PASS,INFO,R1.D01=NO;R1.D03=SI;R2.D01=SI;R2.D02=SI;R2.D03=SI,MUNICIPIO30632,MUNICIPIO_SIN_CN_TRAB,Si,No,30632,,Regla 2 coherente para validaciones implementadas.
GPA-001__R2-001__R1-003__0726,GPA-001__R2-001__R1-003,02_inputs_xml_flat/GPA-001__R2-001__R1-003__0726.xml,PASS,INFO,R1.D01=NO;R1.D03=SI;R2.D01=SI;R2.D02=SI;R2.D03=SI,MUNICIPIO30633,MUNICIPIO_SIN_CN_TRAB,Si,No,30633,,Regla 2 coherente para validaciones implementadas.
GPA-001__R2-001__R1-003__0727,GPA-001__R2-001__R1-003,02_inputs_xml_flat/GPA-001__R2-001__R1-003__0727.xml,PASS,INFO,R1.D01=NO;R1.D03=SI;R2.D01=SI;R2.D02=SI;R2.D03=SI,MUNICIPIO30631,MUNICIPIO_SIN_CN_TRAB,Si,No,30631,,Regla 2 coherente para validaciones implementadas.
GPA-001__R2-001__R1-003__0728,GPA-001__R2-001__R1-003,02_inputs_xml_flat/GPA-001__R2-001__R1-003__0728.xml,PASS,INFO,R1.D01=NO;R1.D03=SI;R2.D01=SI;R2.D02=SI;R2.D03=SI,MUNICIPIO30632,MUNICIPIO_SIN_CN_TRAB,Si,No,30632,,Regla 2 coherente para validaciones implementadas.
GPA-001__R2-001__R1-003__0729,GPA-001__R2-001__R1-003,02_inputs_xml_flat/GPA-001__R2-001__R1-003__0729.xml,PASS,INFO,R1.D01=NO;R1.D03=SI;R2.D01=SI;R2.D02=SI;R2.D03=SI,MUNICIPIO30633,MUNICIPIO_SIN_CN_TRAB,Si,No,30633,,Regla 2 coherente para validaciones implementadas.
GPA-001__R2-001__R1-003__0730,GPA-001__R2-001__R1-003,02_inputs_xml_flat/GPA-001__R2-001__R1-003__0730.xml,PASS,INFO,R1.D01=NO;R1.D03=SI;R2.D01=SI;R2.D02=SI;R2.D03=SI,MUNICIPIO30631,MUNICIPIO_SIN_CN_TRAB,Si,No,30631,,Regla 2 coherente para validaciones implementadas.
GPA-001__R2-001__R1-003__0731,GPA-001__R2-001__R1-003,02_inputs_xml_flat/GPA-001__R2-001__R1-003__0731.xml,PASS,INFO,R1.D01=NO;R1.D03=SI;R2.D01=SI;R2.D02=SI;R2.D03=SI,MUNICIPIO30632,MUNICIPIO_SIN_CN_TRAB,Si,No,30632,,Regla 2 coherente para validaciones implementadas.
GPA-001__R2-001__R1-003__0732,GPA-001__R2-001__R1-003,02_inputs_xml_flat/GPA-001__R2-001__R1-003__0732.xml,PASS,INFO,R1.D01=NO;R1.D03=SI;R2.D01=SI;R2.D02=SI;R2.D03=SI,MUNICIPIO30633,MUNICIPIO_SIN_CN_TRAB,Si,No,30633,,Regla 2 coherente para validaciones implementadas.
GPA-001__R2-001__R1-003__0733,GPA-001__R2-001__R1-003,02_inputs_xml_flat/GPA-001__R2-001__R1-003__0733.xml,PASS,INFO,R1.D01=NO;R1.D03=SI;R2.D01=SI;R2.D02=SI;R2.D03=SI,MUNICIPIO30631,MUNICIPIO_SIN_CN_TRAB,Si,No,30631,,Regla 2 coherente para validaciones implementadas.
GPA-001__R2-001__R1-003__0734,GPA-001__R2-001__R1-003,02_inputs_xml_flat/GPA-001__R2-001__R1-003__0734.xml,PASS,INFO,R1.D01=NO;R1.D03=SI;R2.D01=SI;R2.D02=SI;R2.D03=SI,MUNICIPIO30632,MUNICIPIO_SIN_CN_TRAB,Si,No,30632,,Regla 2 coherente para validaciones implementadas.
GPA-001__R2-001__R1-003__0735,GPA-001__R2-001__R1-003,02_inputs_xml_flat/GPA-001__R2-001__R1-003__0735.xml,PASS,INFO,R1.D01=NO;R1.D03=SI;R2.D01=SI;R2.D02=SI;R2.D03=SI,MUNICIPIO30633,MUNICIPIO_SIN_CN_TRAB,Si,No,30633,,Regla 2 coherente para validaciones implementadas.
GPA-001__R2-001__R1-003__0736,GPA-001__R2-001__R1-003,02_inputs_xml_flat/GPA-001__R2-001__R1-003__0736.xml,PASS,INFO,R1.D01=NO;R1.D03=SI;R2.D01=SI;R2.D02=SI;R2.D03=SI,MUNICIPIO30631,MUNICIPIO_SIN_CN_TRAB,Si,No,30631,,Regla 2 coherente para validaciones implementadas.
GPA-001__R2-001__R1-003__0737,GPA-001__R2-001__R1-003,02_inputs_xml_flat/GPA-001__R2-001__R1-003__0737.xml,PASS,INFO,R1.D01=NO;R1.D03=SI;R2.D01=SI;R2.D02=SI;R2.D03=SI,MUNICIPIO30632,MUNICIPIO_SIN_CN_TRAB,Si,No,30632,,Regla 2 coherente para validaciones implementadas.
GPA-001__R2-001__R1-003__0738,GPA-001__R2-001__R1-003,02_inputs_xml_flat/GPA-001__R2-001__R1-003__0738.xml,PASS,INFO,R1.D01=NO;R1.D03=SI;R2.D01=SI;R2.D02=SI;R2.D03=SI,MUNICIPIO30633,MUNICIPIO_SIN_CN_TRAB,Si,No,30633,,Regla 2 coherente para validaciones implementadas.
GPA-001__R2-001__R1-003__0739,GPA-001__R2-001__R1-003,02_inputs_xml_flat/GPA-001__R2-001__R1-003__0739.xml,PASS,INFO,R1.D01=NO;R1.D03=SI;R2.D01=SI;R2.D02=SI;R2.D03=SI,MUNICIPIO30631,MUNICIPIO_SIN_CN_TRAB,Si,No,30631,,Regla 2 coherente para validaciones implementadas.
GPA-001__R2-001__R1-003__0740,GPA-001__R2-001__R1-003,02_inputs_xml_flat/GPA-001__R2-001__R1-003__0740.xml,PASS,INFO,R1.D01=NO;R1.D03=SI;R2.D01=SI;R2.D02=SI;R2.D03=SI,MUNICIPIO30632,MUNICIPIO_SIN_CN_TRAB,Si,No,30632,,Regla 2 coherente para validaciones implementadas.
GPA-001__R2-001__R1-003__0741,GPA-001__R2-001__R1-003,02_inputs_xml_flat/GPA-001__R2-001__R1-003__0741.xml,PASS,INFO,R1.D01=NO;R1.D03=SI;R2.D01=SI;R2.D02=SI;R2.D03=SI,MUNICIPIO30633,MUNICIPIO_SIN_CN_TRAB,Si,No,30633,,Regla 2 coherente para validaciones implementadas.
GPA-001__R2-001__R1-003__0742,GPA-001__R2-001__R1-003,02_inputs_xml_flat/GPA-001__R2-001__R1-003__0742.xml,PASS,INFO,R1.D01=NO;R1.D03=SI;R2.D01=SI;R2.D02=SI;R2.D03=SI,MUNICIPIO30631,MUNICIPIO_SIN_CN_TRAB,Si,No,30631,,Regla 2 coherente para validaciones implementadas.
GPA-001__R2-001__R1-003__0743,GPA-001__R2-001__R1-003,02_inputs_xml_flat/GPA-001__R2-001__R1-003__0743.xml,PASS,INFO,R1.D01=NO;R1.D03=SI;R2.D01=SI;R2.D02=SI;R2.D03=SI,MUNICIPIO30632,MUNICIPIO_SIN_CN_TRAB,Si,No,30632,,Regla 2 coherente para validaciones implementadas.
GPA-001__R2-001__R1-003__0744,GPA-001__R2-001__R1-003,02_inputs_xml_flat/GPA-001__R2-001__R1-003__0744.xml,PASS,INFO,R1.D01=NO;R1.D03=SI;R2.D01=SI;R2.D02=SI;R2.D03=SI,MUNICIPIO30633,MUNICIPIO_SIN_CN_TRAB,Si,No,30633,,Regla 2 coherente para validaciones implementadas.
GPA-001__R2-001__R1-003__0745,GPA-001__R2-001__R1-003,02_inputs_xml_flat/GPA-001__R2-001__R1-003__0745.xml,PASS,INFO,R1.D01=NO;R1.D03=SI;R2.D01=SI;R2.D02=SI;R2.D03=SI,MUNICIPIO30631,MUNICIPIO_SIN_CN_TRAB,Si,No,30631,,Regla 2 coherente para validaciones implementadas.
GPA-001__R2-001__R1-003__0746,GPA-001__R2-001__R1-003,02_inputs_xml_flat/GPA-001__R2-001__R1-003__0746.xml,PASS,INFO,R1.D01=NO;R1.D03=SI;R2.D01=SI;R2.D02=SI;R2.D03=SI,MUNICIPIO30632,MUNICIPIO_SIN_CN_TRAB,Si,No,30632,,Regla 2 coherente para validaciones implementadas.
GPA-001__R2-001__R1-003__0747,GPA-001__R2-001__R1-003,02_inputs_xml_flat/GPA-001__R2-001__R1-003__0747.xml,PASS,INFO,R1.D01=NO;R1.D03=SI;R2.D01=SI;R2.D02=SI;R2.D03=SI,MUNICIPIO30633,MUNICIPIO_SIN_CN_TRAB,Si,No,30633,,Regla 2 coherente para validaciones implementadas.
GPA-001__R2-001__R1-003__0748,GPA-001__R2-001__R1-003,02_inputs_xml_flat/GPA-001__R2-001__R1-003__0748.xml,PASS,INFO,R1.D01=NO;R1.D03=SI;R2.D01=SI;R2.D02=SI;R2.D03=SI,MUNICIPIO30631,MUNICIPIO_SIN_CN_TRAB,Si,No,30631,,Regla 2 coherente para validaciones implementadas.
GPA-001__R2-001__R1-003__0749,GPA-001__R2-001__R1-003,02_inputs_xml_flat/GPA-001__R2-001__R1-003__0749.xml,PASS,INFO,R1.D01=NO;R1.D03=SI;R2.D01=SI;R2.D02=SI;R2.D03=SI,MUNICIPIO30632,MUNICIPIO_SIN_CN_TRAB,Si,No,30632,,Regla 2 coherente para validaciones implementadas.
GPA-001__R2-001__R1-003__0750,GPA-001__R2-001__R1-003,02_inputs_xml_flat/GPA-001__R2-001__R1-003__0750.xml,PASS,INFO,R1.D01=NO;R1.D03=SI;R2.D01=SI;R2.D02=SI;R2.D03=SI,MUNICIPIO30633,MUNICIPIO_SIN_CN_TRAB,Si,No,30633,,Regla 2 coherente para validaciones implementadas.
GPA-001__R2-001__R1-003__0751,GPA-001__R2-001__R1-003,02_inputs_xml_flat/GPA-001__R2-001__R1-003__0751.xml,PASS,INFO,R1.D01=NO;R1.D03=SI;R2.D01=SI;R2.D02=SI;R2.D03=SI,MUNICIPIO30631,MUNICIPIO_SIN_CN_TRAB,Si,No,30631,,Regla 2 coherente para validaciones implementadas.
GPA-001__R2-001__R1-003__0752,GPA-001__R2-001__R1-003,02_inputs_xml_flat/GPA-001__R2-001__R1-003__0752.xml,PASS,INFO,R1.D01=NO;R1.D03=SI;R2.D01=SI;R2.D02=SI;R2.D03=SI,MUNICIPIO30632,MUNICIPIO_SIN_CN_TRAB,Si,No,30632,,Regla 2 coherente para validaciones implementadas.
GPA-001__R2-001__R1-003__0753,GPA-001__R2-001__R1-003,02_inputs_xml_flat/GPA-001__R2-001__R1-003__0753.xml,PASS,INFO,R1.D01=NO;R1.D03=SI;R2.D01=SI;R2.D02=SI;R2.D03=SI,MUNICIPIO30633,MUNICIPIO_SIN_CN_TRAB,Si,No,30633,,Regla 2 coherente para validaciones implementadas.
GPA-001__R2-001__R1-003__0754,GPA-001__R2-001__R1-003,02_inputs_xml_flat/GPA-001__R2-001__R1-003__0754.xml,PASS,INFO,R1.D01=NO;R1.D03=SI;R2.D01=SI;R2.D02=SI;R2.D03=SI,MUNICIPIO30631,MUNICIPIO_SIN_CN_TRAB,Si,No,30631,,Regla 2 coherente para validaciones implementadas.
GPA-001__R2-001__R1-003__0755,GPA-001__R2-001__R1-003,02_inputs_xml_flat/GPA-001__R2-001__R1-003__0755.xml,PASS,INFO,R1.D01=NO;R1.D03=SI;R2.D01=SI;R2.D02=SI;R2.D03=SI,MUNICIPIO30632,MUNICIPIO_SIN_CN_TRAB,Si,No,30632,,Regla 2 coherente para validaciones implementadas.
GPA-001__R2-001__R1-003__0756,GPA-001__R2-001__R1-003,02_inputs_xml_flat/GPA-001__R2-001__R1-003__0756.xml,PASS,INFO,R1.D01=NO;R1.D03=SI;R2.D01=SI;R2.D02=SI;R2.D03=SI,MUNICIPIO30633,MUNICIPIO_SIN_CN_TRAB,Si,No,30633,,Regla 2 coherente para validaciones implementadas.
GPA-001__R2-001__R1-003__0757,GPA-001__R2-001__R1-003,02_inputs_xml_flat/GPA-001__R2-001__R1-003__0757.xml,PASS,INFO,R1.D01=NO;R1.D03=SI;R2.D01=SI;R2.D02=SI;R2.D03=SI,MUNICIPIO30631,MUNICIPIO_SIN_CN_TRAB,Si,No,30631,,Regla 2 coherente para validaciones implementadas.
GPA-001__R2-001__R1-003__0758,GPA-001__R2-001__R1-003,02_inputs_xml_flat/GPA-001__R2-001__R1-003__0758.xml,PASS,INFO,R1.D01=NO;R1.D03=SI;R2.D01=SI;R2.D02=SI;R2.D03=SI,MUNICIPIO30632,MUNICIPIO_SIN_CN_TRAB,Si,No,30632,,Regla 2 coherente para validaciones implementadas.
GPA-001__R2-001__R1-003__0759,GPA-001__R2-001__R1-003,02_inputs_xml_flat/GPA-001__R2-001__R1-003__0759.xml,PASS,INFO,R1.D01=NO;R1.D03=SI;R2.D01=SI;R2.D02=SI;R2.D03=SI,MUNICIPIO30633,MUNICIPIO_SIN_CN_TRAB,Si,No,30633,,Regla 2 coherente para validaciones implementadas.
GPA-001__R2-001__R1-003__0760,GPA-001__R2-001__R1-003,02_inputs_xml_flat/GPA-001__R2-001__R1-003__0760.xml,PASS,INFO,R1.D01=NO;R1.D03=SI;R2.D01=SI;R2.D02=SI;R2.D03=SI,MUNICIPIO30631,MUNICIPIO_SIN_CN_TRAB,Si,No,30631,,Regla 2 coherente para validaciones implementadas.
GPA-001__R2-001__R1-003__0761,GPA-001__R2-001__R1-003,02_inputs_xml_flat/GPA-001__R2-001__R1-003__0761.xml,PASS,INFO,R1.D01=NO;R1.D03=SI;R2.D01=SI;R2.D02=SI;R2.D03=SI,MUNICIPIO30632,MUNICIPIO_SIN_CN_TRAB,Si,No,30632,,Regla 2 coherente para validaciones implementadas.
GPA-001__R2-001__R1-003__0762,GPA-001__R2-001__R1-003,02_inputs_xml_flat/GPA-001__R2-001__R1-003__0762.xml,PASS,INFO,R1.D01=NO;R1.D03=SI;R2.D01=SI;R2.D02=SI;R2.D03=SI,MUNICIPIO30633,MUNICIPIO_SIN_CN_TRAB,Si,No,30633,,Regla 2 coherente para validaciones implementadas.
GPA-001__R2-001__R1-003__0763,GPA-001__R2-001__R1-003,02_inputs_xml_flat/GPA-001__R2-001__R1-003__0763.xml,PASS,INFO,R1.D01=NO;R1.D03=SI;R2.D01=SI;R2.D02=SI;R2.D03=SI,MUNICIPIO30631,MUNICIPIO_SIN_CN_TRAB,Si,No,30631,,Regla 2 coherente para validaciones implementadas.
GPA-001__R2-001__R1-003__0764,GPA-001__R2-001__R1-003,02_inputs_xml_flat/GPA-001__R2-001__R1-003__0764.xml,PASS,INFO,R1.D01=NO;R1.D03=SI;R2.D01=SI;R2.D02=SI;R2.D03=SI,MUNICIPIO30632,MUNICIPIO_SIN_CN_TRAB,Si,No,30632,,Regla 2 coherente para validaciones implementadas.
GPA-001__R2-001__R1-003__0765,GPA-001__R2-001__R1-003,02_inputs_xml_flat/GPA-001__R2-001__R1-003__0765.xml,PASS,INFO,R1.D01=NO;R1.D03=SI;R2.D01=SI;R2.D02=SI;R2.D03=SI,MUNICIPIO30633,MUNICIPIO_SIN_CN_TRAB,Si,No,30633,,Regla 2 coherente para validaciones implementadas.
GPA-001__R2-001__R1-003__0766,GPA-001__R2-001__R1-003,02_inputs_xml_flat/GPA-001__R2-001__R1-003__0766.xml,PASS,INFO,R1.D01=NO;R1.D03=SI;R2.D01=SI;R2.D02=SI;R2.D03=SI,MUNICIPIO30631,MUNICIPIO_SIN_CN_TRAB,Si,No,30631,,Regla 2 coherente para validaciones implementadas.
GPA-001__R2-001__R1-003__0767,GPA-001__R2-001__R1-003,02_inputs_xml_flat/GPA-001__R2-001__R1-003__0767.xml,PASS,INFO,R1.D01=NO;R1.D03=SI;R2.D01=SI;R2.D02=SI;R2.D03=SI,MUNICIPIO30632,MUNICIPIO_SIN_CN_TRAB,Si,No,30632,,Regla 2 coherente para validaciones implementadas.
GPA-001__R2-001__R1-003__0768,GPA-001__R2-001__R1-003,02_inputs_xml_flat/GPA-001__R2-001__R1-003__0768.xml,PASS,INFO,R1.D01=NO;R1.D03=SI;R2.D01=SI;R2.D02=SI;R2.D03=SI,MUNICIPIO30633,MUNICIPIO_SIN_CN_TRAB,Si,No,30633,,Regla 2 coherente para validaciones implementadas.
GPA-001__R2-001__R1-003__0769,GPA-001__R2-001__R1-003,02_inputs_xml_flat/GPA-001__R2-001__R1-003__0769.xml,PASS,INFO,R1.D01=NO;R1.D03=SI;R2.D01=SI;R2.D02=SI;R2.D03=SI,MUNICIPIO30631,MUNICIPIO_SIN_CN_TRAB,Si,No,30631,,Regla 2 coherente para validaciones implementadas.
GPA-001__R2-001__R1-003__0770,GPA-001__R2-001__R1-003,02_inputs_xml_flat/GPA-001__R2-001__R1-003__0770.xml,PASS,INFO,R1.D01=NO;R1.D03=SI;R2.D01=SI;R2.D02=SI;R2.D03=SI,MUNICIPIO30632,MUNICIPIO_SIN_CN_TRAB,Si,No,30632,,Regla 2 coherente para validaciones implementadas.
GPA-001__R2-001__R1-003__0771,GPA-001__R2-001__R1-003,02_inputs_xml_flat/GPA-001__R2-001__R1-003__0771.xml,PASS,INFO,R1.D01=NO;R1.D03=SI;R2.D01=SI;R2.D02=SI;R2.D03=SI,MUNICIPIO30633,MUNICIPIO_SIN_CN_TRAB,Si,No,30633,,Regla 2 coherente para validaciones implementadas.
GPA-001__R2-001__R1-003__0772,GPA-001__R2-001__R1-003,02_inputs_xml_flat/GPA-001__R2-001__R1-003__0772.xml,PASS,INFO,R1.D01=NO;R1.D03=SI;R2.D01=SI;R2.D02=SI;R2.D03=SI,MUNICIPIO30631,MUNICIPIO_SIN_CN_TRAB,Si,No,30631,,Regla 2 coherente para validaciones implementadas.
GPA-001__R2-001__R1-003__0773,GPA-001__R2-001__R1-003,02_inputs_xml_flat/GPA-001__R2-001__R1-003__0773.xml,PASS,INFO,R1.D01=NO;R1.D03=SI;R2.D01=SI;R2.D02=SI;R2.D03=SI,MUNICIPIO30632,MUNICIPIO_SIN_CN_TRAB,Si,No,30632,,Regla 2 coherente para validaciones implementadas.
GPA-001__R2-001__R1-003__0774,GPA-001__R2-001__R1-003,02_inputs_xml_flat/GPA-001__R2-001__R1-003__0774.xml,PASS,INFO,R1.D01=NO;R1.D03=SI;R2.D01=SI;R2.D02=SI;R2.D03=SI,MUNICIPIO30633,MUNICIPIO_SIN_CN_TRAB,Si,No,30633,,Regla 2 coherente para validaciones implementadas.
GPA-001__R2-001__R1-003__0775,GPA-001__R2-001__R1-003,02_inputs_xml_flat/GPA-001__R2-001__R1-003__0775.xml,PASS,INFO,R1.D01=NO;R1.D03=SI;R2.D01=SI;R2.D02=SI;R2.D03=SI,MUNICIPIO30631,MUNICIPIO_SIN_CN_TRAB,Si,No,30631,,Regla 2 coherente para validaciones implementadas.
GPA-001__R2-001__R1-003__0776,GPA-001__R2-001__R1-003,02_inputs_xml_flat/GPA-001__R2-001__R1-003__0776.xml,PASS,INFO,R1.D01=NO;R1.D03=SI;R2.D01=SI;R2.D02=SI;R2.D03=SI,MUNICIPIO30632,MUNICIPIO_SIN_CN_TRAB,Si,No,30632,,Regla 2 coherente para validaciones implementadas.
GPA-001__R2-001__R1-003__0777,GPA-001__R2-001__R1-003,02_inputs_xml_flat/GPA-001__R2-001__R1-003__0777.xml,PASS,INFO,R1.D01=NO;R1.D03=SI;R2.D01=SI;R2.D02=SI;R2.D03=SI,MUNICIPIO30633,MUNICIPIO_SIN_CN_TRAB,Si,No,30633,,Regla 2 coherente para validaciones implementadas.
GPA-001__R2-001__R1-003__0778,GPA-001__R2-001__R1-003,02_inputs_xml_flat/GPA-001__R2-001__R1-003__0778.xml,PASS,INFO,R1.D01=NO;R1.D03=SI;R2.D01=SI;R2.D02=SI;R2.D03=SI,MUNICIPIO30631,MUNICIPIO_SIN_CN_TRAB,Si,No,30631,,Regla 2 coherente para validaciones implementadas.
GPA-001__R2-001__R1-003__0779,GPA-001__R2-001__R1-003,02_inputs_xml_flat/GPA-001__R2-001__R1-003__0779.xml,PASS,INFO,R1.D01=NO;R1.D03=SI;R2.D01=SI;R2.D02=SI;R2.D03=SI,MUNICIPIO30632,MUNICIPIO_SIN_CN_TRAB,Si,No,30632,,Regla 2 coherente para validaciones implementadas.
GPA-001__R2-001__R1-003__0780,GPA-001__R2-001__R1-003,02_inputs_xml_flat/GPA-001__R2-001__R1-003__0780.xml,PASS,INFO,R1.D01=NO;R1.D03=SI;R2.D01=SI;R2.D02=SI;R2.D03=SI,MUNICIPIO30633,MUNICIPIO_SIN_CN_TRAB,Si,No,30633,,Regla 2 coherente para validaciones implementadas.
GPA-001__R2-001__R1-003__0781,GPA-001__R2-001__R1-003,02_inputs_xml_flat/GPA-001__R2-001__R1-003__0781.xml,PASS,INFO,R1.D01=NO;R1.D03=SI;R2.D01=SI;R2.D02=SI;R2.D03=SI,MUNICIPIO30631,MUNICIPIO_SIN_CN_TRAB,Si,No,30631,,Regla 2 coherente para validaciones implementadas.
GPA-001__R2-001__R1-003__0782,GPA-001__R2-001__R1-003,02_inputs_xml_flat/GPA-001__R2-001__R1-003__0782.xml,PASS,INFO,R1.D01=NO;R1.D03=SI;R2.D01=SI;R2.D02=SI;R2.D03=SI,MUNICIPIO30632,MUNICIPIO_SIN_CN_TRAB,Si,No,30632,,Regla 2 coherente para validaciones implementadas.
GPA-001__R2-001__R1-003__0783,GPA-001__R2-001__R1-003,02_inputs_xml_flat/GPA-001__R2-001__R1-003__0783.xml,PASS,INFO,R1.D01=NO;R1.D03=SI;R2.D01=SI;R2.D02=SI;R2.D03=SI,MUNICIPIO30633,MUNICIPIO_SIN_CN_TRAB,Si,No,30633,,Regla 2 coherente para validaciones implementadas.
GPA-001__R2-001__R1-003__0784,GPA-001__R2-001__R1-003,02_inputs_xml_flat/GPA-001__R2-001__R1-003__0784.xml,PASS,INFO,R1.D01=NO;R1.D03=SI;R2.D01=SI;R2.D02=SI;R2.D03=SI,MUNICIPIO30631,MUNICIPIO_SIN_CN_TRAB,Si,No,30631,,Regla 2 coherente para validaciones implementadas.
GPA-001__R2-001__R1-003__0785,GPA-001__R2-001__R1-003,02_inputs_xml_flat/GPA-001__R2-001__R1-003__0785.xml,PASS,INFO,R1.D01=NO;R1.D03=SI;R2.D01=SI;R2.D02=SI;R2.D03=SI,MUNICIPIO30632,MUNICIPIO_SIN_CN_TRAB,Si,No,30632,,Regla 2 coherente para validaciones implementadas.
GPA-001__R2-001__R1-003__0786,GPA-001__R2-001__R1-003,02_inputs_xml_flat/GPA-001__R2-001__R1-003__0786.xml,PASS,INFO,R1.D01=NO;R1.D03=SI;R2.D01=SI;R2.D02=SI;R2.D03=SI,MUNICIPIO30633,MUNICIPIO_SIN_CN_TRAB,Si,No,30633,,Regla 2 coherente para validaciones implementadas.
GPA-001__R2-001__R1-003__0787,GPA-001__R2-001__R1-003,02_inputs_xml_flat/GPA-001__R2-001__R1-003__0787.xml,PASS,INFO,R1.D01=NO;R1.D03=SI;R2.D01=SI;R2.D02=SI;R2.D03=SI,MUNICIPIO30631,MUNICIPIO_SIN_CN_TRAB,Si,No,30631,,Regla 2 coherente para validaciones implementadas.
GPA-001__R2-001__R1-003__0788,GPA-001__R2-001__R1-003,02_inputs_xml_flat/GPA-001__R2-001__R1-003__0788.xml,PASS,INFO,R1.D01=NO;R1.D03=SI;R2.D01=SI;R2.D02=SI;R2.D03=SI,MUNICIPIO30632,MUNICIPIO_SIN_CN_TRAB,Si,No,30632,,Regla 2 coherente para validaciones implementadas.
GPA-001__R2-001__R1-003__0789,GPA-001__R2-001__R1-003,02_inputs_xml_flat/GPA-001__R2-001__R1-003__0789.xml,PASS,INFO,R1.D01=NO;R1.D03=SI;R2.D01=SI;R2.D02=SI;R2.D03=SI,MUNICIPIO30633,MUNICIPIO_SIN_CN_TRAB,Si,No,30633,,Regla 2 coherente para validaciones implementadas.
GPA-001__R2-001__R1-003__0790,GPA-001__R2-001__R1-003,02_inputs_xml_flat/GPA-001__R2-001__R1-003__0790.xml,PASS,INFO,R1.D01=NO;R1.D03=SI;R2.D01=SI;R2.D02=SI;R2.D03=SI,MUNICIPIO30631,MUNICIPIO_SIN_CN_TRAB,Si,No,30631,,Regla 2 coherente para validaciones implementadas.
GPA-001__R2-001__R1-003__0791,GPA-001__R2-001__R1-003,02_inputs_xml_flat/GPA-001__R2-001__R1-003__0791.xml,PASS,INFO,R1.D01=NO;R1.D03=SI;R2.D01=SI;R2.D02=SI;R2.D03=SI,MUNICIPIO30632,MUNICIPIO_SIN_CN_TRAB,Si,No,30632,,Regla 2 coherente para validaciones implementadas.
GPA-001__R2-001__R1-003__0792,GPA-001__R2-001__R1-003,02_inputs_xml_flat/GPA-001__R2-001__R1-003__0792.xml,PASS,INFO,R1.D01=NO;R1.D03=SI;R2.D01=SI;R2.D02=SI;R2.D03=SI,MUNICIPIO30633,MUNICIPIO_SIN_CN_TRAB,Si,No,30633,,Regla 2 coherente para validaciones implementadas.
GPA-001__R2-001__R1-003__0793,GPA-001__R2-001__R1-003,02_inputs_xml_flat/GPA-001__R2-001__R1-003__0793.xml,PASS,INFO,R1.D01=NO;R1.D03=SI;R2.D01=SI;R2.D02=SI;R2.D03=SI,MUNICIPIO30631,MUNICIPIO_SIN_CN_TRAB,Si,No,30631,,Regla 2 coherente para validaciones implementadas.
GPA-001__R2-001__R1-003__0794,GPA-001__R2-001__R1-003,02_inputs_xml_flat/GPA-001__R2-001__R1-003__0794.xml,PASS,INFO,R1.D01=NO;R1.D03=SI;R2.D01=SI;R2.D02=SI;R2.D03=SI,MUNICIPIO30632,MUNICIPIO_SIN_CN_TRAB,Si,No,30632,,Regla 2 coherente para validaciones implementadas.
GPA-001__R2-001__R1-003__0795,GPA-001__R2-001__R1-003,02_inputs_xml_flat/GPA-001__R2-001__R1-003__0795.xml,PASS,INFO,R1.D01=NO;R1.D03=SI;R2.D01=SI;R2.D02=SI;R2.D03=SI,MUNICIPIO30633,MUNICIPIO_SIN_CN_TRAB,Si,No,30633,,Regla 2 coherente para validaciones implementadas.
GPA-001__R2-001__R1-003__0796,GPA-001__R2-001__R1-003,02_inputs_xml_flat/GPA-001__R2-001__R1-003__0796.xml,PASS,INFO,R1.D01=NO;R1.D03=SI;R2.D01=SI;R2.D02=SI;R2.D03=SI,MUNICIPIO30631,MUNICIPIO_SIN_CN_TRAB,Si,No,30631,,Regla 2 coherente para validaciones implementadas.
GPA-001__R2-001__R1-003__0797,GPA-001__R2-001__R1-003,02_inputs_xml_flat/GPA-001__R2-001__R1-003__0797.xml,PASS,INFO,R1.D01=NO;R1.D03=SI;R2.D01=SI;R2.D02=SI;R2.D03=SI,MUNICIPIO30632,MUNICIPIO_SIN_CN_TRAB,Si,No,30632,,Regla 2 coherente para validaciones implementadas.
GPA-001__R2-001__R1-003__0798,GPA-001__R2-001__R1-003,02_inputs_xml_flat/GPA-001__R2-001__R1-003__0798.xml,PASS,INFO,R1.D01=NO;R1.D03=SI;R2.D01=SI;R2.D02=SI;R2.D03=SI,MUNICIPIO30633,MUNICIPIO_SIN_CN_TRAB,Si,No,30633,,Regla 2 coherente para validaciones implementadas.
GPA-001__R2-001__R1-003__0799,GPA-001__R2-001__R1-003,02_inputs_xml_flat/GPA-001__R2-001__R1-003__0799.xml,PASS,INFO,R1.D01=NO;R1.D03=SI;R2.D01=SI;R2.D02=SI;R2.D03=SI,MUNICIPIO30631,MUNICIPIO_SIN_CN_TRAB,Si,No,30631,,Regla 2 coherente para validaciones implementadas.
GPA-001__R2-001__R1-003__0800,GPA-001__R2-001__R1-003,02_inputs_xml_flat/GPA-001__R2-001__R1-003__0800.xml,PASS,INFO,R1.D01=NO;R1.D03=SI;R2.D01=SI;R2.D02=SI;R2.D03=SI,MUNICIPIO30632,MUNICIPIO_SIN_CN_TRAB,Si,No,30632,,Regla 2 coherente para validaciones implementadas.
GPA-001__R2-001__R1-003__0801,GPA-001__R2-001__R1-003,02_inputs_xml_flat/GPA-001__R2-001__R1-003__0801.xml,PASS,INFO,R1.D01=NO;R1.D03=SI;R2.D01=SI;R2.D02=SI;R2.D03=SI,MUNICIPIO30633,MUNICIPIO_SIN_CN_TRAB,Si,No,30633,,Regla 2 coherente para validaciones implementadas.
GPA-001__R2-001__R1-003__0802,GPA-001__R2-001__R1-003,02_inputs_xml_flat/GPA-001__R2-001__R1-003__0802.xml,PASS,INFO,R1.D01=NO;R1.D03=SI;R2.D01=SI;R2.D02=SI;R2.D03=SI,MUNICIPIO30631,MUNICIPIO_SIN_CN_TRAB,Si,No,30631,,Regla 2 coherente para validaciones implementadas.
GPA-001__R2-001__R1-003__0803,GPA-001__R2-001__R1-003,02_inputs_xml_flat/GPA-001__R2-001__R1-003__0803.xml,PASS,INFO,R1.D01=NO;R1.D03=SI;R2.D01=SI;R2.D02=SI;R2.D03=SI,MUNICIPIO30632,MUNICIPIO_SIN_CN_TRAB,Si,No,30632,,Regla 2 coherente para validaciones implementadas.
GPA-001__R2-001__R1-003__0804,GPA-001__R2-001__R1-003,02_inputs_xml_flat/GPA-001__R2-001__R1-003__0804.xml,PASS,INFO,R1.D01=NO;R1.D03=SI;R2.D01=SI;R2.D02=SI;R2.D03=SI,MUNICIPIO30633,MUNICIPIO_SIN_CN_TRAB,Si,No,30633,,Regla 2 coherente para validaciones implementadas.
GPA-001__R2-001__R1-003__0805,GPA-001__R2-001__R1-003,02_inputs_xml_flat/GPA-001__R2-001__R1-003__0805.xml,PASS,INFO,R1.D01=NO;R1.D03=SI;R2.D01=SI;R2.D02=SI;R2.D03=SI,MUNICIPIO30631,MUNICIPIO_SIN_CN_TRAB,Si,No,30631,,Regla 2 coherente para validaciones implementadas.
GPA-001__R2-001__R1-003__0806,GPA-001__R2-001__R1-003,02_inputs_xml_flat/GPA-001__R2-001__R1-003__0806.xml,PASS,INFO,R1.D01=NO;R1.D03=SI;R2.D01=SI;R2.D02=SI;R2.D03=SI,MUNICIPIO30632,MUNICIPIO_SIN_CN_TRAB,Si,No,30632,,Regla 2 coherente para validaciones implementadas.
GPA-001__R2-001__R1-003__0807,GPA-001__R2-001__R1-003,02_inputs_xml_flat/GPA-001__R2-001__R1-003__0807.xml,PASS,INFO,R1.D01=NO;R1.D03=SI;R2.D01=SI;R2.D02=SI;R2.D03=SI,MUNICIPIO30633,MUNICIPIO_SIN_CN_TRAB,Si,No,30633,,Regla 2 coherente para validaciones implementadas.
GPA-001__R2-001__R1-003__0808,GPA-001__R2-001__R1-003,02_inputs_xml_flat/GPA-001__R2-001__R1-003__0808.xml,PASS,INFO,R1.D01=NO;R1.D03=SI;R2.D01=SI;R2.D02=SI;R2.D03=SI,MUNICIPIO30631,MUNICIPIO_SIN_CN_TRAB,Si,No,30631,,Regla 2 coherente para validaciones implementadas.
GPA-001__R2-001__R1-003__0809,GPA-001__R2-001__R1-003,02_inputs_xml_flat/GPA-001__R2-001__R1-003__0809.xml,PASS,INFO,R1.D01=NO;R1.D03=SI;R2.D01=SI;R2.D02=SI;R2.D03=SI,MUNICIPIO30632,MUNICIPIO_SIN_CN_TRAB,Si,No,30632,,Regla 2 coherente para validaciones implementadas.
GPA-001__R2-001__R1-003__0810,GPA-001__R2-001__R1-003,02_inputs_xml_flat/GPA-001__R2-001__R1-003__0810.xml,PASS,INFO,R1.D01=NO;R1.D03=SI;R2.D01=SI;R2.D02=SI;R2.D03=SI,MUNICIPIO30633,MUNICIPIO_SIN_CN_TRAB,Si,No,30633,,Regla 2 coherente para validaciones implementadas.
GPA-001__R2-001__R1-003__0811,GPA-001__R2-001__R1-003,02_inputs_xml_flat/GPA-001__R2-001__R1-003__0811.xml,PASS,INFO,R1.D01=NO;R1.D03=SI;R2.D01=SI;R2.D02=SI;R2.D03=SI,MUNICIPIO30631,MUNICIPIO_SIN_CN_TRAB,Si,No,30631,,Regla 2 coherente para validaciones implementadas.
GPA-001__R2-001__R1-003__0812,GPA-001__R2-001__R1-003,02_inputs_xml_flat/GPA-001__R2-001__R1-003__0812.xml,PASS,INFO,R1.D01=NO;R1.D03=SI;R2.D01=SI;R2.D02=SI;R2.D03=SI,MUNICIPIO30632,MUNICIPIO_SIN_CN_TRAB,Si,No,30632,,Regla 2 coherente para validaciones implementadas.
GPA-001__R2-001__R1-003__0813,GPA-001__R2-001__R1-003,02_inputs_xml_flat/GPA-001__R2-001__R1-003__0813.xml,PASS,INFO,R1.D01=NO;R1.D03=SI;R2.D01=SI;R2.D02=SI;R2.D03=SI,MUNICIPIO30633,MUNICIPIO_SIN_CN_TRAB,Si,No,30633,,Regla 2 coherente para validaciones implementadas.
GPA-001__R2-001__R1-003__0814,GPA-001__R2-001__R1-003,02_inputs_xml_flat/GPA-001__R2-001__R1-003__0814.xml,PASS,INFO,R1.D01=NO;R1.D03=SI;R2.D01=SI;R2.D02=SI;R2.D03=SI,MUNICIPIO30631,MUNICIPIO_SIN_CN_TRAB,Si,No,30631,,Regla 2 coherente para validaciones implementadas.
GPA-001__R2-001__R1-003__0815,GPA-001__R2-001__R1-003,02_inputs_xml_flat/GPA-001__R2-001__R1-003__0815.xml,PASS,INFO,R1.D01=NO;R1.D03=SI;R2.D01=SI;R2.D02=SI;R2.D03=SI,MUNICIPIO30632,MUNICIPIO_SIN_CN_TRAB,Si,No,30632,,Regla 2 coherente para validaciones implementadas.
GPA-001__R2-001__R1-003__0816,GPA-001__R2-001__R1-003,02_inputs_xml_flat/GPA-001__R2-001__R1-003__0816.xml,PASS,INFO,R1.D01=NO;R1.D03=SI;R2.D01=SI;R2.D02=SI;R2.D03=SI,MUNICIPIO30633,MUNICIPIO_SIN_CN_TRAB,Si,No,30633,,Regla 2 coherente para validaciones implementadas.
GPA-001__R2-001__R1-003__0817,GPA-001__R2-001__R1-003,02_inputs_xml_flat/GPA-001__R2-001__R1-003__0817.xml,PASS,INFO,R1.D01=NO;R1.D03=SI;R2.D01=SI;R2.D02=SI;R2.D03=SI,MUNICIPIO30631,MUNICIPIO_SIN_CN_TRAB,Si,No,30631,,Regla 2 coherente para validaciones implementadas.
GPA-001__R2-001__R1-003__0818,GPA-001__R2-001__R1-003,02_inputs_xml_flat/GPA-001__R2-001__R1-003__0818.xml,PASS,INFO,R1.D01=NO;R1.D03=SI;R2.D01=SI;R2.D02=SI;R2.D03=SI,MUNICIPIO30632,MUNICIPIO_SIN_CN_TRAB,Si,No,30632,,Regla 2 coherente para validaciones implementadas.
GPA-001__R2-001__R1-003__0819,GPA-001__R2-001__R1-003,02_inputs_xml_flat/GPA-001__R2-001__R1-003__0819.xml,PASS,INFO,R1.D01=NO;R1.D03=SI;R2.D01=SI;R2.D02=SI;R2.D03=SI,MUNICIPIO30633,MUNICIPIO_SIN_CN_TRAB,Si,No,30633,,Regla 2 coherente para validaciones implementadas.
GPA-001__R2-001__R1-003__0820,GPA-001__R2-001__R1-003,02_inputs_xml_flat/GPA-001__R2-001__R1-003__0820.xml,PASS,INFO,R1.D01=NO;R1.D03=SI;R2.D01=SI;R2.D02=SI;R2.D03=SI,MUNICIPIO30631,MUNICIPIO_SIN_CN_TRAB,Si,No,30631,,Regla 2 coherente para validaciones implementadas.
GPA-001__R2-001__R1-003__0821,GPA-001__R2-001__R1-003,02_inputs_xml_flat/GPA-001__R2-001__R1-003__0821.xml,PASS,INFO,R1.D01=NO;R1.D03=SI;R2.D01=SI;R2.D02=SI;R2.D03=SI,MUNICIPIO30632,MUNICIPIO_SIN_CN_TRAB,Si,No,30632,,Regla 2 coherente para validaciones implementadas.
GPA-001__R2-001__R1-003__0822,GPA-001__R2-001__R1-003,02_inputs_xml_flat/GPA-001__R2-001__R1-003__0822.xml,PASS,INFO,R1.D01=NO;R1.D03=SI;R2.D01=SI;R2.D02=SI;R2.D03=SI,MUNICIPIO30633,MUNICIPIO_SIN_CN_TRAB,Si,No,30633,,Regla 2 coherente para validaciones implementadas.
GPA-001__R2-001__R1-003__0823,GPA-001__R2-001__R1-003,02_inputs_xml_flat/GPA-001__R2-001__R1-003__0823.xml,PASS,INFO,R1.D01=NO;R1.D03=SI;R2.D01=SI;R2.D02=SI;R2.D03=SI,MUNICIPIO30631,MUNICIPIO_SIN_CN_TRAB,Si,No,30631,,Regla 2 coherente para validaciones implementadas.
GPA-001__R2-001__R1-003__0824,GPA-001__R2-001__R1-003,02_inputs_xml_flat/GPA-001__R2-001__R1-003__0824.xml,PASS,INFO,R1.D01=NO;R1.D03=SI;R2.D01=SI;R2.D02=SI;R2.D03=SI,MUNICIPIO30632,MUNICIPIO_SIN_CN_TRAB,Si,No,30632,,Regla 2 coherente para validaciones implementadas.
GPA-001__R2-001__R1-003__0825,GPA-001__R2-001__R1-003,02_inputs_xml_flat/GPA-001__R2-001__R1-003__0825.xml,PASS,INFO,R1.D01=NO;R1.D03=SI;R2.D01=SI;R2.D02=SI;R2.D03=SI,MUNICIPIO30633,MUNICIPIO_SIN_CN_TRAB,Si,No,30633,,Regla 2 coherente para validaciones implementadas.
GPA-001__R2-001__R1-003__0826,GPA-001__R2-001__R1-003,02_inputs_xml_flat/GPA-001__R2-001__R1-003__0826.xml,PASS,INFO,R1.D01=NO;R1.D03=SI;R2.D01=SI;R2.D02=SI;R2.D03=SI,MUNICIPIO30631,MUNICIPIO_SIN_CN_TRAB,Si,No,30631,,Regla 2 coherente para validaciones implementadas.
GPA-001__R2-001__R1-003__0827,GPA-001__R2-001__R1-003,02_inputs_xml_flat/GPA-001__R2-001__R1-003__0827.xml,PASS,INFO,R1.D01=NO;R1.D03=SI;R2.D01=SI;R2.D02=SI;R2.D03=SI,MUNICIPIO30632,MUNICIPIO_SIN_CN_TRAB,Si,No,30632,,Regla 2 coherente para validaciones implementadas.
GPA-001__R2-001__R1-003__0828,GPA-001__R2-001__R1-003,02_inputs_xml_flat/GPA-001__R2-001__R1-003__0828.xml,PASS,INFO,R1.D01=NO;R1.D03=SI;R2.D01=SI;R2.D02=SI;R2.D03=SI,MUNICIPIO30633,MUNICIPIO_SIN_CN_TRAB,Si,No,30633,,Regla 2 coherente para validaciones implementadas.
GPA-001__R2-001__R1-003__0829,GPA-001__R2-001__R1-003,02_inputs_xml_flat/GPA-001__R2-001__R1-003__0829.xml,PASS,INFO,R1.D01=NO;R1.D03=SI;R2.D01=SI;R2.D02=SI;R2.D03=SI,MUNICIPIO30631,MUNICIPIO_SIN_CN_TRAB,Si,No,30631,,Regla 2 coherente para validaciones implementadas.
GPA-001__R2-001__R1-003__0830,GPA-001__R2-001__R1-003,02_inputs_xml_flat/GPA-001__R2-001__R1-003__0830.xml,PASS,INFO,R1.D01=NO;R1.D03=SI;R2.D01=SI;R2.D02=SI;R2.D03=SI,MUNICIPIO30632,MUNICIPIO_SIN_CN_TRAB,Si,No,30632,,Regla 2 coherente para validaciones implementadas.
GPA-001__R2-001__R1-003__0831,GPA-001__R2-001__R1-003,02_inputs_xml_flat/GPA-001__R2-001__R1-003__0831.xml,PASS,INFO,R1.D01=NO;R1.D03=SI;R2.D01=SI;R2.D02=SI;R2.D03=SI,MUNICIPIO30633,MUNICIPIO_SIN_CN_TRAB,Si,No,30633,,Regla 2 coherente para validaciones implementadas.
GPA-001__R2-001__R1-003__0832,GPA-001__R2-001__R1-003,02_inputs_xml_flat/GPA-001__R2-001__R1-003__0832.xml,PASS,INFO,R1.D01=NO;R1.D03=SI;R2.D01=SI;R2.D02=SI;R2.D03=SI,MUNICIPIO30631,MUNICIPIO_SIN_CN_TRAB,Si,No,30631,,Regla 2 coherente para validaciones implementadas.
GPA-001__R2-001__R1-003__0833,GPA-001__R2-001__R1-003,02_inputs_xml_flat/GPA-001__R2-001__R1-003__0833.xml,PASS,INFO,R1.D01=NO;R1.D03=SI;R2.D01=SI;R2.D02=SI;R2.D03=SI,MUNICIPIO30632,MUNICIPIO_SIN_CN_TRAB,Si,No,30632,,Regla 2 coherente para validaciones implementadas.
GPA-001__R2-001__R1-003__0834,GPA-001__R2-001__R1-003,02_inputs_xml_flat/GPA-001__R2-001__R1-003__0834.xml,PASS,INFO,R1.D01=NO;R1.D03=SI;R2.D01=SI;R2.D02=SI;R2.D03=SI,MUNICIPIO30633,MUNICIPIO_SIN_CN_TRAB,Si,No,30633,,Regla 2 coherente para validaciones implementadas.
GPA-001__R2-001__R1-003__0835,GPA-001__R2-001__R1-003,02_inputs_xml_flat/GPA-001__R2-001__R1-003__0835.xml,PASS,INFO,R1.D01=NO;R1.D03=SI;R2.D01=SI;R2.D02=SI;R2.D03=SI,MUNICIPIO30631,MUNICIPIO_SIN_CN_TRAB,Si,No,30631,,Regla 2 coherente para validaciones implementadas.
GPA-001__R2-001__R1-003__0836,GPA-001__R2-001__R1-003,02_inputs_xml_flat/GPA-001__R2-001__R1-003__0836.xml,PASS,INFO,R1.D01=NO;R1.D03=SI;R2.D01=SI;R2.D02=SI;R2.D03=SI,MUNICIPIO30632,MUNICIPIO_SIN_CN_TRAB,Si,No,30632,,Regla 2 coherente para validaciones implementadas.
GPA-001__R2-001__R1-003__0837,GPA-001__R2-001__R1-003,02_inputs_xml_flat/GPA-001__R2-001__R1-003__0837.xml,PASS,INFO,R1.D01=NO;R1.D03=SI;R2.D01=SI;R2.D02=SI;R2.D03=SI,MUNICIPIO30633,MUNICIPIO_SIN_CN_TRAB,Si,No,30633,,Regla 2 coherente para validaciones implementadas.
GPA-001__R2-001__R1-003__0838,GPA-001__R2-001__R1-003,02_inputs_xml_flat/GPA-001__R2-001__R1-003__0838.xml,PASS,INFO,R1.D01=NO;R1.D03=SI;R2.D01=SI;R2.D02=SI;R2.D03=SI,MUNICIPIO30631,MUNICIPIO_SIN_CN_TRAB,Si,No,30631,,Regla 2 coherente para validaciones implementadas.
GPA-001__R2-001__R1-003__0839,GPA-001__R2-001__R1-003,02_inputs_xml_flat/GPA-001__R2-001__R1-003__0839.xml,PASS,INFO,R1.D01=NO;R1.D03=SI;R2.D01=SI;R2.D02=SI;R2.D03=SI,MUNICIPIO30632,MUNICIPIO_SIN_CN_TRAB,Si,No,30632,,Regla 2 coherente para validaciones implementadas.
GPA-001__R2-001__R1-003__0840,GPA-001__R2-001__R1-003,02_inputs_xml_flat/GPA-001__R2-001__R1-003__0840.xml,PASS,INFO,R1.D01=NO;R1.D03=SI;R2.D01=SI;R2.D02=SI;R2.D03=SI,MUNICIPIO30633,MUNICIPIO_SIN_CN_TRAB,Si,No,30633,,Regla 2 coherente para validaciones implementadas.
GPA-001__R2-001__R1-003__0841,GPA-001__R2-001__R1-003,02_inputs_xml_flat/GPA-001__R2-001__R1-003__0841.xml,PASS,INFO,R1.D01=NO;R1.D03=SI;R2.D01=SI;R2.D02=SI;R2.D03=SI,MUNICIPIO30631,MUNICIPIO_SIN_CN_TRAB,Si,No,30631,,Regla 2 coherente para validaciones implementadas.
GPA-001__R2-001__R1-003__0842,GPA-001__R2-001__R1-003,02_inputs_xml_flat/GPA-001__R2-001__R1-003__0842.xml,PASS,INFO,R1.D01=NO;R1.D03=SI;R2.D01=SI;R2.D02=SI;R2.D03=SI,MUNICIPIO30632,MUNICIPIO_SIN_CN_TRAB,Si,No,30632,,Regla 2 coherente para validaciones implementadas.
GPA-001__R2-001__R1-003__0843,GPA-001__R2-001__R1-003,02_inputs_xml_flat/GPA-001__R2-001__R1-003__0843.xml,PASS,INFO,R1.D01=NO;R1.D03=SI;R2.D01=SI;R2.D02=SI;R2.D03=SI,MUNICIPIO30633,MUNICIPIO_SIN_CN_TRAB,Si,No,30633,,Regla 2 coherente para validaciones implementadas.
GPA-001__R2-001__R1-003__0844,GPA-001__R2-001__R1-003,02_inputs_xml_flat/GPA-001__R2-001__R1-003__0844.xml,PASS,INFO,R1.D01=NO;R1.D03=SI;R2.D01=SI;R2.D02=SI;R2.D03=SI,MUNICIPIO30631,MUNICIPIO_SIN_CN_TRAB,Si,No,30631,,Regla 2 coherente para validaciones implementadas.
GPA-001__R2-001__R1-003__0845,GPA-001__R2-001__R1-003,02_inputs_xml_flat/GPA-001__R2-001__R1-003__0845.xml,PASS,INFO,R1.D01=NO;R1.D03=SI;R2.D01=SI;R2.D02=SI;R2.D03=SI,MUNICIPIO30632,MUNICIPIO_SIN_CN_TRAB,Si,No,30632,,Regla 2 coherente para validaciones implementadas.
GPA-001__R2-001__R1-003__0846,GPA-001__R2-001__R1-003,02_inputs_xml_flat/GPA-001__R2-001__R1-003__0846.xml,PASS,INFO,R1.D01=NO;R1.D03=SI;R2.D01=SI;R2.D02=SI;R2.D03=SI,MUNICIPIO30633,MUNICIPIO_SIN_CN_TRAB,Si,No,30633,,Regla 2 coherente para validaciones implementadas.
GPA-001__R2-001__R1-003__0847,GPA-001__R2-001__R1-003,02_inputs_xml_flat/GPA-001__R2-001__R1-003__0847.xml,PASS,INFO,R1.D01=NO;R1.D03=SI;R2.D01=SI;R2.D02=SI;R2.D03=SI,MUNICIPIO30631,MUNICIPIO_SIN_CN_TRAB,Si,No,30631,,Regla 2 coherente para validaciones implementadas.
GPA-001__R2-001__R1-003__0848,GPA-001__R2-001__R1-003,02_inputs_xml_flat/GPA-001__R2-001__R1-003__0848.xml,PASS,INFO,R1.D01=NO;R1.D03=SI;R2.D01=SI;R2.D02=SI;R2.D03=SI,MUNICIPIO30632,MUNICIPIO_SIN_CN_TRAB,Si,No,30632,,Regla 2 coherente para validaciones implementadas.
GPA-001__R2-001__R1-003__0849,GPA-001__R2-001__R1-003,02_inputs_xml_flat/GPA-001__R2-001__R1-003__0849.xml,PASS,INFO,R1.D01=NO;R1.D03=SI;R2.D01=SI;R2.D02=SI;R2.D03=SI,MUNICIPIO30633,MUNICIPIO_SIN_CN_TRAB,Si,No,30633,,Regla 2 coherente para validaciones implementadas.
GPA-001__R2-001__R1-003__0850,GPA-001__R2-001__R1-003,02_inputs_xml_flat/GPA-001__R2-001__R1-003__0850.xml,PASS,INFO,R1.D01=NO;R1.D03=SI;R2.D01=SI;R2.D02=SI;R2.D03=SI,MUNICIPIO30631,MUNICIPIO_SIN_CN_TRAB,Si,No,30631,,Regla 2 coherente para validaciones implementadas.
GPA-001__R2-001__R1-003__0851,GPA-001__R2-001__R1-003,02_inputs_xml_flat/GPA-001__R2-001__R1-003__0851.xml,PASS,INFO,R1.D01=NO;R1.D03=SI;R2.D01=SI;R2.D02=SI;R2.D03=SI,MUNICIPIO30632,MUNICIPIO_SIN_CN_TRAB,Si,No,30632,,Regla 2 coherente para validaciones implementadas.
GPA-001__R2-001__R1-003__0852,GPA-001__R2-001__R1-003,02_inputs_xml_flat/GPA-001__R2-001__R1-003__0852.xml,PASS,INFO,R1.D01=NO;R1.D03=SI;R2.D01=SI;R2.D02=SI;R2.D03=SI,MUNICIPIO30633,MUNICIPIO_SIN_CN_TRAB,Si,No,30633,,Regla 2 coherente para validaciones implementadas.
GPA-001__R2-001__R1-003__0853,GPA-001__R2-001__R1-003,02_inputs_xml_flat/GPA-001__R2-001__R1-003__0853.xml,PASS,INFO,R1.D01=NO;R1.D03=SI;R2.D01=SI;R2.D02=SI;R2.D03=SI,MUNICIPIO30631,MUNICIPIO_SIN_CN_TRAB,Si,No,30631,,Regla 2 coherente para validaciones implementadas.
GPA-001__R2-001__R1-003__0854,GPA-001__R2-001__R1-003,02_inputs_xml_flat/GPA-001__R2-001__R1-003__0854.xml,PASS,INFO,R1.D01=NO;R1.D03=SI;R2.D01=SI;R2.D02=SI;R2.D03=SI,MUNICIPIO30632,MUNICIPIO_SIN_CN_TRAB,Si,No,30632,,Regla 2 coherente para validaciones implementadas.
GPA-001__R2-001__R1-003__0855,GPA-001__R2-001__R1-003,02_inputs_xml_flat/GPA-001__R2-001__R1-003__0855.xml,PASS,INFO,R1.D01=NO;R1.D03=SI;R2.D01=SI;R2.D02=SI;R2.D03=SI,MUNICIPIO30633,MUNICIPIO_SIN_CN_TRAB,Si,No,30633,,Regla 2 coherente para validaciones implementadas.
GPA-001__R2-001__R1-003__0856,GPA-001__R2-001__R1-003,02_inputs_xml_flat/GPA-001__R2-001__R1-003__0856.xml,PASS,INFO,R1.D01=NO;R1.D03=SI;R2.D01=SI;R2.D02=SI;R2.D03=SI,MUNICIPIO30631,MUNICIPIO_SIN_CN_TRAB,Si,No,30631,,Regla 2 coherente para validaciones implementadas.
GPA-001__R2-001__R1-003__0857,GPA-001__R2-001__R1-003,02_inputs_xml_flat/GPA-001__R2-001__R1-003__0857.xml,PASS,INFO,R1.D01=NO;R1.D03=SI;R2.D01=SI;R2.D02=SI;R2.D03=SI,MUNICIPIO30632,MUNICIPIO_SIN_CN_TRAB,Si,No,30632,,Regla 2 coherente para validaciones implementadas.
GPA-001__R2-001__R1-003__0858,GPA-001__R2-001__R1-003,02_inputs_xml_flat/GPA-001__R2-001__R1-003__0858.xml,PASS,INFO,R1.D01=NO;R1.D03=SI;R2.D01=SI;R2.D02=SI;R2.D03=SI,MUNICIPIO30633,MUNICIPIO_SIN_CN_TRAB,Si,No,30633,,Regla 2 coherente para validaciones implementadas.
GPA-001__R2-001__R1-003__0859,GPA-001__R2-001__R1-003,02_inputs_xml_flat/GPA-001__R2-001__R1-003__0859.xml,PASS,INFO,R1.D01=NO;R1.D03=SI;R2.D01=SI;R2.D02=SI;R2.D03=SI,MUNICIPIO30631,MUNICIPIO_SIN_CN_TRAB,Si,No,30631,,Regla 2 coherente para validaciones implementadas.
GPA-001__R2-001__R1-003__0860,GPA-001__R2-001__R1-003,02_inputs_xml_flat/GPA-001__R2-001__R1-003__0860.xml,PASS,INFO,R1.D01=NO;R1.D03=SI;R2.D01=SI;R2.D02=SI;R2.D03=SI,MUNICIPIO30632,MUNICIPIO_SIN_CN_TRAB,Si,No,30632,,Regla 2 coherente para validaciones implementadas.
GPA-001__R2-001__R1-003__0861,GPA-001__R2-001__R1-003,02_inputs_xml_flat/GPA-001__R2-001__R1-003__0861.xml,PASS,INFO,R1.D01=NO;R1.D03=SI;R2.D01=SI;R2.D02=SI;R2.D03=SI,MUNICIPIO30633,MUNICIPIO_SIN_CN_TRAB,Si,No,30633,,Regla 2 coherente para validaciones implementadas.
GPA-001__R2-001__R1-003__0862,GPA-001__R2-001__R1-003,02_inputs_xml_flat/GPA-001__R2-001__R1-003__0862.xml,PASS,INFO,R1.D01=NO;R1.D03=SI;R2.D01=SI;R2.D02=SI;R2.D03=SI,MUNICIPIO30631,MUNICIPIO_SIN_CN_TRAB,Si,No,30631,,Regla 2 coherente para validaciones implementadas.
GPA-001__R2-001__R1-003__0863,GPA-001__R2-001__R1-003,02_inputs_xml_flat/GPA-001__R2-001__R1-003__0863.xml,PASS,INFO,R1.D01=NO;R1.D03=SI;R2.D01=SI;R2.D02=SI;R2.D03=SI,MUNICIPIO30632,MUNICIPIO_SIN_CN_TRAB,Si,No,30632,,Regla 2 coherente para validaciones implementadas.
GPA-001__R2-001__R1-003__0864,GPA-001__R2-001__R1-003,02_inputs_xml_flat/GPA-001__R2-001__R1-003__0864.xml,PASS,INFO,R1.D01=NO;R1.D03=SI;R2.D01=SI;R2.D02=SI;R2.D03=SI,MUNICIPIO30633,MUNICIPIO_SIN_CN_TRAB,Si,No,30633,,Regla 2 coherente para validaciones implementadas.
GPA-001__R2-001__R1-003__0865,GPA-001__R2-001__R1-003,02_inputs_xml_flat/GPA-001__R2-001__R1-003__0865.xml,PASS,INFO,R1.D01=NO;R1.D03=SI;R2.D01=SI;R2.D02=SI;R2.D03=SI,MUNICIPIO30631,MUNICIPIO_SIN_CN_TRAB,Si,No,30631,,Regla 2 coherente para validaciones implementadas.
GPA-001__R2-001__R1-003__0866,GPA-001__R2-001__R1-003,02_inputs_xml_flat/GPA-001__R2-001__R1-003__0866.xml,PASS,INFO,R1.D01=NO;R1.D03=SI;R2.D01=SI;R2.D02=SI;R2.D03=SI,MUNICIPIO30632,MUNICIPIO_SIN_CN_TRAB,Si,No,30632,,Regla 2 coherente para validaciones implementadas.
GPA-001__R2-001__R1-003__0867,GPA-001__R2-001__R1-003,02_inputs_xml_flat/GPA-001__R2-001__R1-003__0867.xml,PASS,INFO,R1.D01=NO;R1.D03=SI;R2.D01=SI;R2.D02=SI;R2.D03=SI,MUNICIPIO30633,MUNICIPIO_SIN_CN_TRAB,Si,No,30633,,Regla 2 coherente para validaciones implementadas.
GPA-001__R2-001__R1-003__0868,GPA-001__R2-001__R1-003,02_inputs_xml_flat/GPA-001__R2-001__R1-003__0868.xml,PASS,INFO,R1.D01=NO;R1.D03=SI;R2.D01=SI;R2.D02=SI;R2.D03=SI,MUNICIPIO30631,MUNICIPIO_SIN_CN_TRAB,Si,No,30631,,Regla 2 coherente para validaciones implementadas.
GPA-001__R2-001__R1-003__0869,GPA-001__R2-001__R1-003,02_inputs_xml_flat/GPA-001__R2-001__R1-003__0869.xml,PASS,INFO,R1.D01=NO;R1.D03=SI;R2.D01=SI;R2.D02=SI;R2.D03=SI,MUNICIPIO30632,MUNICIPIO_SIN_CN_TRAB,Si,No,30632,,Regla 2 coherente para validaciones implementadas.
GPA-001__R2-001__R1-003__0870,GPA-001__R2-001__R1-003,02_inputs_xml_flat/GPA-001__R2-001__R1-003__0870.xml,PASS,INFO,R1.D01=NO;R1.D03=SI;R2.D01=SI;R2.D02=SI;R2.D03=SI,MUNICIPIO30633,MUNICIPIO_SIN_CN_TRAB,Si,No,30633,,Regla 2 coherente para validaciones implementadas.
GPA-001__R2-001__R1-003__0871,GPA-001__R2-001__R1-003,02_inputs_xml_flat/GPA-001__R2-001__R1-003__0871.xml,PASS,INFO,R1.D01=NO;R1.D03=SI;R2.D01=SI;R2.D02=SI;R2.D03=SI,MUNICIPIO30631,MUNICIPIO_SIN_CN_TRAB,Si,No,30631,,Regla 2 coherente para validaciones implementadas.
GPA-001__R2-001__R1-003__0872,GPA-001__R2-001__R1-003,02_inputs_xml_flat/GPA-001__R2-001__R1-003__0872.xml,PASS,INFO,R1.D01=NO;R1.D03=SI;R2.D01=SI;R2.D02=SI;R2.D03=SI,MUNICIPIO30632,MUNICIPIO_SIN_CN_TRAB,Si,No,30632,,Regla 2 coherente para validaciones implementadas.
GPA-001__R2-001__R1-003__0873,GPA-001__R2-001__R1-003,02_inputs_xml_flat/GPA-001__R2-001__R1-003__0873.xml,PASS,INFO,R1.D01=NO;R1.D03=SI;R2.D01=SI;R2.D02=SI;R2.D03=SI,MUNICIPIO30633,MUNICIPIO_SIN_CN_TRAB,Si,No,30633,,Regla 2 coherente para validaciones implementadas.
GPA-001__R2-001__R1-003__0874,GPA-001__R2-001__R1-003,02_inputs_xml_flat/GPA-001__R2-001__R1-003__0874.xml,PASS,INFO,R1.D01=NO;R1.D03=SI;R2.D01=SI;R2.D02=SI;R2.D03=SI,MUNICIPIO30631,MUNICIPIO_SIN_CN_TRAB,Si,No,30631,,Regla 2 coherente para validaciones implementadas.
GPA-001__R2-001__R1-003__0875,GPA-001__R2-001__R1-003,02_inputs_xml_flat/GPA-001__R2-001__R1-003__0875.xml,PASS,INFO,R1.D01=NO;R1.D03=SI;R2.D01=SI;R2.D02=SI;R2.D03=SI,MUNICIPIO30632,MUNICIPIO_SIN_CN_TRAB,Si,No,30632,,Regla 2 coherente para validaciones implementadas.
GPA-001__R2-001__R1-003__0876,GPA-001__R2-001__R1-003,02_inputs_xml_flat/GPA-001__R2-001__R1-003__0876.xml,PASS,INFO,R1.D01=NO;R1.D03=SI;R2.D01=SI;R2.D02=SI;R2.D03=SI,MUNICIPIO30633,MUNICIPIO_SIN_CN_TRAB,Si,No,30633,,Regla 2 coherente para validaciones implementadas.
GPA-001__R2-001__R1-003__0877,GPA-001__R2-001__R1-003,02_inputs_xml_flat/GPA-001__R2-001__R1-003__0877.xml,PASS,INFO,R1.D01=NO;R1.D03=SI;R2.D01=SI;R2.D02=SI;R2.D03=SI,MUNICIPIO30631,MUNICIPIO_SIN_CN_TRAB,Si,No,30631,,Regla 2 coherente para validaciones implementadas.
GPA-001__R2-001__R1-003__0878,GPA-001__R2-001__R1-003,02_inputs_xml_flat/GPA-001__R2-001__R1-003__0878.xml,PASS,INFO,R1.D01=NO;R1.D03=SI;R2.D01=SI;R2.D02=SI;R2.D03=SI,MUNICIPIO30632,MUNICIPIO_SIN_CN_TRAB,Si,No,30632,,Regla 2 coherente para validaciones implementadas.
GPA-001__R2-001__R1-003__0879,GPA-001__R2-001__R1-003,02_inputs_xml_flat/GPA-001__R2-001__R1-003__0879.xml,PASS,INFO,R1.D01=NO;R1.D03=SI;R2.D01=SI;R2.D02=SI;R2.D03=SI,MUNICIPIO30633,MUNICIPIO_SIN_CN_TRAB,Si,No,30633,,Regla 2 coherente para validaciones implementadas.
GPA-001__R2-001__R1-003__0880,GPA-001__R2-001__R1-003,02_inputs_xml_flat/GPA-001__R2-001__R1-003__0880.xml,PASS,INFO,R1.D01=NO;R1.D03=SI;R2.D01=SI;R2.D02=SI;R2.D03=SI,MUNICIPIO30631,MUNICIPIO_SIN_CN_TRAB,Si,No,30631,,Regla 2 coherente para validaciones implementadas.
GPA-001__R2-001__R1-003__0881,GPA-001__R2-001__R1-003,02_inputs_xml_flat/GPA-001__R2-001__R1-003__0881.xml,PASS,INFO,R1.D01=NO;R1.D03=SI;R2.D01=SI;R2.D02=SI;R2.D03=SI,MUNICIPIO30632,MUNICIPIO_SIN_CN_TRAB,Si,No,30632,,Regla 2 coherente para validaciones implementadas.
GPA-001__R2-001__R1-003__0882,GPA-001__R2-001__R1-003,02_inputs_xml_flat/GPA-001__R2-001__R1-003__0882.xml,PASS,INFO,R1.D01=NO;R1.D03=SI;R2.D01=SI;R2.D02=SI;R2.D03=SI,MUNICIPIO30633,MUNICIPIO_SIN_CN_TRAB,Si,No,30633,,Regla 2 coherente para validaciones implementadas.
GPA-001__R2-001__R1-003__0883,GPA-001__R2-001__R1-003,02_inputs_xml_flat/GPA-001__R2-001__R1-003__0883.xml,PASS,INFO,R1.D01=NO;R1.D03=SI;R2.D01=SI;R2.D02=SI;R2.D03=SI,MUNICIPIO30631,MUNICIPIO_SIN_CN_TRAB,Si,No,30631,,Regla 2 coherente para validaciones implementadas.
GPA-001__R2-001__R1-003__0884,GPA-001__R2-001__R1-003,02_inputs_xml_flat/GPA-001__R2-001__R1-003__0884.xml,PASS,INFO,R1.D01=NO;R1.D03=SI;R2.D01=SI;R2.D02=SI;R2.D03=SI,MUNICIPIO30632,MUNICIPIO_SIN_CN_TRAB,Si,No,30632,,Regla 2 coherente para validaciones implementadas.
GPA-001__R2-001__R1-003__0885,GPA-001__R2-001__R1-003,02_inputs_xml_flat/GPA-001__R2-001__R1-003__0885.xml,PASS,INFO,R1.D01=NO;R1.D03=SI;R2.D01=SI;R2.D02=SI;R2.D03=SI,MUNICIPIO30633,MUNICIPIO_SIN_CN_TRAB,Si,No,30633,,Regla 2 coherente para validaciones implementadas.
GPA-001__R2-001__R1-003__0886,GPA-001__R2-001__R1-003,02_inputs_xml_flat/GPA-001__R2-001__R1-003__0886.xml,PASS,INFO,R1.D01=NO;R1.D03=SI;R2.D01=SI;R2.D02=SI;R2.D03=SI,MUNICIPIO30631,MUNICIPIO_SIN_CN_TRAB,Si,No,30631,,Regla 2 coherente para validaciones implementadas.
GPA-001__R2-001__R1-003__0887,GPA-001__R2-001__R1-003,02_inputs_xml_flat/GPA-001__R2-001__R1-003__0887.xml,PASS,INFO,R1.D01=NO;R1.D03=SI;R2.D01=SI;R2.D02=SI;R2.D03=SI,MUNICIPIO30632,MUNICIPIO_SIN_CN_TRAB,Si,No,30632,,Regla 2 coherente para validaciones implementadas.
GPA-001__R2-001__R1-003__0888,GPA-001__R2-001__R1-003,02_inputs_xml_flat/GPA-001__R2-001__R1-003__0888.xml,PASS,INFO,R1.D01=NO;R1.D03=SI;R2.D01=SI;R2.D02=SI;R2.D03=SI,MUNICIPIO30633,MUNICIPIO_SIN_CN_TRAB,Si,No,30633,,Regla 2 coherente para validaciones implementadas.
GPA-001__R2-001__R1-003__0889,GPA-001__R2-001__R1-003,02_inputs_xml_flat/GPA-001__R2-001__R1-003__0889.xml,PASS,INFO,R1.D01=NO;R1.D03=SI;R2.D01=SI;R2.D02=SI;R2.D03=SI,MUNICIPIO30631,MUNICIPIO_SIN_CN_TRAB,Si,No,30631,,Regla 2 coherente para validaciones implementadas.
GPA-001__R2-001__R1-003__0890,GPA-001__R2-001__R1-003,02_inputs_xml_flat/GPA-001__R2-001__R1-003__0890.xml,PASS,INFO,R1.D01=NO;R1.D03=SI;R2.D01=SI;R2.D02=SI;R2.D03=SI,MUNICIPIO30632,MUNICIPIO_SIN_CN_TRAB,Si,No,30632,,Regla 2 coherente para validaciones implementadas.
GPA-001__R2-001__R1-003__0891,GPA-001__R2-001__R1-003,02_inputs_xml_flat/GPA-001__R2-001__R1-003__0891.xml,PASS,INFO,R1.D01=NO;R1.D03=SI;R2.D01=SI;R2.D02=SI;R2.D03=SI,MUNICIPIO30633,MUNICIPIO_SIN_CN_TRAB,Si,No,30633,,Regla 2 coherente para validaciones implementadas.
GPA-001__R2-001__R1-003__0892,GPA-001__R2-001__R1-003,02_inputs_xml_flat/GPA-001__R2-001__R1-003__0892.xml,PASS,INFO,R1.D01=NO;R1.D03=SI;R2.D01=SI;R2.D02=SI;R2.D03=SI,MUNICIPIO30631,MUNICIPIO_SIN_CN_TRAB,Si,No,30631,,Regla 2 coherente para validaciones implementadas.
GPA-001__R2-001__R1-003__0893,GPA-001__R2-001__R1-003,02_inputs_xml_flat/GPA-001__R2-001__R1-003__0893.xml,PASS,INFO,R1.D01=NO;R1.D03=SI;R2.D01=SI;R2.D02=SI;R2.D03=SI,MUNICIPIO30632,MUNICIPIO_SIN_CN_TRAB,Si,No,30632,,Regla 2 coherente para validaciones implementadas.
GPA-001__R2-001__R1-003__0894,GPA-001__R2-001__R1-003,02_inputs_xml_flat/GPA-001__R2-001__R1-003__0894.xml,PASS,INFO,R1.D01=NO;R1.D03=SI;R2.D01=SI;R2.D02=SI;R2.D03=SI,MUNICIPIO30633,MUNICIPIO_SIN_CN_TRAB,Si,No,30633,,Regla 2 coherente para validaciones implementadas.
GPA-001__R2-001__R1-003__0895,GPA-001__R2-001__R1-003,02_inputs_xml_flat/GPA-001__R2-001__R1-003__0895.xml,PASS,INFO,R1.D01=NO;R1.D03=SI;R2.D01=SI;R2.D02=SI;R2.D03=SI,MUNICIPIO30631,MUNICIPIO_SIN_CN_TRAB,Si,No,30631,,Regla 2 coherente para validaciones implementadas.
GPA-001__R2-001__R1-003__0896,GPA-001__R2-001__R1-003,02_inputs_xml_flat/GPA-001__R2-001__R1-003__0896.xml,PASS,INFO,R1.D01=NO;R1.D03=SI;R2.D01=SI;R2.D02=SI;R2.D03=SI,MUNICIPIO30632,MUNICIPIO_SIN_CN_TRAB,Si,No,30632,,Regla 2 coherente para validaciones implementadas.
GPA-001__R2-001__R1-003__0897,GPA-001__R2-001__R1-003,02_inputs_xml_flat/GPA-001__R2-001__R1-003__0897.xml,PASS,INFO,R1.D01=NO;R1.D03=SI;R2.D01=SI;R2.D02=SI;R2.D03=SI,MUNICIPIO30633,MUNICIPIO_SIN_CN_TRAB,Si,No,30633,,Regla 2 coherente para validaciones implementadas.
GPA-001__R2-001__R1-003__0898,GPA-001__R2-001__R1-003,02_inputs_xml_flat/GPA-001__R2-001__R1-003__0898.xml,PASS,INFO,R1.D01=NO;R1.D03=SI;R2.D01=SI;R2.D02=SI;R2.D03=SI,MUNICIPIO30631,MUNICIPIO_SIN_CN_TRAB,Si,No,30631,,Regla 2 coherente para validaciones implementadas.
GPA-001__R2-001__R1-003__0899,GPA-001__R2-001__R1-003,02_inputs_xml_flat/GPA-001__R2-001__R1-003__0899.xml,PASS,INFO,R1.D01=NO;R1.D03=SI;R2.D01=SI;R2.D02=SI;R2.D03=SI,MUNICIPIO30632,MUNICIPIO_SIN_CN_TRAB,Si,No,30632,,Regla 2 coherente para validaciones implementadas.
GPA-001__R2-001__R1-003__0900,GPA-001__R2-001__R1-003,02_inputs_xml_flat/GPA-001__R2-001__R1-003__0900.xml,PASS,INFO,R1.D01=NO;R1.D03=SI;R2.D01=SI;R2.D02=SI;R2.D03=SI,MUNICIPIO30633,MUNICIPIO_SIN_CN_TRAB,Si,No,30633,,Regla 2 coherente para validaciones implementadas.
GPA-001__R2-001__R1-003__0901,GPA-001__R2-001__R1-003,02_inputs_xml_flat/GPA-001__R2-001__R1-003__0901.xml,PASS,INFO,R1.D01=NO;R1.D03=SI;R2.D01=SI;R2.D02=SI;R2.D03=SI,MUNICIPIO30631,MUNICIPIO_SIN_CN_TRAB,Si,No,30631,,Regla 2 coherente para validaciones implementadas.
GPA-001__R2-001__R1-003__0902,GPA-001__R2-001__R1-003,02_inputs_xml_flat/GPA-001__R2-001__R1-003__0902.xml,PASS,INFO,R1.D01=NO;R1.D03=SI;R2.D01=SI;R2.D02=SI;R2.D03=SI,MUNICIPIO30632,MUNICIPIO_SIN_CN_TRAB,Si,No,30632,,Regla 2 coherente para validaciones implementadas.
GPA-001__R2-001__R1-003__0903,GPA-001__R2-001__R1-003,02_inputs_xml_flat/GPA-001__R2-001__R1-003__0903.xml,PASS,INFO,R1.D01=NO;R1.D03=SI;R2.D01=SI;R2.D02=SI;R2.D03=SI,MUNICIPIO30633,MUNICIPIO_SIN_CN_TRAB,Si,No,30633,,Regla 2 coherente para validaciones implementadas.
GPA-001__R2-001__R1-003__0904,GPA-001__R2-001__R1-003,02_inputs_xml_flat/GPA-001__R2-001__R1-003__0904.xml,PASS,INFO,R1.D01=NO;R1.D03=SI;R2.D01=SI;R2.D02=SI;R2.D03=SI,MUNICIPIO30631,MUNICIPIO_SIN_CN_TRAB,Si,No,30631,,Regla 2 coherente para validaciones implementadas.
GPA-001__R2-001__R1-003__0905,GPA-001__R2-001__R1-003,02_inputs_xml_flat/GPA-001__R2-001__R1-003__0905.xml,PASS,INFO,R1.D01=NO;R1.D03=SI;R2.D01=SI;R2.D02=SI;R2.D03=SI,MUNICIPIO30632,MUNICIPIO_SIN_CN_TRAB,Si,No,30632,,Regla 2 coherente para validaciones implementadas.
GPA-001__R2-001__R1-003__0906,GPA-001__R2-001__R1-003,02_inputs_xml_flat/GPA-001__R2-001__R1-003__0906.xml,PASS,INFO,R1.D01=NO;R1.D03=SI;R2.D01=SI;R2.D02=SI;R2.D03=SI,MUNICIPIO30633,MUNICIPIO_SIN_CN_TRAB,Si,No,30633,,Regla 2 coherente para validaciones implementadas.
GPA-001__R2-001__R1-003__0907,GPA-001__R2-001__R1-003,02_inputs_xml_flat/GPA-001__R2-001__R1-003__0907.xml,PASS,INFO,R1.D01=NO;R1.D03=SI;R2.D01=SI;R2.D02=SI;R2.D03=SI,MUNICIPIO30631,MUNICIPIO_SIN_CN_TRAB,Si,No,30631,,Regla 2 coherente para validaciones implementadas.
GPA-001__R2-001__R1-003__0908,GPA-001__R2-001__R1-003,02_inputs_xml_flat/GPA-001__R2-001__R1-003__0908.xml,PASS,INFO,R1.D01=NO;R1.D03=SI;R2.D01=SI;R2.D02=SI;R2.D03=SI,MUNICIPIO30632,MUNICIPIO_SIN_CN_TRAB,Si,No,30632,,Regla 2 coherente para validaciones implementadas.
GPA-001__R2-001__R1-003__0909,GPA-001__R2-001__R1-003,02_inputs_xml_flat/GPA-001__R2-001__R1-003__0909.xml,PASS,INFO,R1.D01=NO;R1.D03=SI;R2.D01=SI;R2.D02=SI;R2.D03=SI,MUNICIPIO30633,MUNICIPIO_SIN_CN_TRAB,Si,No,30633,,Regla 2 coherente para validaciones implementadas.
GPA-001__R2-001__R1-003__0910,GPA-001__R2-001__R1-003,02_inputs_xml_flat/GPA-001__R2-001__R1-003__0910.xml,PASS,INFO,R1.D01=NO;R1.D03=SI;R2.D01=SI;R2.D02=SI;R2.D03=SI,MUNICIPIO30631,MUNICIPIO_SIN_CN_TRAB,Si,No,30631,,Regla 2 coherente para validaciones implementadas.
GPA-001__R2-001__R1-003__0911,GPA-001__R2-001__R1-003,02_inputs_xml_flat/GPA-001__R2-001__R1-003__0911.xml,PASS,INFO,R1.D01=NO;R1.D03=SI;R2.D01=SI;R2.D02=SI;R2.D03=SI,MUNICIPIO30632,MUNICIPIO_SIN_CN_TRAB,Si,No,30632,,Regla 2 coherente para validaciones implementadas.
GPA-001__R2-001__R1-003__0912,GPA-001__R2-001__R1-003,02_inputs_xml_flat/GPA-001__R2-001__R1-003__0912.xml,PASS,INFO,R1.D01=NO;R1.D03=SI;R2.D01=SI;R2.D02=SI;R2.D03=SI,MUNICIPIO30633,MUNICIPIO_SIN_CN_TRAB,Si,No,30633,,Regla 2 coherente para validaciones implementadas.
GPA-001__R2-001__R1-003__0913,GPA-001__R2-001__R1-003,02_inputs_xml_flat/GPA-001__R2-001__R1-003__0913.xml,PASS,INFO,R1.D01=NO;R1.D03=SI;R2.D01=SI;R2.D02=SI;R2.D03=SI,MUNICIPIO30631,MUNICIPIO_SIN_CN_TRAB,Si,No,30631,,Regla 2 coherente para validaciones implementadas.
GPA-001__R2-001__R1-003__0914,GPA-001__R2-001__R1-003,02_inputs_xml_flat/GPA-001__R2-001__R1-003__0914.xml,PASS,INFO,R1.D01=NO;R1.D03=SI;R2.D01=SI;R2.D02=SI;R2.D03=SI,MUNICIPIO30632,MUNICIPIO_SIN_CN_TRAB,Si,No,30632,,Regla 2 coherente para validaciones implementadas.
GPA-001__R2-001__R1-003__0915,GPA-001__R2-001__R1-003,02_inputs_xml_flat/GPA-001__R2-001__R1-003__0915.xml,PASS,INFO,R1.D01=NO;R1.D03=SI;R2.D01=SI;R2.D02=SI;R2.D03=SI,MUNICIPIO30633,MUNICIPIO_SIN_CN_TRAB,Si,No,30633,,Regla 2 coherente para validaciones implementadas.
GPA-001__R2-001__R1-003__0916,GPA-001__R2-001__R1-003,02_inputs_xml_flat/GPA-001__R2-001__R1-003__0916.xml,PASS,INFO,R1.D01=NO;R1.D03=SI;R2.D01=SI;R2.D02=SI;R2.D03=SI,MUNICIPIO30631,MUNICIPIO_SIN_CN_TRAB,Si,No,30631,,Regla 2 coherente para validaciones implementadas.
GPA-001__R2-001__R1-003__0917,GPA-001__R2-001__R1-003,02_inputs_xml_flat/GPA-001__R2-001__R1-003__0917.xml,PASS,INFO,R1.D01=NO;R1.D03=SI;R2.D01=SI;R2.D02=SI;R2.D03=SI,MUNICIPIO30632,MUNICIPIO_SIN_CN_TRAB,Si,No,30632,,Regla 2 coherente para validaciones implementadas.
GPA-001__R2-001__R1-003__0918,GPA-001__R2-001__R1-003,02_inputs_xml_flat/GPA-001__R2-001__R1-003__0918.xml,PASS,INFO,R1.D01=NO;R1.D03=SI;R2.D01=SI;R2.D02=SI;R2.D03=SI,MUNICIPIO30633,MUNICIPIO_SIN_CN_TRAB,Si,No,30633,,Regla 2 coherente para validaciones implementadas.
GPA-001__R2-001__R1-003__0919,GPA-001__R2-001__R1-003,02_inputs_xml_flat/GPA-001__R2-001__R1-003__0919.xml,PASS,INFO,R1.D01=NO;R1.D03=SI;R2.D01=SI;R2.D02=SI;R2.D03=SI,MUNICIPIO30631,MUNICIPIO_SIN_CN_TRAB,Si,No,30631,,Regla 2 coherente para validaciones implementadas.
GPA-001__R2-001__R1-003__0920,GPA-001__R2-001__R1-003,02_inputs_xml_flat/GPA-001__R2-001__R1-003__0920.xml,PASS,INFO,R1.D01=NO;R1.D03=SI;R2.D01=SI;R2.D02=SI;R2.D03=SI,MUNICIPIO30632,MUNICIPIO_SIN_CN_TRAB,Si,No,30632,,Regla 2 coherente para validaciones implementadas.
GPA-001__R2-001__R1-003__0921,GPA-001__R2-001__R1-003,02_inputs_xml_flat/GPA-001__R2-001__R1-003__0921.xml,PASS,INFO,R1.D01=NO;R1.D03=SI;R2.D01=SI;R2.D02=SI;R2.D03=SI,MUNICIPIO30633,MUNICIPIO_SIN_CN_TRAB,Si,No,30633,,Regla 2 coherente para validaciones implementadas.
GPA-001__R2-001__R1-003__0922,GPA-001__R2-001__R1-003,02_inputs_xml_flat/GPA-001__R2-001__R1-003__0922.xml,PASS,INFO,R1.D01=NO;R1.D03=SI;R2.D01=SI;R2.D02=SI;R2.D03=SI,MUNICIPIO30631,MUNICIPIO_SIN_CN_TRAB,Si,No,30631,,Regla 2 coherente para validaciones implementadas.
GPA-001__R2-001__R1-003__0923,GPA-001__R2-001__R1-003,02_inputs_xml_flat/GPA-001__R2-001__R1-003__0923.xml,PASS,INFO,R1.D01=NO;R1.D03=SI;R2.D01=SI;R2.D02=SI;R2.D03=SI,MUNICIPIO30632,MUNICIPIO_SIN_CN_TRAB,Si,No,30632,,Regla 2 coherente para validaciones implementadas.
GPA-001__R2-001__R1-003__0924,GPA-001__R2-001__R1-003,02_inputs_xml_flat/GPA-001__R2-001__R1-003__0924.xml,PASS,INFO,R1.D01=NO;R1.D03=SI;R2.D01=SI;R2.D02=SI;R2.D03=SI,MUNICIPIO30633,MUNICIPIO_SIN_CN_TRAB,Si,No,30633,,Regla 2 coherente para validaciones implementadas.
GPA-001__R2-001__R1-003__0925,GPA-001__R2-001__R1-003,02_inputs_xml_flat/GPA-001__R2-001__R1-003__0925.xml,PASS,INFO,R1.D01=NO;R1.D03=SI;R2.D01=SI;R2.D02=SI;R2.D03=SI,MUNICIPIO30631,MUNICIPIO_SIN_CN_TRAB,Si,No,30631,,Regla 2 coherente para validaciones implementadas.
GPA-001__R2-001__R1-003__0926,GPA-001__R2-001__R1-003,02_inputs_xml_flat/GPA-001__R2-001__R1-003__0926.xml,PASS,INFO,R1.D01=NO;R1.D03=SI;R2.D01=SI;R2.D02=SI;R2.D03=SI,MUNICIPIO30632,MUNICIPIO_SIN_CN_TRAB,Si,No,30632,,Regla 2 coherente para validaciones implementadas.
GPA-001__R2-001__R1-003__0927,GPA-001__R2-001__R1-003,02_inputs_xml_flat/GPA-001__R2-001__R1-003__0927.xml,PASS,INFO,R1.D01=NO;R1.D03=SI;R2.D01=SI;R2.D02=SI;R2.D03=SI,MUNICIPIO30633,MUNICIPIO_SIN_CN_TRAB,Si,No,30633,,Regla 2 coherente para validaciones implementadas.
GPA-001__R2-001__R1-003__0928,GPA-001__R2-001__R1-003,02_inputs_xml_flat/GPA-001__R2-001__R1-003__0928.xml,PASS,INFO,R1.D01=NO;R1.D03=SI;R2.D01=SI;R2.D02=SI;R2.D03=SI,MUNICIPIO30631,MUNICIPIO_SIN_CN_TRAB,Si,No,30631,,Regla 2 coherente para validaciones implementadas.
GPA-001__R2-001__R1-003__0929,GPA-001__R2-001__R1-003,02_inputs_xml_flat/GPA-001__R2-001__R1-003__0929.xml,PASS,INFO,R1.D01=NO;R1.D03=SI;R2.D01=SI;R2.D02=SI;R2.D03=SI,MUNICIPIO30632,MUNICIPIO_SIN_CN_TRAB,Si,No,30632,,Regla 2 coherente para validaciones implementadas.
GPA-001__R2-001__R1-003__0930,GPA-001__R2-001__R1-003,02_inputs_xml_flat/GPA-001__R2-001__R1-003__0930.xml,PASS,INFO,R1.D01=NO;R1.D03=SI;R2.D01=SI;R2.D02=SI;R2.D03=SI,MUNICIPIO30633,MUNICIPIO_SIN_CN_TRAB,Si,No,30633,,Regla 2 coherente para validaciones implementadas.
GPA-001__R2-001__R1-003__0931,GPA-001__R2-001__R1-003,02_inputs_xml_flat/GPA-001__R2-001__R1-003__0931.xml,PASS,INFO,R1.D01=NO;R1.D03=SI;R2.D01=SI;R2.D02=SI;R2.D03=SI,MUNICIPIO30631,MUNICIPIO_SIN_CN_TRAB,Si,No,30631,,Regla 2 coherente para validaciones implementadas.
GPA-001__R2-001__R1-003__0932,GPA-001__R2-001__R1-003,02_inputs_xml_flat/GPA-001__R2-001__R1-003__0932.xml,PASS,INFO,R1.D01=NO;R1.D03=SI;R2.D01=SI;R2.D02=SI;R2.D03=SI,MUNICIPIO30632,MUNICIPIO_SIN_CN_TRAB,Si,No,30632,,Regla 2 coherente para validaciones implementadas.
GPA-001__R2-001__R1-003__0933,GPA-001__R2-001__R1-003,02_inputs_xml_flat/GPA-001__R2-001__R1-003__0933.xml,PASS,INFO,R1.D01=NO;R1.D03=SI;R2.D01=SI;R2.D02=SI;R2.D03=SI,MUNICIPIO30633,MUNICIPIO_SIN_CN_TRAB,Si,No,30633,,Regla 2 coherente para validaciones implementadas.
GPA-001__R2-001__R1-003__0934,GPA-001__R2-001__R1-003,02_inputs_xml_flat/GPA-001__R2-001__R1-003__0934.xml,PASS,INFO,R1.D01=NO;R1.D03=SI;R2.D01=SI;R2.D02=SI;R2.D03=SI,MUNICIPIO30631,MUNICIPIO_SIN_CN_TRAB,Si,No,30631,,Regla 2 coherente para validaciones implementadas.
GPA-001__R2-001__R1-003__0935,GPA-001__R2-001__R1-003,02_inputs_xml_flat/GPA-001__R2-001__R1-003__0935.xml,PASS,INFO,R1.D01=NO;R1.D03=SI;R2.D01=SI;R2.D02=SI;R2.D03=SI,MUNICIPIO30632,MUNICIPIO_SIN_CN_TRAB,Si,No,30632,,Regla 2 coherente para validaciones implementadas.
GPA-001__R2-001__R1-003__0936,GPA-001__R2-001__R1-003,02_inputs_xml_flat/GPA-001__R2-001__R1-003__0936.xml,PASS,INFO,R1.D01=NO;R1.D03=SI;R2.D01=SI;R2.D02=SI;R2.D03=SI,MUNICIPIO30633,MUNICIPIO_SIN_CN_TRAB,Si,No,30633,,Regla 2 coherente para validaciones implementadas.
GPA-001__R2-001__R1-003__0937,GPA-001__R2-001__R1-003,02_inputs_xml_flat/GPA-001__R2-001__R1-003__0937.xml,PASS,INFO,R1.D01=NO;R1.D03=SI;R2.D01=SI;R2.D02=SI;R2.D03=SI,MUNICIPIO30631,MUNICIPIO_SIN_CN_TRAB,Si,No,30631,,Regla 2 coherente para validaciones implementadas.
GPA-001__R2-001__R1-003__0938,GPA-001__R2-001__R1-003,02_inputs_xml_flat/GPA-001__R2-001__R1-003__0938.xml,PASS,INFO,R1.D01=NO;R1.D03=SI;R2.D01=SI;R2.D02=SI;R2.D03=SI,MUNICIPIO30632,MUNICIPIO_SIN_CN_TRAB,Si,No,30632,,Regla 2 coherente para validaciones implementadas.
GPA-001__R2-001__R1-003__0939,GPA-001__R2-001__R1-003,02_inputs_xml_flat/GPA-001__R2-001__R1-003__0939.xml,PASS,INFO,R1.D01=NO;R1.D03=SI;R2.D01=SI;R2.D02=SI;R2.D03=SI,MUNICIPIO30633,MUNICIPIO_SIN_CN_TRAB,Si,No,30633,,Regla 2 coherente para validaciones implementadas.
GPA-001__R2-001__R1-003__0940,GPA-001__R2-001__R1-003,02_inputs_xml_flat/GPA-001__R2-001__R1-003__0940.xml,PASS,INFO,R1.D01=NO;R1.D03=SI;R2.D01=SI;R2.D02=SI;R2.D03=SI,MUNICIPIO30631,MUNICIPIO_SIN_CN_TRAB,Si,No,30631,,Regla 2 coherente para validaciones implementadas.
GPA-001__R2-001__R1-003__0941,GPA-001__R2-001__R1-003,02_inputs_xml_flat/GPA-001__R2-001__R1-003__0941.xml,PASS,INFO,R1.D01=NO;R1.D03=SI;R2.D01=SI;R2.D02=SI;R2.D03=SI,MUNICIPIO30632,MUNICIPIO_SIN_CN_TRAB,Si,No,30632,,Regla 2 coherente para validaciones implementadas.
GPA-001__R2-001__R1-003__0942,GPA-001__R2-001__R1-003,02_inputs_xml_flat/GPA-001__R2-001__R1-003__0942.xml,PASS,INFO,R1.D01=NO;R1.D03=SI;R2.D01=SI;R2.D02=SI;R2.D03=SI,MUNICIPIO30633,MUNICIPIO_SIN_CN_TRAB,Si,No,30633,,Regla 2 coherente para validaciones implementadas.
GPA-001__R2-001__R1-003__0943,GPA-001__R2-001__R1-003,02_inputs_xml_flat/GPA-001__R2-001__R1-003__0943.xml,PASS,INFO,R1.D01=NO;R1.D03=SI;R2.D01=SI;R2.D02=SI;R2.D03=SI,MUNICIPIO30631,MUNICIPIO_SIN_CN_TRAB,Si,No,30631,,Regla 2 coherente para validaciones implementadas.
GPA-001__R2-001__R1-003__0944,GPA-001__R2-001__R1-003,02_inputs_xml_flat/GPA-001__R2-001__R1-003__0944.xml,PASS,INFO,R1.D01=NO;R1.D03=SI;R2.D01=SI;R2.D02=SI;R2.D03=SI,MUNICIPIO30632,MUNICIPIO_SIN_CN_TRAB,Si,No,30632,,Regla 2 coherente para validaciones implementadas.
GPA-001__R2-001__R1-003__0945,GPA-001__R2-001__R1-003,02_inputs_xml_flat/GPA-001__R2-001__R1-003__0945.xml,PASS,INFO,R1.D01=NO;R1.D03=SI;R2.D01=SI;R2.D02=SI;R2.D03=SI,MUNICIPIO30633,MUNICIPIO_SIN_CN_TRAB,Si,No,30633,,Regla 2 coherente para validaciones implementadas.
GPA-001__R2-001__R1-003__0946,GPA-001__R2-001__R1-003,02_inputs_xml_flat/GPA-001__R2-001__R1-003__0946.xml,PASS,INFO,R1.D01=NO;R1.D03=SI;R2.D01=SI;R2.D02=SI;R2.D03=SI,MUNICIPIO30631,MUNICIPIO_SIN_CN_TRAB,Si,No,30631,,Regla 2 coherente para validaciones implementadas.
GPA-001__R2-001__R1-003__0947,GPA-001__R2-001__R1-003,02_inputs_xml_flat/GPA-001__R2-001__R1-003__0947.xml,PASS,INFO,R1.D01=NO;R1.D03=SI;R2.D01=SI;R2.D02=SI;R2.D03=SI,MUNICIPIO30632,MUNICIPIO_SIN_CN_TRAB,Si,No,30632,,Regla 2 coherente para validaciones implementadas.
GPA-001__R2-001__R1-003__0948,GPA-001__R2-001__R1-003,02_inputs_xml_flat/GPA-001__R2-001__R1-003__0948.xml,PASS,INFO,R1.D01=NO;R1.D03=SI;R2.D01=SI;R2.D02=SI;R2.D03=SI,MUNICIPIO30633,MUNICIPIO_SIN_CN_TRAB,Si,No,30633,,Regla 2 coherente para validaciones implementadas.
GPA-001__R2-001__R1-003__0949,GPA-001__R2-001__R1-003,02_inputs_xml_flat/GPA-001__R2-001__R1-003__0949.xml,PASS,INFO,R1.D01=NO;R1.D03=SI;R2.D01=SI;R2.D02=SI;R2.D03=SI,MUNICIPIO30631,MUNICIPIO_SIN_CN_TRAB,Si,No,30631,,Regla 2 coherente para validaciones implementadas.
GPA-001__R2-001__R1-003__0950,GPA-001__R2-001__R1-003,02_inputs_xml_flat/GPA-001__R2-001__R1-003__0950.xml,PASS,INFO,R1.D01=NO;R1.D03=SI;R2.D01=SI;R2.D02=SI;R2.D03=SI,MUNICIPIO30632,MUNICIPIO_SIN_CN_TRAB,Si,No,30632,,Regla 2 coherente para validaciones implementadas.
GPA-001__R2-001__R1-003__0951,GPA-001__R2-001__R1-003,02_inputs_xml_flat/GPA-001__R2-001__R1-003__0951.xml,PASS,INFO,R1.D01=NO;R1.D03=SI;R2.D01=SI;R2.D02=SI;R2.D03=SI,MUNICIPIO30633,MUNICIPIO_SIN_CN_TRAB,Si,No,30633,,Regla 2 coherente para validaciones implementadas.
GPA-001__R2-001__R1-003__0952,GPA-001__R2-001__R1-003,02_inputs_xml_flat/GPA-001__R2-001__R1-003__0952.xml,PASS,INFO,R1.D01=NO;R1.D03=SI;R2.D01=SI;R2.D02=SI;R2.D03=SI,MUNICIPIO30631,MUNICIPIO_SIN_CN_TRAB,Si,No,30631,,Regla 2 coherente para validaciones implementadas.
GPA-001__R2-001__R1-003__0953,GPA-001__R2-001__R1-003,02_inputs_xml_flat/GPA-001__R2-001__R1-003__0953.xml,PASS,INFO,R1.D01=NO;R1.D03=SI;R2.D01=SI;R2.D02=SI;R2.D03=SI,MUNICIPIO30632,MUNICIPIO_SIN_CN_TRAB,Si,No,30632,,Regla 2 coherente para validaciones implementadas.
GPA-001__R2-001__R1-003__0954,GPA-001__R2-001__R1-003,02_inputs_xml_flat/GPA-001__R2-001__R1-003__0954.xml,PASS,INFO,R1.D01=NO;R1.D03=SI;R2.D01=SI;R2.D02=SI;R2.D03=SI,MUNICIPIO30633,MUNICIPIO_SIN_CN_TRAB,Si,No,30633,,Regla 2 coherente para validaciones implementadas.
GPA-001__R2-001__R1-003__0955,GPA-001__R2-001__R1-003,02_inputs_xml_flat/GPA-001__R2-001__R1-003__0955.xml,PASS,INFO,R1.D01=NO;R1.D03=SI;R2.D01=SI;R2.D02=SI;R2.D03=SI,MUNICIPIO30631,MUNICIPIO_SIN_CN_TRAB,Si,No,30631,,Regla 2 coherente para validaciones implementadas.
GPA-001__R2-001__R1-003__0956,GPA-001__R2-001__R1-003,02_inputs_xml_flat/GPA-001__R2-001__R1-003__0956.xml,PASS,INFO,R1.D01=NO;R1.D03=SI;R2.D01=SI;R2.D02=SI;R2.D03=SI,MUNICIPIO30632,MUNICIPIO_SIN_CN_TRAB,Si,No,30632,,Regla 2 coherente para validaciones implementadas.
GPA-001__R2-001__R1-003__0957,GPA-001__R2-001__R1-003,02_inputs_xml_flat/GPA-001__R2-001__R1-003__0957.xml,PASS,INFO,R1.D01=NO;R1.D03=SI;R2.D01=SI;R2.D02=SI;R2.D03=SI,MUNICIPIO30633,MUNICIPIO_SIN_CN_TRAB,Si,No,30633,,Regla 2 coherente para validaciones implementadas.
GPA-001__R2-001__R1-003__0958,GPA-001__R2-001__R1-003,02_inputs_xml_flat/GPA-001__R2-001__R1-003__0958.xml,PASS,INFO,R1.D01=NO;R1.D03=SI;R2.D01=SI;R2.D02=SI;R2.D03=SI,MUNICIPIO30631,MUNICIPIO_SIN_CN_TRAB,Si,No,30631,,Regla 2 coherente para validaciones implementadas.
GPA-001__R2-001__R1-003__0959,GPA-001__R2-001__R1-003,02_inputs_xml_flat/GPA-001__R2-001__R1-003__0959.xml,PASS,INFO,R1.D01=NO;R1.D03=SI;R2.D01=SI;R2.D02=SI;R2.D03=SI,MUNICIPIO30632,MUNICIPIO_SIN_CN_TRAB,Si,No,30632,,Regla 2 coherente para validaciones implementadas.
GPA-001__R2-001__R1-003__0960,GPA-001__R2-001__R1-003,02_inputs_xml_flat/GPA-001__R2-001__R1-003__0960.xml,PASS,INFO,R1.D01=NO;R1.D03=SI;R2.D01=SI;R2.D02=SI;R2.D03=SI,MUNICIPIO30633,MUNICIPIO_SIN_CN_TRAB,Si,No,30633,,Regla 2 coherente para validaciones implementadas.
GPA-001__R2-001__R1-003__0961,GPA-001__R2-001__R1-003,02_inputs_xml_flat/GPA-001__R2-001__R1-003__0961.xml,PASS,INFO,R1.D01=NO;R1.D03=SI;R2.D01=SI;R2.D02=SI;R2.D03=SI,MUNICIPIO30631,MUNICIPIO_SIN_CN_TRAB,Si,No,30631,,Regla 2 coherente para validaciones implementadas.
GPA-001__R2-001__R1-003__0962,GPA-001__R2-001__R1-003,02_inputs_xml_flat/GPA-001__R2-001__R1-003__0962.xml,PASS,INFO,R1.D01=NO;R1.D03=SI;R2.D01=SI;R2.D02=SI;R2.D03=SI,MUNICIPIO30632,MUNICIPIO_SIN_CN_TRAB,Si,No,30632,,Regla 2 coherente para validaciones implementadas.
GPA-001__R2-001__R1-003__0963,GPA-001__R2-001__R1-003,02_inputs_xml_flat/GPA-001__R2-001__R1-003__0963.xml,PASS,INFO,R1.D01=NO;R1.D03=SI;R2.D01=SI;R2.D02=SI;R2.D03=SI,MUNICIPIO30633,MUNICIPIO_SIN_CN_TRAB,Si,No,30633,,Regla 2 coherente para validaciones implementadas.
GPA-001__R2-001__R1-003__0964,GPA-001__R2-001__R1-003,02_inputs_xml_flat/GPA-001__R2-001__R1-003__0964.xml,PASS,INFO,R1.D01=NO;R1.D03=SI;R2.D01=SI;R2.D02=SI;R2.D03=SI,MUNICIPIO30631,MUNICIPIO_SIN_CN_TRAB,Si,No,30631,,Regla 2 coherente para validaciones implementadas.
GPA-001__R2-001__R1-003__0965,GPA-001__R2-001__R1-003,02_inputs_xml_flat/GPA-001__R2-001__R1-003__0965.xml,PASS,INFO,R1.D01=NO;R1.D03=SI;R2.D01=SI;R2.D02=SI;R2.D03=SI,MUNICIPIO30632,MUNICIPIO_SIN_CN_TRAB,Si,No,30632,,Regla 2 coherente para validaciones implementadas.
GPA-001__R2-001__R1-003__0966,GPA-001__R2-001__R1-003,02_inputs_xml_flat/GPA-001__R2-001__R1-003__0966.xml,PASS,INFO,R1.D01=NO;R1.D03=SI;R2.D01=SI;R2.D02=SI;R2.D03=SI,MUNICIPIO30633,MUNICIPIO_SIN_CN_TRAB,Si,No,30633,,Regla 2 coherente para validaciones implementadas.
GPA-001__R2-001__R1-003__0967,GPA-001__R2-001__R1-003,02_inputs_xml_flat/GPA-001__R2-001__R1-003__0967.xml,PASS,INFO,R1.D01=NO;R1.D03=SI;R2.D01=SI;R2.D02=SI;R2.D03=SI,MUNICIPIO30631,MUNICIPIO_SIN_CN_TRAB,Si,No,30631,,Regla 2 coherente para validaciones implementadas.
GPA-001__R2-001__R1-003__0968,GPA-001__R2-001__R1-003,02_inputs_xml_flat/GPA-001__R2-001__R1-003__0968.xml,PASS,INFO,R1.D01=NO;R1.D03=SI;R2.D01=SI;R2.D02=SI;R2.D03=SI,MUNICIPIO30632,MUNICIPIO_SIN_CN_TRAB,Si,No,30632,,Regla 2 coherente para validaciones implementadas.
GPA-001__R2-001__R1-003__0969,GPA-001__R2-001__R1-003,02_inputs_xml_flat/GPA-001__R2-001__R1-003__0969.xml,PASS,INFO,R1.D01=NO;R1.D03=SI;R2.D01=SI;R2.D02=SI;R2.D03=SI,MUNICIPIO30633,MUNICIPIO_SIN_CN_TRAB,Si,No,30633,,Regla 2 coherente para validaciones implementadas.
GPA-001__R2-001__R1-003__0970,GPA-001__R2-001__R1-003,02_inputs_xml_flat/GPA-001__R2-001__R1-003__0970.xml,PASS,INFO,R1.D01=NO;R1.D03=SI;R2.D01=SI;R2.D02=SI;R2.D03=SI,MUNICIPIO30631,MUNICIPIO_SIN_CN_TRAB,Si,No,30631,,Regla 2 coherente para validaciones implementadas.
GPA-001__R2-001__R1-003__0971,GPA-001__R2-001__R1-003,02_inputs_xml_flat/GPA-001__R2-001__R1-003__0971.xml,PASS,INFO,R1.D01=NO;R1.D03=SI;R2.D01=SI;R2.D02=SI;R2.D03=SI,MUNICIPIO30632,MUNICIPIO_SIN_CN_TRAB,Si,No,30632,,Regla 2 coherente para validaciones implementadas.
GPA-001__R2-001__R1-003__0972,GPA-001__R2-001__R1-003,02_inputs_xml_flat/GPA-001__R2-001__R1-003__0972.xml,PASS,INFO,R1.D01=NO;R1.D03=SI;R2.D01=SI;R2.D02=SI;R2.D03=SI,MUNICIPIO30633,MUNICIPIO_SIN_CN_TRAB,Si,No,30633,,Regla 2 coherente para validaciones implementadas.
GPA-001__R2-001__R1-003__0973,GPA-001__R2-001__R1-003,02_inputs_xml_flat/GPA-001__R2-001__R1-003__0973.xml,PASS,INFO,R1.D01=NO;R1.D03=SI;R2.D01=SI;R2.D02=SI;R2.D03=SI,MUNICIPIO30631,MUNICIPIO_SIN_CN_TRAB,Si,No,30631,,Regla 2 coherente para validaciones implementadas.
GPA-001__R2-001__R1-003__0974,GPA-001__R2-001__R1-003,02_inputs_xml_flat/GPA-001__R2-001__R1-003__0974.xml,PASS,INFO,R1.D01=NO;R1.D03=SI;R2.D01=SI;R2.D02=SI;R2.D03=SI,MUNICIPIO30632,MUNICIPIO_SIN_CN_TRAB,Si,No,30632,,Regla 2 coherente para validaciones implementadas.
GPA-001__R2-001__R1-003__0975,GPA-001__R2-001__R1-003,02_inputs_xml_flat/GPA-001__R2-001__R1-003__0975.xml,PASS,INFO,R1.D01=NO;R1.D03=SI;R2.D01=SI;R2.D02=SI;R2.D03=SI,MUNICIPIO30633,MUNICIPIO_SIN_CN_TRAB,Si,No,30633,,Regla 2 coherente para validaciones implementadas.
GPA-001__R2-001__R1-003__0976,GPA-001__R2-001__R1-003,02_inputs_xml_flat/GPA-001__R2-001__R1-003__0976.xml,PASS,INFO,R1.D01=NO;R1.D03=SI;R2.D01=SI;R2.D02=SI;R2.D03=SI,MUNICIPIO30631,MUNICIPIO_SIN_CN_TRAB,Si,No,30631,,Regla 2 coherente para validaciones implementadas.
GPA-001__R2-001__R1-003__0977,GPA-001__R2-001__R1-003,02_inputs_xml_flat/GPA-001__R2-001__R1-003__0977.xml,PASS,INFO,R1.D01=NO;R1.D03=SI;R2.D01=SI;R2.D02=SI;R2.D03=SI,MUNICIPIO30632,MUNICIPIO_SIN_CN_TRAB,Si,No,30632,,Regla 2 coherente para validaciones implementadas.
GPA-001__R2-001__R1-003__0978,GPA-001__R2-001__R1-003,02_inputs_xml_flat/GPA-001__R2-001__R1-003__0978.xml,PASS,INFO,R1.D01=NO;R1.D03=SI;R2.D01=SI;R2.D02=SI;R2.D03=SI,MUNICIPIO30633,MUNICIPIO_SIN_CN_TRAB,Si,No,30633,,Regla 2 coherente para validaciones implementadas.
GPA-001__R2-001__R1-003__0979,GPA-001__R2-001__R1-003,02_inputs_xml_flat/GPA-001__R2-001__R1-003__0979.xml,PASS,INFO,R1.D01=NO;R1.D03=SI;R2.D01=SI;R2.D02=SI;R2.D03=SI,MUNICIPIO30631,MUNICIPIO_SIN_CN_TRAB,Si,No,30631,,Regla 2 coherente para validaciones implementadas.
GPA-001__R2-001__R1-003__0980,GPA-001__R2-001__R1-003,02_inputs_xml_flat/GPA-001__R2-001__R1-003__0980.xml,PASS,INFO,R1.D01=NO;R1.D03=SI;R2.D01=SI;R2.D02=SI;R2.D03=SI,MUNICIPIO30632,MUNICIPIO_SIN_CN_TRAB,Si,No,30632,,Regla 2 coherente para validaciones implementadas.
GPA-001__R2-001__R1-003__0981,GPA-001__R2-001__R1-003,02_inputs_xml_flat/GPA-001__R2-001__R1-003__0981.xml,PASS,INFO,R1.D01=NO;R1.D03=SI;R2.D01=SI;R2.D02=SI;R2.D03=SI,MUNICIPIO30633,MUNICIPIO_SIN_CN_TRAB,Si,No,30633,,Regla 2 coherente para validaciones implementadas.
GPA-001__R2-001__R1-003__0982,GPA-001__R2-001__R1-003,02_inputs_xml_flat/GPA-001__R2-001__R1-003__0982.xml,PASS,INFO,R1.D01=NO;R1.D03=SI;R2.D01=SI;R2.D02=SI;R2.D03=SI,MUNICIPIO30631,MUNICIPIO_SIN_CN_TRAB,Si,No,30631,,Regla 2 coherente para validaciones implementadas.
GPA-001__R2-001__R1-003__0983,GPA-001__R2-001__R1-003,02_inputs_xml_flat/GPA-001__R2-001__R1-003__0983.xml,PASS,INFO,R1.D01=NO;R1.D03=SI;R2.D01=SI;R2.D02=SI;R2.D03=SI,MUNICIPIO30632,MUNICIPIO_SIN_CN_TRAB,Si,No,30632,,Regla 2 coherente para validaciones implementadas.
GPA-001__R2-001__R1-003__0984,GPA-001__R2-001__R1-003,02_inputs_xml_flat/GPA-001__R2-001__R1-003__0984.xml,PASS,INFO,R1.D01=NO;R1.D03=SI;R2.D01=SI;R2.D02=SI;R2.D03=SI,MUNICIPIO30633,MUNICIPIO_SIN_CN_TRAB,Si,No,30633,,Regla 2 coherente para validaciones implementadas.
GPA-001__R2-001__R1-003__0985,GPA-001__R2-001__R1-003,02_inputs_xml_flat/GPA-001__R2-001__R1-003__0985.xml,PASS,INFO,R1.D01=NO;R1.D03=SI;R2.D01=SI;R2.D02=SI;R2.D03=SI,MUNICIPIO30631,MUNICIPIO_SIN_CN_TRAB,Si,No,30631,,Regla 2 coherente para validaciones implementadas.
GPA-001__R2-001__R1-003__0986,GPA-001__R2-001__R1-003,02_inputs_xml_flat/GPA-001__R2-001__R1-003__0986.xml,PASS,INFO,R1.D01=NO;R1.D03=SI;R2.D01=SI;R2.D02=SI;R2.D03=SI,MUNICIPIO30632,MUNICIPIO_SIN_CN_TRAB,Si,No,30632,,Regla 2 coherente para validaciones implementadas.
GPA-001__R2-001__R1-003__0987,GPA-001__R2-001__R1-003,02_inputs_xml_flat/GPA-001__R2-001__R1-003__0987.xml,PASS,INFO,R1.D01=NO;R1.D03=SI;R2.D01=SI;R2.D02=SI;R2.D03=SI,MUNICIPIO30633,MUNICIPIO_SIN_CN_TRAB,Si,No,30633,,Regla 2 coherente para validaciones implementadas.
GPA-001__R2-001__R1-003__0988,GPA-001__R2-001__R1-003,02_inputs_xml_flat/GPA-001__R2-001__R1-003__0988.xml,PASS,INFO,R1.D01=NO;R1.D03=SI;R2.D01=SI;R2.D02=SI;R2.D03=SI,MUNICIPIO30631,MUNICIPIO_SIN_CN_TRAB,Si,No,30631,,Regla 2 coherente para validaciones implementadas.
GPA-001__R2-001__R1-003__0989,GPA-001__R2-001__R1-003,02_inputs_xml_flat/GPA-001__R2-001__R1-003__0989.xml,PASS,INFO,R1.D01=NO;R1.D03=SI;R2.D01=SI;R2.D02=SI;R2.D03=SI,MUNICIPIO30632,MUNICIPIO_SIN_CN_TRAB,Si,No,30632,,Regla 2 coherente para validaciones implementadas.
GPA-001__R2-001__R1-003__0990,GPA-001__R2-001__R1-003,02_inputs_xml_flat/GPA-001__R2-001__R1-003__0990.xml,PASS,INFO,R1.D01=NO;R1.D03=SI;R2.D01=SI;R2.D02=SI;R2.D03=SI,MUNICIPIO30633,MUNICIPIO_SIN_CN_TRAB,Si,No,30633,,Regla 2 coherente para validaciones implementadas.
GPA-001__R2-001__R1-003__0991,GPA-001__R2-001__R1-003,02_inputs_xml_flat/GPA-001__R2-001__R1-003__0991.xml,PASS,INFO,R1.D01=NO;R1.D03=SI;R2.D01=SI;R2.D02=SI;R2.D03=SI,MUNICIPIO30631,MUNICIPIO_SIN_CN_TRAB,Si,No,30631,,Regla 2 coherente para validaciones implementadas.
GPA-001__R2-001__R1-003__0992,GPA-001__R2-001__R1-003,02_inputs_xml_flat/GPA-001__R2-001__R1-003__0992.xml,PASS,INFO,R1.D01=NO;R1.D03=SI;R2.D01=SI;R2.D02=SI;R2.D03=SI,MUNICIPIO30632,MUNICIPIO_SIN_CN_TRAB,Si,No,30632,,Regla 2 coherente para validaciones implementadas.
GPA-001__R2-001__R1-003__0993,GPA-001__R2-001__R1-003,02_inputs_xml_flat/GPA-001__R2-001__R1-003__0993.xml,PASS,INFO,R1.D01=NO;R1.D03=SI;R2.D01=SI;R2.D02=SI;R2.D03=SI,MUNICIPIO30633,MUNICIPIO_SIN_CN_TRAB,Si,No,30633,,Regla 2 coherente para validaciones implementadas.
GPA-001__R2-001__R1-003__0994,GPA-001__R2-001__R1-003,02_inputs_xml_flat/GPA-001__R2-001__R1-003__0994.xml,PASS,INFO,R1.D01=NO;R1.D03=SI;R2.D01=SI;R2.D02=SI;R2.D03=SI,MUNICIPIO30631,MUNICIPIO_SIN_CN_TRAB,Si,No,30631,,Regla 2 coherente para validaciones implementadas.
GPA-001__R2-001__R1-003__0995,GPA-001__R2-001__R1-003,02_inputs_xml_flat/GPA-001__R2-001__R1-003__0995.xml,PASS,INFO,R1.D01=NO;R1.D03=SI;R2.D01=SI;R2.D02=SI;R2.D03=SI,MUNICIPIO30632,MUNICIPIO_SIN_CN_TRAB,Si,No,30632,,Regla 2 coherente para validaciones implementadas.
GPA-001__R2-001__R1-003__0996,GPA-001__R2-001__R1-003,02_inputs_xml_flat/GPA-001__R2-001__R1-003__0996.xml,PASS,INFO,R1.D01=NO;R1.D03=SI;R2.D01=SI;R2.D02=SI;R2.D03=SI,MUNICIPIO30633,MUNICIPIO_SIN_CN_TRAB,Si,No,30633,,Regla 2 coherente para validaciones implementadas.
GPA-001__R2-001__R1-003__0997,GPA-001__R2-001__R1-003,02_inputs_xml_flat/GPA-001__R2-001__R1-003__0997.xml,PASS,INFO,R1.D01=NO;R1.D03=SI;R2.D01=SI;R2.D02=SI;R2.D03=SI,MUNICIPIO30631,MUNICIPIO_SIN_CN_TRAB,Si,No,30631,,Regla 2 coherente para validaciones implementadas.
GPA-001__R2-001__R1-003__0998,GPA-001__R2-001__R1-003,02_inputs_xml_flat/GPA-001__R2-001__R1-003__0998.xml,PASS,INFO,R1.D01=NO;R1.D03=SI;R2.D01=SI;R2.D02=SI;R2.D03=SI,MUNICIPIO30632,MUNICIPIO_SIN_CN_TRAB,Si,No,30632,,Regla 2 coherente para validaciones implementadas.
GPA-001__R2-001__R1-003__0999,GPA-001__R2-001__R1-003,02_inputs_xml_flat/GPA-001__R2-001__R1-003__0999.xml,PASS,INFO,R1.D01=NO;R1.D03=SI;R2.D01=SI;R2.D02=SI;R2.D03=SI,MUNICIPIO30633,MUNICIPIO_SIN_CN_TRAB,Si,No,30633,,Regla 2 coherente para validaciones implementadas.
GPA-001__R2-001__R1-003__1000,GPA-001__R2-001__R1-003,02_inputs_xml_flat/GPA-001__R2-001__R1-003__1000.xml,PASS,INFO,R1.D01=NO;R1.D03=SI;R2.D01=SI;R2.D02=SI;R2.D03=SI,MUNICIPIO30631,MUNICIPIO_SIN_CN_TRAB,Si,No,30631,,Regla 2 coherente para validaciones implementadas.
GPA-001__R2-001__R1-004__0001,GPA-001__R2-001__R1-004,02_inputs_xml_flat/GPA-001__R2-001__R1-004__0001.xml,PASS,INFO,R1.D01=NO;R1.D03=NO;R2.D01=SI;R2.D02=SI;R2.D03=SI,MUNICIPIO30641,MUNICIPIO_SIN_CN_TRAB,Si,No,30641,,Regla 2 coherente para validaciones implementadas.
GPA-001__R2-001__R1-004__0002,GPA-001__R2-001__R1-004,02_inputs_xml_flat/GPA-001__R2-001__R1-004__0002.xml,PASS,INFO,R1.D01=NO;R1.D03=NO;R2.D01=SI;R2.D02=SI;R2.D03=SI,MUNICIPIO30642,MUNICIPIO_SIN_CN_TRAB,Si,No,30642,,Regla 2 coherente para validaciones implementadas.
GPA-001__R2-001__R1-004__0003,GPA-001__R2-001__R1-004,02_inputs_xml_flat/GPA-001__R2-001__R1-004__0003.xml,PASS,INFO,R1.D01=NO;R1.D03=NO;R2.D01=SI;R2.D02=SI;R2.D03=SI,MUNICIPIO30643,MUNICIPIO_SIN_CN_TRAB,Si,No,30643,,Regla 2 coherente para validaciones implementadas.
GPA-001__R2-001__R1-004__0004,GPA-001__R2-001__R1-004,02_inputs_xml_flat/GPA-001__R2-001__R1-004__0004.xml,PASS,INFO,R1.D01=NO;R1.D03=NO;R2.D01=SI;R2.D02=SI;R2.D03=SI,MUNICIPIO30641,MUNICIPIO_SIN_CN_TRAB,Si,No,30641,,Regla 2 coherente para validaciones implementadas.
GPA-001__R2-001__R1-004__0005,GPA-001__R2-001__R1-004,02_inputs_xml_flat/GPA-001__R2-001__R1-004__0005.xml,PASS,INFO,R1.D01=NO;R1.D03=NO;R2.D01=SI;R2.D02=SI;R2.D03=SI,MUNICIPIO30642,MUNICIPIO_SIN_CN_TRAB,Si,No,30642,,Regla 2 coherente para validaciones implementadas.
GPA-001__R2-001__R1-004__0006,GPA-001__R2-001__R1-004,02_inputs_xml_flat/GPA-001__R2-001__R1-004__0006.xml,PASS,INFO,R1.D01=NO;R1.D03=NO;R2.D01=SI;R2.D02=SI;R2.D03=SI,MUNICIPIO30643,MUNICIPIO_SIN_CN_TRAB,Si,No,30643,,Regla 2 coherente para validaciones implementadas.
GPA-001__R2-001__R1-004__0007,GPA-001__R2-001__R1-004,02_inputs_xml_flat/GPA-001__R2-001__R1-004__0007.xml,PASS,INFO,R1.D01=NO;R1.D03=NO;R2.D01=SI;R2.D02=SI;R2.D03=SI,MUNICIPIO30641,MUNICIPIO_SIN_CN_TRAB,Si,No,30641,,Regla 2 coherente para validaciones implementadas.
GPA-001__R2-001__R1-004__0008,GPA-001__R2-001__R1-004,02_inputs_xml_flat/GPA-001__R2-001__R1-004__0008.xml,PASS,INFO,R1.D01=NO;R1.D03=NO;R2.D01=SI;R2.D02=SI;R2.D03=SI,MUNICIPIO30642,MUNICIPIO_SIN_CN_TRAB,Si,No,30642,,Regla 2 coherente para validaciones implementadas.
GPA-001__R2-001__R1-004__0009,GPA-001__R2-001__R1-004,02_inputs_xml_flat/GPA-001__R2-001__R1-004__0009.xml,PASS,INFO,R1.D01=NO;R1.D03=NO;R2.D01=SI;R2.D02=SI;R2.D03=SI,MUNICIPIO30643,MUNICIPIO_SIN_CN_TRAB,Si,No,30643,,Regla 2 coherente para validaciones implementadas.
GPA-001__R2-001__R1-004__0010,GPA-001__R2-001__R1-004,02_inputs_xml_flat/GPA-001__R2-001__R1-004__0010.xml,PASS,INFO,R1.D01=NO;R1.D03=NO;R2.D01=SI;R2.D02=SI;R2.D03=SI,MUNICIPIO30641,MUNICIPIO_SIN_CN_TRAB,Si,No,30641,,Regla 2 coherente para validaciones implementadas.
GPA-001__R2-001__R1-004__0011,GPA-001__R2-001__R1-004,02_inputs_xml_flat/GPA-001__R2-001__R1-004__0011.xml,PASS,INFO,R1.D01=NO;R1.D03=NO;R2.D01=SI;R2.D02=SI;R2.D03=SI,MUNICIPIO30642,MUNICIPIO_SIN_CN_TRAB,Si,No,30642,,Regla 2 coherente para validaciones implementadas.
GPA-001__R2-001__R1-004__0012,GPA-001__R2-001__R1-004,02_inputs_xml_flat/GPA-001__R2-001__R1-004__0012.xml,PASS,INFO,R1.D01=NO;R1.D03=NO;R2.D01=SI;R2.D02=SI;R2.D03=SI,MUNICIPIO30643,MUNICIPIO_SIN_CN_TRAB,Si,No,30643,,Regla 2 coherente para validaciones implementadas.
GPA-001__R2-001__R1-004__0013,GPA-001__R2-001__R1-004,02_inputs_xml_flat/GPA-001__R2-001__R1-004__0013.xml,PASS,INFO,R1.D01=NO;R1.D03=NO;R2.D01=SI;R2.D02=SI;R2.D03=SI,MUNICIPIO30641,MUNICIPIO_SIN_CN_TRAB,Si,No,30641,,Regla 2 coherente para validaciones implementadas.
GPA-001__R2-001__R1-004__0014,GPA-001__R2-001__R1-004,02_inputs_xml_flat/GPA-001__R2-001__R1-004__0014.xml,PASS,INFO,R1.D01=NO;R1.D03=NO;R2.D01=SI;R2.D02=SI;R2.D03=SI,MUNICIPIO30642,MUNICIPIO_SIN_CN_TRAB,Si,No,30642,,Regla 2 coherente para validaciones implementadas.
GPA-001__R2-001__R1-004__0015,GPA-001__R2-001__R1-004,02_inputs_xml_flat/GPA-001__R2-001__R1-004__0015.xml,PASS,INFO,R1.D01=NO;R1.D03=NO;R2.D01=SI;R2.D02=SI;R2.D03=SI,MUNICIPIO30643,MUNICIPIO_SIN_CN_TRAB,Si,No,30643,,Regla 2 coherente para validaciones implementadas.
GPA-001__R2-001__R1-004__0016,GPA-001__R2-001__R1-004,02_inputs_xml_flat/GPA-001__R2-001__R1-004__0016.xml,PASS,INFO,R1.D01=NO;R1.D03=NO;R2.D01=SI;R2.D02=SI;R2.D03=SI,MUNICIPIO30641,MUNICIPIO_SIN_CN_TRAB,Si,No,30641,,Regla 2 coherente para validaciones implementadas.
GPA-001__R2-001__R1-004__0017,GPA-001__R2-001__R1-004,02_inputs_xml_flat/GPA-001__R2-001__R1-004__0017.xml,PASS,INFO,R1.D01=NO;R1.D03=NO;R2.D01=SI;R2.D02=SI;R2.D03=SI,MUNICIPIO30642,MUNICIPIO_SIN_CN_TRAB,Si,No,30642,,Regla 2 coherente para validaciones implementadas.
GPA-001__R2-001__R1-004__0018,GPA-001__R2-001__R1-004,02_inputs_xml_flat/GPA-001__R2-001__R1-004__0018.xml,PASS,INFO,R1.D01=NO;R1.D03=NO;R2.D01=SI;R2.D02=SI;R2.D03=SI,MUNICIPIO30643,MUNICIPIO_SIN_CN_TRAB,Si,No,30643,,Regla 2 coherente para validaciones implementadas.
GPA-001__R2-001__R1-004__0019,GPA-001__R2-001__R1-004,02_inputs_xml_flat/GPA-001__R2-001__R1-004__0019.xml,PASS,INFO,R1.D01=NO;R1.D03=NO;R2.D01=SI;R2.D02=SI;R2.D03=SI,MUNICIPIO30641,MUNICIPIO_SIN_CN_TRAB,Si,No,30641,,Regla 2 coherente para validaciones implementadas.
GPA-001__R2-001__R1-004__0020,GPA-001__R2-001__R1-004,02_inputs_xml_flat/GPA-001__R2-001__R1-004__0020.xml,PASS,INFO,R1.D01=NO;R1.D03=NO;R2.D01=SI;R2.D02=SI;R2.D03=SI,MUNICIPIO30642,MUNICIPIO_SIN_CN_TRAB,Si,No,30642,,Regla 2 coherente para validaciones implementadas.
GPA-001__R2-001__R1-004__0021,GPA-001__R2-001__R1-004,02_inputs_xml_flat/GPA-001__R2-001__R1-004__0021.xml,PASS,INFO,R1.D01=NO;R1.D03=NO;R2.D01=SI;R2.D02=SI;R2.D03=SI,MUNICIPIO30643,MUNICIPIO_SIN_CN_TRAB,Si,No,30643,,Regla 2 coherente para validaciones implementadas.
GPA-001__R2-001__R1-004__0022,GPA-001__R2-001__R1-004,02_inputs_xml_flat/GPA-001__R2-001__R1-004__0022.xml,PASS,INFO,R1.D01=NO;R1.D03=NO;R2.D01=SI;R2.D02=SI;R2.D03=SI,MUNICIPIO30641,MUNICIPIO_SIN_CN_TRAB,Si,No,30641,,Regla 2 coherente para validaciones implementadas.
GPA-001__R2-001__R1-004__0023,GPA-001__R2-001__R1-004,02_inputs_xml_flat/GPA-001__R2-001__R1-004__0023.xml,PASS,INFO,R1.D01=NO;R1.D03=NO;R2.D01=SI;R2.D02=SI;R2.D03=SI,MUNICIPIO30642,MUNICIPIO_SIN_CN_TRAB,Si,No,30642,,Regla 2 coherente para validaciones implementadas.
GPA-001__R2-001__R1-004__0024,GPA-001__R2-001__R1-004,02_inputs_xml_flat/GPA-001__R2-001__R1-004__0024.xml,PASS,INFO,R1.D01=NO;R1.D03=NO;R2.D01=SI;R2.D02=SI;R2.D03=SI,MUNICIPIO30643,MUNICIPIO_SIN_CN_TRAB,Si,No,30643,,Regla 2 coherente para validaciones implementadas.
GPA-001__R2-001__R1-004__0025,GPA-001__R2-001__R1-004,02_inputs_xml_flat/GPA-001__R2-001__R1-004__0025.xml,PASS,INFO,R1.D01=NO;R1.D03=NO;R2.D01=SI;R2.D02=SI;R2.D03=SI,MUNICIPIO30641,MUNICIPIO_SIN_CN_TRAB,Si,No,30641,,Regla 2 coherente para validaciones implementadas.
GPA-001__R2-001__R1-004__0026,GPA-001__R2-001__R1-004,02_inputs_xml_flat/GPA-001__R2-001__R1-004__0026.xml,PASS,INFO,R1.D01=NO;R1.D03=NO;R2.D01=SI;R2.D02=SI;R2.D03=SI,MUNICIPIO30642,MUNICIPIO_SIN_CN_TRAB,Si,No,30642,,Regla 2 coherente para validaciones implementadas.
GPA-001__R2-001__R1-004__0027,GPA-001__R2-001__R1-004,02_inputs_xml_flat/GPA-001__R2-001__R1-004__0027.xml,PASS,INFO,R1.D01=NO;R1.D03=NO;R2.D01=SI;R2.D02=SI;R2.D03=SI,MUNICIPIO30643,MUNICIPIO_SIN_CN_TRAB,Si,No,30643,,Regla 2 coherente para validaciones implementadas.
GPA-001__R2-001__R1-004__0028,GPA-001__R2-001__R1-004,02_inputs_xml_flat/GPA-001__R2-001__R1-004__0028.xml,PASS,INFO,R1.D01=NO;R1.D03=NO;R2.D01=SI;R2.D02=SI;R2.D03=SI,MUNICIPIO30641,MUNICIPIO_SIN_CN_TRAB,Si,No,30641,,Regla 2 coherente para validaciones implementadas.
GPA-001__R2-001__R1-004__0029,GPA-001__R2-001__R1-004,02_inputs_xml_flat/GPA-001__R2-001__R1-004__0029.xml,PASS,INFO,R1.D01=NO;R1.D03=NO;R2.D01=SI;R2.D02=SI;R2.D03=SI,MUNICIPIO30642,MUNICIPIO_SIN_CN_TRAB,Si,No,30642,,Regla 2 coherente para validaciones implementadas.
GPA-001__R2-001__R1-004__0030,GPA-001__R2-001__R1-004,02_inputs_xml_flat/GPA-001__R2-001__R1-004__0030.xml,PASS,INFO,R1.D01=NO;R1.D03=NO;R2.D01=SI;R2.D02=SI;R2.D03=SI,MUNICIPIO30643,MUNICIPIO_SIN_CN_TRAB,Si,No,30643,,Regla 2 coherente para validaciones implementadas.
GPA-001__R2-001__R1-004__0031,GPA-001__R2-001__R1-004,02_inputs_xml_flat/GPA-001__R2-001__R1-004__0031.xml,PASS,INFO,R1.D01=NO;R1.D03=NO;R2.D01=SI;R2.D02=SI;R2.D03=SI,MUNICIPIO30641,MUNICIPIO_SIN_CN_TRAB,Si,No,30641,,Regla 2 coherente para validaciones implementadas.
GPA-001__R2-001__R1-004__0032,GPA-001__R2-001__R1-004,02_inputs_xml_flat/GPA-001__R2-001__R1-004__0032.xml,PASS,INFO,R1.D01=NO;R1.D03=NO;R2.D01=SI;R2.D02=SI;R2.D03=SI,MUNICIPIO30642,MUNICIPIO_SIN_CN_TRAB,Si,No,30642,,Regla 2 coherente para validaciones implementadas.
GPA-001__R2-001__R1-004__0033,GPA-001__R2-001__R1-004,02_inputs_xml_flat/GPA-001__R2-001__R1-004__0033.xml,PASS,INFO,R1.D01=NO;R1.D03=NO;R2.D01=SI;R2.D02=SI;R2.D03=SI,MUNICIPIO30643,MUNICIPIO_SIN_CN_TRAB,Si,No,30643,,Regla 2 coherente para validaciones implementadas.
GPA-001__R2-001__R1-004__0034,GPA-001__R2-001__R1-004,02_inputs_xml_flat/GPA-001__R2-001__R1-004__0034.xml,PASS,INFO,R1.D01=NO;R1.D03=NO;R2.D01=SI;R2.D02=SI;R2.D03=SI,MUNICIPIO30641,MUNICIPIO_SIN_CN_TRAB,Si,No,30641,,Regla 2 coherente para validaciones implementadas.
GPA-001__R2-001__R1-004__0035,GPA-001__R2-001__R1-004,02_inputs_xml_flat/GPA-001__R2-001__R1-004__0035.xml,PASS,INFO,R1.D01=NO;R1.D03=NO;R2.D01=SI;R2.D02=SI;R2.D03=SI,MUNICIPIO30642,MUNICIPIO_SIN_CN_TRAB,Si,No,30642,,Regla 2 coherente para validaciones implementadas.
GPA-001__R2-001__R1-004__0036,GPA-001__R2-001__R1-004,02_inputs_xml_flat/GPA-001__R2-001__R1-004__0036.xml,PASS,INFO,R1.D01=NO;R1.D03=NO;R2.D01=SI;R2.D02=SI;R2.D03=SI,MUNICIPIO30643,MUNICIPIO_SIN_CN_TRAB,Si,No,30643,,Regla 2 coherente para validaciones implementadas.
GPA-001__R2-001__R1-004__0037,GPA-001__R2-001__R1-004,02_inputs_xml_flat/GPA-001__R2-001__R1-004__0037.xml,PASS,INFO,R1.D01=NO;R1.D03=NO;R2.D01=SI;R2.D02=SI;R2.D03=SI,MUNICIPIO30641,MUNICIPIO_SIN_CN_TRAB,Si,No,30641,,Regla 2 coherente para validaciones implementadas.
GPA-001__R2-001__R1-004__0038,GPA-001__R2-001__R1-004,02_inputs_xml_flat/GPA-001__R2-001__R1-004__0038.xml,PASS,INFO,R1.D01=NO;R1.D03=NO;R2.D01=SI;R2.D02=SI;R2.D03=SI,MUNICIPIO30642,MUNICIPIO_SIN_CN_TRAB,Si,No,30642,,Regla 2 coherente para validaciones implementadas.
GPA-001__R2-001__R1-004__0039,GPA-001__R2-001__R1-004,02_inputs_xml_flat/GPA-001__R2-001__R1-004__0039.xml,PASS,INFO,R1.D01=NO;R1.D03=NO;R2.D01=SI;R2.D02=SI;R2.D03=SI,MUNICIPIO30643,MUNICIPIO_SIN_CN_TRAB,Si,No,30643,,Regla 2 coherente para validaciones implementadas.
GPA-001__R2-001__R1-004__0040,GPA-001__R2-001__R1-004,02_inputs_xml_flat/GPA-001__R2-001__R1-004__0040.xml,PASS,INFO,R1.D01=NO;R1.D03=NO;R2.D01=SI;R2.D02=SI;R2.D03=SI,MUNICIPIO30641,MUNICIPIO_SIN_CN_TRAB,Si,No,30641,,Regla 2 coherente para validaciones implementadas.
GPA-001__R2-001__R1-004__0041,GPA-001__R2-001__R1-004,02_inputs_xml_flat/GPA-001__R2-001__R1-004__0041.xml,PASS,INFO,R1.D01=NO;R1.D03=NO;R2.D01=SI;R2.D02=SI;R2.D03=SI,MUNICIPIO30642,MUNICIPIO_SIN_CN_TRAB,Si,No,30642,,Regla 2 coherente para validaciones implementadas.
GPA-001__R2-001__R1-004__0042,GPA-001__R2-001__R1-004,02_inputs_xml_flat/GPA-001__R2-001__R1-004__0042.xml,PASS,INFO,R1.D01=NO;R1.D03=NO;R2.D01=SI;R2.D02=SI;R2.D03=SI,MUNICIPIO30643,MUNICIPIO_SIN_CN_TRAB,Si,No,30643,,Regla 2 coherente para validaciones implementadas.
GPA-001__R2-001__R1-004__0043,GPA-001__R2-001__R1-004,02_inputs_xml_flat/GPA-001__R2-001__R1-004__0043.xml,PASS,INFO,R1.D01=NO;R1.D03=NO;R2.D01=SI;R2.D02=SI;R2.D03=SI,MUNICIPIO30641,MUNICIPIO_SIN_CN_TRAB,Si,No,30641,,Regla 2 coherente para validaciones implementadas.
GPA-001__R2-001__R1-004__0044,GPA-001__R2-001__R1-004,02_inputs_xml_flat/GPA-001__R2-001__R1-004__0044.xml,PASS,INFO,R1.D01=NO;R1.D03=NO;R2.D01=SI;R2.D02=SI;R2.D03=SI,MUNICIPIO30642,MUNICIPIO_SIN_CN_TRAB,Si,No,30642,,Regla 2 coherente para validaciones implementadas.
GPA-001__R2-001__R1-004__0045,GPA-001__R2-001__R1-004,02_inputs_xml_flat/GPA-001__R2-001__R1-004__0045.xml,PASS,INFO,R1.D01=NO;R1.D03=NO;R2.D01=SI;R2.D02=SI;R2.D03=SI,MUNICIPIO30643,MUNICIPIO_SIN_CN_TRAB,Si,No,30643,,Regla 2 coherente para validaciones implementadas.
GPA-001__R2-001__R1-004__0046,GPA-001__R2-001__R1-004,02_inputs_xml_flat/GPA-001__R2-001__R1-004__0046.xml,PASS,INFO,R1.D01=NO;R1.D03=NO;R2.D01=SI;R2.D02=SI;R2.D03=SI,MUNICIPIO30641,MUNICIPIO_SIN_CN_TRAB,Si,No,30641,,Regla 2 coherente para validaciones implementadas.
GPA-001__R2-001__R1-004__0047,GPA-001__R2-001__R1-004,02_inputs_xml_flat/GPA-001__R2-001__R1-004__0047.xml,PASS,INFO,R1.D01=NO;R1.D03=NO;R2.D01=SI;R2.D02=SI;R2.D03=SI,MUNICIPIO30642,MUNICIPIO_SIN_CN_TRAB,Si,No,30642,,Regla 2 coherente para validaciones implementadas.
GPA-001__R2-001__R1-004__0048,GPA-001__R2-001__R1-004,02_inputs_xml_flat/GPA-001__R2-001__R1-004__0048.xml,PASS,INFO,R1.D01=NO;R1.D03=NO;R2.D01=SI;R2.D02=SI;R2.D03=SI,MUNICIPIO30643,MUNICIPIO_SIN_CN_TRAB,Si,No,30643,,Regla 2 coherente para validaciones implementadas.
GPA-001__R2-001__R1-004__0049,GPA-001__R2-001__R1-004,02_inputs_xml_flat/GPA-001__R2-001__R1-004__0049.xml,PASS,INFO,R1.D01=NO;R1.D03=NO;R2.D01=SI;R2.D02=SI;R2.D03=SI,MUNICIPIO30641,MUNICIPIO_SIN_CN_TRAB,Si,No,30641,,Regla 2 coherente para validaciones implementadas.
GPA-001__R2-001__R1-004__0050,GPA-001__R2-001__R1-004,02_inputs_xml_flat/GPA-001__R2-001__R1-004__0050.xml,PASS,INFO,R1.D01=NO;R1.D03=NO;R2.D01=SI;R2.D02=SI;R2.D03=SI,MUNICIPIO30642,MUNICIPIO_SIN_CN_TRAB,Si,No,30642,,Regla 2 coherente para validaciones implementadas.
GPA-001__R2-001__R1-004__0051,GPA-001__R2-001__R1-004,02_inputs_xml_flat/GPA-001__R2-001__R1-004__0051.xml,PASS,INFO,R1.D01=NO;R1.D03=NO;R2.D01=SI;R2.D02=SI;R2.D03=SI,MUNICIPIO30643,MUNICIPIO_SIN_CN_TRAB,Si,No,30643,,Regla 2 coherente para validaciones implementadas.
GPA-001__R2-001__R1-004__0052,GPA-001__R2-001__R1-004,02_inputs_xml_flat/GPA-001__R2-001__R1-004__0052.xml,PASS,INFO,R1.D01=NO;R1.D03=NO;R2.D01=SI;R2.D02=SI;R2.D03=SI,MUNICIPIO30641,MUNICIPIO_SIN_CN_TRAB,Si,No,30641,,Regla 2 coherente para validaciones implementadas.
GPA-001__R2-001__R1-004__0053,GPA-001__R2-001__R1-004,02_inputs_xml_flat/GPA-001__R2-001__R1-004__0053.xml,PASS,INFO,R1.D01=NO;R1.D03=NO;R2.D01=SI;R2.D02=SI;R2.D03=SI,MUNICIPIO30642,MUNICIPIO_SIN_CN_TRAB,Si,No,30642,,Regla 2 coherente para validaciones implementadas.
GPA-001__R2-001__R1-004__0054,GPA-001__R2-001__R1-004,02_inputs_xml_flat/GPA-001__R2-001__R1-004__0054.xml,PASS,INFO,R1.D01=NO;R1.D03=NO;R2.D01=SI;R2.D02=SI;R2.D03=SI,MUNICIPIO30643,MUNICIPIO_SIN_CN_TRAB,Si,No,30643,,Regla 2 coherente para validaciones implementadas.
GPA-001__R2-001__R1-004__0055,GPA-001__R2-001__R1-004,02_inputs_xml_flat/GPA-001__R2-001__R1-004__0055.xml,PASS,INFO,R1.D01=NO;R1.D03=NO;R2.D01=SI;R2.D02=SI;R2.D03=SI,MUNICIPIO30641,MUNICIPIO_SIN_CN_TRAB,Si,No,30641,,Regla 2 coherente para validaciones implementadas.
GPA-001__R2-001__R1-004__0056,GPA-001__R2-001__R1-004,02_inputs_xml_flat/GPA-001__R2-001__R1-004__0056.xml,PASS,INFO,R1.D01=NO;R1.D03=NO;R2.D01=SI;R2.D02=SI;R2.D03=SI,MUNICIPIO30642,MUNICIPIO_SIN_CN_TRAB,Si,No,30642,,Regla 2 coherente para validaciones implementadas.
GPA-001__R2-001__R1-004__0057,GPA-001__R2-001__R1-004,02_inputs_xml_flat/GPA-001__R2-001__R1-004__0057.xml,PASS,INFO,R1.D01=NO;R1.D03=NO;R2.D01=SI;R2.D02=SI;R2.D03=SI,MUNICIPIO30643,MUNICIPIO_SIN_CN_TRAB,Si,No,30643,,Regla 2 coherente para validaciones implementadas.
GPA-001__R2-001__R1-004__0058,GPA-001__R2-001__R1-004,02_inputs_xml_flat/GPA-001__R2-001__R1-004__0058.xml,PASS,INFO,R1.D01=NO;R1.D03=NO;R2.D01=SI;R2.D02=SI;R2.D03=SI,MUNICIPIO30641,MUNICIPIO_SIN_CN_TRAB,Si,No,30641,,Regla 2 coherente para validaciones implementadas.
GPA-001__R2-001__R1-004__0059,GPA-001__R2-001__R1-004,02_inputs_xml_flat/GPA-001__R2-001__R1-004__0059.xml,PASS,INFO,R1.D01=NO;R1.D03=NO;R2.D01=SI;R2.D02=SI;R2.D03=SI,MUNICIPIO30642,MUNICIPIO_SIN_CN_TRAB,Si,No,30642,,Regla 2 coherente para validaciones implementadas.
GPA-001__R2-001__R1-004__0060,GPA-001__R2-001__R1-004,02_inputs_xml_flat/GPA-001__R2-001__R1-004__0060.xml,PASS,INFO,R1.D01=NO;R1.D03=NO;R2.D01=SI;R2.D02=SI;R2.D03=SI,MUNICIPIO30643,MUNICIPIO_SIN_CN_TRAB,Si,No,30643,,Regla 2 coherente para validaciones implementadas.
GPA-001__R2-001__R1-004__0061,GPA-001__R2-001__R1-004,02_inputs_xml_flat/GPA-001__R2-001__R1-004__0061.xml,PASS,INFO,R1.D01=NO;R1.D03=NO;R2.D01=SI;R2.D02=SI;R2.D03=SI,MUNICIPIO30641,MUNICIPIO_SIN_CN_TRAB,Si,No,30641,,Regla 2 coherente para validaciones implementadas.
GPA-001__R2-001__R1-004__0062,GPA-001__R2-001__R1-004,02_inputs_xml_flat/GPA-001__R2-001__R1-004__0062.xml,PASS,INFO,R1.D01=NO;R1.D03=NO;R2.D01=SI;R2.D02=SI;R2.D03=SI,MUNICIPIO30642,MUNICIPIO_SIN_CN_TRAB,Si,No,30642,,Regla 2 coherente para validaciones implementadas.
GPA-001__R2-001__R1-004__0063,GPA-001__R2-001__R1-004,02_inputs_xml_flat/GPA-001__R2-001__R1-004__0063.xml,PASS,INFO,R1.D01=NO;R1.D03=NO;R2.D01=SI;R2.D02=SI;R2.D03=SI,MUNICIPIO30643,MUNICIPIO_SIN_CN_TRAB,Si,No,30643,,Regla 2 coherente para validaciones implementadas.
GPA-001__R2-001__R1-004__0064,GPA-001__R2-001__R1-004,02_inputs_xml_flat/GPA-001__R2-001__R1-004__0064.xml,PASS,INFO,R1.D01=NO;R1.D03=NO;R2.D01=SI;R2.D02=SI;R2.D03=SI,MUNICIPIO30641,MUNICIPIO_SIN_CN_TRAB,Si,No,30641,,Regla 2 coherente para validaciones implementadas.
GPA-001__R2-001__R1-004__0065,GPA-001__R2-001__R1-004,02_inputs_xml_flat/GPA-001__R2-001__R1-004__0065.xml,PASS,INFO,R1.D01=NO;R1.D03=NO;R2.D01=SI;R2.D02=SI;R2.D03=SI,MUNICIPIO30642,MUNICIPIO_SIN_CN_TRAB,Si,No,30642,,Regla 2 coherente para validaciones implementadas.
GPA-001__R2-001__R1-004__0066,GPA-001__R2-001__R1-004,02_inputs_xml_flat/GPA-001__R2-001__R1-004__0066.xml,PASS,INFO,R1.D01=NO;R1.D03=NO;R2.D01=SI;R2.D02=SI;R2.D03=SI,MUNICIPIO30643,MUNICIPIO_SIN_CN_TRAB,Si,No,30643,,Regla 2 coherente para validaciones implementadas.
GPA-001__R2-001__R1-004__0067,GPA-001__R2-001__R1-004,02_inputs_xml_flat/GPA-001__R2-001__R1-004__0067.xml,PASS,INFO,R1.D01=NO;R1.D03=NO;R2.D01=SI;R2.D02=SI;R2.D03=SI,MUNICIPIO30641,MUNICIPIO_SIN_CN_TRAB,Si,No,30641,,Regla 2 coherente para validaciones implementadas.
GPA-001__R2-001__R1-004__0068,GPA-001__R2-001__R1-004,02_inputs_xml_flat/GPA-001__R2-001__R1-004__0068.xml,PASS,INFO,R1.D01=NO;R1.D03=NO;R2.D01=SI;R2.D02=SI;R2.D03=SI,MUNICIPIO30642,MUNICIPIO_SIN_CN_TRAB,Si,No,30642,,Regla 2 coherente para validaciones implementadas.
GPA-001__R2-001__R1-004__0069,GPA-001__R2-001__R1-004,02_inputs_xml_flat/GPA-001__R2-001__R1-004__0069.xml,PASS,INFO,R1.D01=NO;R1.D03=NO;R2.D01=SI;R2.D02=SI;R2.D03=SI,MUNICIPIO30643,MUNICIPIO_SIN_CN_TRAB,Si,No,30643,,Regla 2 coherente para validaciones implementadas.
GPA-001__R2-001__R1-004__0070,GPA-001__R2-001__R1-004,02_inputs_xml_flat/GPA-001__R2-001__R1-004__0070.xml,PASS,INFO,R1.D01=NO;R1.D03=NO;R2.D01=SI;R2.D02=SI;R2.D03=SI,MUNICIPIO30641,MUNICIPIO_SIN_CN_TRAB,Si,No,30641,,Regla 2 coherente para validaciones implementadas.
GPA-001__R2-001__R1-004__0071,GPA-001__R2-001__R1-004,02_inputs_xml_flat/GPA-001__R2-001__R1-004__0071.xml,PASS,INFO,R1.D01=NO;R1.D03=NO;R2.D01=SI;R2.D02=SI;R2.D03=SI,MUNICIPIO30642,MUNICIPIO_SIN_CN_TRAB,Si,No,30642,,Regla 2 coherente para validaciones implementadas.
GPA-001__R2-001__R1-004__0072,GPA-001__R2-001__R1-004,02_inputs_xml_flat/GPA-001__R2-001__R1-004__0072.xml,PASS,INFO,R1.D01=NO;R1.D03=NO;R2.D01=SI;R2.D02=SI;R2.D03=SI,MUNICIPIO30643,MUNICIPIO_SIN_CN_TRAB,Si,No,30643,,Regla 2 coherente para validaciones implementadas.
GPA-001__R2-001__R1-004__0073,GPA-001__R2-001__R1-004,02_inputs_xml_flat/GPA-001__R2-001__R1-004__0073.xml,PASS,INFO,R1.D01=NO;R1.D03=NO;R2.D01=SI;R2.D02=SI;R2.D03=SI,MUNICIPIO30641,MUNICIPIO_SIN_CN_TRAB,Si,No,30641,,Regla 2 coherente para validaciones implementadas.
GPA-001__R2-001__R1-004__0074,GPA-001__R2-001__R1-004,02_inputs_xml_flat/GPA-001__R2-001__R1-004__0074.xml,PASS,INFO,R1.D01=NO;R1.D03=NO;R2.D01=SI;R2.D02=SI;R2.D03=SI,MUNICIPIO30642,MUNICIPIO_SIN_CN_TRAB,Si,No,30642,,Regla 2 coherente para validaciones implementadas.
GPA-001__R2-001__R1-004__0075,GPA-001__R2-001__R1-004,02_inputs_xml_flat/GPA-001__R2-001__R1-004__0075.xml,PASS,INFO,R1.D01=NO;R1.D03=NO;R2.D01=SI;R2.D02=SI;R2.D03=SI,MUNICIPIO30643,MUNICIPIO_SIN_CN_TRAB,Si,No,30643,,Regla 2 coherente para validaciones implementadas.
GPA-001__R2-001__R1-004__0076,GPA-001__R2-001__R1-004,02_inputs_xml_flat/GPA-001__R2-001__R1-004__0076.xml,PASS,INFO,R1.D01=NO;R1.D03=NO;R2.D01=SI;R2.D02=SI;R2.D03=SI,MUNICIPIO30641,MUNICIPIO_SIN_CN_TRAB,Si,No,30641,,Regla 2 coherente para validaciones implementadas.
GPA-001__R2-001__R1-004__0077,GPA-001__R2-001__R1-004,02_inputs_xml_flat/GPA-001__R2-001__R1-004__0077.xml,PASS,INFO,R1.D01=NO;R1.D03=NO;R2.D01=SI;R2.D02=SI;R2.D03=SI,MUNICIPIO30642,MUNICIPIO_SIN_CN_TRAB,Si,No,30642,,Regla 2 coherente para validaciones implementadas.
GPA-001__R2-001__R1-004__0078,GPA-001__R2-001__R1-004,02_inputs_xml_flat/GPA-001__R2-001__R1-004__0078.xml,PASS,INFO,R1.D01=NO;R1.D03=NO;R2.D01=SI;R2.D02=SI;R2.D03=SI,MUNICIPIO30643,MUNICIPIO_SIN_CN_TRAB,Si,No,30643,,Regla 2 coherente para validaciones implementadas.
GPA-001__R2-001__R1-004__0079,GPA-001__R2-001__R1-004,02_inputs_xml_flat/GPA-001__R2-001__R1-004__0079.xml,PASS,INFO,R1.D01=NO;R1.D03=NO;R2.D01=SI;R2.D02=SI;R2.D03=SI,MUNICIPIO30641,MUNICIPIO_SIN_CN_TRAB,Si,No,30641,,Regla 2 coherente para validaciones implementadas.
GPA-001__R2-001__R1-004__0080,GPA-001__R2-001__R1-004,02_inputs_xml_flat/GPA-001__R2-001__R1-004__0080.xml,PASS,INFO,R1.D01=NO;R1.D03=NO;R2.D01=SI;R2.D02=SI;R2.D03=SI,MUNICIPIO30642,MUNICIPIO_SIN_CN_TRAB,Si,No,30642,,Regla 2 coherente para validaciones implementadas.
GPA-001__R2-001__R1-004__0081,GPA-001__R2-001__R1-004,02_inputs_xml_flat/GPA-001__R2-001__R1-004__0081.xml,PASS,INFO,R1.D01=NO;R1.D03=NO;R2.D01=SI;R2.D02=SI;R2.D03=SI,MUNICIPIO30643,MUNICIPIO_SIN_CN_TRAB,Si,No,30643,,Regla 2 coherente para validaciones implementadas.
GPA-001__R2-001__R1-004__0082,GPA-001__R2-001__R1-004,02_inputs_xml_flat/GPA-001__R2-001__R1-004__0082.xml,PASS,INFO,R1.D01=NO;R1.D03=NO;R2.D01=SI;R2.D02=SI;R2.D03=SI,MUNICIPIO30641,MUNICIPIO_SIN_CN_TRAB,Si,No,30641,,Regla 2 coherente para validaciones implementadas.
GPA-001__R2-001__R1-004__0083,GPA-001__R2-001__R1-004,02_inputs_xml_flat/GPA-001__R2-001__R1-004__0083.xml,PASS,INFO,R1.D01=NO;R1.D03=NO;R2.D01=SI;R2.D02=SI;R2.D03=SI,MUNICIPIO30642,MUNICIPIO_SIN_CN_TRAB,Si,No,30642,,Regla 2 coherente para validaciones implementadas.
GPA-001__R2-001__R1-004__0084,GPA-001__R2-001__R1-004,02_inputs_xml_flat/GPA-001__R2-001__R1-004__0084.xml,PASS,INFO,R1.D01=NO;R1.D03=NO;R2.D01=SI;R2.D02=SI;R2.D03=SI,MUNICIPIO30643,MUNICIPIO_SIN_CN_TRAB,Si,No,30643,,Regla 2 coherente para validaciones implementadas.
GPA-001__R2-001__R1-004__0085,GPA-001__R2-001__R1-004,02_inputs_xml_flat/GPA-001__R2-001__R1-004__0085.xml,PASS,INFO,R1.D01=NO;R1.D03=NO;R2.D01=SI;R2.D02=SI;R2.D03=SI,MUNICIPIO30641,MUNICIPIO_SIN_CN_TRAB,Si,No,30641,,Regla 2 coherente para validaciones implementadas.
GPA-001__R2-001__R1-004__0086,GPA-001__R2-001__R1-004,02_inputs_xml_flat/GPA-001__R2-001__R1-004__0086.xml,PASS,INFO,R1.D01=NO;R1.D03=NO;R2.D01=SI;R2.D02=SI;R2.D03=SI,MUNICIPIO30642,MUNICIPIO_SIN_CN_TRAB,Si,No,30642,,Regla 2 coherente para validaciones implementadas.
GPA-001__R2-001__R1-004__0087,GPA-001__R2-001__R1-004,02_inputs_xml_flat/GPA-001__R2-001__R1-004__0087.xml,PASS,INFO,R1.D01=NO;R1.D03=NO;R2.D01=SI;R2.D02=SI;R2.D03=SI,MUNICIPIO30643,MUNICIPIO_SIN_CN_TRAB,Si,No,30643,,Regla 2 coherente para validaciones implementadas.
GPA-001__R2-001__R1-004__0088,GPA-001__R2-001__R1-004,02_inputs_xml_flat/GPA-001__R2-001__R1-004__0088.xml,PASS,INFO,R1.D01=NO;R1.D03=NO;R2.D01=SI;R2.D02=SI;R2.D03=SI,MUNICIPIO30641,MUNICIPIO_SIN_CN_TRAB,Si,No,30641,,Regla 2 coherente para validaciones implementadas.
GPA-001__R2-001__R1-004__0089,GPA-001__R2-001__R1-004,02_inputs_xml_flat/GPA-001__R2-001__R1-004__0089.xml,PASS,INFO,R1.D01=NO;R1.D03=NO;R2.D01=SI;R2.D02=SI;R2.D03=SI,MUNICIPIO30642,MUNICIPIO_SIN_CN_TRAB,Si,No,30642,,Regla 2 coherente para validaciones implementadas.
GPA-001__R2-001__R1-004__0090,GPA-001__R2-001__R1-004,02_inputs_xml_flat/GPA-001__R2-001__R1-004__0090.xml,PASS,INFO,R1.D01=NO;R1.D03=NO;R2.D01=SI;R2.D02=SI;R2.D03=SI,MUNICIPIO30643,MUNICIPIO_SIN_CN_TRAB,Si,No,30643,,Regla 2 coherente para validaciones implementadas.
GPA-001__R2-001__R1-004__0091,GPA-001__R2-001__R1-004,02_inputs_xml_flat/GPA-001__R2-001__R1-004__0091.xml,PASS,INFO,R1.D01=NO;R1.D03=NO;R2.D01=SI;R2.D02=SI;R2.D03=SI,MUNICIPIO30641,MUNICIPIO_SIN_CN_TRAB,Si,No,30641,,Regla 2 coherente para validaciones implementadas.
GPA-001__R2-001__R1-004__0092,GPA-001__R2-001__R1-004,02_inputs_xml_flat/GPA-001__R2-001__R1-004__0092.xml,PASS,INFO,R1.D01=NO;R1.D03=NO;R2.D01=SI;R2.D02=SI;R2.D03=SI,MUNICIPIO30642,MUNICIPIO_SIN_CN_TRAB,Si,No,30642,,Regla 2 coherente para validaciones implementadas.
GPA-001__R2-001__R1-004__0093,GPA-001__R2-001__R1-004,02_inputs_xml_flat/GPA-001__R2-001__R1-004__0093.xml,PASS,INFO,R1.D01=NO;R1.D03=NO;R2.D01=SI;R2.D02=SI;R2.D03=SI,MUNICIPIO30643,MUNICIPIO_SIN_CN_TRAB,Si,No,30643,,Regla 2 coherente para validaciones implementadas.
GPA-001__R2-001__R1-004__0094,GPA-001__R2-001__R1-004,02_inputs_xml_flat/GPA-001__R2-001__R1-004__0094.xml,PASS,INFO,R1.D01=NO;R1.D03=NO;R2.D01=SI;R2.D02=SI;R2.D03=SI,MUNICIPIO30641,MUNICIPIO_SIN_CN_TRAB,Si,No,30641,,Regla 2 coherente para validaciones implementadas.
GPA-001__R2-001__R1-004__0095,GPA-001__R2-001__R1-004,02_inputs_xml_flat/GPA-001__R2-001__R1-004__0095.xml,PASS,INFO,R1.D01=NO;R1.D03=NO;R2.D01=SI;R2.D02=SI;R2.D03=SI,MUNICIPIO30642,MUNICIPIO_SIN_CN_TRAB,Si,No,30642,,Regla 2 coherente para validaciones implementadas.
GPA-001__R2-001__R1-004__0096,GPA-001__R2-001__R1-004,02_inputs_xml_flat/GPA-001__R2-001__R1-004__0096.xml,PASS,INFO,R1.D01=NO;R1.D03=NO;R2.D01=SI;R2.D02=SI;R2.D03=SI,MUNICIPIO30643,MUNICIPIO_SIN_CN_TRAB,Si,No,30643,,Regla 2 coherente para validaciones implementadas.
GPA-001__R2-001__R1-004__0097,GPA-001__R2-001__R1-004,02_inputs_xml_flat/GPA-001__R2-001__R1-004__0097.xml,PASS,INFO,R1.D01=NO;R1.D03=NO;R2.D01=SI;R2.D02=SI;R2.D03=SI,MUNICIPIO30641,MUNICIPIO_SIN_CN_TRAB,Si,No,30641,,Regla 2 coherente para validaciones implementadas.
GPA-001__R2-001__R1-004__0098,GPA-001__R2-001__R1-004,02_inputs_xml_flat/GPA-001__R2-001__R1-004__0098.xml,PASS,INFO,R1.D01=NO;R1.D03=NO;R2.D01=SI;R2.D02=SI;R2.D03=SI,MUNICIPIO30642,MUNICIPIO_SIN_CN_TRAB,Si,No,30642,,Regla 2 coherente para validaciones implementadas.
GPA-001__R2-001__R1-004__0099,GPA-001__R2-001__R1-004,02_inputs_xml_flat/GPA-001__R2-001__R1-004__0099.xml,PASS,INFO,R1.D01=NO;R1.D03=NO;R2.D01=SI;R2.D02=SI;R2.D03=SI,MUNICIPIO30643,MUNICIPIO_SIN_CN_TRAB,Si,No,30643,,Regla 2 coherente para validaciones implementadas.
GPA-001__R2-001__R1-004__0100,GPA-001__R2-001__R1-004,02_inputs_xml_flat/GPA-001__R2-001__R1-004__0100.xml,PASS,INFO,R1.D01=NO;R1.D03=NO;R2.D01=SI;R2.D02=SI;R2.D03=SI,MUNICIPIO30641,MUNICIPIO_SIN_CN_TRAB,Si,No,30641,,Regla 2 coherente para validaciones implementadas.
GPA-001__R2-001__R1-004__0101,GPA-001__R2-001__R1-004,02_inputs_xml_flat/GPA-001__R2-001__R1-004__0101.xml,PASS,INFO,R1.D01=NO;R1.D03=NO;R2.D01=SI;R2.D02=SI;R2.D03=SI,MUNICIPIO30642,MUNICIPIO_SIN_CN_TRAB,Si,No,30642,,Regla 2 coherente para validaciones implementadas.
GPA-001__R2-001__R1-004__0102,GPA-001__R2-001__R1-004,02_inputs_xml_flat/GPA-001__R2-001__R1-004__0102.xml,PASS,INFO,R1.D01=NO;R1.D03=NO;R2.D01=SI;R2.D02=SI;R2.D03=SI,MUNICIPIO30643,MUNICIPIO_SIN_CN_TRAB,Si,No,30643,,Regla 2 coherente para validaciones implementadas.
GPA-001__R2-001__R1-004__0103,GPA-001__R2-001__R1-004,02_inputs_xml_flat/GPA-001__R2-001__R1-004__0103.xml,PASS,INFO,R1.D01=NO;R1.D03=NO;R2.D01=SI;R2.D02=SI;R2.D03=SI,MUNICIPIO30641,MUNICIPIO_SIN_CN_TRAB,Si,No,30641,,Regla 2 coherente para validaciones implementadas.
GPA-001__R2-001__R1-004__0104,GPA-001__R2-001__R1-004,02_inputs_xml_flat/GPA-001__R2-001__R1-004__0104.xml,PASS,INFO,R1.D01=NO;R1.D03=NO;R2.D01=SI;R2.D02=SI;R2.D03=SI,MUNICIPIO30642,MUNICIPIO_SIN_CN_TRAB,Si,No,30642,,Regla 2 coherente para validaciones implementadas.
GPA-001__R2-001__R1-004__0105,GPA-001__R2-001__R1-004,02_inputs_xml_flat/GPA-001__R2-001__R1-004__0105.xml,PASS,INFO,R1.D01=NO;R1.D03=NO;R2.D01=SI;R2.D02=SI;R2.D03=SI,MUNICIPIO30643,MUNICIPIO_SIN_CN_TRAB,Si,No,30643,,Regla 2 coherente para validaciones implementadas.
GPA-001__R2-001__R1-004__0106,GPA-001__R2-001__R1-004,02_inputs_xml_flat/GPA-001__R2-001__R1-004__0106.xml,PASS,INFO,R1.D01=NO;R1.D03=NO;R2.D01=SI;R2.D02=SI;R2.D03=SI,MUNICIPIO30641,MUNICIPIO_SIN_CN_TRAB,Si,No,30641,,Regla 2 coherente para validaciones implementadas.
GPA-001__R2-001__R1-004__0107,GPA-001__R2-001__R1-004,02_inputs_xml_flat/GPA-001__R2-001__R1-004__0107.xml,PASS,INFO,R1.D01=NO;R1.D03=NO;R2.D01=SI;R2.D02=SI;R2.D03=SI,MUNICIPIO30642,MUNICIPIO_SIN_CN_TRAB,Si,No,30642,,Regla 2 coherente para validaciones implementadas.
GPA-001__R2-001__R1-004__0108,GPA-001__R2-001__R1-004,02_inputs_xml_flat/GPA-001__R2-001__R1-004__0108.xml,PASS,INFO,R1.D01=NO;R1.D03=NO;R2.D01=SI;R2.D02=SI;R2.D03=SI,MUNICIPIO30643,MUNICIPIO_SIN_CN_TRAB,Si,No,30643,,Regla 2 coherente para validaciones implementadas.
GPA-001__R2-001__R1-004__0109,GPA-001__R2-001__R1-004,02_inputs_xml_flat/GPA-001__R2-001__R1-004__0109.xml,PASS,INFO,R1.D01=NO;R1.D03=NO;R2.D01=SI;R2.D02=SI;R2.D03=SI,MUNICIPIO30641,MUNICIPIO_SIN_CN_TRAB,Si,No,30641,,Regla 2 coherente para validaciones implementadas.
GPA-001__R2-001__R1-004__0110,GPA-001__R2-001__R1-004,02_inputs_xml_flat/GPA-001__R2-001__R1-004__0110.xml,PASS,INFO,R1.D01=NO;R1.D03=NO;R2.D01=SI;R2.D02=SI;R2.D03=SI,MUNICIPIO30642,MUNICIPIO_SIN_CN_TRAB,Si,No,30642,,Regla 2 coherente para validaciones implementadas.
GPA-001__R2-001__R1-004__0111,GPA-001__R2-001__R1-004,02_inputs_xml_flat/GPA-001__R2-001__R1-004__0111.xml,PASS,INFO,R1.D01=NO;R1.D03=NO;R2.D01=SI;R2.D02=SI;R2.D03=SI,MUNICIPIO30643,MUNICIPIO_SIN_CN_TRAB,Si,No,30643,,Regla 2 coherente para validaciones implementadas.
GPA-001__R2-001__R1-004__0112,GPA-001__R2-001__R1-004,02_inputs_xml_flat/GPA-001__R2-001__R1-004__0112.xml,PASS,INFO,R1.D01=NO;R1.D03=NO;R2.D01=SI;R2.D02=SI;R2.D03=SI,MUNICIPIO30641,MUNICIPIO_SIN_CN_TRAB,Si,No,30641,,Regla 2 coherente para validaciones implementadas.
GPA-001__R2-001__R1-004__0113,GPA-001__R2-001__R1-004,02_inputs_xml_flat/GPA-001__R2-001__R1-004__0113.xml,PASS,INFO,R1.D01=NO;R1.D03=NO;R2.D01=SI;R2.D02=SI;R2.D03=SI,MUNICIPIO30642,MUNICIPIO_SIN_CN_TRAB,Si,No,30642,,Regla 2 coherente para validaciones implementadas.
GPA-001__R2-001__R1-004__0114,GPA-001__R2-001__R1-004,02_inputs_xml_flat/GPA-001__R2-001__R1-004__0114.xml,PASS,INFO,R1.D01=NO;R1.D03=NO;R2.D01=SI;R2.D02=SI;R2.D03=SI,MUNICIPIO30643,MUNICIPIO_SIN_CN_TRAB,Si,No,30643,,Regla 2 coherente para validaciones implementadas.
GPA-001__R2-001__R1-004__0115,GPA-001__R2-001__R1-004,02_inputs_xml_flat/GPA-001__R2-001__R1-004__0115.xml,PASS,INFO,R1.D01=NO;R1.D03=NO;R2.D01=SI;R2.D02=SI;R2.D03=SI,MUNICIPIO30641,MUNICIPIO_SIN_CN_TRAB,Si,No,30641,,Regla 2 coherente para validaciones implementadas.
GPA-001__R2-001__R1-004__0116,GPA-001__R2-001__R1-004,02_inputs_xml_flat/GPA-001__R2-001__R1-004__0116.xml,PASS,INFO,R1.D01=NO;R1.D03=NO;R2.D01=SI;R2.D02=SI;R2.D03=SI,MUNICIPIO30642,MUNICIPIO_SIN_CN_TRAB,Si,No,30642,,Regla 2 coherente para validaciones implementadas.
GPA-001__R2-001__R1-004__0117,GPA-001__R2-001__R1-004,02_inputs_xml_flat/GPA-001__R2-001__R1-004__0117.xml,PASS,INFO,R1.D01=NO;R1.D03=NO;R2.D01=SI;R2.D02=SI;R2.D03=SI,MUNICIPIO30643,MUNICIPIO_SIN_CN_TRAB,Si,No,30643,,Regla 2 coherente para validaciones implementadas.
GPA-001__R2-001__R1-004__0118,GPA-001__R2-001__R1-004,02_inputs_xml_flat/GPA-001__R2-001__R1-004__0118.xml,PASS,INFO,R1.D01=NO;R1.D03=NO;R2.D01=SI;R2.D02=SI;R2.D03=SI,MUNICIPIO30641,MUNICIPIO_SIN_CN_TRAB,Si,No,30641,,Regla 2 coherente para validaciones implementadas.
GPA-001__R2-001__R1-004__0119,GPA-001__R2-001__R1-004,02_inputs_xml_flat/GPA-001__R2-001__R1-004__0119.xml,PASS,INFO,R1.D01=NO;R1.D03=NO;R2.D01=SI;R2.D02=SI;R2.D03=SI,MUNICIPIO30642,MUNICIPIO_SIN_CN_TRAB,Si,No,30642,,Regla 2 coherente para validaciones implementadas.
GPA-001__R2-001__R1-004__0120,GPA-001__R2-001__R1-004,02_inputs_xml_flat/GPA-001__R2-001__R1-004__0120.xml,PASS,INFO,R1.D01=NO;R1.D03=NO;R2.D01=SI;R2.D02=SI;R2.D03=SI,MUNICIPIO30643,MUNICIPIO_SIN_CN_TRAB,Si,No,30643,,Regla 2 coherente para validaciones implementadas.
GPA-001__R2-001__R1-004__0121,GPA-001__R2-001__R1-004,02_inputs_xml_flat/GPA-001__R2-001__R1-004__0121.xml,PASS,INFO,R1.D01=NO;R1.D03=NO;R2.D01=SI;R2.D02=SI;R2.D03=SI,MUNICIPIO30641,MUNICIPIO_SIN_CN_TRAB,Si,No,30641,,Regla 2 coherente para validaciones implementadas.
GPA-001__R2-001__R1-004__0122,GPA-001__R2-001__R1-004,02_inputs_xml_flat/GPA-001__R2-001__R1-004__0122.xml,PASS,INFO,R1.D01=NO;R1.D03=NO;R2.D01=SI;R2.D02=SI;R2.D03=SI,MUNICIPIO30642,MUNICIPIO_SIN_CN_TRAB,Si,No,30642,,Regla 2 coherente para validaciones implementadas.
GPA-001__R2-001__R1-004__0123,GPA-001__R2-001__R1-004,02_inputs_xml_flat/GPA-001__R2-001__R1-004__0123.xml,PASS,INFO,R1.D01=NO;R1.D03=NO;R2.D01=SI;R2.D02=SI;R2.D03=SI,MUNICIPIO30643,MUNICIPIO_SIN_CN_TRAB,Si,No,30643,,Regla 2 coherente para validaciones implementadas.
GPA-001__R2-001__R1-004__0124,GPA-001__R2-001__R1-004,02_inputs_xml_flat/GPA-001__R2-001__R1-004__0124.xml,PASS,INFO,R1.D01=NO;R1.D03=NO;R2.D01=SI;R2.D02=SI;R2.D03=SI,MUNICIPIO30641,MUNICIPIO_SIN_CN_TRAB,Si,No,30641,,Regla 2 coherente para validaciones implementadas.
GPA-001__R2-001__R1-004__0125,GPA-001__R2-001__R1-004,02_inputs_xml_flat/GPA-001__R2-001__R1-004__0125.xml,PASS,INFO,R1.D01=NO;R1.D03=NO;R2.D01=SI;R2.D02=SI;R2.D03=SI,MUNICIPIO30642,MUNICIPIO_SIN_CN_TRAB,Si,No,30642,,Regla 2 coherente para validaciones implementadas.
GPA-001__R2-001__R1-004__0126,GPA-001__R2-001__R1-004,02_inputs_xml_flat/GPA-001__R2-001__R1-004__0126.xml,PASS,INFO,R1.D01=NO;R1.D03=NO;R2.D01=SI;R2.D02=SI;R2.D03=SI,MUNICIPIO30643,MUNICIPIO_SIN_CN_TRAB,Si,No,30643,,Regla 2 coherente para validaciones implementadas.
GPA-001__R2-001__R1-004__0127,GPA-001__R2-001__R1-004,02_inputs_xml_flat/GPA-001__R2-001__R1-004__0127.xml,PASS,INFO,R1.D01=NO;R1.D03=NO;R2.D01=SI;R2.D02=SI;R2.D03=SI,MUNICIPIO30641,MUNICIPIO_SIN_CN_TRAB,Si,No,30641,,Regla 2 coherente para validaciones implementadas.
GPA-001__R2-001__R1-004__0128,GPA-001__R2-001__R1-004,02_inputs_xml_flat/GPA-001__R2-001__R1-004__0128.xml,PASS,INFO,R1.D01=NO;R1.D03=NO;R2.D01=SI;R2.D02=SI;R2.D03=SI,MUNICIPIO30642,MUNICIPIO_SIN_CN_TRAB,Si,No,30642,,Regla 2 coherente para validaciones implementadas.
GPA-001__R2-001__R1-004__0129,GPA-001__R2-001__R1-004,02_inputs_xml_flat/GPA-001__R2-001__R1-004__0129.xml,PASS,INFO,R1.D01=NO;R1.D03=NO;R2.D01=SI;R2.D02=SI;R2.D03=SI,MUNICIPIO30643,MUNICIPIO_SIN_CN_TRAB,Si,No,30643,,Regla 2 coherente para validaciones implementadas.
GPA-001__R2-001__R1-004__0130,GPA-001__R2-001__R1-004,02_inputs_xml_flat/GPA-001__R2-001__R1-004__0130.xml,PASS,INFO,R1.D01=NO;R1.D03=NO;R2.D01=SI;R2.D02=SI;R2.D03=SI,MUNICIPIO30641,MUNICIPIO_SIN_CN_TRAB,Si,No,30641,,Regla 2 coherente para validaciones implementadas.
GPA-001__R2-001__R1-004__0131,GPA-001__R2-001__R1-004,02_inputs_xml_flat/GPA-001__R2-001__R1-004__0131.xml,PASS,INFO,R1.D01=NO;R1.D03=NO;R2.D01=SI;R2.D02=SI;R2.D03=SI,MUNICIPIO30642,MUNICIPIO_SIN_CN_TRAB,Si,No,30642,,Regla 2 coherente para validaciones implementadas.
GPA-001__R2-001__R1-004__0132,GPA-001__R2-001__R1-004,02_inputs_xml_flat/GPA-001__R2-001__R1-004__0132.xml,PASS,INFO,R1.D01=NO;R1.D03=NO;R2.D01=SI;R2.D02=SI;R2.D03=SI,MUNICIPIO30643,MUNICIPIO_SIN_CN_TRAB,Si,No,30643,,Regla 2 coherente para validaciones implementadas.
GPA-001__R2-001__R1-004__0133,GPA-001__R2-001__R1-004,02_inputs_xml_flat/GPA-001__R2-001__R1-004__0133.xml,PASS,INFO,R1.D01=NO;R1.D03=NO;R2.D01=SI;R2.D02=SI;R2.D03=SI,MUNICIPIO30641,MUNICIPIO_SIN_CN_TRAB,Si,No,30641,,Regla 2 coherente para validaciones implementadas.
GPA-001__R2-001__R1-004__0134,GPA-001__R2-001__R1-004,02_inputs_xml_flat/GPA-001__R2-001__R1-004__0134.xml,PASS,INFO,R1.D01=NO;R1.D03=NO;R2.D01=SI;R2.D02=SI;R2.D03=SI,MUNICIPIO30642,MUNICIPIO_SIN_CN_TRAB,Si,No,30642,,Regla 2 coherente para validaciones implementadas.
GPA-001__R2-001__R1-004__0135,GPA-001__R2-001__R1-004,02_inputs_xml_flat/GPA-001__R2-001__R1-004__0135.xml,PASS,INFO,R1.D01=NO;R1.D03=NO;R2.D01=SI;R2.D02=SI;R2.D03=SI,MUNICIPIO30643,MUNICIPIO_SIN_CN_TRAB,Si,No,30643,,Regla 2 coherente para validaciones implementadas.
GPA-001__R2-001__R1-004__0136,GPA-001__R2-001__R1-004,02_inputs_xml_flat/GPA-001__R2-001__R1-004__0136.xml,PASS,INFO,R1.D01=NO;R1.D03=NO;R2.D01=SI;R2.D02=SI;R2.D03=SI,MUNICIPIO30641,MUNICIPIO_SIN_CN_TRAB,Si,No,30641,,Regla 2 coherente para validaciones implementadas.
GPA-001__R2-001__R1-004__0137,GPA-001__R2-001__R1-004,02_inputs_xml_flat/GPA-001__R2-001__R1-004__0137.xml,PASS,INFO,R1.D01=NO;R1.D03=NO;R2.D01=SI;R2.D02=SI;R2.D03=SI,MUNICIPIO30642,MUNICIPIO_SIN_CN_TRAB,Si,No,30642,,Regla 2 coherente para validaciones implementadas.
GPA-001__R2-001__R1-004__0138,GPA-001__R2-001__R1-004,02_inputs_xml_flat/GPA-001__R2-001__R1-004__0138.xml,PASS,INFO,R1.D01=NO;R1.D03=NO;R2.D01=SI;R2.D02=SI;R2.D03=SI,MUNICIPIO30643,MUNICIPIO_SIN_CN_TRAB,Si,No,30643,,Regla 2 coherente para validaciones implementadas.
GPA-001__R2-001__R1-004__0139,GPA-001__R2-001__R1-004,02_inputs_xml_flat/GPA-001__R2-001__R1-004__0139.xml,PASS,INFO,R1.D01=NO;R1.D03=NO;R2.D01=SI;R2.D02=SI;R2.D03=SI,MUNICIPIO30641,MUNICIPIO_SIN_CN_TRAB,Si,No,30641,,Regla 2 coherente para validaciones implementadas.
GPA-001__R2-001__R1-004__0140,GPA-001__R2-001__R1-004,02_inputs_xml_flat/GPA-001__R2-001__R1-004__0140.xml,PASS,INFO,R1.D01=NO;R1.D03=NO;R2.D01=SI;R2.D02=SI;R2.D03=SI,MUNICIPIO30642,MUNICIPIO_SIN_CN_TRAB,Si,No,30642,,Regla 2 coherente para validaciones implementadas.
GPA-001__R2-001__R1-004__0141,GPA-001__R2-001__R1-004,02_inputs_xml_flat/GPA-001__R2-001__R1-004__0141.xml,PASS,INFO,R1.D01=NO;R1.D03=NO;R2.D01=SI;R2.D02=SI;R2.D03=SI,MUNICIPIO30643,MUNICIPIO_SIN_CN_TRAB,Si,No,30643,,Regla 2 coherente para validaciones implementadas.
GPA-001__R2-001__R1-004__0142,GPA-001__R2-001__R1-004,02_inputs_xml_flat/GPA-001__R2-001__R1-004__0142.xml,PASS,INFO,R1.D01=NO;R1.D03=NO;R2.D01=SI;R2.D02=SI;R2.D03=SI,MUNICIPIO30641,MUNICIPIO_SIN_CN_TRAB,Si,No,30641,,Regla 2 coherente para validaciones implementadas.
GPA-001__R2-001__R1-004__0143,GPA-001__R2-001__R1-004,02_inputs_xml_flat/GPA-001__R2-001__R1-004__0143.xml,PASS,INFO,R1.D01=NO;R1.D03=NO;R2.D01=SI;R2.D02=SI;R2.D03=SI,MUNICIPIO30642,MUNICIPIO_SIN_CN_TRAB,Si,No,30642,,Regla 2 coherente para validaciones implementadas.
GPA-001__R2-001__R1-004__0144,GPA-001__R2-001__R1-004,02_inputs_xml_flat/GPA-001__R2-001__R1-004__0144.xml,PASS,INFO,R1.D01=NO;R1.D03=NO;R2.D01=SI;R2.D02=SI;R2.D03=SI,MUNICIPIO30643,MUNICIPIO_SIN_CN_TRAB,Si,No,30643,,Regla 2 coherente para validaciones implementadas.
GPA-001__R2-001__R1-004__0145,GPA-001__R2-001__R1-004,02_inputs_xml_flat/GPA-001__R2-001__R1-004__0145.xml,PASS,INFO,R1.D01=NO;R1.D03=NO;R2.D01=SI;R2.D02=SI;R2.D03=SI,MUNICIPIO30641,MUNICIPIO_SIN_CN_TRAB,Si,No,30641,,Regla 2 coherente para validaciones implementadas.
GPA-001__R2-001__R1-004__0146,GPA-001__R2-001__R1-004,02_inputs_xml_flat/GPA-001__R2-001__R1-004__0146.xml,PASS,INFO,R1.D01=NO;R1.D03=NO;R2.D01=SI;R2.D02=SI;R2.D03=SI,MUNICIPIO30642,MUNICIPIO_SIN_CN_TRAB,Si,No,30642,,Regla 2 coherente para validaciones implementadas.
GPA-001__R2-001__R1-004__0147,GPA-001__R2-001__R1-004,02_inputs_xml_flat/GPA-001__R2-001__R1-004__0147.xml,PASS,INFO,R1.D01=NO;R1.D03=NO;R2.D01=SI;R2.D02=SI;R2.D03=SI,MUNICIPIO30643,MUNICIPIO_SIN_CN_TRAB,Si,No,30643,,Regla 2 coherente para validaciones implementadas.
GPA-001__R2-001__R1-004__0148,GPA-001__R2-001__R1-004,02_inputs_xml_flat/GPA-001__R2-001__R1-004__0148.xml,PASS,INFO,R1.D01=NO;R1.D03=NO;R2.D01=SI;R2.D02=SI;R2.D03=SI,MUNICIPIO30641,MUNICIPIO_SIN_CN_TRAB,Si,No,30641,,Regla 2 coherente para validaciones implementadas.
GPA-001__R2-001__R1-004__0149,GPA-001__R2-001__R1-004,02_inputs_xml_flat/GPA-001__R2-001__R1-004__0149.xml,PASS,INFO,R1.D01=NO;R1.D03=NO;R2.D01=SI;R2.D02=SI;R2.D03=SI,MUNICIPIO30642,MUNICIPIO_SIN_CN_TRAB,Si,No,30642,,Regla 2 coherente para validaciones implementadas.
GPA-001__R2-001__R1-004__0150,GPA-001__R2-001__R1-004,02_inputs_xml_flat/GPA-001__R2-001__R1-004__0150.xml,PASS,INFO,R1.D01=NO;R1.D03=NO;R2.D01=SI;R2.D02=SI;R2.D03=SI,MUNICIPIO30643,MUNICIPIO_SIN_CN_TRAB,Si,No,30643,,Regla 2 coherente para validaciones implementadas.
GPA-001__R2-001__R1-004__0151,GPA-001__R2-001__R1-004,02_inputs_xml_flat/GPA-001__R2-001__R1-004__0151.xml,PASS,INFO,R1.D01=NO;R1.D03=NO;R2.D01=SI;R2.D02=SI;R2.D03=SI,MUNICIPIO30641,MUNICIPIO_SIN_CN_TRAB,Si,No,30641,,Regla 2 coherente para validaciones implementadas.
GPA-001__R2-001__R1-004__0152,GPA-001__R2-001__R1-004,02_inputs_xml_flat/GPA-001__R2-001__R1-004__0152.xml,PASS,INFO,R1.D01=NO;R1.D03=NO;R2.D01=SI;R2.D02=SI;R2.D03=SI,MUNICIPIO30642,MUNICIPIO_SIN_CN_TRAB,Si,No,30642,,Regla 2 coherente para validaciones implementadas.
GPA-001__R2-001__R1-004__0153,GPA-001__R2-001__R1-004,02_inputs_xml_flat/GPA-001__R2-001__R1-004__0153.xml,PASS,INFO,R1.D01=NO;R1.D03=NO;R2.D01=SI;R2.D02=SI;R2.D03=SI,MUNICIPIO30643,MUNICIPIO_SIN_CN_TRAB,Si,No,30643,,Regla 2 coherente para validaciones implementadas.
GPA-001__R2-001__R1-004__0154,GPA-001__R2-001__R1-004,02_inputs_xml_flat/GPA-001__R2-001__R1-004__0154.xml,PASS,INFO,R1.D01=NO;R1.D03=NO;R2.D01=SI;R2.D02=SI;R2.D03=SI,MUNICIPIO30641,MUNICIPIO_SIN_CN_TRAB,Si,No,30641,,Regla 2 coherente para validaciones implementadas.
GPA-001__R2-001__R1-004__0155,GPA-001__R2-001__R1-004,02_inputs_xml_flat/GPA-001__R2-001__R1-004__0155.xml,PASS,INFO,R1.D01=NO;R1.D03=NO;R2.D01=SI;R2.D02=SI;R2.D03=SI,MUNICIPIO30642,MUNICIPIO_SIN_CN_TRAB,Si,No,30642,,Regla 2 coherente para validaciones implementadas.
GPA-001__R2-001__R1-004__0156,GPA-001__R2-001__R1-004,02_inputs_xml_flat/GPA-001__R2-001__R1-004__0156.xml,PASS,INFO,R1.D01=NO;R1.D03=NO;R2.D01=SI;R2.D02=SI;R2.D03=SI,MUNICIPIO30643,MUNICIPIO_SIN_CN_TRAB,Si,No,30643,,Regla 2 coherente para validaciones implementadas.
GPA-001__R2-001__R1-004__0157,GPA-001__R2-001__R1-004,02_inputs_xml_flat/GPA-001__R2-001__R1-004__0157.xml,PASS,INFO,R1.D01=NO;R1.D03=NO;R2.D01=SI;R2.D02=SI;R2.D03=SI,MUNICIPIO30641,MUNICIPIO_SIN_CN_TRAB,Si,No,30641,,Regla 2 coherente para validaciones implementadas.
GPA-001__R2-001__R1-004__0158,GPA-001__R2-001__R1-004,02_inputs_xml_flat/GPA-001__R2-001__R1-004__0158.xml,PASS,INFO,R1.D01=NO;R1.D03=NO;R2.D01=SI;R2.D02=SI;R2.D03=SI,MUNICIPIO30642,MUNICIPIO_SIN_CN_TRAB,Si,No,30642,,Regla 2 coherente para validaciones implementadas.
GPA-001__R2-001__R1-004__0159,GPA-001__R2-001__R1-004,02_inputs_xml_flat/GPA-001__R2-001__R1-004__0159.xml,PASS,INFO,R1.D01=NO;R1.D03=NO;R2.D01=SI;R2.D02=SI;R2.D03=SI,MUNICIPIO30643,MUNICIPIO_SIN_CN_TRAB,Si,No,30643,,Regla 2 coherente para validaciones implementadas.
GPA-001__R2-001__R1-004__0160,GPA-001__R2-001__R1-004,02_inputs_xml_flat/GPA-001__R2-001__R1-004__0160.xml,PASS,INFO,R1.D01=NO;R1.D03=NO;R2.D01=SI;R2.D02=SI;R2.D03=SI,MUNICIPIO30641,MUNICIPIO_SIN_CN_TRAB,Si,No,30641,,Regla 2 coherente para validaciones implementadas.
GPA-001__R2-001__R1-004__0161,GPA-001__R2-001__R1-004,02_inputs_xml_flat/GPA-001__R2-001__R1-004__0161.xml,PASS,INFO,R1.D01=NO;R1.D03=NO;R2.D01=SI;R2.D02=SI;R2.D03=SI,MUNICIPIO30642,MUNICIPIO_SIN_CN_TRAB,Si,No,30642,,Regla 2 coherente para validaciones implementadas.
GPA-001__R2-001__R1-004__0162,GPA-001__R2-001__R1-004,02_inputs_xml_flat/GPA-001__R2-001__R1-004__0162.xml,PASS,INFO,R1.D01=NO;R1.D03=NO;R2.D01=SI;R2.D02=SI;R2.D03=SI,MUNICIPIO30643,MUNICIPIO_SIN_CN_TRAB,Si,No,30643,,Regla 2 coherente para validaciones implementadas.
GPA-001__R2-001__R1-004__0163,GPA-001__R2-001__R1-004,02_inputs_xml_flat/GPA-001__R2-001__R1-004__0163.xml,PASS,INFO,R1.D01=NO;R1.D03=NO;R2.D01=SI;R2.D02=SI;R2.D03=SI,MUNICIPIO30641,MUNICIPIO_SIN_CN_TRAB,Si,No,30641,,Regla 2 coherente para validaciones implementadas.
GPA-001__R2-001__R1-004__0164,GPA-001__R2-001__R1-004,02_inputs_xml_flat/GPA-001__R2-001__R1-004__0164.xml,PASS,INFO,R1.D01=NO;R1.D03=NO;R2.D01=SI;R2.D02=SI;R2.D03=SI,MUNICIPIO30642,MUNICIPIO_SIN_CN_TRAB,Si,No,30642,,Regla 2 coherente para validaciones implementadas.
GPA-001__R2-001__R1-004__0165,GPA-001__R2-001__R1-004,02_inputs_xml_flat/GPA-001__R2-001__R1-004__0165.xml,PASS,INFO,R1.D01=NO;R1.D03=NO;R2.D01=SI;R2.D02=SI;R2.D03=SI,MUNICIPIO30643,MUNICIPIO_SIN_CN_TRAB,Si,No,30643,,Regla 2 coherente para validaciones implementadas.
GPA-001__R2-001__R1-004__0166,GPA-001__R2-001__R1-004,02_inputs_xml_flat/GPA-001__R2-001__R1-004__0166.xml,PASS,INFO,R1.D01=NO;R1.D03=NO;R2.D01=SI;R2.D02=SI;R2.D03=SI,MUNICIPIO30641,MUNICIPIO_SIN_CN_TRAB,Si,No,30641,,Regla 2 coherente para validaciones implementadas.
GPA-001__R2-001__R1-004__0167,GPA-001__R2-001__R1-004,02_inputs_xml_flat/GPA-001__R2-001__R1-004__0167.xml,PASS,INFO,R1.D01=NO;R1.D03=NO;R2.D01=SI;R2.D02=SI;R2.D03=SI,MUNICIPIO30642,MUNICIPIO_SIN_CN_TRAB,Si,No,30642,,Regla 2 coherente para validaciones implementadas.
GPA-001__R2-001__R1-004__0168,GPA-001__R2-001__R1-004,02_inputs_xml_flat/GPA-001__R2-001__R1-004__0168.xml,PASS,INFO,R1.D01=NO;R1.D03=NO;R2.D01=SI;R2.D02=SI;R2.D03=SI,MUNICIPIO30643,MUNICIPIO_SIN_CN_TRAB,Si,No,30643,,Regla 2 coherente para validaciones implementadas.
GPA-001__R2-001__R1-004__0169,GPA-001__R2-001__R1-004,02_inputs_xml_flat/GPA-001__R2-001__R1-004__0169.xml,PASS,INFO,R1.D01=NO;R1.D03=NO;R2.D01=SI;R2.D02=SI;R2.D03=SI,MUNICIPIO30641,MUNICIPIO_SIN_CN_TRAB,Si,No,30641,,Regla 2 coherente para validaciones implementadas.
GPA-001__R2-001__R1-004__0170,GPA-001__R2-001__R1-004,02_inputs_xml_flat/GPA-001__R2-001__R1-004__0170.xml,PASS,INFO,R1.D01=NO;R1.D03=NO;R2.D01=SI;R2.D02=SI;R2.D03=SI,MUNICIPIO30642,MUNICIPIO_SIN_CN_TRAB,Si,No,30642,,Regla 2 coherente para validaciones implementadas.
GPA-001__R2-001__R1-004__0171,GPA-001__R2-001__R1-004,02_inputs_xml_flat/GPA-001__R2-001__R1-004__0171.xml,PASS,INFO,R1.D01=NO;R1.D03=NO;R2.D01=SI;R2.D02=SI;R2.D03=SI,MUNICIPIO30643,MUNICIPIO_SIN_CN_TRAB,Si,No,30643,,Regla 2 coherente para validaciones implementadas.
GPA-001__R2-001__R1-004__0172,GPA-001__R2-001__R1-004,02_inputs_xml_flat/GPA-001__R2-001__R1-004__0172.xml,PASS,INFO,R1.D01=NO;R1.D03=NO;R2.D01=SI;R2.D02=SI;R2.D03=SI,MUNICIPIO30641,MUNICIPIO_SIN_CN_TRAB,Si,No,30641,,Regla 2 coherente para validaciones implementadas.
GPA-001__R2-001__R1-004__0173,GPA-001__R2-001__R1-004,02_inputs_xml_flat/GPA-001__R2-001__R1-004__0173.xml,PASS,INFO,R1.D01=NO;R1.D03=NO;R2.D01=SI;R2.D02=SI;R2.D03=SI,MUNICIPIO30642,MUNICIPIO_SIN_CN_TRAB,Si,No,30642,,Regla 2 coherente para validaciones implementadas.
GPA-001__R2-001__R1-004__0174,GPA-001__R2-001__R1-004,02_inputs_xml_flat/GPA-001__R2-001__R1-004__0174.xml,PASS,INFO,R1.D01=NO;R1.D03=NO;R2.D01=SI;R2.D02=SI;R2.D03=SI,MUNICIPIO30643,MUNICIPIO_SIN_CN_TRAB,Si,No,30643,,Regla 2 coherente para validaciones implementadas.
GPA-001__R2-001__R1-004__0175,GPA-001__R2-001__R1-004,02_inputs_xml_flat/GPA-001__R2-001__R1-004__0175.xml,PASS,INFO,R1.D01=NO;R1.D03=NO;R2.D01=SI;R2.D02=SI;R2.D03=SI,MUNICIPIO30641,MUNICIPIO_SIN_CN_TRAB,Si,No,30641,,Regla 2 coherente para validaciones implementadas.
GPA-001__R2-001__R1-004__0176,GPA-001__R2-001__R1-004,02_inputs_xml_flat/GPA-001__R2-001__R1-004__0176.xml,PASS,INFO,R1.D01=NO;R1.D03=NO;R2.D01=SI;R2.D02=SI;R2.D03=SI,MUNICIPIO30642,MUNICIPIO_SIN_CN_TRAB,Si,No,30642,,Regla 2 coherente para validaciones implementadas.
GPA-001__R2-001__R1-004__0177,GPA-001__R2-001__R1-004,02_inputs_xml_flat/GPA-001__R2-001__R1-004__0177.xml,PASS,INFO,R1.D01=NO;R1.D03=NO;R2.D01=SI;R2.D02=SI;R2.D03=SI,MUNICIPIO30643,MUNICIPIO_SIN_CN_TRAB,Si,No,30643,,Regla 2 coherente para validaciones implementadas.
GPA-001__R2-001__R1-004__0178,GPA-001__R2-001__R1-004,02_inputs_xml_flat/GPA-001__R2-001__R1-004__0178.xml,PASS,INFO,R1.D01=NO;R1.D03=NO;R2.D01=SI;R2.D02=SI;R2.D03=SI,MUNICIPIO30641,MUNICIPIO_SIN_CN_TRAB,Si,No,30641,,Regla 2 coherente para validaciones implementadas.
GPA-001__R2-001__R1-004__0179,GPA-001__R2-001__R1-004,02_inputs_xml_flat/GPA-001__R2-001__R1-004__0179.xml,PASS,INFO,R1.D01=NO;R1.D03=NO;R2.D01=SI;R2.D02=SI;R2.D03=SI,MUNICIPIO30642,MUNICIPIO_SIN_CN_TRAB,Si,No,30642,,Regla 2 coherente para validaciones implementadas.
GPA-001__R2-001__R1-004__0180,GPA-001__R2-001__R1-004,02_inputs_xml_flat/GPA-001__R2-001__R1-004__0180.xml,PASS,INFO,R1.D01=NO;R1.D03=NO;R2.D01=SI;R2.D02=SI;R2.D03=SI,MUNICIPIO30643,MUNICIPIO_SIN_CN_TRAB,Si,No,30643,,Regla 2 coherente para validaciones implementadas.
GPA-001__R2-001__R1-004__0181,GPA-001__R2-001__R1-004,02_inputs_xml_flat/GPA-001__R2-001__R1-004__0181.xml,PASS,INFO,R1.D01=NO;R1.D03=NO;R2.D01=SI;R2.D02=SI;R2.D03=SI,MUNICIPIO30641,MUNICIPIO_SIN_CN_TRAB,Si,No,30641,,Regla 2 coherente para validaciones implementadas.
GPA-001__R2-001__R1-004__0182,GPA-001__R2-001__R1-004,02_inputs_xml_flat/GPA-001__R2-001__R1-004__0182.xml,PASS,INFO,R1.D01=NO;R1.D03=NO;R2.D01=SI;R2.D02=SI;R2.D03=SI,MUNICIPIO30642,MUNICIPIO_SIN_CN_TRAB,Si,No,30642,,Regla 2 coherente para validaciones implementadas.
GPA-001__R2-001__R1-004__0183,GPA-001__R2-001__R1-004,02_inputs_xml_flat/GPA-001__R2-001__R1-004__0183.xml,PASS,INFO,R1.D01=NO;R1.D03=NO;R2.D01=SI;R2.D02=SI;R2.D03=SI,MUNICIPIO30643,MUNICIPIO_SIN_CN_TRAB,Si,No,30643,,Regla 2 coherente para validaciones implementadas.
GPA-001__R2-001__R1-004__0184,GPA-001__R2-001__R1-004,02_inputs_xml_flat/GPA-001__R2-001__R1-004__0184.xml,PASS,INFO,R1.D01=NO;R1.D03=NO;R2.D01=SI;R2.D02=SI;R2.D03=SI,MUNICIPIO30641,MUNICIPIO_SIN_CN_TRAB,Si,No,30641,,Regla 2 coherente para validaciones implementadas.
GPA-001__R2-001__R1-004__0185,GPA-001__R2-001__R1-004,02_inputs_xml_flat/GPA-001__R2-001__R1-004__0185.xml,PASS,INFO,R1.D01=NO;R1.D03=NO;R2.D01=SI;R2.D02=SI;R2.D03=SI,MUNICIPIO30642,MUNICIPIO_SIN_CN_TRAB,Si,No,30642,,Regla 2 coherente para validaciones implementadas.
GPA-001__R2-001__R1-004__0186,GPA-001__R2-001__R1-004,02_inputs_xml_flat/GPA-001__R2-001__R1-004__0186.xml,PASS,INFO,R1.D01=NO;R1.D03=NO;R2.D01=SI;R2.D02=SI;R2.D03=SI,MUNICIPIO30643,MUNICIPIO_SIN_CN_TRAB,Si,No,30643,,Regla 2 coherente para validaciones implementadas.
GPA-001__R2-001__R1-004__0187,GPA-001__R2-001__R1-004,02_inputs_xml_flat/GPA-001__R2-001__R1-004__0187.xml,PASS,INFO,R1.D01=NO;R1.D03=NO;R2.D01=SI;R2.D02=SI;R2.D03=SI,MUNICIPIO30641,MUNICIPIO_SIN_CN_TRAB,Si,No,30641,,Regla 2 coherente para validaciones implementadas.
GPA-001__R2-001__R1-004__0188,GPA-001__R2-001__R1-004,02_inputs_xml_flat/GPA-001__R2-001__R1-004__0188.xml,PASS,INFO,R1.D01=NO;R1.D03=NO;R2.D01=SI;R2.D02=SI;R2.D03=SI,MUNICIPIO30642,MUNICIPIO_SIN_CN_TRAB,Si,No,30642,,Regla 2 coherente para validaciones implementadas.
GPA-001__R2-001__R1-004__0189,GPA-001__R2-001__R1-004,02_inputs_xml_flat/GPA-001__R2-001__R1-004__0189.xml,PASS,INFO,R1.D01=NO;R1.D03=NO;R2.D01=SI;R2.D02=SI;R2.D03=SI,MUNICIPIO30643,MUNICIPIO_SIN_CN_TRAB,Si,No,30643,,Regla 2 coherente para validaciones implementadas.
GPA-001__R2-001__R1-004__0190,GPA-001__R2-001__R1-004,02_inputs_xml_flat/GPA-001__R2-001__R1-004__0190.xml,PASS,INFO,R1.D01=NO;R1.D03=NO;R2.D01=SI;R2.D02=SI;R2.D03=SI,MUNICIPIO30641,MUNICIPIO_SIN_CN_TRAB,Si,No,30641,,Regla 2 coherente para validaciones implementadas.
GPA-001__R2-001__R1-004__0191,GPA-001__R2-001__R1-004,02_inputs_xml_flat/GPA-001__R2-001__R1-004__0191.xml,PASS,INFO,R1.D01=NO;R1.D03=NO;R2.D01=SI;R2.D02=SI;R2.D03=SI,MUNICIPIO30642,MUNICIPIO_SIN_CN_TRAB,Si,No,30642,,Regla 2 coherente para validaciones implementadas.
GPA-001__R2-001__R1-004__0192,GPA-001__R2-001__R1-004,02_inputs_xml_flat/GPA-001__R2-001__R1-004__0192.xml,PASS,INFO,R1.D01=NO;R1.D03=NO;R2.D01=SI;R2.D02=SI;R2.D03=SI,MUNICIPIO30643,MUNICIPIO_SIN_CN_TRAB,Si,No,30643,,Regla 2 coherente para validaciones implementadas.
GPA-001__R2-001__R1-004__0193,GPA-001__R2-001__R1-004,02_inputs_xml_flat/GPA-001__R2-001__R1-004__0193.xml,PASS,INFO,R1.D01=NO;R1.D03=NO;R2.D01=SI;R2.D02=SI;R2.D03=SI,MUNICIPIO30641,MUNICIPIO_SIN_CN_TRAB,Si,No,30641,,Regla 2 coherente para validaciones implementadas.
GPA-001__R2-001__R1-004__0194,GPA-001__R2-001__R1-004,02_inputs_xml_flat/GPA-001__R2-001__R1-004__0194.xml,PASS,INFO,R1.D01=NO;R1.D03=NO;R2.D01=SI;R2.D02=SI;R2.D03=SI,MUNICIPIO30642,MUNICIPIO_SIN_CN_TRAB,Si,No,30642,,Regla 2 coherente para validaciones implementadas.
GPA-001__R2-001__R1-004__0195,GPA-001__R2-001__R1-004,02_inputs_xml_flat/GPA-001__R2-001__R1-004__0195.xml,PASS,INFO,R1.D01=NO;R1.D03=NO;R2.D01=SI;R2.D02=SI;R2.D03=SI,MUNICIPIO30643,MUNICIPIO_SIN_CN_TRAB,Si,No,30643,,Regla 2 coherente para validaciones implementadas.
GPA-001__R2-001__R1-004__0196,GPA-001__R2-001__R1-004,02_inputs_xml_flat/GPA-001__R2-001__R1-004__0196.xml,PASS,INFO,R1.D01=NO;R1.D03=NO;R2.D01=SI;R2.D02=SI;R2.D03=SI,MUNICIPIO30641,MUNICIPIO_SIN_CN_TRAB,Si,No,30641,,Regla 2 coherente para validaciones implementadas.
GPA-001__R2-001__R1-004__0197,GPA-001__R2-001__R1-004,02_inputs_xml_flat/GPA-001__R2-001__R1-004__0197.xml,PASS,INFO,R1.D01=NO;R1.D03=NO;R2.D01=SI;R2.D02=SI;R2.D03=SI,MUNICIPIO30642,MUNICIPIO_SIN_CN_TRAB,Si,No,30642,,Regla 2 coherente para validaciones implementadas.
GPA-001__R2-001__R1-004__0198,GPA-001__R2-001__R1-004,02_inputs_xml_flat/GPA-001__R2-001__R1-004__0198.xml,PASS,INFO,R1.D01=NO;R1.D03=NO;R2.D01=SI;R2.D02=SI;R2.D03=SI,MUNICIPIO30643,MUNICIPIO_SIN_CN_TRAB,Si,No,30643,,Regla 2 coherente para validaciones implementadas.
GPA-001__R2-001__R1-004__0199,GPA-001__R2-001__R1-004,02_inputs_xml_flat/GPA-001__R2-001__R1-004__0199.xml,PASS,INFO,R1.D01=NO;R1.D03=NO;R2.D01=SI;R2.D02=SI;R2.D03=SI,MUNICIPIO30641,MUNICIPIO_SIN_CN_TRAB,Si,No,30641,,Regla 2 coherente para validaciones implementadas.
GPA-001__R2-001__R1-004__0200,GPA-001__R2-001__R1-004,02_inputs_xml_flat/GPA-001__R2-001__R1-004__0200.xml,PASS,INFO,R1.D01=NO;R1.D03=NO;R2.D01=SI;R2.D02=SI;R2.D03=SI,MUNICIPIO30642,MUNICIPIO_SIN_CN_TRAB,Si,No,30642,,Regla 2 coherente para validaciones implementadas.
GPA-001__R2-001__R1-004__0201,GPA-001__R2-001__R1-004,02_inputs_xml_flat/GPA-001__R2-001__R1-004__0201.xml,PASS,INFO,R1.D01=NO;R1.D03=NO;R2.D01=SI;R2.D02=SI;R2.D03=SI,MUNICIPIO30643,MUNICIPIO_SIN_CN_TRAB,Si,No,30643,,Regla 2 coherente para validaciones implementadas.
GPA-001__R2-001__R1-004__0202,GPA-001__R2-001__R1-004,02_inputs_xml_flat/GPA-001__R2-001__R1-004__0202.xml,PASS,INFO,R1.D01=NO;R1.D03=NO;R2.D01=SI;R2.D02=SI;R2.D03=SI,MUNICIPIO30641,MUNICIPIO_SIN_CN_TRAB,Si,No,30641,,Regla 2 coherente para validaciones implementadas.
GPA-001__R2-001__R1-004__0203,GPA-001__R2-001__R1-004,02_inputs_xml_flat/GPA-001__R2-001__R1-004__0203.xml,PASS,INFO,R1.D01=NO;R1.D03=NO;R2.D01=SI;R2.D02=SI;R2.D03=SI,MUNICIPIO30642,MUNICIPIO_SIN_CN_TRAB,Si,No,30642,,Regla 2 coherente para validaciones implementadas.
GPA-001__R2-001__R1-004__0204,GPA-001__R2-001__R1-004,02_inputs_xml_flat/GPA-001__R2-001__R1-004__0204.xml,PASS,INFO,R1.D01=NO;R1.D03=NO;R2.D01=SI;R2.D02=SI;R2.D03=SI,MUNICIPIO30643,MUNICIPIO_SIN_CN_TRAB,Si,No,30643,,Regla 2 coherente para validaciones implementadas.
GPA-001__R2-001__R1-004__0205,GPA-001__R2-001__R1-004,02_inputs_xml_flat/GPA-001__R2-001__R1-004__0205.xml,PASS,INFO,R1.D01=NO;R1.D03=NO;R2.D01=SI;R2.D02=SI;R2.D03=SI,MUNICIPIO30641,MUNICIPIO_SIN_CN_TRAB,Si,No,30641,,Regla 2 coherente para validaciones implementadas.
GPA-001__R2-001__R1-004__0206,GPA-001__R2-001__R1-004,02_inputs_xml_flat/GPA-001__R2-001__R1-004__0206.xml,PASS,INFO,R1.D01=NO;R1.D03=NO;R2.D01=SI;R2.D02=SI;R2.D03=SI,MUNICIPIO30642,MUNICIPIO_SIN_CN_TRAB,Si,No,30642,,Regla 2 coherente para validaciones implementadas.
GPA-001__R2-001__R1-004__0207,GPA-001__R2-001__R1-004,02_inputs_xml_flat/GPA-001__R2-001__R1-004__0207.xml,PASS,INFO,R1.D01=NO;R1.D03=NO;R2.D01=SI;R2.D02=SI;R2.D03=SI,MUNICIPIO30643,MUNICIPIO_SIN_CN_TRAB,Si,No,30643,,Regla 2 coherente para validaciones implementadas.
GPA-001__R2-001__R1-004__0208,GPA-001__R2-001__R1-004,02_inputs_xml_flat/GPA-001__R2-001__R1-004__0208.xml,PASS,INFO,R1.D01=NO;R1.D03=NO;R2.D01=SI;R2.D02=SI;R2.D03=SI,MUNICIPIO30641,MUNICIPIO_SIN_CN_TRAB,Si,No,30641,,Regla 2 coherente para validaciones implementadas.
GPA-001__R2-001__R1-004__0209,GPA-001__R2-001__R1-004,02_inputs_xml_flat/GPA-001__R2-001__R1-004__0209.xml,PASS,INFO,R1.D01=NO;R1.D03=NO;R2.D01=SI;R2.D02=SI;R2.D03=SI,MUNICIPIO30642,MUNICIPIO_SIN_CN_TRAB,Si,No,30642,,Regla 2 coherente para validaciones implementadas.
GPA-001__R2-001__R1-004__0210,GPA-001__R2-001__R1-004,02_inputs_xml_flat/GPA-001__R2-001__R1-004__0210.xml,PASS,INFO,R1.D01=NO;R1.D03=NO;R2.D01=SI;R2.D02=SI;R2.D03=SI,MUNICIPIO30643,MUNICIPIO_SIN_CN_TRAB,Si,No,30643,,Regla 2 coherente para validaciones implementadas.
GPA-001__R2-001__R1-004__0211,GPA-001__R2-001__R1-004,02_inputs_xml_flat/GPA-001__R2-001__R1-004__0211.xml,PASS,INFO,R1.D01=NO;R1.D03=NO;R2.D01=SI;R2.D02=SI;R2.D03=SI,MUNICIPIO30641,MUNICIPIO_SIN_CN_TRAB,Si,No,30641,,Regla 2 coherente para validaciones implementadas.
GPA-001__R2-001__R1-004__0212,GPA-001__R2-001__R1-004,02_inputs_xml_flat/GPA-001__R2-001__R1-004__0212.xml,PASS,INFO,R1.D01=NO;R1.D03=NO;R2.D01=SI;R2.D02=SI;R2.D03=SI,MUNICIPIO30642,MUNICIPIO_SIN_CN_TRAB,Si,No,30642,,Regla 2 coherente para validaciones implementadas.
GPA-001__R2-001__R1-004__0213,GPA-001__R2-001__R1-004,02_inputs_xml_flat/GPA-001__R2-001__R1-004__0213.xml,PASS,INFO,R1.D01=NO;R1.D03=NO;R2.D01=SI;R2.D02=SI;R2.D03=SI,MUNICIPIO30643,MUNICIPIO_SIN_CN_TRAB,Si,No,30643,,Regla 2 coherente para validaciones implementadas.
GPA-001__R2-001__R1-004__0214,GPA-001__R2-001__R1-004,02_inputs_xml_flat/GPA-001__R2-001__R1-004__0214.xml,PASS,INFO,R1.D01=NO;R1.D03=NO;R2.D01=SI;R2.D02=SI;R2.D03=SI,MUNICIPIO30641,MUNICIPIO_SIN_CN_TRAB,Si,No,30641,,Regla 2 coherente para validaciones implementadas.
GPA-001__R2-001__R1-004__0215,GPA-001__R2-001__R1-004,02_inputs_xml_flat/GPA-001__R2-001__R1-004__0215.xml,PASS,INFO,R1.D01=NO;R1.D03=NO;R2.D01=SI;R2.D02=SI;R2.D03=SI,MUNICIPIO30642,MUNICIPIO_SIN_CN_TRAB,Si,No,30642,,Regla 2 coherente para validaciones implementadas.
GPA-001__R2-001__R1-004__0216,GPA-001__R2-001__R1-004,02_inputs_xml_flat/GPA-001__R2-001__R1-004__0216.xml,PASS,INFO,R1.D01=NO;R1.D03=NO;R2.D01=SI;R2.D02=SI;R2.D03=SI,MUNICIPIO30643,MUNICIPIO_SIN_CN_TRAB,Si,No,30643,,Regla 2 coherente para validaciones implementadas.
GPA-001__R2-001__R1-004__0217,GPA-001__R2-001__R1-004,02_inputs_xml_flat/GPA-001__R2-001__R1-004__0217.xml,PASS,INFO,R1.D01=NO;R1.D03=NO;R2.D01=SI;R2.D02=SI;R2.D03=SI,MUNICIPIO30641,MUNICIPIO_SIN_CN_TRAB,Si,No,30641,,Regla 2 coherente para validaciones implementadas.
GPA-001__R2-001__R1-004__0218,GPA-001__R2-001__R1-004,02_inputs_xml_flat/GPA-001__R2-001__R1-004__0218.xml,PASS,INFO,R1.D01=NO;R1.D03=NO;R2.D01=SI;R2.D02=SI;R2.D03=SI,MUNICIPIO30642,MUNICIPIO_SIN_CN_TRAB,Si,No,30642,,Regla 2 coherente para validaciones implementadas.
GPA-001__R2-001__R1-004__0219,GPA-001__R2-001__R1-004,02_inputs_xml_flat/GPA-001__R2-001__R1-004__0219.xml,PASS,INFO,R1.D01=NO;R1.D03=NO;R2.D01=SI;R2.D02=SI;R2.D03=SI,MUNICIPIO30643,MUNICIPIO_SIN_CN_TRAB,Si,No,30643,,Regla 2 coherente para validaciones implementadas.
GPA-001__R2-001__R1-004__0220,GPA-001__R2-001__R1-004,02_inputs_xml_flat/GPA-001__R2-001__R1-004__0220.xml,PASS,INFO,R1.D01=NO;R1.D03=NO;R2.D01=SI;R2.D02=SI;R2.D03=SI,MUNICIPIO30641,MUNICIPIO_SIN_CN_TRAB,Si,No,30641,,Regla 2 coherente para validaciones implementadas.
GPA-001__R2-001__R1-004__0221,GPA-001__R2-001__R1-004,02_inputs_xml_flat/GPA-001__R2-001__R1-004__0221.xml,PASS,INFO,R1.D01=NO;R1.D03=NO;R2.D01=SI;R2.D02=SI;R2.D03=SI,MUNICIPIO30642,MUNICIPIO_SIN_CN_TRAB,Si,No,30642,,Regla 2 coherente para validaciones implementadas.
GPA-001__R2-001__R1-004__0222,GPA-001__R2-001__R1-004,02_inputs_xml_flat/GPA-001__R2-001__R1-004__0222.xml,PASS,INFO,R1.D01=NO;R1.D03=NO;R2.D01=SI;R2.D02=SI;R2.D03=SI,MUNICIPIO30643,MUNICIPIO_SIN_CN_TRAB,Si,No,30643,,Regla 2 coherente para validaciones implementadas.
GPA-001__R2-001__R1-004__0223,GPA-001__R2-001__R1-004,02_inputs_xml_flat/GPA-001__R2-001__R1-004__0223.xml,PASS,INFO,R1.D01=NO;R1.D03=NO;R2.D01=SI;R2.D02=SI;R2.D03=SI,MUNICIPIO30641,MUNICIPIO_SIN_CN_TRAB,Si,No,30641,,Regla 2 coherente para validaciones implementadas.
GPA-001__R2-001__R1-004__0224,GPA-001__R2-001__R1-004,02_inputs_xml_flat/GPA-001__R2-001__R1-004__0224.xml,PASS,INFO,R1.D01=NO;R1.D03=NO;R2.D01=SI;R2.D02=SI;R2.D03=SI,MUNICIPIO30642,MUNICIPIO_SIN_CN_TRAB,Si,No,30642,,Regla 2 coherente para validaciones implementadas.
GPA-001__R2-001__R1-004__0225,GPA-001__R2-001__R1-004,02_inputs_xml_flat/GPA-001__R2-001__R1-004__0225.xml,PASS,INFO,R1.D01=NO;R1.D03=NO;R2.D01=SI;R2.D02=SI;R2.D03=SI,MUNICIPIO30643,MUNICIPIO_SIN_CN_TRAB,Si,No,30643,,Regla 2 coherente para validaciones implementadas.
GPA-001__R2-001__R1-004__0226,GPA-001__R2-001__R1-004,02_inputs_xml_flat/GPA-001__R2-001__R1-004__0226.xml,PASS,INFO,R1.D01=NO;R1.D03=NO;R2.D01=SI;R2.D02=SI;R2.D03=SI,MUNICIPIO30641,MUNICIPIO_SIN_CN_TRAB,Si,No,30641,,Regla 2 coherente para validaciones implementadas.
GPA-001__R2-001__R1-004__0227,GPA-001__R2-001__R1-004,02_inputs_xml_flat/GPA-001__R2-001__R1-004__0227.xml,PASS,INFO,R1.D01=NO;R1.D03=NO;R2.D01=SI;R2.D02=SI;R2.D03=SI,MUNICIPIO30642,MUNICIPIO_SIN_CN_TRAB,Si,No,30642,,Regla 2 coherente para validaciones implementadas.
GPA-001__R2-001__R1-004__0228,GPA-001__R2-001__R1-004,02_inputs_xml_flat/GPA-001__R2-001__R1-004__0228.xml,PASS,INFO,R1.D01=NO;R1.D03=NO;R2.D01=SI;R2.D02=SI;R2.D03=SI,MUNICIPIO30643,MUNICIPIO_SIN_CN_TRAB,Si,No,30643,,Regla 2 coherente para validaciones implementadas.
GPA-001__R2-001__R1-004__0229,GPA-001__R2-001__R1-004,02_inputs_xml_flat/GPA-001__R2-001__R1-004__0229.xml,PASS,INFO,R1.D01=NO;R1.D03=NO;R2.D01=SI;R2.D02=SI;R2.D03=SI,MUNICIPIO30641,MUNICIPIO_SIN_CN_TRAB,Si,No,30641,,Regla 2 coherente para validaciones implementadas.
GPA-001__R2-001__R1-004__0230,GPA-001__R2-001__R1-004,02_inputs_xml_flat/GPA-001__R2-001__R1-004__0230.xml,PASS,INFO,R1.D01=NO;R1.D03=NO;R2.D01=SI;R2.D02=SI;R2.D03=SI,MUNICIPIO30642,MUNICIPIO_SIN_CN_TRAB,Si,No,30642,,Regla 2 coherente para validaciones implementadas.
GPA-001__R2-001__R1-004__0231,GPA-001__R2-001__R1-004,02_inputs_xml_flat/GPA-001__R2-001__R1-004__0231.xml,PASS,INFO,R1.D01=NO;R1.D03=NO;R2.D01=SI;R2.D02=SI;R2.D03=SI,MUNICIPIO30643,MUNICIPIO_SIN_CN_TRAB,Si,No,30643,,Regla 2 coherente para validaciones implementadas.
GPA-001__R2-001__R1-004__0232,GPA-001__R2-001__R1-004,02_inputs_xml_flat/GPA-001__R2-001__R1-004__0232.xml,PASS,INFO,R1.D01=NO;R1.D03=NO;R2.D01=SI;R2.D02=SI;R2.D03=SI,MUNICIPIO30641,MUNICIPIO_SIN_CN_TRAB,Si,No,30641,,Regla 2 coherente para validaciones implementadas.
GPA-001__R2-001__R1-004__0233,GPA-001__R2-001__R1-004,02_inputs_xml_flat/GPA-001__R2-001__R1-004__0233.xml,PASS,INFO,R1.D01=NO;R1.D03=NO;R2.D01=SI;R2.D02=SI;R2.D03=SI,MUNICIPIO30642,MUNICIPIO_SIN_CN_TRAB,Si,No,30642,,Regla 2 coherente para validaciones implementadas.
GPA-001__R2-001__R1-004__0234,GPA-001__R2-001__R1-004,02_inputs_xml_flat/GPA-001__R2-001__R1-004__0234.xml,PASS,INFO,R1.D01=NO;R1.D03=NO;R2.D01=SI;R2.D02=SI;R2.D03=SI,MUNICIPIO30643,MUNICIPIO_SIN_CN_TRAB,Si,No,30643,,Regla 2 coherente para validaciones implementadas.
GPA-001__R2-001__R1-004__0235,GPA-001__R2-001__R1-004,02_inputs_xml_flat/GPA-001__R2-001__R1-004__0235.xml,PASS,INFO,R1.D01=NO;R1.D03=NO;R2.D01=SI;R2.D02=SI;R2.D03=SI,MUNICIPIO30641,MUNICIPIO_SIN_CN_TRAB,Si,No,30641,,Regla 2 coherente para validaciones implementadas.
GPA-001__R2-001__R1-004__0236,GPA-001__R2-001__R1-004,02_inputs_xml_flat/GPA-001__R2-001__R1-004__0236.xml,PASS,INFO,R1.D01=NO;R1.D03=NO;R2.D01=SI;R2.D02=SI;R2.D03=SI,MUNICIPIO30642,MUNICIPIO_SIN_CN_TRAB,Si,No,30642,,Regla 2 coherente para validaciones implementadas.
GPA-001__R2-001__R1-004__0237,GPA-001__R2-001__R1-004,02_inputs_xml_flat/GPA-001__R2-001__R1-004__0237.xml,PASS,INFO,R1.D01=NO;R1.D03=NO;R2.D01=SI;R2.D02=SI;R2.D03=SI,MUNICIPIO30643,MUNICIPIO_SIN_CN_TRAB,Si,No,30643,,Regla 2 coherente para validaciones implementadas.
GPA-001__R2-001__R1-004__0238,GPA-001__R2-001__R1-004,02_inputs_xml_flat/GPA-001__R2-001__R1-004__0238.xml,PASS,INFO,R1.D01=NO;R1.D03=NO;R2.D01=SI;R2.D02=SI;R2.D03=SI,MUNICIPIO30641,MUNICIPIO_SIN_CN_TRAB,Si,No,30641,,Regla 2 coherente para validaciones implementadas.
GPA-001__R2-001__R1-004__0239,GPA-001__R2-001__R1-004,02_inputs_xml_flat/GPA-001__R2-001__R1-004__0239.xml,PASS,INFO,R1.D01=NO;R1.D03=NO;R2.D01=SI;R2.D02=SI;R2.D03=SI,MUNICIPIO30642,MUNICIPIO_SIN_CN_TRAB,Si,No,30642,,Regla 2 coherente para validaciones implementadas.
GPA-001__R2-001__R1-004__0240,GPA-001__R2-001__R1-004,02_inputs_xml_flat/GPA-001__R2-001__R1-004__0240.xml,PASS,INFO,R1.D01=NO;R1.D03=NO;R2.D01=SI;R2.D02=SI;R2.D03=SI,MUNICIPIO30643,MUNICIPIO_SIN_CN_TRAB,Si,No,30643,,Regla 2 coherente para validaciones implementadas.
GPA-001__R2-001__R1-004__0241,GPA-001__R2-001__R1-004,02_inputs_xml_flat/GPA-001__R2-001__R1-004__0241.xml,PASS,INFO,R1.D01=NO;R1.D03=NO;R2.D01=SI;R2.D02=SI;R2.D03=SI,MUNICIPIO30641,MUNICIPIO_SIN_CN_TRAB,Si,No,30641,,Regla 2 coherente para validaciones implementadas.
GPA-001__R2-001__R1-004__0242,GPA-001__R2-001__R1-004,02_inputs_xml_flat/GPA-001__R2-001__R1-004__0242.xml,PASS,INFO,R1.D01=NO;R1.D03=NO;R2.D01=SI;R2.D02=SI;R2.D03=SI,MUNICIPIO30642,MUNICIPIO_SIN_CN_TRAB,Si,No,30642,,Regla 2 coherente para validaciones implementadas.
GPA-001__R2-001__R1-004__0243,GPA-001__R2-001__R1-004,02_inputs_xml_flat/GPA-001__R2-001__R1-004__0243.xml,PASS,INFO,R1.D01=NO;R1.D03=NO;R2.D01=SI;R2.D02=SI;R2.D03=SI,MUNICIPIO30643,MUNICIPIO_SIN_CN_TRAB,Si,No,30643,,Regla 2 coherente para validaciones implementadas.
GPA-001__R2-001__R1-004__0244,GPA-001__R2-001__R1-004,02_inputs_xml_flat/GPA-001__R2-001__R1-004__0244.xml,PASS,INFO,R1.D01=NO;R1.D03=NO;R2.D01=SI;R2.D02=SI;R2.D03=SI,MUNICIPIO30641,MUNICIPIO_SIN_CN_TRAB,Si,No,30641,,Regla 2 coherente para validaciones implementadas.
GPA-001__R2-001__R1-004__0245,GPA-001__R2-001__R1-004,02_inputs_xml_flat/GPA-001__R2-001__R1-004__0245.xml,PASS,INFO,R1.D01=NO;R1.D03=NO;R2.D01=SI;R2.D02=SI;R2.D03=SI,MUNICIPIO30642,MUNICIPIO_SIN_CN_TRAB,Si,No,30642,,Regla 2 coherente para validaciones implementadas.
GPA-001__R2-001__R1-004__0246,GPA-001__R2-001__R1-004,02_inputs_xml_flat/GPA-001__R2-001__R1-004__0246.xml,PASS,INFO,R1.D01=NO;R1.D03=NO;R2.D01=SI;R2.D02=SI;R2.D03=SI,MUNICIPIO30643,MUNICIPIO_SIN_CN_TRAB,Si,No,30643,,Regla 2 coherente para validaciones implementadas.
GPA-001__R2-001__R1-004__0247,GPA-001__R2-001__R1-004,02_inputs_xml_flat/GPA-001__R2-001__R1-004__0247.xml,PASS,INFO,R1.D01=NO;R1.D03=NO;R2.D01=SI;R2.D02=SI;R2.D03=SI,MUNICIPIO30641,MUNICIPIO_SIN_CN_TRAB,Si,No,30641,,Regla 2 coherente para validaciones implementadas.
GPA-001__R2-001__R1-004__0248,GPA-001__R2-001__R1-004,02_inputs_xml_flat/GPA-001__R2-001__R1-004__0248.xml,PASS,INFO,R1.D01=NO;R1.D03=NO;R2.D01=SI;R2.D02=SI;R2.D03=SI,MUNICIPIO30642,MUNICIPIO_SIN_CN_TRAB,Si,No,30642,,Regla 2 coherente para validaciones implementadas.
GPA-001__R2-001__R1-004__0249,GPA-001__R2-001__R1-004,02_inputs_xml_flat/GPA-001__R2-001__R1-004__0249.xml,PASS,INFO,R1.D01=NO;R1.D03=NO;R2.D01=SI;R2.D02=SI;R2.D03=SI,MUNICIPIO30643,MUNICIPIO_SIN_CN_TRAB,Si,No,30643,,Regla 2 coherente para validaciones implementadas.
GPA-001__R2-001__R1-004__0250,GPA-001__R2-001__R1-004,02_inputs_xml_flat/GPA-001__R2-001__R1-004__0250.xml,PASS,INFO,R1.D01=NO;R1.D03=NO;R2.D01=SI;R2.D02=SI;R2.D03=SI,MUNICIPIO30641,MUNICIPIO_SIN_CN_TRAB,Si,No,30641,,Regla 2 coherente para validaciones implementadas.
GPA-001__R2-001__R1-004__0251,GPA-001__R2-001__R1-004,02_inputs_xml_flat/GPA-001__R2-001__R1-004__0251.xml,PASS,INFO,R1.D01=NO;R1.D03=NO;R2.D01=SI;R2.D02=SI;R2.D03=SI,MUNICIPIO30642,MUNICIPIO_SIN_CN_TRAB,Si,No,30642,,Regla 2 coherente para validaciones implementadas.
GPA-001__R2-001__R1-004__0252,GPA-001__R2-001__R1-004,02_inputs_xml_flat/GPA-001__R2-001__R1-004__0252.xml,PASS,INFO,R1.D01=NO;R1.D03=NO;R2.D01=SI;R2.D02=SI;R2.D03=SI,MUNICIPIO30643,MUNICIPIO_SIN_CN_TRAB,Si,No,30643,,Regla 2 coherente para validaciones implementadas.
GPA-001__R2-001__R1-004__0253,GPA-001__R2-001__R1-004,02_inputs_xml_flat/GPA-001__R2-001__R1-004__0253.xml,PASS,INFO,R1.D01=NO;R1.D03=NO;R2.D01=SI;R2.D02=SI;R2.D03=SI,MUNICIPIO30641,MUNICIPIO_SIN_CN_TRAB,Si,No,30641,,Regla 2 coherente para validaciones implementadas.
GPA-001__R2-001__R1-004__0254,GPA-001__R2-001__R1-004,02_inputs_xml_flat/GPA-001__R2-001__R1-004__0254.xml,PASS,INFO,R1.D01=NO;R1.D03=NO;R2.D01=SI;R2.D02=SI;R2.D03=SI,MUNICIPIO30642,MUNICIPIO_SIN_CN_TRAB,Si,No,30642,,Regla 2 coherente para validaciones implementadas.
GPA-001__R2-001__R1-004__0255,GPA-001__R2-001__R1-004,02_inputs_xml_flat/GPA-001__R2-001__R1-004__0255.xml,PASS,INFO,R1.D01=NO;R1.D03=NO;R2.D01=SI;R2.D02=SI;R2.D03=SI,MUNICIPIO30643,MUNICIPIO_SIN_CN_TRAB,Si,No,30643,,Regla 2 coherente para validaciones implementadas.
GPA-001__R2-001__R1-004__0256,GPA-001__R2-001__R1-004,02_inputs_xml_flat/GPA-001__R2-001__R1-004__0256.xml,PASS,INFO,R1.D01=NO;R1.D03=NO;R2.D01=SI;R2.D02=SI;R2.D03=SI,MUNICIPIO30641,MUNICIPIO_SIN_CN_TRAB,Si,No,30641,,Regla 2 coherente para validaciones implementadas.
GPA-001__R2-001__R1-004__0257,GPA-001__R2-001__R1-004,02_inputs_xml_flat/GPA-001__R2-001__R1-004__0257.xml,PASS,INFO,R1.D01=NO;R1.D03=NO;R2.D01=SI;R2.D02=SI;R2.D03=SI,MUNICIPIO30642,MUNICIPIO_SIN_CN_TRAB,Si,No,30642,,Regla 2 coherente para validaciones implementadas.
GPA-001__R2-001__R1-004__0258,GPA-001__R2-001__R1-004,02_inputs_xml_flat/GPA-001__R2-001__R1-004__0258.xml,PASS,INFO,R1.D01=NO;R1.D03=NO;R2.D01=SI;R2.D02=SI;R2.D03=SI,MUNICIPIO30643,MUNICIPIO_SIN_CN_TRAB,Si,No,30643,,Regla 2 coherente para validaciones implementadas.
GPA-001__R2-001__R1-004__0259,GPA-001__R2-001__R1-004,02_inputs_xml_flat/GPA-001__R2-001__R1-004__0259.xml,PASS,INFO,R1.D01=NO;R1.D03=NO;R2.D01=SI;R2.D02=SI;R2.D03=SI,MUNICIPIO30641,MUNICIPIO_SIN_CN_TRAB,Si,No,30641,,Regla 2 coherente para validaciones implementadas.
GPA-001__R2-001__R1-004__0260,GPA-001__R2-001__R1-004,02_inputs_xml_flat/GPA-001__R2-001__R1-004__0260.xml,PASS,INFO,R1.D01=NO;R1.D03=NO;R2.D01=SI;R2.D02=SI;R2.D03=SI,MUNICIPIO30642,MUNICIPIO_SIN_CN_TRAB,Si,No,30642,,Regla 2 coherente para validaciones implementadas.
GPA-001__R2-001__R1-004__0261,GPA-001__R2-001__R1-004,02_inputs_xml_flat/GPA-001__R2-001__R1-004__0261.xml,PASS,INFO,R1.D01=NO;R1.D03=NO;R2.D01=SI;R2.D02=SI;R2.D03=SI,MUNICIPIO30643,MUNICIPIO_SIN_CN_TRAB,Si,No,30643,,Regla 2 coherente para validaciones implementadas.
GPA-001__R2-001__R1-004__0262,GPA-001__R2-001__R1-004,02_inputs_xml_flat/GPA-001__R2-001__R1-004__0262.xml,PASS,INFO,R1.D01=NO;R1.D03=NO;R2.D01=SI;R2.D02=SI;R2.D03=SI,MUNICIPIO30641,MUNICIPIO_SIN_CN_TRAB,Si,No,30641,,Regla 2 coherente para validaciones implementadas.
GPA-001__R2-001__R1-004__0263,GPA-001__R2-001__R1-004,02_inputs_xml_flat/GPA-001__R2-001__R1-004__0263.xml,PASS,INFO,R1.D01=NO;R1.D03=NO;R2.D01=SI;R2.D02=SI;R2.D03=SI,MUNICIPIO30642,MUNICIPIO_SIN_CN_TRAB,Si,No,30642,,Regla 2 coherente para validaciones implementadas.
GPA-001__R2-001__R1-004__0264,GPA-001__R2-001__R1-004,02_inputs_xml_flat/GPA-001__R2-001__R1-004__0264.xml,PASS,INFO,R1.D01=NO;R1.D03=NO;R2.D01=SI;R2.D02=SI;R2.D03=SI,MUNICIPIO30643,MUNICIPIO_SIN_CN_TRAB,Si,No,30643,,Regla 2 coherente para validaciones implementadas.
GPA-001__R2-001__R1-004__0265,GPA-001__R2-001__R1-004,02_inputs_xml_flat/GPA-001__R2-001__R1-004__0265.xml,PASS,INFO,R1.D01=NO;R1.D03=NO;R2.D01=SI;R2.D02=SI;R2.D03=SI,MUNICIPIO30641,MUNICIPIO_SIN_CN_TRAB,Si,No,30641,,Regla 2 coherente para validaciones implementadas.
GPA-001__R2-001__R1-004__0266,GPA-001__R2-001__R1-004,02_inputs_xml_flat/GPA-001__R2-001__R1-004__0266.xml,PASS,INFO,R1.D01=NO;R1.D03=NO;R2.D01=SI;R2.D02=SI;R2.D03=SI,MUNICIPIO30642,MUNICIPIO_SIN_CN_TRAB,Si,No,30642,,Regla 2 coherente para validaciones implementadas.
GPA-001__R2-001__R1-004__0267,GPA-001__R2-001__R1-004,02_inputs_xml_flat/GPA-001__R2-001__R1-004__0267.xml,PASS,INFO,R1.D01=NO;R1.D03=NO;R2.D01=SI;R2.D02=SI;R2.D03=SI,MUNICIPIO30643,MUNICIPIO_SIN_CN_TRAB,Si,No,30643,,Regla 2 coherente para validaciones implementadas.
GPA-001__R2-001__R1-004__0268,GPA-001__R2-001__R1-004,02_inputs_xml_flat/GPA-001__R2-001__R1-004__0268.xml,PASS,INFO,R1.D01=NO;R1.D03=NO;R2.D01=SI;R2.D02=SI;R2.D03=SI,MUNICIPIO30641,MUNICIPIO_SIN_CN_TRAB,Si,No,30641,,Regla 2 coherente para validaciones implementadas.
GPA-001__R2-001__R1-004__0269,GPA-001__R2-001__R1-004,02_inputs_xml_flat/GPA-001__R2-001__R1-004__0269.xml,PASS,INFO,R1.D01=NO;R1.D03=NO;R2.D01=SI;R2.D02=SI;R2.D03=SI,MUNICIPIO30642,MUNICIPIO_SIN_CN_TRAB,Si,No,30642,,Regla 2 coherente para validaciones implementadas.
GPA-001__R2-001__R1-004__0270,GPA-001__R2-001__R1-004,02_inputs_xml_flat/GPA-001__R2-001__R1-004__0270.xml,PASS,INFO,R1.D01=NO;R1.D03=NO;R2.D01=SI;R2.D02=SI;R2.D03=SI,MUNICIPIO30643,MUNICIPIO_SIN_CN_TRAB,Si,No,30643,,Regla 2 coherente para validaciones implementadas.
GPA-001__R2-001__R1-004__0271,GPA-001__R2-001__R1-004,02_inputs_xml_flat/GPA-001__R2-001__R1-004__0271.xml,PASS,INFO,R1.D01=NO;R1.D03=NO;R2.D01=SI;R2.D02=SI;R2.D03=SI,MUNICIPIO30641,MUNICIPIO_SIN_CN_TRAB,Si,No,30641,,Regla 2 coherente para validaciones implementadas.
GPA-001__R2-001__R1-004__0272,GPA-001__R2-001__R1-004,02_inputs_xml_flat/GPA-001__R2-001__R1-004__0272.xml,PASS,INFO,R1.D01=NO;R1.D03=NO;R2.D01=SI;R2.D02=SI;R2.D03=SI,MUNICIPIO30642,MUNICIPIO_SIN_CN_TRAB,Si,No,30642,,Regla 2 coherente para validaciones implementadas.
GPA-001__R2-001__R1-004__0273,GPA-001__R2-001__R1-004,02_inputs_xml_flat/GPA-001__R2-001__R1-004__0273.xml,PASS,INFO,R1.D01=NO;R1.D03=NO;R2.D01=SI;R2.D02=SI;R2.D03=SI,MUNICIPIO30643,MUNICIPIO_SIN_CN_TRAB,Si,No,30643,,Regla 2 coherente para validaciones implementadas.
GPA-001__R2-001__R1-004__0274,GPA-001__R2-001__R1-004,02_inputs_xml_flat/GPA-001__R2-001__R1-004__0274.xml,PASS,INFO,R1.D01=NO;R1.D03=NO;R2.D01=SI;R2.D02=SI;R2.D03=SI,MUNICIPIO30641,MUNICIPIO_SIN_CN_TRAB,Si,No,30641,,Regla 2 coherente para validaciones implementadas.
GPA-001__R2-001__R1-004__0275,GPA-001__R2-001__R1-004,02_inputs_xml_flat/GPA-001__R2-001__R1-004__0275.xml,PASS,INFO,R1.D01=NO;R1.D03=NO;R2.D01=SI;R2.D02=SI;R2.D03=SI,MUNICIPIO30642,MUNICIPIO_SIN_CN_TRAB,Si,No,30642,,Regla 2 coherente para validaciones implementadas.
GPA-001__R2-001__R1-004__0276,GPA-001__R2-001__R1-004,02_inputs_xml_flat/GPA-001__R2-001__R1-004__0276.xml,PASS,INFO,R1.D01=NO;R1.D03=NO;R2.D01=SI;R2.D02=SI;R2.D03=SI,MUNICIPIO30643,MUNICIPIO_SIN_CN_TRAB,Si,No,30643,,Regla 2 coherente para validaciones implementadas.
GPA-001__R2-001__R1-004__0277,GPA-001__R2-001__R1-004,02_inputs_xml_flat/GPA-001__R2-001__R1-004__0277.xml,PASS,INFO,R1.D01=NO;R1.D03=NO;R2.D01=SI;R2.D02=SI;R2.D03=SI,MUNICIPIO30641,MUNICIPIO_SIN_CN_TRAB,Si,No,30641,,Regla 2 coherente para validaciones implementadas.
GPA-001__R2-001__R1-004__0278,GPA-001__R2-001__R1-004,02_inputs_xml_flat/GPA-001__R2-001__R1-004__0278.xml,PASS,INFO,R1.D01=NO;R1.D03=NO;R2.D01=SI;R2.D02=SI;R2.D03=SI,MUNICIPIO30642,MUNICIPIO_SIN_CN_TRAB,Si,No,30642,,Regla 2 coherente para validaciones implementadas.
GPA-001__R2-001__R1-004__0279,GPA-001__R2-001__R1-004,02_inputs_xml_flat/GPA-001__R2-001__R1-004__0279.xml,PASS,INFO,R1.D01=NO;R1.D03=NO;R2.D01=SI;R2.D02=SI;R2.D03=SI,MUNICIPIO30643,MUNICIPIO_SIN_CN_TRAB,Si,No,30643,,Regla 2 coherente para validaciones implementadas.
GPA-001__R2-001__R1-004__0280,GPA-001__R2-001__R1-004,02_inputs_xml_flat/GPA-001__R2-001__R1-004__0280.xml,PASS,INFO,R1.D01=NO;R1.D03=NO;R2.D01=SI;R2.D02=SI;R2.D03=SI,MUNICIPIO30641,MUNICIPIO_SIN_CN_TRAB,Si,No,30641,,Regla 2 coherente para validaciones implementadas.
GPA-001__R2-001__R1-004__0281,GPA-001__R2-001__R1-004,02_inputs_xml_flat/GPA-001__R2-001__R1-004__0281.xml,PASS,INFO,R1.D01=NO;R1.D03=NO;R2.D01=SI;R2.D02=SI;R2.D03=SI,MUNICIPIO30642,MUNICIPIO_SIN_CN_TRAB,Si,No,30642,,Regla 2 coherente para validaciones implementadas.
GPA-001__R2-001__R1-004__0282,GPA-001__R2-001__R1-004,02_inputs_xml_flat/GPA-001__R2-001__R1-004__0282.xml,PASS,INFO,R1.D01=NO;R1.D03=NO;R2.D01=SI;R2.D02=SI;R2.D03=SI,MUNICIPIO30643,MUNICIPIO_SIN_CN_TRAB,Si,No,30643,,Regla 2 coherente para validaciones implementadas.
GPA-001__R2-001__R1-004__0283,GPA-001__R2-001__R1-004,02_inputs_xml_flat/GPA-001__R2-001__R1-004__0283.xml,PASS,INFO,R1.D01=NO;R1.D03=NO;R2.D01=SI;R2.D02=SI;R2.D03=SI,MUNICIPIO30641,MUNICIPIO_SIN_CN_TRAB,Si,No,30641,,Regla 2 coherente para validaciones implementadas.
GPA-001__R2-001__R1-004__0284,GPA-001__R2-001__R1-004,02_inputs_xml_flat/GPA-001__R2-001__R1-004__0284.xml,PASS,INFO,R1.D01=NO;R1.D03=NO;R2.D01=SI;R2.D02=SI;R2.D03=SI,MUNICIPIO30642,MUNICIPIO_SIN_CN_TRAB,Si,No,30642,,Regla 2 coherente para validaciones implementadas.
GPA-001__R2-001__R1-004__0285,GPA-001__R2-001__R1-004,02_inputs_xml_flat/GPA-001__R2-001__R1-004__0285.xml,PASS,INFO,R1.D01=NO;R1.D03=NO;R2.D01=SI;R2.D02=SI;R2.D03=SI,MUNICIPIO30643,MUNICIPIO_SIN_CN_TRAB,Si,No,30643,,Regla 2 coherente para validaciones implementadas.
GPA-001__R2-001__R1-004__0286,GPA-001__R2-001__R1-004,02_inputs_xml_flat/GPA-001__R2-001__R1-004__0286.xml,PASS,INFO,R1.D01=NO;R1.D03=NO;R2.D01=SI;R2.D02=SI;R2.D03=SI,MUNICIPIO30641,MUNICIPIO_SIN_CN_TRAB,Si,No,30641,,Regla 2 coherente para validaciones implementadas.
GPA-001__R2-001__R1-004__0287,GPA-001__R2-001__R1-004,02_inputs_xml_flat/GPA-001__R2-001__R1-004__0287.xml,PASS,INFO,R1.D01=NO;R1.D03=NO;R2.D01=SI;R2.D02=SI;R2.D03=SI,MUNICIPIO30642,MUNICIPIO_SIN_CN_TRAB,Si,No,30642,,Regla 2 coherente para validaciones implementadas.
GPA-001__R2-001__R1-004__0288,GPA-001__R2-001__R1-004,02_inputs_xml_flat/GPA-001__R2-001__R1-004__0288.xml,PASS,INFO,R1.D01=NO;R1.D03=NO;R2.D01=SI;R2.D02=SI;R2.D03=SI,MUNICIPIO30643,MUNICIPIO_SIN_CN_TRAB,Si,No,30643,,Regla 2 coherente para validaciones implementadas.
GPA-001__R2-001__R1-004__0289,GPA-001__R2-001__R1-004,02_inputs_xml_flat/GPA-001__R2-001__R1-004__0289.xml,PASS,INFO,R1.D01=NO;R1.D03=NO;R2.D01=SI;R2.D02=SI;R2.D03=SI,MUNICIPIO30641,MUNICIPIO_SIN_CN_TRAB,Si,No,30641,,Regla 2 coherente para validaciones implementadas.
GPA-001__R2-001__R1-004__0290,GPA-001__R2-001__R1-004,02_inputs_xml_flat/GPA-001__R2-001__R1-004__0290.xml,PASS,INFO,R1.D01=NO;R1.D03=NO;R2.D01=SI;R2.D02=SI;R2.D03=SI,MUNICIPIO30642,MUNICIPIO_SIN_CN_TRAB,Si,No,30642,,Regla 2 coherente para validaciones implementadas.
GPA-001__R2-001__R1-004__0291,GPA-001__R2-001__R1-004,02_inputs_xml_flat/GPA-001__R2-001__R1-004__0291.xml,PASS,INFO,R1.D01=NO;R1.D03=NO;R2.D01=SI;R2.D02=SI;R2.D03=SI,MUNICIPIO30643,MUNICIPIO_SIN_CN_TRAB,Si,No,30643,,Regla 2 coherente para validaciones implementadas.
GPA-001__R2-001__R1-004__0292,GPA-001__R2-001__R1-004,02_inputs_xml_flat/GPA-001__R2-001__R1-004__0292.xml,PASS,INFO,R1.D01=NO;R1.D03=NO;R2.D01=SI;R2.D02=SI;R2.D03=SI,MUNICIPIO30641,MUNICIPIO_SIN_CN_TRAB,Si,No,30641,,Regla 2 coherente para validaciones implementadas.
GPA-001__R2-001__R1-004__0293,GPA-001__R2-001__R1-004,02_inputs_xml_flat/GPA-001__R2-001__R1-004__0293.xml,PASS,INFO,R1.D01=NO;R1.D03=NO;R2.D01=SI;R2.D02=SI;R2.D03=SI,MUNICIPIO30642,MUNICIPIO_SIN_CN_TRAB,Si,No,30642,,Regla 2 coherente para validaciones implementadas.
GPA-001__R2-001__R1-004__0294,GPA-001__R2-001__R1-004,02_inputs_xml_flat/GPA-001__R2-001__R1-004__0294.xml,PASS,INFO,R1.D01=NO;R1.D03=NO;R2.D01=SI;R2.D02=SI;R2.D03=SI,MUNICIPIO30643,MUNICIPIO_SIN_CN_TRAB,Si,No,30643,,Regla 2 coherente para validaciones implementadas.
GPA-001__R2-001__R1-004__0295,GPA-001__R2-001__R1-004,02_inputs_xml_flat/GPA-001__R2-001__R1-004__0295.xml,PASS,INFO,R1.D01=NO;R1.D03=NO;R2.D01=SI;R2.D02=SI;R2.D03=SI,MUNICIPIO30641,MUNICIPIO_SIN_CN_TRAB,Si,No,30641,,Regla 2 coherente para validaciones implementadas.
GPA-001__R2-001__R1-004__0296,GPA-001__R2-001__R1-004,02_inputs_xml_flat/GPA-001__R2-001__R1-004__0296.xml,PASS,INFO,R1.D01=NO;R1.D03=NO;R2.D01=SI;R2.D02=SI;R2.D03=SI,MUNICIPIO30642,MUNICIPIO_SIN_CN_TRAB,Si,No,30642,,Regla 2 coherente para validaciones implementadas.
GPA-001__R2-001__R1-004__0297,GPA-001__R2-001__R1-004,02_inputs_xml_flat/GPA-001__R2-001__R1-004__0297.xml,PASS,INFO,R1.D01=NO;R1.D03=NO;R2.D01=SI;R2.D02=SI;R2.D03=SI,MUNICIPIO30643,MUNICIPIO_SIN_CN_TRAB,Si,No,30643,,Regla 2 coherente para validaciones implementadas.
GPA-001__R2-001__R1-004__0298,GPA-001__R2-001__R1-004,02_inputs_xml_flat/GPA-001__R2-001__R1-004__0298.xml,PASS,INFO,R1.D01=NO;R1.D03=NO;R2.D01=SI;R2.D02=SI;R2.D03=SI,MUNICIPIO30641,MUNICIPIO_SIN_CN_TRAB,Si,No,30641,,Regla 2 coherente para validaciones implementadas.
GPA-001__R2-001__R1-004__0299,GPA-001__R2-001__R1-004,02_inputs_xml_flat/GPA-001__R2-001__R1-004__0299.xml,PASS,INFO,R1.D01=NO;R1.D03=NO;R2.D01=SI;R2.D02=SI;R2.D03=SI,MUNICIPIO30642,MUNICIPIO_SIN_CN_TRAB,Si,No,30642,,Regla 2 coherente para validaciones implementadas.
GPA-001__R2-001__R1-004__0300,GPA-001__R2-001__R1-004,02_inputs_xml_flat/GPA-001__R2-001__R1-004__0300.xml,PASS,INFO,R1.D01=NO;R1.D03=NO;R2.D01=SI;R2.D02=SI;R2.D03=SI,MUNICIPIO30643,MUNICIPIO_SIN_CN_TRAB,Si,No,30643,,Regla 2 coherente para validaciones implementadas.
GPA-001__R2-001__R1-004__0301,GPA-001__R2-001__R1-004,02_inputs_xml_flat/GPA-001__R2-001__R1-004__0301.xml,PASS,INFO,R1.D01=NO;R1.D03=NO;R2.D01=SI;R2.D02=SI;R2.D03=SI,MUNICIPIO30641,MUNICIPIO_SIN_CN_TRAB,Si,No,30641,,Regla 2 coherente para validaciones implementadas.
GPA-001__R2-001__R1-004__0302,GPA-001__R2-001__R1-004,02_inputs_xml_flat/GPA-001__R2-001__R1-004__0302.xml,PASS,INFO,R1.D01=NO;R1.D03=NO;R2.D01=SI;R2.D02=SI;R2.D03=SI,MUNICIPIO30642,MUNICIPIO_SIN_CN_TRAB,Si,No,30642,,Regla 2 coherente para validaciones implementadas.
GPA-001__R2-001__R1-004__0303,GPA-001__R2-001__R1-004,02_inputs_xml_flat/GPA-001__R2-001__R1-004__0303.xml,PASS,INFO,R1.D01=NO;R1.D03=NO;R2.D01=SI;R2.D02=SI;R2.D03=SI,MUNICIPIO30643,MUNICIPIO_SIN_CN_TRAB,Si,No,30643,,Regla 2 coherente para validaciones implementadas.
GPA-001__R2-001__R1-004__0304,GPA-001__R2-001__R1-004,02_inputs_xml_flat/GPA-001__R2-001__R1-004__0304.xml,PASS,INFO,R1.D01=NO;R1.D03=NO;R2.D01=SI;R2.D02=SI;R2.D03=SI,MUNICIPIO30641,MUNICIPIO_SIN_CN_TRAB,Si,No,30641,,Regla 2 coherente para validaciones implementadas.
GPA-001__R2-001__R1-004__0305,GPA-001__R2-001__R1-004,02_inputs_xml_flat/GPA-001__R2-001__R1-004__0305.xml,PASS,INFO,R1.D01=NO;R1.D03=NO;R2.D01=SI;R2.D02=SI;R2.D03=SI,MUNICIPIO30642,MUNICIPIO_SIN_CN_TRAB,Si,No,30642,,Regla 2 coherente para validaciones implementadas.
GPA-001__R2-001__R1-004__0306,GPA-001__R2-001__R1-004,02_inputs_xml_flat/GPA-001__R2-001__R1-004__0306.xml,PASS,INFO,R1.D01=NO;R1.D03=NO;R2.D01=SI;R2.D02=SI;R2.D03=SI,MUNICIPIO30643,MUNICIPIO_SIN_CN_TRAB,Si,No,30643,,Regla 2 coherente para validaciones implementadas.
GPA-001__R2-001__R1-004__0307,GPA-001__R2-001__R1-004,02_inputs_xml_flat/GPA-001__R2-001__R1-004__0307.xml,PASS,INFO,R1.D01=NO;R1.D03=NO;R2.D01=SI;R2.D02=SI;R2.D03=SI,MUNICIPIO30641,MUNICIPIO_SIN_CN_TRAB,Si,No,30641,,Regla 2 coherente para validaciones implementadas.
GPA-001__R2-001__R1-004__0308,GPA-001__R2-001__R1-004,02_inputs_xml_flat/GPA-001__R2-001__R1-004__0308.xml,PASS,INFO,R1.D01=NO;R1.D03=NO;R2.D01=SI;R2.D02=SI;R2.D03=SI,MUNICIPIO30642,MUNICIPIO_SIN_CN_TRAB,Si,No,30642,,Regla 2 coherente para validaciones implementadas.
GPA-001__R2-001__R1-004__0309,GPA-001__R2-001__R1-004,02_inputs_xml_flat/GPA-001__R2-001__R1-004__0309.xml,PASS,INFO,R1.D01=NO;R1.D03=NO;R2.D01=SI;R2.D02=SI;R2.D03=SI,MUNICIPIO30643,MUNICIPIO_SIN_CN_TRAB,Si,No,30643,,Regla 2 coherente para validaciones implementadas.
GPA-001__R2-001__R1-004__0310,GPA-001__R2-001__R1-004,02_inputs_xml_flat/GPA-001__R2-001__R1-004__0310.xml,PASS,INFO,R1.D01=NO;R1.D03=NO;R2.D01=SI;R2.D02=SI;R2.D03=SI,MUNICIPIO30641,MUNICIPIO_SIN_CN_TRAB,Si,No,30641,,Regla 2 coherente para validaciones implementadas.
GPA-001__R2-001__R1-004__0311,GPA-001__R2-001__R1-004,02_inputs_xml_flat/GPA-001__R2-001__R1-004__0311.xml,PASS,INFO,R1.D01=NO;R1.D03=NO;R2.D01=SI;R2.D02=SI;R2.D03=SI,MUNICIPIO30642,MUNICIPIO_SIN_CN_TRAB,Si,No,30642,,Regla 2 coherente para validaciones implementadas.
GPA-001__R2-001__R1-004__0312,GPA-001__R2-001__R1-004,02_inputs_xml_flat/GPA-001__R2-001__R1-004__0312.xml,PASS,INFO,R1.D01=NO;R1.D03=NO;R2.D01=SI;R2.D02=SI;R2.D03=SI,MUNICIPIO30643,MUNICIPIO_SIN_CN_TRAB,Si,No,30643,,Regla 2 coherente para validaciones implementadas.
GPA-001__R2-001__R1-004__0313,GPA-001__R2-001__R1-004,02_inputs_xml_flat/GPA-001__R2-001__R1-004__0313.xml,PASS,INFO,R1.D01=NO;R1.D03=NO;R2.D01=SI;R2.D02=SI;R2.D03=SI,MUNICIPIO30641,MUNICIPIO_SIN_CN_TRAB,Si,No,30641,,Regla 2 coherente para validaciones implementadas.
GPA-001__R2-001__R1-004__0314,GPA-001__R2-001__R1-004,02_inputs_xml_flat/GPA-001__R2-001__R1-004__0314.xml,PASS,INFO,R1.D01=NO;R1.D03=NO;R2.D01=SI;R2.D02=SI;R2.D03=SI,MUNICIPIO30642,MUNICIPIO_SIN_CN_TRAB,Si,No,30642,,Regla 2 coherente para validaciones implementadas.
GPA-001__R2-001__R1-004__0315,GPA-001__R2-001__R1-004,02_inputs_xml_flat/GPA-001__R2-001__R1-004__0315.xml,PASS,INFO,R1.D01=NO;R1.D03=NO;R2.D01=SI;R2.D02=SI;R2.D03=SI,MUNICIPIO30643,MUNICIPIO_SIN_CN_TRAB,Si,No,30643,,Regla 2 coherente para validaciones implementadas.
GPA-001__R2-001__R1-004__0316,GPA-001__R2-001__R1-004,02_inputs_xml_flat/GPA-001__R2-001__R1-004__0316.xml,PASS,INFO,R1.D01=NO;R1.D03=NO;R2.D01=SI;R2.D02=SI;R2.D03=SI,MUNICIPIO30641,MUNICIPIO_SIN_CN_TRAB,Si,No,30641,,Regla 2 coherente para validaciones implementadas.
GPA-001__R2-001__R1-004__0317,GPA-001__R2-001__R1-004,02_inputs_xml_flat/GPA-001__R2-001__R1-004__0317.xml,PASS,INFO,R1.D01=NO;R1.D03=NO;R2.D01=SI;R2.D02=SI;R2.D03=SI,MUNICIPIO30642,MUNICIPIO_SIN_CN_TRAB,Si,No,30642,,Regla 2 coherente para validaciones implementadas.
GPA-001__R2-001__R1-004__0318,GPA-001__R2-001__R1-004,02_inputs_xml_flat/GPA-001__R2-001__R1-004__0318.xml,PASS,INFO,R1.D01=NO;R1.D03=NO;R2.D01=SI;R2.D02=SI;R2.D03=SI,MUNICIPIO30643,MUNICIPIO_SIN_CN_TRAB,Si,No,30643,,Regla 2 coherente para validaciones implementadas.
GPA-001__R2-001__R1-004__0319,GPA-001__R2-001__R1-004,02_inputs_xml_flat/GPA-001__R2-001__R1-004__0319.xml,PASS,INFO,R1.D01=NO;R1.D03=NO;R2.D01=SI;R2.D02=SI;R2.D03=SI,MUNICIPIO30641,MUNICIPIO_SIN_CN_TRAB,Si,No,30641,,Regla 2 coherente para validaciones implementadas.
GPA-001__R2-001__R1-004__0320,GPA-001__R2-001__R1-004,02_inputs_xml_flat/GPA-001__R2-001__R1-004__0320.xml,PASS,INFO,R1.D01=NO;R1.D03=NO;R2.D01=SI;R2.D02=SI;R2.D03=SI,MUNICIPIO30642,MUNICIPIO_SIN_CN_TRAB,Si,No,30642,,Regla 2 coherente para validaciones implementadas.
GPA-001__R2-001__R1-004__0321,GPA-001__R2-001__R1-004,02_inputs_xml_flat/GPA-001__R2-001__R1-004__0321.xml,PASS,INFO,R1.D01=NO;R1.D03=NO;R2.D01=SI;R2.D02=SI;R2.D03=SI,MUNICIPIO30643,MUNICIPIO_SIN_CN_TRAB,Si,No,30643,,Regla 2 coherente para validaciones implementadas.
GPA-001__R2-001__R1-004__0322,GPA-001__R2-001__R1-004,02_inputs_xml_flat/GPA-001__R2-001__R1-004__0322.xml,PASS,INFO,R1.D01=NO;R1.D03=NO;R2.D01=SI;R2.D02=SI;R2.D03=SI,MUNICIPIO30641,MUNICIPIO_SIN_CN_TRAB,Si,No,30641,,Regla 2 coherente para validaciones implementadas.
GPA-001__R2-001__R1-004__0323,GPA-001__R2-001__R1-004,02_inputs_xml_flat/GPA-001__R2-001__R1-004__0323.xml,PASS,INFO,R1.D01=NO;R1.D03=NO;R2.D01=SI;R2.D02=SI;R2.D03=SI,MUNICIPIO30642,MUNICIPIO_SIN_CN_TRAB,Si,No,30642,,Regla 2 coherente para validaciones implementadas.
GPA-001__R2-001__R1-004__0324,GPA-001__R2-001__R1-004,02_inputs_xml_flat/GPA-001__R2-001__R1-004__0324.xml,PASS,INFO,R1.D01=NO;R1.D03=NO;R2.D01=SI;R2.D02=SI;R2.D03=SI,MUNICIPIO30643,MUNICIPIO_SIN_CN_TRAB,Si,No,30643,,Regla 2 coherente para validaciones implementadas.
GPA-001__R2-001__R1-004__0325,GPA-001__R2-001__R1-004,02_inputs_xml_flat/GPA-001__R2-001__R1-004__0325.xml,PASS,INFO,R1.D01=NO;R1.D03=NO;R2.D01=SI;R2.D02=SI;R2.D03=SI,MUNICIPIO30641,MUNICIPIO_SIN_CN_TRAB,Si,No,30641,,Regla 2 coherente para validaciones implementadas.
GPA-001__R2-001__R1-004__0326,GPA-001__R2-001__R1-004,02_inputs_xml_flat/GPA-001__R2-001__R1-004__0326.xml,PASS,INFO,R1.D01=NO;R1.D03=NO;R2.D01=SI;R2.D02=SI;R2.D03=SI,MUNICIPIO30642,MUNICIPIO_SIN_CN_TRAB,Si,No,30642,,Regla 2 coherente para validaciones implementadas.
GPA-001__R2-001__R1-004__0327,GPA-001__R2-001__R1-004,02_inputs_xml_flat/GPA-001__R2-001__R1-004__0327.xml,PASS,INFO,R1.D01=NO;R1.D03=NO;R2.D01=SI;R2.D02=SI;R2.D03=SI,MUNICIPIO30643,MUNICIPIO_SIN_CN_TRAB,Si,No,30643,,Regla 2 coherente para validaciones implementadas.
GPA-001__R2-001__R1-004__0328,GPA-001__R2-001__R1-004,02_inputs_xml_flat/GPA-001__R2-001__R1-004__0328.xml,PASS,INFO,R1.D01=NO;R1.D03=NO;R2.D01=SI;R2.D02=SI;R2.D03=SI,MUNICIPIO30641,MUNICIPIO_SIN_CN_TRAB,Si,No,30641,,Regla 2 coherente para validaciones implementadas.
GPA-001__R2-001__R1-004__0329,GPA-001__R2-001__R1-004,02_inputs_xml_flat/GPA-001__R2-001__R1-004__0329.xml,PASS,INFO,R1.D01=NO;R1.D03=NO;R2.D01=SI;R2.D02=SI;R2.D03=SI,MUNICIPIO30642,MUNICIPIO_SIN_CN_TRAB,Si,No,30642,,Regla 2 coherente para validaciones implementadas.
GPA-001__R2-001__R1-004__0330,GPA-001__R2-001__R1-004,02_inputs_xml_flat/GPA-001__R2-001__R1-004__0330.xml,PASS,INFO,R1.D01=NO;R1.D03=NO;R2.D01=SI;R2.D02=SI;R2.D03=SI,MUNICIPIO30643,MUNICIPIO_SIN_CN_TRAB,Si,No,30643,,Regla 2 coherente para validaciones implementadas.
GPA-001__R2-001__R1-004__0331,GPA-001__R2-001__R1-004,02_inputs_xml_flat/GPA-001__R2-001__R1-004__0331.xml,PASS,INFO,R1.D01=NO;R1.D03=NO;R2.D01=SI;R2.D02=SI;R2.D03=SI,MUNICIPIO30641,MUNICIPIO_SIN_CN_TRAB,Si,No,30641,,Regla 2 coherente para validaciones implementadas.
GPA-001__R2-001__R1-004__0332,GPA-001__R2-001__R1-004,02_inputs_xml_flat/GPA-001__R2-001__R1-004__0332.xml,PASS,INFO,R1.D01=NO;R1.D03=NO;R2.D01=SI;R2.D02=SI;R2.D03=SI,MUNICIPIO30642,MUNICIPIO_SIN_CN_TRAB,Si,No,30642,,Regla 2 coherente para validaciones implementadas.
GPA-001__R2-001__R1-004__0333,GPA-001__R2-001__R1-004,02_inputs_xml_flat/GPA-001__R2-001__R1-004__0333.xml,PASS,INFO,R1.D01=NO;R1.D03=NO;R2.D01=SI;R2.D02=SI;R2.D03=SI,MUNICIPIO30643,MUNICIPIO_SIN_CN_TRAB,Si,No,30643,,Regla 2 coherente para validaciones implementadas.
GPA-001__R2-001__R1-004__0334,GPA-001__R2-001__R1-004,02_inputs_xml_flat/GPA-001__R2-001__R1-004__0334.xml,PASS,INFO,R1.D01=NO;R1.D03=NO;R2.D01=SI;R2.D02=SI;R2.D03=SI,MUNICIPIO30641,MUNICIPIO_SIN_CN_TRAB,Si,No,30641,,Regla 2 coherente para validaciones implementadas.
GPA-001__R2-001__R1-004__0335,GPA-001__R2-001__R1-004,02_inputs_xml_flat/GPA-001__R2-001__R1-004__0335.xml,PASS,INFO,R1.D01=NO;R1.D03=NO;R2.D01=SI;R2.D02=SI;R2.D03=SI,MUNICIPIO30642,MUNICIPIO_SIN_CN_TRAB,Si,No,30642,,Regla 2 coherente para validaciones implementadas.
GPA-001__R2-001__R1-004__0336,GPA-001__R2-001__R1-004,02_inputs_xml_flat/GPA-001__R2-001__R1-004__0336.xml,PASS,INFO,R1.D01=NO;R1.D03=NO;R2.D01=SI;R2.D02=SI;R2.D03=SI,MUNICIPIO30643,MUNICIPIO_SIN_CN_TRAB,Si,No,30643,,Regla 2 coherente para validaciones implementadas.
GPA-001__R2-001__R1-004__0337,GPA-001__R2-001__R1-004,02_inputs_xml_flat/GPA-001__R2-001__R1-004__0337.xml,PASS,INFO,R1.D01=NO;R1.D03=NO;R2.D01=SI;R2.D02=SI;R2.D03=SI,MUNICIPIO30641,MUNICIPIO_SIN_CN_TRAB,Si,No,30641,,Regla 2 coherente para validaciones implementadas.
GPA-001__R2-001__R1-004__0338,GPA-001__R2-001__R1-004,02_inputs_xml_flat/GPA-001__R2-001__R1-004__0338.xml,PASS,INFO,R1.D01=NO;R1.D03=NO;R2.D01=SI;R2.D02=SI;R2.D03=SI,MUNICIPIO30642,MUNICIPIO_SIN_CN_TRAB,Si,No,30642,,Regla 2 coherente para validaciones implementadas.
GPA-001__R2-001__R1-004__0339,GPA-001__R2-001__R1-004,02_inputs_xml_flat/GPA-001__R2-001__R1-004__0339.xml,PASS,INFO,R1.D01=NO;R1.D03=NO;R2.D01=SI;R2.D02=SI;R2.D03=SI,MUNICIPIO30643,MUNICIPIO_SIN_CN_TRAB,Si,No,30643,,Regla 2 coherente para validaciones implementadas.
GPA-001__R2-001__R1-004__0340,GPA-001__R2-001__R1-004,02_inputs_xml_flat/GPA-001__R2-001__R1-004__0340.xml,PASS,INFO,R1.D01=NO;R1.D03=NO;R2.D01=SI;R2.D02=SI;R2.D03=SI,MUNICIPIO30641,MUNICIPIO_SIN_CN_TRAB,Si,No,30641,,Regla 2 coherente para validaciones implementadas.
GPA-001__R2-001__R1-004__0341,GPA-001__R2-001__R1-004,02_inputs_xml_flat/GPA-001__R2-001__R1-004__0341.xml,PASS,INFO,R1.D01=NO;R1.D03=NO;R2.D01=SI;R2.D02=SI;R2.D03=SI,MUNICIPIO30642,MUNICIPIO_SIN_CN_TRAB,Si,No,30642,,Regla 2 coherente para validaciones implementadas.
GPA-001__R2-001__R1-004__0342,GPA-001__R2-001__R1-004,02_inputs_xml_flat/GPA-001__R2-001__R1-004__0342.xml,PASS,INFO,R1.D01=NO;R1.D03=NO;R2.D01=SI;R2.D02=SI;R2.D03=SI,MUNICIPIO30643,MUNICIPIO_SIN_CN_TRAB,Si,No,30643,,Regla 2 coherente para validaciones implementadas.
GPA-001__R2-001__R1-004__0343,GPA-001__R2-001__R1-004,02_inputs_xml_flat/GPA-001__R2-001__R1-004__0343.xml,PASS,INFO,R1.D01=NO;R1.D03=NO;R2.D01=SI;R2.D02=SI;R2.D03=SI,MUNICIPIO30641,MUNICIPIO_SIN_CN_TRAB,Si,No,30641,,Regla 2 coherente para validaciones implementadas.
GPA-001__R2-001__R1-004__0344,GPA-001__R2-001__R1-004,02_inputs_xml_flat/GPA-001__R2-001__R1-004__0344.xml,PASS,INFO,R1.D01=NO;R1.D03=NO;R2.D01=SI;R2.D02=SI;R2.D03=SI,MUNICIPIO30642,MUNICIPIO_SIN_CN_TRAB,Si,No,30642,,Regla 2 coherente para validaciones implementadas.
GPA-001__R2-001__R1-004__0345,GPA-001__R2-001__R1-004,02_inputs_xml_flat/GPA-001__R2-001__R1-004__0345.xml,PASS,INFO,R1.D01=NO;R1.D03=NO;R2.D01=SI;R2.D02=SI;R2.D03=SI,MUNICIPIO30643,MUNICIPIO_SIN_CN_TRAB,Si,No,30643,,Regla 2 coherente para validaciones implementadas.
GPA-001__R2-001__R1-004__0346,GPA-001__R2-001__R1-004,02_inputs_xml_flat/GPA-001__R2-001__R1-004__0346.xml,PASS,INFO,R1.D01=NO;R1.D03=NO;R2.D01=SI;R2.D02=SI;R2.D03=SI,MUNICIPIO30641,MUNICIPIO_SIN_CN_TRAB,Si,No,30641,,Regla 2 coherente para validaciones implementadas.
GPA-001__R2-001__R1-004__0347,GPA-001__R2-001__R1-004,02_inputs_xml_flat/GPA-001__R2-001__R1-004__0347.xml,PASS,INFO,R1.D01=NO;R1.D03=NO;R2.D01=SI;R2.D02=SI;R2.D03=SI,MUNICIPIO30642,MUNICIPIO_SIN_CN_TRAB,Si,No,30642,,Regla 2 coherente para validaciones implementadas.
GPA-001__R2-001__R1-004__0348,GPA-001__R2-001__R1-004,02_inputs_xml_flat/GPA-001__R2-001__R1-004__0348.xml,PASS,INFO,R1.D01=NO;R1.D03=NO;R2.D01=SI;R2.D02=SI;R2.D03=SI,MUNICIPIO30643,MUNICIPIO_SIN_CN_TRAB,Si,No,30643,,Regla 2 coherente para validaciones implementadas.
GPA-001__R2-001__R1-004__0349,GPA-001__R2-001__R1-004,02_inputs_xml_flat/GPA-001__R2-001__R1-004__0349.xml,PASS,INFO,R1.D01=NO;R1.D03=NO;R2.D01=SI;R2.D02=SI;R2.D03=SI,MUNICIPIO30641,MUNICIPIO_SIN_CN_TRAB,Si,No,30641,,Regla 2 coherente para validaciones implementadas.
GPA-001__R2-001__R1-004__0350,GPA-001__R2-001__R1-004,02_inputs_xml_flat/GPA-001__R2-001__R1-004__0350.xml,PASS,INFO,R1.D01=NO;R1.D03=NO;R2.D01=SI;R2.D02=SI;R2.D03=SI,MUNICIPIO30642,MUNICIPIO_SIN_CN_TRAB,Si,No,30642,,Regla 2 coherente para validaciones implementadas.
GPA-001__R2-001__R1-004__0351,GPA-001__R2-001__R1-004,02_inputs_xml_flat/GPA-001__R2-001__R1-004__0351.xml,PASS,INFO,R1.D01=NO;R1.D03=NO;R2.D01=SI;R2.D02=SI;R2.D03=SI,MUNICIPIO30643,MUNICIPIO_SIN_CN_TRAB,Si,No,30643,,Regla 2 coherente para validaciones implementadas.
GPA-001__R2-001__R1-004__0352,GPA-001__R2-001__R1-004,02_inputs_xml_flat/GPA-001__R2-001__R1-004__0352.xml,PASS,INFO,R1.D01=NO;R1.D03=NO;R2.D01=SI;R2.D02=SI;R2.D03=SI,MUNICIPIO30641,MUNICIPIO_SIN_CN_TRAB,Si,No,30641,,Regla 2 coherente para validaciones implementadas.
GPA-001__R2-001__R1-004__0353,GPA-001__R2-001__R1-004,02_inputs_xml_flat/GPA-001__R2-001__R1-004__0353.xml,PASS,INFO,R1.D01=NO;R1.D03=NO;R2.D01=SI;R2.D02=SI;R2.D03=SI,MUNICIPIO30642,MUNICIPIO_SIN_CN_TRAB,Si,No,30642,,Regla 2 coherente para validaciones implementadas.
GPA-001__R2-001__R1-004__0354,GPA-001__R2-001__R1-004,02_inputs_xml_flat/GPA-001__R2-001__R1-004__0354.xml,PASS,INFO,R1.D01=NO;R1.D03=NO;R2.D01=SI;R2.D02=SI;R2.D03=SI,MUNICIPIO30643,MUNICIPIO_SIN_CN_TRAB,Si,No,30643,,Regla 2 coherente para validaciones implementadas.
GPA-001__R2-001__R1-004__0355,GPA-001__R2-001__R1-004,02_inputs_xml_flat/GPA-001__R2-001__R1-004__0355.xml,PASS,INFO,R1.D01=NO;R1.D03=NO;R2.D01=SI;R2.D02=SI;R2.D03=SI,MUNICIPIO30641,MUNICIPIO_SIN_CN_TRAB,Si,No,30641,,Regla 2 coherente para validaciones implementadas.
GPA-001__R2-001__R1-004__0356,GPA-001__R2-001__R1-004,02_inputs_xml_flat/GPA-001__R2-001__R1-004__0356.xml,PASS,INFO,R1.D01=NO;R1.D03=NO;R2.D01=SI;R2.D02=SI;R2.D03=SI,MUNICIPIO30642,MUNICIPIO_SIN_CN_TRAB,Si,No,30642,,Regla 2 coherente para validaciones implementadas.
GPA-001__R2-001__R1-004__0357,GPA-001__R2-001__R1-004,02_inputs_xml_flat/GPA-001__R2-001__R1-004__0357.xml,PASS,INFO,R1.D01=NO;R1.D03=NO;R2.D01=SI;R2.D02=SI;R2.D03=SI,MUNICIPIO30643,MUNICIPIO_SIN_CN_TRAB,Si,No,30643,,Regla 2 coherente para validaciones implementadas.
GPA-001__R2-001__R1-004__0358,GPA-001__R2-001__R1-004,02_inputs_xml_flat/GPA-001__R2-001__R1-004__0358.xml,PASS,INFO,R1.D01=NO;R1.D03=NO;R2.D01=SI;R2.D02=SI;R2.D03=SI,MUNICIPIO30641,MUNICIPIO_SIN_CN_TRAB,Si,No,30641,,Regla 2 coherente para validaciones implementadas.
GPA-001__R2-001__R1-004__0359,GPA-001__R2-001__R1-004,02_inputs_xml_flat/GPA-001__R2-001__R1-004__0359.xml,PASS,INFO,R1.D01=NO;R1.D03=NO;R2.D01=SI;R2.D02=SI;R2.D03=SI,MUNICIPIO30642,MUNICIPIO_SIN_CN_TRAB,Si,No,30642,,Regla 2 coherente para validaciones implementadas.
GPA-001__R2-001__R1-004__0360,GPA-001__R2-001__R1-004,02_inputs_xml_flat/GPA-001__R2-001__R1-004__0360.xml,PASS,INFO,R1.D01=NO;R1.D03=NO;R2.D01=SI;R2.D02=SI;R2.D03=SI,MUNICIPIO30643,MUNICIPIO_SIN_CN_TRAB,Si,No,30643,,Regla 2 coherente para validaciones implementadas.
GPA-001__R2-001__R1-004__0361,GPA-001__R2-001__R1-004,02_inputs_xml_flat/GPA-001__R2-001__R1-004__0361.xml,PASS,INFO,R1.D01=NO;R1.D03=NO;R2.D01=SI;R2.D02=SI;R2.D03=SI,MUNICIPIO30641,MUNICIPIO_SIN_CN_TRAB,Si,No,30641,,Regla 2 coherente para validaciones implementadas.
GPA-001__R2-001__R1-004__0362,GPA-001__R2-001__R1-004,02_inputs_xml_flat/GPA-001__R2-001__R1-004__0362.xml,PASS,INFO,R1.D01=NO;R1.D03=NO;R2.D01=SI;R2.D02=SI;R2.D03=SI,MUNICIPIO30642,MUNICIPIO_SIN_CN_TRAB,Si,No,30642,,Regla 2 coherente para validaciones implementadas.
GPA-001__R2-001__R1-004__0363,GPA-001__R2-001__R1-004,02_inputs_xml_flat/GPA-001__R2-001__R1-004__0363.xml,PASS,INFO,R1.D01=NO;R1.D03=NO;R2.D01=SI;R2.D02=SI;R2.D03=SI,MUNICIPIO30643,MUNICIPIO_SIN_CN_TRAB,Si,No,30643,,Regla 2 coherente para validaciones implementadas.
GPA-001__R2-001__R1-004__0364,GPA-001__R2-001__R1-004,02_inputs_xml_flat/GPA-001__R2-001__R1-004__0364.xml,PASS,INFO,R1.D01=NO;R1.D03=NO;R2.D01=SI;R2.D02=SI;R2.D03=SI,MUNICIPIO30641,MUNICIPIO_SIN_CN_TRAB,Si,No,30641,,Regla 2 coherente para validaciones implementadas.
GPA-001__R2-001__R1-004__0365,GPA-001__R2-001__R1-004,02_inputs_xml_flat/GPA-001__R2-001__R1-004__0365.xml,PASS,INFO,R1.D01=NO;R1.D03=NO;R2.D01=SI;R2.D02=SI;R2.D03=SI,MUNICIPIO30642,MUNICIPIO_SIN_CN_TRAB,Si,No,30642,,Regla 2 coherente para validaciones implementadas.
GPA-001__R2-001__R1-004__0366,GPA-001__R2-001__R1-004,02_inputs_xml_flat/GPA-001__R2-001__R1-004__0366.xml,PASS,INFO,R1.D01=NO;R1.D03=NO;R2.D01=SI;R2.D02=SI;R2.D03=SI,MUNICIPIO30643,MUNICIPIO_SIN_CN_TRAB,Si,No,30643,,Regla 2 coherente para validaciones implementadas.
GPA-001__R2-001__R1-004__0367,GPA-001__R2-001__R1-004,02_inputs_xml_flat/GPA-001__R2-001__R1-004__0367.xml,PASS,INFO,R1.D01=NO;R1.D03=NO;R2.D01=SI;R2.D02=SI;R2.D03=SI,MUNICIPIO30641,MUNICIPIO_SIN_CN_TRAB,Si,No,30641,,Regla 2 coherente para validaciones implementadas.
GPA-001__R2-001__R1-004__0368,GPA-001__R2-001__R1-004,02_inputs_xml_flat/GPA-001__R2-001__R1-004__0368.xml,PASS,INFO,R1.D01=NO;R1.D03=NO;R2.D01=SI;R2.D02=SI;R2.D03=SI,MUNICIPIO30642,MUNICIPIO_SIN_CN_TRAB,Si,No,30642,,Regla 2 coherente para validaciones implementadas.
GPA-001__R2-001__R1-004__0369,GPA-001__R2-001__R1-004,02_inputs_xml_flat/GPA-001__R2-001__R1-004__0369.xml,PASS,INFO,R1.D01=NO;R1.D03=NO;R2.D01=SI;R2.D02=SI;R2.D03=SI,MUNICIPIO30643,MUNICIPIO_SIN_CN_TRAB,Si,No,30643,,Regla 2 coherente para validaciones implementadas.
GPA-001__R2-001__R1-004__0370,GPA-001__R2-001__R1-004,02_inputs_xml_flat/GPA-001__R2-001__R1-004__0370.xml,PASS,INFO,R1.D01=NO;R1.D03=NO;R2.D01=SI;R2.D02=SI;R2.D03=SI,MUNICIPIO30641,MUNICIPIO_SIN_CN_TRAB,Si,No,30641,,Regla 2 coherente para validaciones implementadas.
GPA-001__R2-001__R1-004__0371,GPA-001__R2-001__R1-004,02_inputs_xml_flat/GPA-001__R2-001__R1-004__0371.xml,PASS,INFO,R1.D01=NO;R1.D03=NO;R2.D01=SI;R2.D02=SI;R2.D03=SI,MUNICIPIO30642,MUNICIPIO_SIN_CN_TRAB,Si,No,30642,,Regla 2 coherente para validaciones implementadas.
GPA-001__R2-001__R1-004__0372,GPA-001__R2-001__R1-004,02_inputs_xml_flat/GPA-001__R2-001__R1-004__0372.xml,PASS,INFO,R1.D01=NO;R1.D03=NO;R2.D01=SI;R2.D02=SI;R2.D03=SI,MUNICIPIO30643,MUNICIPIO_SIN_CN_TRAB,Si,No,30643,,Regla 2 coherente para validaciones implementadas.
GPA-001__R2-001__R1-004__0373,GPA-001__R2-001__R1-004,02_inputs_xml_flat/GPA-001__R2-001__R1-004__0373.xml,PASS,INFO,R1.D01=NO;R1.D03=NO;R2.D01=SI;R2.D02=SI;R2.D03=SI,MUNICIPIO30641,MUNICIPIO_SIN_CN_TRAB,Si,No,30641,,Regla 2 coherente para validaciones implementadas.
GPA-001__R2-001__R1-004__0374,GPA-001__R2-001__R1-004,02_inputs_xml_flat/GPA-001__R2-001__R1-004__0374.xml,PASS,INFO,R1.D01=NO;R1.D03=NO;R2.D01=SI;R2.D02=SI;R2.D03=SI,MUNICIPIO30642,MUNICIPIO_SIN_CN_TRAB,Si,No,30642,,Regla 2 coherente para validaciones implementadas.
GPA-001__R2-001__R1-004__0375,GPA-001__R2-001__R1-004,02_inputs_xml_flat/GPA-001__R2-001__R1-004__0375.xml,PASS,INFO,R1.D01=NO;R1.D03=NO;R2.D01=SI;R2.D02=SI;R2.D03=SI,MUNICIPIO30643,MUNICIPIO_SIN_CN_TRAB,Si,No,30643,,Regla 2 coherente para validaciones implementadas.
GPA-001__R2-001__R1-004__0376,GPA-001__R2-001__R1-004,02_inputs_xml_flat/GPA-001__R2-001__R1-004__0376.xml,PASS,INFO,R1.D01=NO;R1.D03=NO;R2.D01=SI;R2.D02=SI;R2.D03=SI,MUNICIPIO30641,MUNICIPIO_SIN_CN_TRAB,Si,No,30641,,Regla 2 coherente para validaciones implementadas.
GPA-001__R2-001__R1-004__0377,GPA-001__R2-001__R1-004,02_inputs_xml_flat/GPA-001__R2-001__R1-004__0377.xml,PASS,INFO,R1.D01=NO;R1.D03=NO;R2.D01=SI;R2.D02=SI;R2.D03=SI,MUNICIPIO30642,MUNICIPIO_SIN_CN_TRAB,Si,No,30642,,Regla 2 coherente para validaciones implementadas.
GPA-001__R2-001__R1-004__0378,GPA-001__R2-001__R1-004,02_inputs_xml_flat/GPA-001__R2-001__R1-004__0378.xml,PASS,INFO,R1.D01=NO;R1.D03=NO;R2.D01=SI;R2.D02=SI;R2.D03=SI,MUNICIPIO30643,MUNICIPIO_SIN_CN_TRAB,Si,No,30643,,Regla 2 coherente para validaciones implementadas.
GPA-001__R2-001__R1-004__0379,GPA-001__R2-001__R1-004,02_inputs_xml_flat/GPA-001__R2-001__R1-004__0379.xml,PASS,INFO,R1.D01=NO;R1.D03=NO;R2.D01=SI;R2.D02=SI;R2.D03=SI,MUNICIPIO30641,MUNICIPIO_SIN_CN_TRAB,Si,No,30641,,Regla 2 coherente para validaciones implementadas.
GPA-001__R2-001__R1-004__0380,GPA-001__R2-001__R1-004,02_inputs_xml_flat/GPA-001__R2-001__R1-004__0380.xml,PASS,INFO,R1.D01=NO;R1.D03=NO;R2.D01=SI;R2.D02=SI;R2.D03=SI,MUNICIPIO30642,MUNICIPIO_SIN_CN_TRAB,Si,No,30642,,Regla 2 coherente para validaciones implementadas.
GPA-001__R2-001__R1-004__0381,GPA-001__R2-001__R1-004,02_inputs_xml_flat/GPA-001__R2-001__R1-004__0381.xml,PASS,INFO,R1.D01=NO;R1.D03=NO;R2.D01=SI;R2.D02=SI;R2.D03=SI,MUNICIPIO30643,MUNICIPIO_SIN_CN_TRAB,Si,No,30643,,Regla 2 coherente para validaciones implementadas.
GPA-001__R2-001__R1-004__0382,GPA-001__R2-001__R1-004,02_inputs_xml_flat/GPA-001__R2-001__R1-004__0382.xml,PASS,INFO,R1.D01=NO;R1.D03=NO;R2.D01=SI;R2.D02=SI;R2.D03=SI,MUNICIPIO30641,MUNICIPIO_SIN_CN_TRAB,Si,No,30641,,Regla 2 coherente para validaciones implementadas.
GPA-001__R2-001__R1-004__0383,GPA-001__R2-001__R1-004,02_inputs_xml_flat/GPA-001__R2-001__R1-004__0383.xml,PASS,INFO,R1.D01=NO;R1.D03=NO;R2.D01=SI;R2.D02=SI;R2.D03=SI,MUNICIPIO30642,MUNICIPIO_SIN_CN_TRAB,Si,No,30642,,Regla 2 coherente para validaciones implementadas.
GPA-001__R2-001__R1-004__0384,GPA-001__R2-001__R1-004,02_inputs_xml_flat/GPA-001__R2-001__R1-004__0384.xml,PASS,INFO,R1.D01=NO;R1.D03=NO;R2.D01=SI;R2.D02=SI;R2.D03=SI,MUNICIPIO30643,MUNICIPIO_SIN_CN_TRAB,Si,No,30643,,Regla 2 coherente para validaciones implementadas.
GPA-001__R2-001__R1-004__0385,GPA-001__R2-001__R1-004,02_inputs_xml_flat/GPA-001__R2-001__R1-004__0385.xml,PASS,INFO,R1.D01=NO;R1.D03=NO;R2.D01=SI;R2.D02=SI;R2.D03=SI,MUNICIPIO30641,MUNICIPIO_SIN_CN_TRAB,Si,No,30641,,Regla 2 coherente para validaciones implementadas.
GPA-001__R2-001__R1-004__0386,GPA-001__R2-001__R1-004,02_inputs_xml_flat/GPA-001__R2-001__R1-004__0386.xml,PASS,INFO,R1.D01=NO;R1.D03=NO;R2.D01=SI;R2.D02=SI;R2.D03=SI,MUNICIPIO30642,MUNICIPIO_SIN_CN_TRAB,Si,No,30642,,Regla 2 coherente para validaciones implementadas.
GPA-001__R2-001__R1-004__0387,GPA-001__R2-001__R1-004,02_inputs_xml_flat/GPA-001__R2-001__R1-004__0387.xml,PASS,INFO,R1.D01=NO;R1.D03=NO;R2.D01=SI;R2.D02=SI;R2.D03=SI,MUNICIPIO30643,MUNICIPIO_SIN_CN_TRAB,Si,No,30643,,Regla 2 coherente para validaciones implementadas.
GPA-001__R2-001__R1-004__0388,GPA-001__R2-001__R1-004,02_inputs_xml_flat/GPA-001__R2-001__R1-004__0388.xml,PASS,INFO,R1.D01=NO;R1.D03=NO;R2.D01=SI;R2.D02=SI;R2.D03=SI,MUNICIPIO30641,MUNICIPIO_SIN_CN_TRAB,Si,No,30641,,Regla 2 coherente para validaciones implementadas.
GPA-001__R2-001__R1-004__0389,GPA-001__R2-001__R1-004,02_inputs_xml_flat/GPA-001__R2-001__R1-004__0389.xml,PASS,INFO,R1.D01=NO;R1.D03=NO;R2.D01=SI;R2.D02=SI;R2.D03=SI,MUNICIPIO30642,MUNICIPIO_SIN_CN_TRAB,Si,No,30642,,Regla 2 coherente para validaciones implementadas.
GPA-001__R2-001__R1-004__0390,GPA-001__R2-001__R1-004,02_inputs_xml_flat/GPA-001__R2-001__R1-004__0390.xml,PASS,INFO,R1.D01=NO;R1.D03=NO;R2.D01=SI;R2.D02=SI;R2.D03=SI,MUNICIPIO30643,MUNICIPIO_SIN_CN_TRAB,Si,No,30643,,Regla 2 coherente para validaciones implementadas.
GPA-001__R2-001__R1-004__0391,GPA-001__R2-001__R1-004,02_inputs_xml_flat/GPA-001__R2-001__R1-004__0391.xml,PASS,INFO,R1.D01=NO;R1.D03=NO;R2.D01=SI;R2.D02=SI;R2.D03=SI,MUNICIPIO30641,MUNICIPIO_SIN_CN_TRAB,Si,No,30641,,Regla 2 coherente para validaciones implementadas.
GPA-001__R2-001__R1-004__0392,GPA-001__R2-001__R1-004,02_inputs_xml_flat/GPA-001__R2-001__R1-004__0392.xml,PASS,INFO,R1.D01=NO;R1.D03=NO;R2.D01=SI;R2.D02=SI;R2.D03=SI,MUNICIPIO30642,MUNICIPIO_SIN_CN_TRAB,Si,No,30642,,Regla 2 coherente para validaciones implementadas.
GPA-001__R2-001__R1-004__0393,GPA-001__R2-001__R1-004,02_inputs_xml_flat/GPA-001__R2-001__R1-004__0393.xml,PASS,INFO,R1.D01=NO;R1.D03=NO;R2.D01=SI;R2.D02=SI;R2.D03=SI,MUNICIPIO30643,MUNICIPIO_SIN_CN_TRAB,Si,No,30643,,Regla 2 coherente para validaciones implementadas.
GPA-001__R2-001__R1-004__0394,GPA-001__R2-001__R1-004,02_inputs_xml_flat/GPA-001__R2-001__R1-004__0394.xml,PASS,INFO,R1.D01=NO;R1.D03=NO;R2.D01=SI;R2.D02=SI;R2.D03=SI,MUNICIPIO30641,MUNICIPIO_SIN_CN_TRAB,Si,No,30641,,Regla 2 coherente para validaciones implementadas.
GPA-001__R2-001__R1-004__0395,GPA-001__R2-001__R1-004,02_inputs_xml_flat/GPA-001__R2-001__R1-004__0395.xml,PASS,INFO,R1.D01=NO;R1.D03=NO;R2.D01=SI;R2.D02=SI;R2.D03=SI,MUNICIPIO30642,MUNICIPIO_SIN_CN_TRAB,Si,No,30642,,Regla 2 coherente para validaciones implementadas.
GPA-001__R2-001__R1-004__0396,GPA-001__R2-001__R1-004,02_inputs_xml_flat/GPA-001__R2-001__R1-004__0396.xml,PASS,INFO,R1.D01=NO;R1.D03=NO;R2.D01=SI;R2.D02=SI;R2.D03=SI,MUNICIPIO30643,MUNICIPIO_SIN_CN_TRAB,Si,No,30643,,Regla 2 coherente para validaciones implementadas.
GPA-001__R2-001__R1-004__0397,GPA-001__R2-001__R1-004,02_inputs_xml_flat/GPA-001__R2-001__R1-004__0397.xml,PASS,INFO,R1.D01=NO;R1.D03=NO;R2.D01=SI;R2.D02=SI;R2.D03=SI,MUNICIPIO30641,MUNICIPIO_SIN_CN_TRAB,Si,No,30641,,Regla 2 coherente para validaciones implementadas.
GPA-001__R2-001__R1-004__0398,GPA-001__R2-001__R1-004,02_inputs_xml_flat/GPA-001__R2-001__R1-004__0398.xml,PASS,INFO,R1.D01=NO;R1.D03=NO;R2.D01=SI;R2.D02=SI;R2.D03=SI,MUNICIPIO30642,MUNICIPIO_SIN_CN_TRAB,Si,No,30642,,Regla 2 coherente para validaciones implementadas.
GPA-001__R2-001__R1-004__0399,GPA-001__R2-001__R1-004,02_inputs_xml_flat/GPA-001__R2-001__R1-004__0399.xml,PASS,INFO,R1.D01=NO;R1.D03=NO;R2.D01=SI;R2.D02=SI;R2.D03=SI,MUNICIPIO30643,MUNICIPIO_SIN_CN_TRAB,Si,No,30643,,Regla 2 coherente para validaciones implementadas.
GPA-001__R2-001__R1-004__0400,GPA-001__R2-001__R1-004,02_inputs_xml_flat/GPA-001__R2-001__R1-004__0400.xml,PASS,INFO,R1.D01=NO;R1.D03=NO;R2.D01=SI;R2.D02=SI;R2.D03=SI,MUNICIPIO30641,MUNICIPIO_SIN_CN_TRAB,Si,No,30641,,Regla 2 coherente para validaciones implementadas.
GPA-001__R2-001__R1-004__0401,GPA-001__R2-001__R1-004,02_inputs_xml_flat/GPA-001__R2-001__R1-004__0401.xml,PASS,INFO,R1.D01=NO;R1.D03=NO;R2.D01=SI;R2.D02=SI;R2.D03=SI,MUNICIPIO30642,MUNICIPIO_SIN_CN_TRAB,Si,No,30642,,Regla 2 coherente para validaciones implementadas.
GPA-001__R2-001__R1-004__0402,GPA-001__R2-001__R1-004,02_inputs_xml_flat/GPA-001__R2-001__R1-004__0402.xml,PASS,INFO,R1.D01=NO;R1.D03=NO;R2.D01=SI;R2.D02=SI;R2.D03=SI,MUNICIPIO30643,MUNICIPIO_SIN_CN_TRAB,Si,No,30643,,Regla 2 coherente para validaciones implementadas.
GPA-001__R2-001__R1-004__0403,GPA-001__R2-001__R1-004,02_inputs_xml_flat/GPA-001__R2-001__R1-004__0403.xml,PASS,INFO,R1.D01=NO;R1.D03=NO;R2.D01=SI;R2.D02=SI;R2.D03=SI,MUNICIPIO30641,MUNICIPIO_SIN_CN_TRAB,Si,No,30641,,Regla 2 coherente para validaciones implementadas.
GPA-001__R2-001__R1-004__0404,GPA-001__R2-001__R1-004,02_inputs_xml_flat/GPA-001__R2-001__R1-004__0404.xml,PASS,INFO,R1.D01=NO;R1.D03=NO;R2.D01=SI;R2.D02=SI;R2.D03=SI,MUNICIPIO30642,MUNICIPIO_SIN_CN_TRAB,Si,No,30642,,Regla 2 coherente para validaciones implementadas.
GPA-001__R2-001__R1-004__0405,GPA-001__R2-001__R1-004,02_inputs_xml_flat/GPA-001__R2-001__R1-004__0405.xml,PASS,INFO,R1.D01=NO;R1.D03=NO;R2.D01=SI;R2.D02=SI;R2.D03=SI,MUNICIPIO30643,MUNICIPIO_SIN_CN_TRAB,Si,No,30643,,Regla 2 coherente para validaciones implementadas.
GPA-001__R2-001__R1-004__0406,GPA-001__R2-001__R1-004,02_inputs_xml_flat/GPA-001__R2-001__R1-004__0406.xml,PASS,INFO,R1.D01=NO;R1.D03=NO;R2.D01=SI;R2.D02=SI;R2.D03=SI,MUNICIPIO30641,MUNICIPIO_SIN_CN_TRAB,Si,No,30641,,Regla 2 coherente para validaciones implementadas.
GPA-001__R2-001__R1-004__0407,GPA-001__R2-001__R1-004,02_inputs_xml_flat/GPA-001__R2-001__R1-004__0407.xml,PASS,INFO,R1.D01=NO;R1.D03=NO;R2.D01=SI;R2.D02=SI;R2.D03=SI,MUNICIPIO30642,MUNICIPIO_SIN_CN_TRAB,Si,No,30642,,Regla 2 coherente para validaciones implementadas.
GPA-001__R2-001__R1-004__0408,GPA-001__R2-001__R1-004,02_inputs_xml_flat/GPA-001__R2-001__R1-004__0408.xml,PASS,INFO,R1.D01=NO;R1.D03=NO;R2.D01=SI;R2.D02=SI;R2.D03=SI,MUNICIPIO30643,MUNICIPIO_SIN_CN_TRAB,Si,No,30643,,Regla 2 coherente para validaciones implementadas.
GPA-001__R2-001__R1-004__0409,GPA-001__R2-001__R1-004,02_inputs_xml_flat/GPA-001__R2-001__R1-004__0409.xml,PASS,INFO,R1.D01=NO;R1.D03=NO;R2.D01=SI;R2.D02=SI;R2.D03=SI,MUNICIPIO30641,MUNICIPIO_SIN_CN_TRAB,Si,No,30641,,Regla 2 coherente para validaciones implementadas.
GPA-001__R2-001__R1-004__0410,GPA-001__R2-001__R1-004,02_inputs_xml_flat/GPA-001__R2-001__R1-004__0410.xml,PASS,INFO,R1.D01=NO;R1.D03=NO;R2.D01=SI;R2.D02=SI;R2.D03=SI,MUNICIPIO30642,MUNICIPIO_SIN_CN_TRAB,Si,No,30642,,Regla 2 coherente para validaciones implementadas.
GPA-001__R2-001__R1-004__0411,GPA-001__R2-001__R1-004,02_inputs_xml_flat/GPA-001__R2-001__R1-004__0411.xml,PASS,INFO,R1.D01=NO;R1.D03=NO;R2.D01=SI;R2.D02=SI;R2.D03=SI,MUNICIPIO30643,MUNICIPIO_SIN_CN_TRAB,Si,No,30643,,Regla 2 coherente para validaciones implementadas.
GPA-001__R2-001__R1-004__0412,GPA-001__R2-001__R1-004,02_inputs_xml_flat/GPA-001__R2-001__R1-004__0412.xml,PASS,INFO,R1.D01=NO;R1.D03=NO;R2.D01=SI;R2.D02=SI;R2.D03=SI,MUNICIPIO30641,MUNICIPIO_SIN_CN_TRAB,Si,No,30641,,Regla 2 coherente para validaciones implementadas.
GPA-001__R2-001__R1-004__0413,GPA-001__R2-001__R1-004,02_inputs_xml_flat/GPA-001__R2-001__R1-004__0413.xml,PASS,INFO,R1.D01=NO;R1.D03=NO;R2.D01=SI;R2.D02=SI;R2.D03=SI,MUNICIPIO30642,MUNICIPIO_SIN_CN_TRAB,Si,No,30642,,Regla 2 coherente para validaciones implementadas.
GPA-001__R2-001__R1-004__0414,GPA-001__R2-001__R1-004,02_inputs_xml_flat/GPA-001__R2-001__R1-004__0414.xml,PASS,INFO,R1.D01=NO;R1.D03=NO;R2.D01=SI;R2.D02=SI;R2.D03=SI,MUNICIPIO30643,MUNICIPIO_SIN_CN_TRAB,Si,No,30643,,Regla 2 coherente para validaciones implementadas.
GPA-001__R2-001__R1-004__0415,GPA-001__R2-001__R1-004,02_inputs_xml_flat/GPA-001__R2-001__R1-004__0415.xml,PASS,INFO,R1.D01=NO;R1.D03=NO;R2.D01=SI;R2.D02=SI;R2.D03=SI,MUNICIPIO30641,MUNICIPIO_SIN_CN_TRAB,Si,No,30641,,Regla 2 coherente para validaciones implementadas.
GPA-001__R2-001__R1-004__0416,GPA-001__R2-001__R1-004,02_inputs_xml_flat/GPA-001__R2-001__R1-004__0416.xml,PASS,INFO,R1.D01=NO;R1.D03=NO;R2.D01=SI;R2.D02=SI;R2.D03=SI,MUNICIPIO30642,MUNICIPIO_SIN_CN_TRAB,Si,No,30642,,Regla 2 coherente para validaciones implementadas.
GPA-001__R2-001__R1-004__0417,GPA-001__R2-001__R1-004,02_inputs_xml_flat/GPA-001__R2-001__R1-004__0417.xml,PASS,INFO,R1.D01=NO;R1.D03=NO;R2.D01=SI;R2.D02=SI;R2.D03=SI,MUNICIPIO30643,MUNICIPIO_SIN_CN_TRAB,Si,No,30643,,Regla 2 coherente para validaciones implementadas.
GPA-001__R2-001__R1-004__0418,GPA-001__R2-001__R1-004,02_inputs_xml_flat/GPA-001__R2-001__R1-004__0418.xml,PASS,INFO,R1.D01=NO;R1.D03=NO;R2.D01=SI;R2.D02=SI;R2.D03=SI,MUNICIPIO30641,MUNICIPIO_SIN_CN_TRAB,Si,No,30641,,Regla 2 coherente para validaciones implementadas.
GPA-001__R2-001__R1-004__0419,GPA-001__R2-001__R1-004,02_inputs_xml_flat/GPA-001__R2-001__R1-004__0419.xml,PASS,INFO,R1.D01=NO;R1.D03=NO;R2.D01=SI;R2.D02=SI;R2.D03=SI,MUNICIPIO30642,MUNICIPIO_SIN_CN_TRAB,Si,No,30642,,Regla 2 coherente para validaciones implementadas.
GPA-001__R2-001__R1-004__0420,GPA-001__R2-001__R1-004,02_inputs_xml_flat/GPA-001__R2-001__R1-004__0420.xml,PASS,INFO,R1.D01=NO;R1.D03=NO;R2.D01=SI;R2.D02=SI;R2.D03=SI,MUNICIPIO30643,MUNICIPIO_SIN_CN_TRAB,Si,No,30643,,Regla 2 coherente para validaciones implementadas.
GPA-001__R2-001__R1-004__0421,GPA-001__R2-001__R1-004,02_inputs_xml_flat/GPA-001__R2-001__R1-004__0421.xml,PASS,INFO,R1.D01=NO;R1.D03=NO;R2.D01=SI;R2.D02=SI;R2.D03=SI,MUNICIPIO30641,MUNICIPIO_SIN_CN_TRAB,Si,No,30641,,Regla 2 coherente para validaciones implementadas.
GPA-001__R2-001__R1-004__0422,GPA-001__R2-001__R1-004,02_inputs_xml_flat/GPA-001__R2-001__R1-004__0422.xml,PASS,INFO,R1.D01=NO;R1.D03=NO;R2.D01=SI;R2.D02=SI;R2.D03=SI,MUNICIPIO30642,MUNICIPIO_SIN_CN_TRAB,Si,No,30642,,Regla 2 coherente para validaciones implementadas.
GPA-001__R2-001__R1-004__0423,GPA-001__R2-001__R1-004,02_inputs_xml_flat/GPA-001__R2-001__R1-004__0423.xml,PASS,INFO,R1.D01=NO;R1.D03=NO;R2.D01=SI;R2.D02=SI;R2.D03=SI,MUNICIPIO30643,MUNICIPIO_SIN_CN_TRAB,Si,No,30643,,Regla 2 coherente para validaciones implementadas.
GPA-001__R2-001__R1-004__0424,GPA-001__R2-001__R1-004,02_inputs_xml_flat/GPA-001__R2-001__R1-004__0424.xml,PASS,INFO,R1.D01=NO;R1.D03=NO;R2.D01=SI;R2.D02=SI;R2.D03=SI,MUNICIPIO30641,MUNICIPIO_SIN_CN_TRAB,Si,No,30641,,Regla 2 coherente para validaciones implementadas.
GPA-001__R2-001__R1-004__0425,GPA-001__R2-001__R1-004,02_inputs_xml_flat/GPA-001__R2-001__R1-004__0425.xml,PASS,INFO,R1.D01=NO;R1.D03=NO;R2.D01=SI;R2.D02=SI;R2.D03=SI,MUNICIPIO30642,MUNICIPIO_SIN_CN_TRAB,Si,No,30642,,Regla 2 coherente para validaciones implementadas.
GPA-001__R2-001__R1-004__0426,GPA-001__R2-001__R1-004,02_inputs_xml_flat/GPA-001__R2-001__R1-004__0426.xml,PASS,INFO,R1.D01=NO;R1.D03=NO;R2.D01=SI;R2.D02=SI;R2.D03=SI,MUNICIPIO30643,MUNICIPIO_SIN_CN_TRAB,Si,No,30643,,Regla 2 coherente para validaciones implementadas.
GPA-001__R2-001__R1-004__0427,GPA-001__R2-001__R1-004,02_inputs_xml_flat/GPA-001__R2-001__R1-004__0427.xml,PASS,INFO,R1.D01=NO;R1.D03=NO;R2.D01=SI;R2.D02=SI;R2.D03=SI,MUNICIPIO30641,MUNICIPIO_SIN_CN_TRAB,Si,No,30641,,Regla 2 coherente para validaciones implementadas.
GPA-001__R2-001__R1-004__0428,GPA-001__R2-001__R1-004,02_inputs_xml_flat/GPA-001__R2-001__R1-004__0428.xml,PASS,INFO,R1.D01=NO;R1.D03=NO;R2.D01=SI;R2.D02=SI;R2.D03=SI,MUNICIPIO30642,MUNICIPIO_SIN_CN_TRAB,Si,No,30642,,Regla 2 coherente para validaciones implementadas.
GPA-001__R2-001__R1-004__0429,GPA-001__R2-001__R1-004,02_inputs_xml_flat/GPA-001__R2-001__R1-004__0429.xml,PASS,INFO,R1.D01=NO;R1.D03=NO;R2.D01=SI;R2.D02=SI;R2.D03=SI,MUNICIPIO30643,MUNICIPIO_SIN_CN_TRAB,Si,No,30643,,Regla 2 coherente para validaciones implementadas.
GPA-001__R2-001__R1-004__0430,GPA-001__R2-001__R1-004,02_inputs_xml_flat/GPA-001__R2-001__R1-004__0430.xml,PASS,INFO,R1.D01=NO;R1.D03=NO;R2.D01=SI;R2.D02=SI;R2.D03=SI,MUNICIPIO30641,MUNICIPIO_SIN_CN_TRAB,Si,No,30641,,Regla 2 coherente para validaciones implementadas.
GPA-001__R2-001__R1-004__0431,GPA-001__R2-001__R1-004,02_inputs_xml_flat/GPA-001__R2-001__R1-004__0431.xml,PASS,INFO,R1.D01=NO;R1.D03=NO;R2.D01=SI;R2.D02=SI;R2.D03=SI,MUNICIPIO30642,MUNICIPIO_SIN_CN_TRAB,Si,No,30642,,Regla 2 coherente para validaciones implementadas.
GPA-001__R2-001__R1-004__0432,GPA-001__R2-001__R1-004,02_inputs_xml_flat/GPA-001__R2-001__R1-004__0432.xml,PASS,INFO,R1.D01=NO;R1.D03=NO;R2.D01=SI;R2.D02=SI;R2.D03=SI,MUNICIPIO30643,MUNICIPIO_SIN_CN_TRAB,Si,No,30643,,Regla 2 coherente para validaciones implementadas.
GPA-001__R2-001__R1-004__0433,GPA-001__R2-001__R1-004,02_inputs_xml_flat/GPA-001__R2-001__R1-004__0433.xml,PASS,INFO,R1.D01=NO;R1.D03=NO;R2.D01=SI;R2.D02=SI;R2.D03=SI,MUNICIPIO30641,MUNICIPIO_SIN_CN_TRAB,Si,No,30641,,Regla 2 coherente para validaciones implementadas.
GPA-001__R2-001__R1-004__0434,GPA-001__R2-001__R1-004,02_inputs_xml_flat/GPA-001__R2-001__R1-004__0434.xml,PASS,INFO,R1.D01=NO;R1.D03=NO;R2.D01=SI;R2.D02=SI;R2.D03=SI,MUNICIPIO30642,MUNICIPIO_SIN_CN_TRAB,Si,No,30642,,Regla 2 coherente para validaciones implementadas.
GPA-001__R2-001__R1-004__0435,GPA-001__R2-001__R1-004,02_inputs_xml_flat/GPA-001__R2-001__R1-004__0435.xml,PASS,INFO,R1.D01=NO;R1.D03=NO;R2.D01=SI;R2.D02=SI;R2.D03=SI,MUNICIPIO30643,MUNICIPIO_SIN_CN_TRAB,Si,No,30643,,Regla 2 coherente para validaciones implementadas.
GPA-001__R2-001__R1-004__0436,GPA-001__R2-001__R1-004,02_inputs_xml_flat/GPA-001__R2-001__R1-004__0436.xml,PASS,INFO,R1.D01=NO;R1.D03=NO;R2.D01=SI;R2.D02=SI;R2.D03=SI,MUNICIPIO30641,MUNICIPIO_SIN_CN_TRAB,Si,No,30641,,Regla 2 coherente para validaciones implementadas.
GPA-001__R2-001__R1-004__0437,GPA-001__R2-001__R1-004,02_inputs_xml_flat/GPA-001__R2-001__R1-004__0437.xml,PASS,INFO,R1.D01=NO;R1.D03=NO;R2.D01=SI;R2.D02=SI;R2.D03=SI,MUNICIPIO30642,MUNICIPIO_SIN_CN_TRAB,Si,No,30642,,Regla 2 coherente para validaciones implementadas.
GPA-001__R2-001__R1-004__0438,GPA-001__R2-001__R1-004,02_inputs_xml_flat/GPA-001__R2-001__R1-004__0438.xml,PASS,INFO,R1.D01=NO;R1.D03=NO;R2.D01=SI;R2.D02=SI;R2.D03=SI,MUNICIPIO30643,MUNICIPIO_SIN_CN_TRAB,Si,No,30643,,Regla 2 coherente para validaciones implementadas.
GPA-001__R2-001__R1-004__0439,GPA-001__R2-001__R1-004,02_inputs_xml_flat/GPA-001__R2-001__R1-004__0439.xml,PASS,INFO,R1.D01=NO;R1.D03=NO;R2.D01=SI;R2.D02=SI;R2.D03=SI,MUNICIPIO30641,MUNICIPIO_SIN_CN_TRAB,Si,No,30641,,Regla 2 coherente para validaciones implementadas.
GPA-001__R2-001__R1-004__0440,GPA-001__R2-001__R1-004,02_inputs_xml_flat/GPA-001__R2-001__R1-004__0440.xml,PASS,INFO,R1.D01=NO;R1.D03=NO;R2.D01=SI;R2.D02=SI;R2.D03=SI,MUNICIPIO30642,MUNICIPIO_SIN_CN_TRAB,Si,No,30642,,Regla 2 coherente para validaciones implementadas.
GPA-001__R2-001__R1-004__0441,GPA-001__R2-001__R1-004,02_inputs_xml_flat/GPA-001__R2-001__R1-004__0441.xml,PASS,INFO,R1.D01=NO;R1.D03=NO;R2.D01=SI;R2.D02=SI;R2.D03=SI,MUNICIPIO30643,MUNICIPIO_SIN_CN_TRAB,Si,No,30643,,Regla 2 coherente para validaciones implementadas.
GPA-001__R2-001__R1-004__0442,GPA-001__R2-001__R1-004,02_inputs_xml_flat/GPA-001__R2-001__R1-004__0442.xml,PASS,INFO,R1.D01=NO;R1.D03=NO;R2.D01=SI;R2.D02=SI;R2.D03=SI,MUNICIPIO30641,MUNICIPIO_SIN_CN_TRAB,Si,No,30641,,Regla 2 coherente para validaciones implementadas.
GPA-001__R2-001__R1-004__0443,GPA-001__R2-001__R1-004,02_inputs_xml_flat/GPA-001__R2-001__R1-004__0443.xml,PASS,INFO,R1.D01=NO;R1.D03=NO;R2.D01=SI;R2.D02=SI;R2.D03=SI,MUNICIPIO30642,MUNICIPIO_SIN_CN_TRAB,Si,No,30642,,Regla 2 coherente para validaciones implementadas.
GPA-001__R2-001__R1-004__0444,GPA-001__R2-001__R1-004,02_inputs_xml_flat/GPA-001__R2-001__R1-004__0444.xml,PASS,INFO,R1.D01=NO;R1.D03=NO;R2.D01=SI;R2.D02=SI;R2.D03=SI,MUNICIPIO30643,MUNICIPIO_SIN_CN_TRAB,Si,No,30643,,Regla 2 coherente para validaciones implementadas.
GPA-001__R2-001__R1-004__0445,GPA-001__R2-001__R1-004,02_inputs_xml_flat/GPA-001__R2-001__R1-004__0445.xml,PASS,INFO,R1.D01=NO;R1.D03=NO;R2.D01=SI;R2.D02=SI;R2.D03=SI,MUNICIPIO30641,MUNICIPIO_SIN_CN_TRAB,Si,No,30641,,Regla 2 coherente para validaciones implementadas.
GPA-001__R2-001__R1-004__0446,GPA-001__R2-001__R1-004,02_inputs_xml_flat/GPA-001__R2-001__R1-004__0446.xml,PASS,INFO,R1.D01=NO;R1.D03=NO;R2.D01=SI;R2.D02=SI;R2.D03=SI,MUNICIPIO30642,MUNICIPIO_SIN_CN_TRAB,Si,No,30642,,Regla 2 coherente para validaciones implementadas.
GPA-001__R2-001__R1-004__0447,GPA-001__R2-001__R1-004,02_inputs_xml_flat/GPA-001__R2-001__R1-004__0447.xml,PASS,INFO,R1.D01=NO;R1.D03=NO;R2.D01=SI;R2.D02=SI;R2.D03=SI,MUNICIPIO30643,MUNICIPIO_SIN_CN_TRAB,Si,No,30643,,Regla 2 coherente para validaciones implementadas.
GPA-001__R2-001__R1-004__0448,GPA-001__R2-001__R1-004,02_inputs_xml_flat/GPA-001__R2-001__R1-004__0448.xml,PASS,INFO,R1.D01=NO;R1.D03=NO;R2.D01=SI;R2.D02=SI;R2.D03=SI,MUNICIPIO30641,MUNICIPIO_SIN_CN_TRAB,Si,No,30641,,Regla 2 coherente para validaciones implementadas.
GPA-001__R2-001__R1-004__0449,GPA-001__R2-001__R1-004,02_inputs_xml_flat/GPA-001__R2-001__R1-004__0449.xml,PASS,INFO,R1.D01=NO;R1.D03=NO;R2.D01=SI;R2.D02=SI;R2.D03=SI,MUNICIPIO30642,MUNICIPIO_SIN_CN_TRAB,Si,No,30642,,Regla 2 coherente para validaciones implementadas.
GPA-001__R2-001__R1-004__0450,GPA-001__R2-001__R1-004,02_inputs_xml_flat/GPA-001__R2-001__R1-004__0450.xml,PASS,INFO,R1.D01=NO;R1.D03=NO;R2.D01=SI;R2.D02=SI;R2.D03=SI,MUNICIPIO30643,MUNICIPIO_SIN_CN_TRAB,Si,No,30643,,Regla 2 coherente para validaciones implementadas.
GPA-001__R2-001__R1-004__0451,GPA-001__R2-001__R1-004,02_inputs_xml_flat/GPA-001__R2-001__R1-004__0451.xml,PASS,INFO,R1.D01=NO;R1.D03=NO;R2.D01=SI;R2.D02=SI;R2.D03=SI,MUNICIPIO30641,MUNICIPIO_SIN_CN_TRAB,Si,No,30641,,Regla 2 coherente para validaciones implementadas.
GPA-001__R2-001__R1-004__0452,GPA-001__R2-001__R1-004,02_inputs_xml_flat/GPA-001__R2-001__R1-004__0452.xml,PASS,INFO,R1.D01=NO;R1.D03=NO;R2.D01=SI;R2.D02=SI;R2.D03=SI,MUNICIPIO30642,MUNICIPIO_SIN_CN_TRAB,Si,No,30642,,Regla 2 coherente para validaciones implementadas.
GPA-001__R2-001__R1-004__0453,GPA-001__R2-001__R1-004,02_inputs_xml_flat/GPA-001__R2-001__R1-004__0453.xml,PASS,INFO,R1.D01=NO;R1.D03=NO;R2.D01=SI;R2.D02=SI;R2.D03=SI,MUNICIPIO30643,MUNICIPIO_SIN_CN_TRAB,Si,No,30643,,Regla 2 coherente para validaciones implementadas.
GPA-001__R2-001__R1-004__0454,GPA-001__R2-001__R1-004,02_inputs_xml_flat/GPA-001__R2-001__R1-004__0454.xml,PASS,INFO,R1.D01=NO;R1.D03=NO;R2.D01=SI;R2.D02=SI;R2.D03=SI,MUNICIPIO30641,MUNICIPIO_SIN_CN_TRAB,Si,No,30641,,Regla 2 coherente para validaciones implementadas.
GPA-001__R2-001__R1-004__0455,GPA-001__R2-001__R1-004,02_inputs_xml_flat/GPA-001__R2-001__R1-004__0455.xml,PASS,INFO,R1.D01=NO;R1.D03=NO;R2.D01=SI;R2.D02=SI;R2.D03=SI,MUNICIPIO30642,MUNICIPIO_SIN_CN_TRAB,Si,No,30642,,Regla 2 coherente para validaciones implementadas.
GPA-001__R2-001__R1-004__0456,GPA-001__R2-001__R1-004,02_inputs_xml_flat/GPA-001__R2-001__R1-004__0456.xml,PASS,INFO,R1.D01=NO;R1.D03=NO;R2.D01=SI;R2.D02=SI;R2.D03=SI,MUNICIPIO30643,MUNICIPIO_SIN_CN_TRAB,Si,No,30643,,Regla 2 coherente para validaciones implementadas.
GPA-001__R2-001__R1-004__0457,GPA-001__R2-001__R1-004,02_inputs_xml_flat/GPA-001__R2-001__R1-004__0457.xml,PASS,INFO,R1.D01=NO;R1.D03=NO;R2.D01=SI;R2.D02=SI;R2.D03=SI,MUNICIPIO30641,MUNICIPIO_SIN_CN_TRAB,Si,No,30641,,Regla 2 coherente para validaciones implementadas.
GPA-001__R2-001__R1-004__0458,GPA-001__R2-001__R1-004,02_inputs_xml_flat/GPA-001__R2-001__R1-004__0458.xml,PASS,INFO,R1.D01=NO;R1.D03=NO;R2.D01=SI;R2.D02=SI;R2.D03=SI,MUNICIPIO30642,MUNICIPIO_SIN_CN_TRAB,Si,No,30642,,Regla 2 coherente para validaciones implementadas.
GPA-001__R2-001__R1-004__0459,GPA-001__R2-001__R1-004,02_inputs_xml_flat/GPA-001__R2-001__R1-004__0459.xml,PASS,INFO,R1.D01=NO;R1.D03=NO;R2.D01=SI;R2.D02=SI;R2.D03=SI,MUNICIPIO30643,MUNICIPIO_SIN_CN_TRAB,Si,No,30643,,Regla 2 coherente para validaciones implementadas.
GPA-001__R2-001__R1-004__0460,GPA-001__R2-001__R1-004,02_inputs_xml_flat/GPA-001__R2-001__R1-004__0460.xml,PASS,INFO,R1.D01=NO;R1.D03=NO;R2.D01=SI;R2.D02=SI;R2.D03=SI,MUNICIPIO30641,MUNICIPIO_SIN_CN_TRAB,Si,No,30641,,Regla 2 coherente para validaciones implementadas.
GPA-001__R2-001__R1-004__0461,GPA-001__R2-001__R1-004,02_inputs_xml_flat/GPA-001__R2-001__R1-004__0461.xml,PASS,INFO,R1.D01=NO;R1.D03=NO;R2.D01=SI;R2.D02=SI;R2.D03=SI,MUNICIPIO30642,MUNICIPIO_SIN_CN_TRAB,Si,No,30642,,Regla 2 coherente para validaciones implementadas.
GPA-001__R2-001__R1-004__0462,GPA-001__R2-001__R1-004,02_inputs_xml_flat/GPA-001__R2-001__R1-004__0462.xml,PASS,INFO,R1.D01=NO;R1.D03=NO;R2.D01=SI;R2.D02=SI;R2.D03=SI,MUNICIPIO30643,MUNICIPIO_SIN_CN_TRAB,Si,No,30643,,Regla 2 coherente para validaciones implementadas.
GPA-001__R2-001__R1-004__0463,GPA-001__R2-001__R1-004,02_inputs_xml_flat/GPA-001__R2-001__R1-004__0463.xml,PASS,INFO,R1.D01=NO;R1.D03=NO;R2.D01=SI;R2.D02=SI;R2.D03=SI,MUNICIPIO30641,MUNICIPIO_SIN_CN_TRAB,Si,No,30641,,Regla 2 coherente para validaciones implementadas.
GPA-001__R2-001__R1-004__0464,GPA-001__R2-001__R1-004,02_inputs_xml_flat/GPA-001__R2-001__R1-004__0464.xml,PASS,INFO,R1.D01=NO;R1.D03=NO;R2.D01=SI;R2.D02=SI;R2.D03=SI,MUNICIPIO30642,MUNICIPIO_SIN_CN_TRAB,Si,No,30642,,Regla 2 coherente para validaciones implementadas.
GPA-001__R2-001__R1-004__0465,GPA-001__R2-001__R1-004,02_inputs_xml_flat/GPA-001__R2-001__R1-004__0465.xml,PASS,INFO,R1.D01=NO;R1.D03=NO;R2.D01=SI;R2.D02=SI;R2.D03=SI,MUNICIPIO30643,MUNICIPIO_SIN_CN_TRAB,Si,No,30643,,Regla 2 coherente para validaciones implementadas.
GPA-001__R2-001__R1-004__0466,GPA-001__R2-001__R1-004,02_inputs_xml_flat/GPA-001__R2-001__R1-004__0466.xml,PASS,INFO,R1.D01=NO;R1.D03=NO;R2.D01=SI;R2.D02=SI;R2.D03=SI,MUNICIPIO30641,MUNICIPIO_SIN_CN_TRAB,Si,No,30641,,Regla 2 coherente para validaciones implementadas.
GPA-001__R2-001__R1-004__0467,GPA-001__R2-001__R1-004,02_inputs_xml_flat/GPA-001__R2-001__R1-004__0467.xml,PASS,INFO,R1.D01=NO;R1.D03=NO;R2.D01=SI;R2.D02=SI;R2.D03=SI,MUNICIPIO30642,MUNICIPIO_SIN_CN_TRAB,Si,No,30642,,Regla 2 coherente para validaciones implementadas.
GPA-001__R2-001__R1-004__0468,GPA-001__R2-001__R1-004,02_inputs_xml_flat/GPA-001__R2-001__R1-004__0468.xml,PASS,INFO,R1.D01=NO;R1.D03=NO;R2.D01=SI;R2.D02=SI;R2.D03=SI,MUNICIPIO30643,MUNICIPIO_SIN_CN_TRAB,Si,No,30643,,Regla 2 coherente para validaciones implementadas.
GPA-001__R2-001__R1-004__0469,GPA-001__R2-001__R1-004,02_inputs_xml_flat/GPA-001__R2-001__R1-004__0469.xml,PASS,INFO,R1.D01=NO;R1.D03=NO;R2.D01=SI;R2.D02=SI;R2.D03=SI,MUNICIPIO30641,MUNICIPIO_SIN_CN_TRAB,Si,No,30641,,Regla 2 coherente para validaciones implementadas.
GPA-001__R2-001__R1-004__0470,GPA-001__R2-001__R1-004,02_inputs_xml_flat/GPA-001__R2-001__R1-004__0470.xml,PASS,INFO,R1.D01=NO;R1.D03=NO;R2.D01=SI;R2.D02=SI;R2.D03=SI,MUNICIPIO30642,MUNICIPIO_SIN_CN_TRAB,Si,No,30642,,Regla 2 coherente para validaciones implementadas.
GPA-001__R2-001__R1-004__0471,GPA-001__R2-001__R1-004,02_inputs_xml_flat/GPA-001__R2-001__R1-004__0471.xml,PASS,INFO,R1.D01=NO;R1.D03=NO;R2.D01=SI;R2.D02=SI;R2.D03=SI,MUNICIPIO30643,MUNICIPIO_SIN_CN_TRAB,Si,No,30643,,Regla 2 coherente para validaciones implementadas.
GPA-001__R2-001__R1-004__0472,GPA-001__R2-001__R1-004,02_inputs_xml_flat/GPA-001__R2-001__R1-004__0472.xml,PASS,INFO,R1.D01=NO;R1.D03=NO;R2.D01=SI;R2.D02=SI;R2.D03=SI,MUNICIPIO30641,MUNICIPIO_SIN_CN_TRAB,Si,No,30641,,Regla 2 coherente para validaciones implementadas.
GPA-001__R2-001__R1-004__0473,GPA-001__R2-001__R1-004,02_inputs_xml_flat/GPA-001__R2-001__R1-004__0473.xml,PASS,INFO,R1.D01=NO;R1.D03=NO;R2.D01=SI;R2.D02=SI;R2.D03=SI,MUNICIPIO30642,MUNICIPIO_SIN_CN_TRAB,Si,No,30642,,Regla 2 coherente para validaciones implementadas.
GPA-001__R2-001__R1-004__0474,GPA-001__R2-001__R1-004,02_inputs_xml_flat/GPA-001__R2-001__R1-004__0474.xml,PASS,INFO,R1.D01=NO;R1.D03=NO;R2.D01=SI;R2.D02=SI;R2.D03=SI,MUNICIPIO30643,MUNICIPIO_SIN_CN_TRAB,Si,No,30643,,Regla 2 coherente para validaciones implementadas.
GPA-001__R2-001__R1-004__0475,GPA-001__R2-001__R1-004,02_inputs_xml_flat/GPA-001__R2-001__R1-004__0475.xml,PASS,INFO,R1.D01=NO;R1.D03=NO;R2.D01=SI;R2.D02=SI;R2.D03=SI,MUNICIPIO30641,MUNICIPIO_SIN_CN_TRAB,Si,No,30641,,Regla 2 coherente para validaciones implementadas.
GPA-001__R2-001__R1-004__0476,GPA-001__R2-001__R1-004,02_inputs_xml_flat/GPA-001__R2-001__R1-004__0476.xml,PASS,INFO,R1.D01=NO;R1.D03=NO;R2.D01=SI;R2.D02=SI;R2.D03=SI,MUNICIPIO30642,MUNICIPIO_SIN_CN_TRAB,Si,No,30642,,Regla 2 coherente para validaciones implementadas.
GPA-001__R2-001__R1-004__0477,GPA-001__R2-001__R1-004,02_inputs_xml_flat/GPA-001__R2-001__R1-004__0477.xml,PASS,INFO,R1.D01=NO;R1.D03=NO;R2.D01=SI;R2.D02=SI;R2.D03=SI,MUNICIPIO30643,MUNICIPIO_SIN_CN_TRAB,Si,No,30643,,Regla 2 coherente para validaciones implementadas.
GPA-001__R2-001__R1-004__0478,GPA-001__R2-001__R1-004,02_inputs_xml_flat/GPA-001__R2-001__R1-004__0478.xml,PASS,INFO,R1.D01=NO;R1.D03=NO;R2.D01=SI;R2.D02=SI;R2.D03=SI,MUNICIPIO30641,MUNICIPIO_SIN_CN_TRAB,Si,No,30641,,Regla 2 coherente para validaciones implementadas.
GPA-001__R2-001__R1-004__0479,GPA-001__R2-001__R1-004,02_inputs_xml_flat/GPA-001__R2-001__R1-004__0479.xml,PASS,INFO,R1.D01=NO;R1.D03=NO;R2.D01=SI;R2.D02=SI;R2.D03=SI,MUNICIPIO30642,MUNICIPIO_SIN_CN_TRAB,Si,No,30642,,Regla 2 coherente para validaciones implementadas.
GPA-001__R2-001__R1-004__0480,GPA-001__R2-001__R1-004,02_inputs_xml_flat/GPA-001__R2-001__R1-004__0480.xml,PASS,INFO,R1.D01=NO;R1.D03=NO;R2.D01=SI;R2.D02=SI;R2.D03=SI,MUNICIPIO30643,MUNICIPIO_SIN_CN_TRAB,Si,No,30643,,Regla 2 coherente para validaciones implementadas.
GPA-001__R2-001__R1-004__0481,GPA-001__R2-001__R1-004,02_inputs_xml_flat/GPA-001__R2-001__R1-004__0481.xml,PASS,INFO,R1.D01=NO;R1.D03=NO;R2.D01=SI;R2.D02=SI;R2.D03=SI,MUNICIPIO30641,MUNICIPIO_SIN_CN_TRAB,Si,No,30641,,Regla 2 coherente para validaciones implementadas.
GPA-001__R2-001__R1-004__0482,GPA-001__R2-001__R1-004,02_inputs_xml_flat/GPA-001__R2-001__R1-004__0482.xml,PASS,INFO,R1.D01=NO;R1.D03=NO;R2.D01=SI;R2.D02=SI;R2.D03=SI,MUNICIPIO30642,MUNICIPIO_SIN_CN_TRAB,Si,No,30642,,Regla 2 coherente para validaciones implementadas.
GPA-001__R2-001__R1-004__0483,GPA-001__R2-001__R1-004,02_inputs_xml_flat/GPA-001__R2-001__R1-004__0483.xml,PASS,INFO,R1.D01=NO;R1.D03=NO;R2.D01=SI;R2.D02=SI;R2.D03=SI,MUNICIPIO30643,MUNICIPIO_SIN_CN_TRAB,Si,No,30643,,Regla 2 coherente para validaciones implementadas.
GPA-001__R2-001__R1-004__0484,GPA-001__R2-001__R1-004,02_inputs_xml_flat/GPA-001__R2-001__R1-004__0484.xml,PASS,INFO,R1.D01=NO;R1.D03=NO;R2.D01=SI;R2.D02=SI;R2.D03=SI,MUNICIPIO30641,MUNICIPIO_SIN_CN_TRAB,Si,No,30641,,Regla 2 coherente para validaciones implementadas.
GPA-001__R2-001__R1-004__0485,GPA-001__R2-001__R1-004,02_inputs_xml_flat/GPA-001__R2-001__R1-004__0485.xml,PASS,INFO,R1.D01=NO;R1.D03=NO;R2.D01=SI;R2.D02=SI;R2.D03=SI,MUNICIPIO30642,MUNICIPIO_SIN_CN_TRAB,Si,No,30642,,Regla 2 coherente para validaciones implementadas.
GPA-001__R2-001__R1-004__0486,GPA-001__R2-001__R1-004,02_inputs_xml_flat/GPA-001__R2-001__R1-004__0486.xml,PASS,INFO,R1.D01=NO;R1.D03=NO;R2.D01=SI;R2.D02=SI;R2.D03=SI,MUNICIPIO30643,MUNICIPIO_SIN_CN_TRAB,Si,No,30643,,Regla 2 coherente para validaciones implementadas.
GPA-001__R2-001__R1-004__0487,GPA-001__R2-001__R1-004,02_inputs_xml_flat/GPA-001__R2-001__R1-004__0487.xml,PASS,INFO,R1.D01=NO;R1.D03=NO;R2.D01=SI;R2.D02=SI;R2.D03=SI,MUNICIPIO30641,MUNICIPIO_SIN_CN_TRAB,Si,No,30641,,Regla 2 coherente para validaciones implementadas.
GPA-001__R2-001__R1-004__0488,GPA-001__R2-001__R1-004,02_inputs_xml_flat/GPA-001__R2-001__R1-004__0488.xml,PASS,INFO,R1.D01=NO;R1.D03=NO;R2.D01=SI;R2.D02=SI;R2.D03=SI,MUNICIPIO30642,MUNICIPIO_SIN_CN_TRAB,Si,No,30642,,Regla 2 coherente para validaciones implementadas.
GPA-001__R2-001__R1-004__0489,GPA-001__R2-001__R1-004,02_inputs_xml_flat/GPA-001__R2-001__R1-004__0489.xml,PASS,INFO,R1.D01=NO;R1.D03=NO;R2.D01=SI;R2.D02=SI;R2.D03=SI,MUNICIPIO30643,MUNICIPIO_SIN_CN_TRAB,Si,No,30643,,Regla 2 coherente para validaciones implementadas.
GPA-001__R2-001__R1-004__0490,GPA-001__R2-001__R1-004,02_inputs_xml_flat/GPA-001__R2-001__R1-004__0490.xml,PASS,INFO,R1.D01=NO;R1.D03=NO;R2.D01=SI;R2.D02=SI;R2.D03=SI,MUNICIPIO30641,MUNICIPIO_SIN_CN_TRAB,Si,No,30641,,Regla 2 coherente para validaciones implementadas.
GPA-001__R2-001__R1-004__0491,GPA-001__R2-001__R1-004,02_inputs_xml_flat/GPA-001__R2-001__R1-004__0491.xml,PASS,INFO,R1.D01=NO;R1.D03=NO;R2.D01=SI;R2.D02=SI;R2.D03=SI,MUNICIPIO30642,MUNICIPIO_SIN_CN_TRAB,Si,No,30642,,Regla 2 coherente para validaciones implementadas.
GPA-001__R2-001__R1-004__0492,GPA-001__R2-001__R1-004,02_inputs_xml_flat/GPA-001__R2-001__R1-004__0492.xml,PASS,INFO,R1.D01=NO;R1.D03=NO;R2.D01=SI;R2.D02=SI;R2.D03=SI,MUNICIPIO30643,MUNICIPIO_SIN_CN_TRAB,Si,No,30643,,Regla 2 coherente para validaciones implementadas.
GPA-001__R2-001__R1-004__0493,GPA-001__R2-001__R1-004,02_inputs_xml_flat/GPA-001__R2-001__R1-004__0493.xml,PASS,INFO,R1.D01=NO;R1.D03=NO;R2.D01=SI;R2.D02=SI;R2.D03=SI,MUNICIPIO30641,MUNICIPIO_SIN_CN_TRAB,Si,No,30641,,Regla 2 coherente para validaciones implementadas.
GPA-001__R2-001__R1-004__0494,GPA-001__R2-001__R1-004,02_inputs_xml_flat/GPA-001__R2-001__R1-004__0494.xml,PASS,INFO,R1.D01=NO;R1.D03=NO;R2.D01=SI;R2.D02=SI;R2.D03=SI,MUNICIPIO30642,MUNICIPIO_SIN_CN_TRAB,Si,No,30642,,Regla 2 coherente para validaciones implementadas.
GPA-001__R2-001__R1-004__0495,GPA-001__R2-001__R1-004,02_inputs_xml_flat/GPA-001__R2-001__R1-004__0495.xml,PASS,INFO,R1.D01=NO;R1.D03=NO;R2.D01=SI;R2.D02=SI;R2.D03=SI,MUNICIPIO30643,MUNICIPIO_SIN_CN_TRAB,Si,No,30643,,Regla 2 coherente para validaciones implementadas.
GPA-001__R2-001__R1-004__0496,GPA-001__R2-001__R1-004,02_inputs_xml_flat/GPA-001__R2-001__R1-004__0496.xml,PASS,INFO,R1.D01=NO;R1.D03=NO;R2.D01=SI;R2.D02=SI;R2.D03=SI,MUNICIPIO30641,MUNICIPIO_SIN_CN_TRAB,Si,No,30641,,Regla 2 coherente para validaciones implementadas.
GPA-001__R2-001__R1-004__0497,GPA-001__R2-001__R1-004,02_inputs_xml_flat/GPA-001__R2-001__R1-004__0497.xml,PASS,INFO,R1.D01=NO;R1.D03=NO;R2.D01=SI;R2.D02=SI;R2.D03=SI,MUNICIPIO30642,MUNICIPIO_SIN_CN_TRAB,Si,No,30642,,Regla 2 coherente para validaciones implementadas.
GPA-001__R2-001__R1-004__0498,GPA-001__R2-001__R1-004,02_inputs_xml_flat/GPA-001__R2-001__R1-004__0498.xml,PASS,INFO,R1.D01=NO;R1.D03=NO;R2.D01=SI;R2.D02=SI;R2.D03=SI,MUNICIPIO30643,MUNICIPIO_SIN_CN_TRAB,Si,No,30643,,Regla 2 coherente para validaciones implementadas.
GPA-001__R2-001__R1-004__0499,GPA-001__R2-001__R1-004,02_inputs_xml_flat/GPA-001__R2-001__R1-004__0499.xml,PASS,INFO,R1.D01=NO;R1.D03=NO;R2.D01=SI;R2.D02=SI;R2.D03=SI,MUNICIPIO30641,MUNICIPIO_SIN_CN_TRAB,Si,No,30641,,Regla 2 coherente para validaciones implementadas.
GPA-001__R2-001__R1-004__0500,GPA-001__R2-001__R1-004,02_inputs_xml_flat/GPA-001__R2-001__R1-004__0500.xml,PASS,INFO,R1.D01=NO;R1.D03=NO;R2.D01=SI;R2.D02=SI;R2.D03=SI,MUNICIPIO30642,MUNICIPIO_SIN_CN_TRAB,Si,No,30642,,Regla 2 coherente para validaciones implementadas.
GPA-001__R2-001__R1-004__0501,GPA-001__R2-001__R1-004,02_inputs_xml_flat/GPA-001__R2-001__R1-004__0501.xml,PASS,INFO,R1.D01=NO;R1.D03=NO;R2.D01=SI;R2.D02=SI;R2.D03=SI,MUNICIPIO30643,MUNICIPIO_SIN_CN_TRAB,Si,No,30643,,Regla 2 coherente para validaciones implementadas.
GPA-001__R2-001__R1-004__0502,GPA-001__R2-001__R1-004,02_inputs_xml_flat/GPA-001__R2-001__R1-004__0502.xml,PASS,INFO,R1.D01=NO;R1.D03=NO;R2.D01=SI;R2.D02=SI;R2.D03=SI,MUNICIPIO30641,MUNICIPIO_SIN_CN_TRAB,Si,No,30641,,Regla 2 coherente para validaciones implementadas.
GPA-001__R2-001__R1-004__0503,GPA-001__R2-001__R1-004,02_inputs_xml_flat/GPA-001__R2-001__R1-004__0503.xml,PASS,INFO,R1.D01=NO;R1.D03=NO;R2.D01=SI;R2.D02=SI;R2.D03=SI,MUNICIPIO30642,MUNICIPIO_SIN_CN_TRAB,Si,No,30642,,Regla 2 coherente para validaciones implementadas.
GPA-001__R2-001__R1-004__0504,GPA-001__R2-001__R1-004,02_inputs_xml_flat/GPA-001__R2-001__R1-004__0504.xml,PASS,INFO,R1.D01=NO;R1.D03=NO;R2.D01=SI;R2.D02=SI;R2.D03=SI,MUNICIPIO30643,MUNICIPIO_SIN_CN_TRAB,Si,No,30643,,Regla 2 coherente para validaciones implementadas.
GPA-001__R2-001__R1-004__0505,GPA-001__R2-001__R1-004,02_inputs_xml_flat/GPA-001__R2-001__R1-004__0505.xml,PASS,INFO,R1.D01=NO;R1.D03=NO;R2.D01=SI;R2.D02=SI;R2.D03=SI,MUNICIPIO30641,MUNICIPIO_SIN_CN_TRAB,Si,No,30641,,Regla 2 coherente para validaciones implementadas.
GPA-001__R2-001__R1-004__0506,GPA-001__R2-001__R1-004,02_inputs_xml_flat/GPA-001__R2-001__R1-004__0506.xml,PASS,INFO,R1.D01=NO;R1.D03=NO;R2.D01=SI;R2.D02=SI;R2.D03=SI,MUNICIPIO30642,MUNICIPIO_SIN_CN_TRAB,Si,No,30642,,Regla 2 coherente para validaciones implementadas.
GPA-001__R2-001__R1-004__0507,GPA-001__R2-001__R1-004,02_inputs_xml_flat/GPA-001__R2-001__R1-004__0507.xml,PASS,INFO,R1.D01=NO;R1.D03=NO;R2.D01=SI;R2.D02=SI;R2.D03=SI,MUNICIPIO30643,MUNICIPIO_SIN_CN_TRAB,Si,No,30643,,Regla 2 coherente para validaciones implementadas.
GPA-001__R2-001__R1-004__0508,GPA-001__R2-001__R1-004,02_inputs_xml_flat/GPA-001__R2-001__R1-004__0508.xml,PASS,INFO,R1.D01=NO;R1.D03=NO;R2.D01=SI;R2.D02=SI;R2.D03=SI,MUNICIPIO30641,MUNICIPIO_SIN_CN_TRAB,Si,No,30641,,Regla 2 coherente para validaciones implementadas.
GPA-001__R2-001__R1-004__0509,GPA-001__R2-001__R1-004,02_inputs_xml_flat/GPA-001__R2-001__R1-004__0509.xml,PASS,INFO,R1.D01=NO;R1.D03=NO;R2.D01=SI;R2.D02=SI;R2.D03=SI,MUNICIPIO30642,MUNICIPIO_SIN_CN_TRAB,Si,No,30642,,Regla 2 coherente para validaciones implementadas.
GPA-001__R2-001__R1-004__0510,GPA-001__R2-001__R1-004,02_inputs_xml_flat/GPA-001__R2-001__R1-004__0510.xml,PASS,INFO,R1.D01=NO;R1.D03=NO;R2.D01=SI;R2.D02=SI;R2.D03=SI,MUNICIPIO30643,MUNICIPIO_SIN_CN_TRAB,Si,No,30643,,Regla 2 coherente para validaciones implementadas.
GPA-001__R2-001__R1-004__0511,GPA-001__R2-001__R1-004,02_inputs_xml_flat/GPA-001__R2-001__R1-004__0511.xml,PASS,INFO,R1.D01=NO;R1.D03=NO;R2.D01=SI;R2.D02=SI;R2.D03=SI,MUNICIPIO30641,MUNICIPIO_SIN_CN_TRAB,Si,No,30641,,Regla 2 coherente para validaciones implementadas.
GPA-001__R2-001__R1-004__0512,GPA-001__R2-001__R1-004,02_inputs_xml_flat/GPA-001__R2-001__R1-004__0512.xml,PASS,INFO,R1.D01=NO;R1.D03=NO;R2.D01=SI;R2.D02=SI;R2.D03=SI,MUNICIPIO30642,MUNICIPIO_SIN_CN_TRAB,Si,No,30642,,Regla 2 coherente para validaciones implementadas.
GPA-001__R2-001__R1-004__0513,GPA-001__R2-001__R1-004,02_inputs_xml_flat/GPA-001__R2-001__R1-004__0513.xml,PASS,INFO,R1.D01=NO;R1.D03=NO;R2.D01=SI;R2.D02=SI;R2.D03=SI,MUNICIPIO30643,MUNICIPIO_SIN_CN_TRAB,Si,No,30643,,Regla 2 coherente para validaciones implementadas.
GPA-001__R2-001__R1-004__0514,GPA-001__R2-001__R1-004,02_inputs_xml_flat/GPA-001__R2-001__R1-004__0514.xml,PASS,INFO,R1.D01=NO;R1.D03=NO;R2.D01=SI;R2.D02=SI;R2.D03=SI,MUNICIPIO30641,MUNICIPIO_SIN_CN_TRAB,Si,No,30641,,Regla 2 coherente para validaciones implementadas.
GPA-001__R2-001__R1-004__0515,GPA-001__R2-001__R1-004,02_inputs_xml_flat/GPA-001__R2-001__R1-004__0515.xml,PASS,INFO,R1.D01=NO;R1.D03=NO;R2.D01=SI;R2.D02=SI;R2.D03=SI,MUNICIPIO30642,MUNICIPIO_SIN_CN_TRAB,Si,No,30642,,Regla 2 coherente para validaciones implementadas.
GPA-001__R2-001__R1-004__0516,GPA-001__R2-001__R1-004,02_inputs_xml_flat/GPA-001__R2-001__R1-004__0516.xml,PASS,INFO,R1.D01=NO;R1.D03=NO;R2.D01=SI;R2.D02=SI;R2.D03=SI,MUNICIPIO30643,MUNICIPIO_SIN_CN_TRAB,Si,No,30643,,Regla 2 coherente para validaciones implementadas.
GPA-001__R2-001__R1-004__0517,GPA-001__R2-001__R1-004,02_inputs_xml_flat/GPA-001__R2-001__R1-004__0517.xml,PASS,INFO,R1.D01=NO;R1.D03=NO;R2.D01=SI;R2.D02=SI;R2.D03=SI,MUNICIPIO30641,MUNICIPIO_SIN_CN_TRAB,Si,No,30641,,Regla 2 coherente para validaciones implementadas.
GPA-001__R2-001__R1-004__0518,GPA-001__R2-001__R1-004,02_inputs_xml_flat/GPA-001__R2-001__R1-004__0518.xml,PASS,INFO,R1.D01=NO;R1.D03=NO;R2.D01=SI;R2.D02=SI;R2.D03=SI,MUNICIPIO30642,MUNICIPIO_SIN_CN_TRAB,Si,No,30642,,Regla 2 coherente para validaciones implementadas.
GPA-001__R2-001__R1-004__0519,GPA-001__R2-001__R1-004,02_inputs_xml_flat/GPA-001__R2-001__R1-004__0519.xml,PASS,INFO,R1.D01=NO;R1.D03=NO;R2.D01=SI;R2.D02=SI;R2.D03=SI,MUNICIPIO30643,MUNICIPIO_SIN_CN_TRAB,Si,No,30643,,Regla 2 coherente para validaciones implementadas.
GPA-001__R2-001__R1-004__0520,GPA-001__R2-001__R1-004,02_inputs_xml_flat/GPA-001__R2-001__R1-004__0520.xml,PASS,INFO,R1.D01=NO;R1.D03=NO;R2.D01=SI;R2.D02=SI;R2.D03=SI,MUNICIPIO30641,MUNICIPIO_SIN_CN_TRAB,Si,No,30641,,Regla 2 coherente para validaciones implementadas.
GPA-001__R2-001__R1-004__0521,GPA-001__R2-001__R1-004,02_inputs_xml_flat/GPA-001__R2-001__R1-004__0521.xml,PASS,INFO,R1.D01=NO;R1.D03=NO;R2.D01=SI;R2.D02=SI;R2.D03=SI,MUNICIPIO30642,MUNICIPIO_SIN_CN_TRAB,Si,No,30642,,Regla 2 coherente para validaciones implementadas.
GPA-001__R2-001__R1-004__0522,GPA-001__R2-001__R1-004,02_inputs_xml_flat/GPA-001__R2-001__R1-004__0522.xml,PASS,INFO,R1.D01=NO;R1.D03=NO;R2.D01=SI;R2.D02=SI;R2.D03=SI,MUNICIPIO30643,MUNICIPIO_SIN_CN_TRAB,Si,No,30643,,Regla 2 coherente para validaciones implementadas.
GPA-001__R2-001__R1-004__0523,GPA-001__R2-001__R1-004,02_inputs_xml_flat/GPA-001__R2-001__R1-004__0523.xml,PASS,INFO,R1.D01=NO;R1.D03=NO;R2.D01=SI;R2.D02=SI;R2.D03=SI,MUNICIPIO30641,MUNICIPIO_SIN_CN_TRAB,Si,No,30641,,Regla 2 coherente para validaciones implementadas.
GPA-001__R2-001__R1-004__0524,GPA-001__R2-001__R1-004,02_inputs_xml_flat/GPA-001__R2-001__R1-004__0524.xml,PASS,INFO,R1.D01=NO;R1.D03=NO;R2.D01=SI;R2.D02=SI;R2.D03=SI,MUNICIPIO30642,MUNICIPIO_SIN_CN_TRAB,Si,No,30642,,Regla 2 coherente para validaciones implementadas.
GPA-001__R2-001__R1-004__0525,GPA-001__R2-001__R1-004,02_inputs_xml_flat/GPA-001__R2-001__R1-004__0525.xml,PASS,INFO,R1.D01=NO;R1.D03=NO;R2.D01=SI;R2.D02=SI;R2.D03=SI,MUNICIPIO30643,MUNICIPIO_SIN_CN_TRAB,Si,No,30643,,Regla 2 coherente para validaciones implementadas.
GPA-001__R2-001__R1-004__0526,GPA-001__R2-001__R1-004,02_inputs_xml_flat/GPA-001__R2-001__R1-004__0526.xml,PASS,INFO,R1.D01=NO;R1.D03=NO;R2.D01=SI;R2.D02=SI;R2.D03=SI,MUNICIPIO30641,MUNICIPIO_SIN_CN_TRAB,Si,No,30641,,Regla 2 coherente para validaciones implementadas.
GPA-001__R2-001__R1-004__0527,GPA-001__R2-001__R1-004,02_inputs_xml_flat/GPA-001__R2-001__R1-004__0527.xml,PASS,INFO,R1.D01=NO;R1.D03=NO;R2.D01=SI;R2.D02=SI;R2.D03=SI,MUNICIPIO30642,MUNICIPIO_SIN_CN_TRAB,Si,No,30642,,Regla 2 coherente para validaciones implementadas.
GPA-001__R2-001__R1-004__0528,GPA-001__R2-001__R1-004,02_inputs_xml_flat/GPA-001__R2-001__R1-004__0528.xml,PASS,INFO,R1.D01=NO;R1.D03=NO;R2.D01=SI;R2.D02=SI;R2.D03=SI,MUNICIPIO30643,MUNICIPIO_SIN_CN_TRAB,Si,No,30643,,Regla 2 coherente para validaciones implementadas.
GPA-001__R2-001__R1-004__0529,GPA-001__R2-001__R1-004,02_inputs_xml_flat/GPA-001__R2-001__R1-004__0529.xml,PASS,INFO,R1.D01=NO;R1.D03=NO;R2.D01=SI;R2.D02=SI;R2.D03=SI,MUNICIPIO30641,MUNICIPIO_SIN_CN_TRAB,Si,No,30641,,Regla 2 coherente para validaciones implementadas.
GPA-001__R2-001__R1-004__0530,GPA-001__R2-001__R1-004,02_inputs_xml_flat/GPA-001__R2-001__R1-004__0530.xml,PASS,INFO,R1.D01=NO;R1.D03=NO;R2.D01=SI;R2.D02=SI;R2.D03=SI,MUNICIPIO30642,MUNICIPIO_SIN_CN_TRAB,Si,No,30642,,Regla 2 coherente para validaciones implementadas.
GPA-001__R2-001__R1-004__0531,GPA-001__R2-001__R1-004,02_inputs_xml_flat/GPA-001__R2-001__R1-004__0531.xml,PASS,INFO,R1.D01=NO;R1.D03=NO;R2.D01=SI;R2.D02=SI;R2.D03=SI,MUNICIPIO30643,MUNICIPIO_SIN_CN_TRAB,Si,No,30643,,Regla 2 coherente para validaciones implementadas.
GPA-001__R2-001__R1-004__0532,GPA-001__R2-001__R1-004,02_inputs_xml_flat/GPA-001__R2-001__R1-004__0532.xml,PASS,INFO,R1.D01=NO;R1.D03=NO;R2.D01=SI;R2.D02=SI;R2.D03=SI,MUNICIPIO30641,MUNICIPIO_SIN_CN_TRAB,Si,No,30641,,Regla 2 coherente para validaciones implementadas.
GPA-001__R2-001__R1-004__0533,GPA-001__R2-001__R1-004,02_inputs_xml_flat/GPA-001__R2-001__R1-004__0533.xml,PASS,INFO,R1.D01=NO;R1.D03=NO;R2.D01=SI;R2.D02=SI;R2.D03=SI,MUNICIPIO30642,MUNICIPIO_SIN_CN_TRAB,Si,No,30642,,Regla 2 coherente para validaciones implementadas.
GPA-001__R2-001__R1-004__0534,GPA-001__R2-001__R1-004,02_inputs_xml_flat/GPA-001__R2-001__R1-004__0534.xml,PASS,INFO,R1.D01=NO;R1.D03=NO;R2.D01=SI;R2.D02=SI;R2.D03=SI,MUNICIPIO30643,MUNICIPIO_SIN_CN_TRAB,Si,No,30643,,Regla 2 coherente para validaciones implementadas.
GPA-001__R2-001__R1-004__0535,GPA-001__R2-001__R1-004,02_inputs_xml_flat/GPA-001__R2-001__R1-004__0535.xml,PASS,INFO,R1.D01=NO;R1.D03=NO;R2.D01=SI;R2.D02=SI;R2.D03=SI,MUNICIPIO30641,MUNICIPIO_SIN_CN_TRAB,Si,No,30641,,Regla 2 coherente para validaciones implementadas.
GPA-001__R2-001__R1-004__0536,GPA-001__R2-001__R1-004,02_inputs_xml_flat/GPA-001__R2-001__R1-004__0536.xml,PASS,INFO,R1.D01=NO;R1.D03=NO;R2.D01=SI;R2.D02=SI;R2.D03=SI,MUNICIPIO30642,MUNICIPIO_SIN_CN_TRAB,Si,No,30642,,Regla 2 coherente para validaciones implementadas.
GPA-001__R2-001__R1-004__0537,GPA-001__R2-001__R1-004,02_inputs_xml_flat/GPA-001__R2-001__R1-004__0537.xml,PASS,INFO,R1.D01=NO;R1.D03=NO;R2.D01=SI;R2.D02=SI;R2.D03=SI,MUNICIPIO30643,MUNICIPIO_SIN_CN_TRAB,Si,No,30643,,Regla 2 coherente para validaciones implementadas.
GPA-001__R2-001__R1-004__0538,GPA-001__R2-001__R1-004,02_inputs_xml_flat/GPA-001__R2-001__R1-004__0538.xml,PASS,INFO,R1.D01=NO;R1.D03=NO;R2.D01=SI;R2.D02=SI;R2.D03=SI,MUNICIPIO30641,MUNICIPIO_SIN_CN_TRAB,Si,No,30641,,Regla 2 coherente para validaciones implementadas.
GPA-001__R2-001__R1-004__0539,GPA-001__R2-001__R1-004,02_inputs_xml_flat/GPA-001__R2-001__R1-004__0539.xml,PASS,INFO,R1.D01=NO;R1.D03=NO;R2.D01=SI;R2.D02=SI;R2.D03=SI,MUNICIPIO30642,MUNICIPIO_SIN_CN_TRAB,Si,No,30642,,Regla 2 coherente para validaciones implementadas.
GPA-001__R2-001__R1-004__0540,GPA-001__R2-001__R1-004,02_inputs_xml_flat/GPA-001__R2-001__R1-004__0540.xml,PASS,INFO,R1.D01=NO;R1.D03=NO;R2.D01=SI;R2.D02=SI;R2.D03=SI,MUNICIPIO30643,MUNICIPIO_SIN_CN_TRAB,Si,No,30643,,Regla 2 coherente para validaciones implementadas.
GPA-001__R2-001__R1-004__0541,GPA-001__R2-001__R1-004,02_inputs_xml_flat/GPA-001__R2-001__R1-004__0541.xml,PASS,INFO,R1.D01=NO;R1.D03=NO;R2.D01=SI;R2.D02=SI;R2.D03=SI,MUNICIPIO30641,MUNICIPIO_SIN_CN_TRAB,Si,No,30641,,Regla 2 coherente para validaciones implementadas.
GPA-001__R2-001__R1-004__0542,GPA-001__R2-001__R1-004,02_inputs_xml_flat/GPA-001__R2-001__R1-004__0542.xml,PASS,INFO,R1.D01=NO;R1.D03=NO;R2.D01=SI;R2.D02=SI;R2.D03=SI,MUNICIPIO30642,MUNICIPIO_SIN_CN_TRAB,Si,No,30642,,Regla 2 coherente para validaciones implementadas.
GPA-001__R2-001__R1-004__0543,GPA-001__R2-001__R1-004,02_inputs_xml_flat/GPA-001__R2-001__R1-004__0543.xml,PASS,INFO,R1.D01=NO;R1.D03=NO;R2.D01=SI;R2.D02=SI;R2.D03=SI,MUNICIPIO30643,MUNICIPIO_SIN_CN_TRAB,Si,No,30643,,Regla 2 coherente para validaciones implementadas.
GPA-001__R2-001__R1-004__0544,GPA-001__R2-001__R1-004,02_inputs_xml_flat/GPA-001__R2-001__R1-004__0544.xml,PASS,INFO,R1.D01=NO;R1.D03=NO;R2.D01=SI;R2.D02=SI;R2.D03=SI,MUNICIPIO30641,MUNICIPIO_SIN_CN_TRAB,Si,No,30641,,Regla 2 coherente para validaciones implementadas.
GPA-001__R2-001__R1-004__0545,GPA-001__R2-001__R1-004,02_inputs_xml_flat/GPA-001__R2-001__R1-004__0545.xml,PASS,INFO,R1.D01=NO;R1.D03=NO;R2.D01=SI;R2.D02=SI;R2.D03=SI,MUNICIPIO30642,MUNICIPIO_SIN_CN_TRAB,Si,No,30642,,Regla 2 coherente para validaciones implementadas.
GPA-001__R2-001__R1-004__0546,GPA-001__R2-001__R1-004,02_inputs_xml_flat/GPA-001__R2-001__R1-004__0546.xml,PASS,INFO,R1.D01=NO;R1.D03=NO;R2.D01=SI;R2.D02=SI;R2.D03=SI,MUNICIPIO30643,MUNICIPIO_SIN_CN_TRAB,Si,No,30643,,Regla 2 coherente para validaciones implementadas.
GPA-001__R2-001__R1-004__0547,GPA-001__R2-001__R1-004,02_inputs_xml_flat/GPA-001__R2-001__R1-004__0547.xml,PASS,INFO,R1.D01=NO;R1.D03=NO;R2.D01=SI;R2.D02=SI;R2.D03=SI,MUNICIPIO30641,MUNICIPIO_SIN_CN_TRAB,Si,No,30641,,Regla 2 coherente para validaciones implementadas.
GPA-001__R2-001__R1-004__0548,GPA-001__R2-001__R1-004,02_inputs_xml_flat/GPA-001__R2-001__R1-004__0548.xml,PASS,INFO,R1.D01=NO;R1.D03=NO;R2.D01=SI;R2.D02=SI;R2.D03=SI,MUNICIPIO30642,MUNICIPIO_SIN_CN_TRAB,Si,No,30642,,Regla 2 coherente para validaciones implementadas.
GPA-001__R2-001__R1-004__0549,GPA-001__R2-001__R1-004,02_inputs_xml_flat/GPA-001__R2-001__R1-004__0549.xml,PASS,INFO,R1.D01=NO;R1.D03=NO;R2.D01=SI;R2.D02=SI;R2.D03=SI,MUNICIPIO30643,MUNICIPIO_SIN_CN_TRAB,Si,No,30643,,Regla 2 coherente para validaciones implementadas.
GPA-001__R2-001__R1-004__0550,GPA-001__R2-001__R1-004,02_inputs_xml_flat/GPA-001__R2-001__R1-004__0550.xml,PASS,INFO,R1.D01=NO;R1.D03=NO;R2.D01=SI;R2.D02=SI;R2.D03=SI,MUNICIPIO30641,MUNICIPIO_SIN_CN_TRAB,Si,No,30641,,Regla 2 coherente para validaciones implementadas.
GPA-001__R2-001__R1-004__0551,GPA-001__R2-001__R1-004,02_inputs_xml_flat/GPA-001__R2-001__R1-004__0551.xml,PASS,INFO,R1.D01=NO;R1.D03=NO;R2.D01=SI;R2.D02=SI;R2.D03=SI,MUNICIPIO30642,MUNICIPIO_SIN_CN_TRAB,Si,No,30642,,Regla 2 coherente para validaciones implementadas.
GPA-001__R2-001__R1-004__0552,GPA-001__R2-001__R1-004,02_inputs_xml_flat/GPA-001__R2-001__R1-004__0552.xml,PASS,INFO,R1.D01=NO;R1.D03=NO;R2.D01=SI;R2.D02=SI;R2.D03=SI,MUNICIPIO30643,MUNICIPIO_SIN_CN_TRAB,Si,No,30643,,Regla 2 coherente para validaciones implementadas.
GPA-001__R2-001__R1-004__0553,GPA-001__R2-001__R1-004,02_inputs_xml_flat/GPA-001__R2-001__R1-004__0553.xml,PASS,INFO,R1.D01=NO;R1.D03=NO;R2.D01=SI;R2.D02=SI;R2.D03=SI,MUNICIPIO30641,MUNICIPIO_SIN_CN_TRAB,Si,No,30641,,Regla 2 coherente para validaciones implementadas.
GPA-001__R2-001__R1-004__0554,GPA-001__R2-001__R1-004,02_inputs_xml_flat/GPA-001__R2-001__R1-004__0554.xml,PASS,INFO,R1.D01=NO;R1.D03=NO;R2.D01=SI;R2.D02=SI;R2.D03=SI,MUNICIPIO30642,MUNICIPIO_SIN_CN_TRAB,Si,No,30642,,Regla 2 coherente para validaciones implementadas.
GPA-001__R2-001__R1-004__0555,GPA-001__R2-001__R1-004,02_inputs_xml_flat/GPA-001__R2-001__R1-004__0555.xml,PASS,INFO,R1.D01=NO;R1.D03=NO;R2.D01=SI;R2.D02=SI;R2.D03=SI,MUNICIPIO30643,MUNICIPIO_SIN_CN_TRAB,Si,No,30643,,Regla 2 coherente para validaciones implementadas.
GPA-001__R2-001__R1-004__0556,GPA-001__R2-001__R1-004,02_inputs_xml_flat/GPA-001__R2-001__R1-004__0556.xml,PASS,INFO,R1.D01=NO;R1.D03=NO;R2.D01=SI;R2.D02=SI;R2.D03=SI,MUNICIPIO30641,MUNICIPIO_SIN_CN_TRAB,Si,No,30641,,Regla 2 coherente para validaciones implementadas.
GPA-001__R2-001__R1-004__0557,GPA-001__R2-001__R1-004,02_inputs_xml_flat/GPA-001__R2-001__R1-004__0557.xml,PASS,INFO,R1.D01=NO;R1.D03=NO;R2.D01=SI;R2.D02=SI;R2.D03=SI,MUNICIPIO30642,MUNICIPIO_SIN_CN_TRAB,Si,No,30642,,Regla 2 coherente para validaciones implementadas.
GPA-001__R2-001__R1-004__0558,GPA-001__R2-001__R1-004,02_inputs_xml_flat/GPA-001__R2-001__R1-004__0558.xml,PASS,INFO,R1.D01=NO;R1.D03=NO;R2.D01=SI;R2.D02=SI;R2.D03=SI,MUNICIPIO30643,MUNICIPIO_SIN_CN_TRAB,Si,No,30643,,Regla 2 coherente para validaciones implementadas.
GPA-001__R2-001__R1-004__0559,GPA-001__R2-001__R1-004,02_inputs_xml_flat/GPA-001__R2-001__R1-004__0559.xml,PASS,INFO,R1.D01=NO;R1.D03=NO;R2.D01=SI;R2.D02=SI;R2.D03=SI,MUNICIPIO30641,MUNICIPIO_SIN_CN_TRAB,Si,No,30641,,Regla 2 coherente para validaciones implementadas.
GPA-001__R2-001__R1-004__0560,GPA-001__R2-001__R1-004,02_inputs_xml_flat/GPA-001__R2-001__R1-004__0560.xml,PASS,INFO,R1.D01=NO;R1.D03=NO;R2.D01=SI;R2.D02=SI;R2.D03=SI,MUNICIPIO30642,MUNICIPIO_SIN_CN_TRAB,Si,No,30642,,Regla 2 coherente para validaciones implementadas.
GPA-001__R2-001__R1-004__0561,GPA-001__R2-001__R1-004,02_inputs_xml_flat/GPA-001__R2-001__R1-004__0561.xml,PASS,INFO,R1.D01=NO;R1.D03=NO;R2.D01=SI;R2.D02=SI;R2.D03=SI,MUNICIPIO30643,MUNICIPIO_SIN_CN_TRAB,Si,No,30643,,Regla 2 coherente para validaciones implementadas.
GPA-001__R2-001__R1-004__0562,GPA-001__R2-001__R1-004,02_inputs_xml_flat/GPA-001__R2-001__R1-004__0562.xml,PASS,INFO,R1.D01=NO;R1.D03=NO;R2.D01=SI;R2.D02=SI;R2.D03=SI,MUNICIPIO30641,MUNICIPIO_SIN_CN_TRAB,Si,No,30641,,Regla 2 coherente para validaciones implementadas.
GPA-001__R2-001__R1-004__0563,GPA-001__R2-001__R1-004,02_inputs_xml_flat/GPA-001__R2-001__R1-004__0563.xml,PASS,INFO,R1.D01=NO;R1.D03=NO;R2.D01=SI;R2.D02=SI;R2.D03=SI,MUNICIPIO30642,MUNICIPIO_SIN_CN_TRAB,Si,No,30642,,Regla 2 coherente para validaciones implementadas.
GPA-001__R2-001__R1-004__0564,GPA-001__R2-001__R1-004,02_inputs_xml_flat/GPA-001__R2-001__R1-004__0564.xml,PASS,INFO,R1.D01=NO;R1.D03=NO;R2.D01=SI;R2.D02=SI;R2.D03=SI,MUNICIPIO30643,MUNICIPIO_SIN_CN_TRAB,Si,No,30643,,Regla 2 coherente para validaciones implementadas.
GPA-001__R2-001__R1-004__0565,GPA-001__R2-001__R1-004,02_inputs_xml_flat/GPA-001__R2-001__R1-004__0565.xml,PASS,INFO,R1.D01=NO;R1.D03=NO;R2.D01=SI;R2.D02=SI;R2.D03=SI,MUNICIPIO30641,MUNICIPIO_SIN_CN_TRAB,Si,No,30641,,Regla 2 coherente para validaciones implementadas.
GPA-001__R2-001__R1-004__0566,GPA-001__R2-001__R1-004,02_inputs_xml_flat/GPA-001__R2-001__R1-004__0566.xml,PASS,INFO,R1.D01=NO;R1.D03=NO;R2.D01=SI;R2.D02=SI;R2.D03=SI,MUNICIPIO30642,MUNICIPIO_SIN_CN_TRAB,Si,No,30642,,Regla 2 coherente para validaciones implementadas.
GPA-001__R2-001__R1-004__0567,GPA-001__R2-001__R1-004,02_inputs_xml_flat/GPA-001__R2-001__R1-004__0567.xml,PASS,INFO,R1.D01=NO;R1.D03=NO;R2.D01=SI;R2.D02=SI;R2.D03=SI,MUNICIPIO30643,MUNICIPIO_SIN_CN_TRAB,Si,No,30643,,Regla 2 coherente para validaciones implementadas.
GPA-001__R2-001__R1-004__0568,GPA-001__R2-001__R1-004,02_inputs_xml_flat/GPA-001__R2-001__R1-004__0568.xml,PASS,INFO,R1.D01=NO;R1.D03=NO;R2.D01=SI;R2.D02=SI;R2.D03=SI,MUNICIPIO30641,MUNICIPIO_SIN_CN_TRAB,Si,No,30641,,Regla 2 coherente para validaciones implementadas.
GPA-001__R2-001__R1-004__0569,GPA-001__R2-001__R1-004,02_inputs_xml_flat/GPA-001__R2-001__R1-004__0569.xml,PASS,INFO,R1.D01=NO;R1.D03=NO;R2.D01=SI;R2.D02=SI;R2.D03=SI,MUNICIPIO30642,MUNICIPIO_SIN_CN_TRAB,Si,No,30642,,Regla 2 coherente para validaciones implementadas.
GPA-001__R2-001__R1-004__0570,GPA-001__R2-001__R1-004,02_inputs_xml_flat/GPA-001__R2-001__R1-004__0570.xml,PASS,INFO,R1.D01=NO;R1.D03=NO;R2.D01=SI;R2.D02=SI;R2.D03=SI,MUNICIPIO30643,MUNICIPIO_SIN_CN_TRAB,Si,No,30643,,Regla 2 coherente para validaciones implementadas.
GPA-001__R2-001__R1-004__0571,GPA-001__R2-001__R1-004,02_inputs_xml_flat/GPA-001__R2-001__R1-004__0571.xml,PASS,INFO,R1.D01=NO;R1.D03=NO;R2.D01=SI;R2.D02=SI;R2.D03=SI,MUNICIPIO30641,MUNICIPIO_SIN_CN_TRAB,Si,No,30641,,Regla 2 coherente para validaciones implementadas.
GPA-001__R2-001__R1-004__0572,GPA-001__R2-001__R1-004,02_inputs_xml_flat/GPA-001__R2-001__R1-004__0572.xml,PASS,INFO,R1.D01=NO;R1.D03=NO;R2.D01=SI;R2.D02=SI;R2.D03=SI,MUNICIPIO30642,MUNICIPIO_SIN_CN_TRAB,Si,No,30642,,Regla 2 coherente para validaciones implementadas.
GPA-001__R2-001__R1-004__0573,GPA-001__R2-001__R1-004,02_inputs_xml_flat/GPA-001__R2-001__R1-004__0573.xml,PASS,INFO,R1.D01=NO;R1.D03=NO;R2.D01=SI;R2.D02=SI;R2.D03=SI,MUNICIPIO30643,MUNICIPIO_SIN_CN_TRAB,Si,No,30643,,Regla 2 coherente para validaciones implementadas.
GPA-001__R2-001__R1-004__0574,GPA-001__R2-001__R1-004,02_inputs_xml_flat/GPA-001__R2-001__R1-004__0574.xml,PASS,INFO,R1.D01=NO;R1.D03=NO;R2.D01=SI;R2.D02=SI;R2.D03=SI,MUNICIPIO30641,MUNICIPIO_SIN_CN_TRAB,Si,No,30641,,Regla 2 coherente para validaciones implementadas.
GPA-001__R2-001__R1-004__0575,GPA-001__R2-001__R1-004,02_inputs_xml_flat/GPA-001__R2-001__R1-004__0575.xml,PASS,INFO,R1.D01=NO;R1.D03=NO;R2.D01=SI;R2.D02=SI;R2.D03=SI,MUNICIPIO30642,MUNICIPIO_SIN_CN_TRAB,Si,No,30642,,Regla 2 coherente para validaciones implementadas.
GPA-001__R2-001__R1-004__0576,GPA-001__R2-001__R1-004,02_inputs_xml_flat/GPA-001__R2-001__R1-004__0576.xml,PASS,INFO,R1.D01=NO;R1.D03=NO;R2.D01=SI;R2.D02=SI;R2.D03=SI,MUNICIPIO30643,MUNICIPIO_SIN_CN_TRAB,Si,No,30643,,Regla 2 coherente para validaciones implementadas.
GPA-001__R2-001__R1-004__0577,GPA-001__R2-001__R1-004,02_inputs_xml_flat/GPA-001__R2-001__R1-004__0577.xml,PASS,INFO,R1.D01=NO;R1.D03=NO;R2.D01=SI;R2.D02=SI;R2.D03=SI,MUNICIPIO30641,MUNICIPIO_SIN_CN_TRAB,Si,No,30641,,Regla 2 coherente para validaciones implementadas.
GPA-001__R2-001__R1-004__0578,GPA-001__R2-001__R1-004,02_inputs_xml_flat/GPA-001__R2-001__R1-004__0578.xml,PASS,INFO,R1.D01=NO;R1.D03=NO;R2.D01=SI;R2.D02=SI;R2.D03=SI,MUNICIPIO30642,MUNICIPIO_SIN_CN_TRAB,Si,No,30642,,Regla 2 coherente para validaciones implementadas.
GPA-001__R2-001__R1-004__0579,GPA-001__R2-001__R1-004,02_inputs_xml_flat/GPA-001__R2-001__R1-004__0579.xml,PASS,INFO,R1.D01=NO;R1.D03=NO;R2.D01=SI;R2.D02=SI;R2.D03=SI,MUNICIPIO30643,MUNICIPIO_SIN_CN_TRAB,Si,No,30643,,Regla 2 coherente para validaciones implementadas.
GPA-001__R2-001__R1-004__0580,GPA-001__R2-001__R1-004,02_inputs_xml_flat/GPA-001__R2-001__R1-004__0580.xml,PASS,INFO,R1.D01=NO;R1.D03=NO;R2.D01=SI;R2.D02=SI;R2.D03=SI,MUNICIPIO30641,MUNICIPIO_SIN_CN_TRAB,Si,No,30641,,Regla 2 coherente para validaciones implementadas.
GPA-001__R2-001__R1-004__0581,GPA-001__R2-001__R1-004,02_inputs_xml_flat/GPA-001__R2-001__R1-004__0581.xml,PASS,INFO,R1.D01=NO;R1.D03=NO;R2.D01=SI;R2.D02=SI;R2.D03=SI,MUNICIPIO30642,MUNICIPIO_SIN_CN_TRAB,Si,No,30642,,Regla 2 coherente para validaciones implementadas.
GPA-001__R2-001__R1-004__0582,GPA-001__R2-001__R1-004,02_inputs_xml_flat/GPA-001__R2-001__R1-004__0582.xml,PASS,INFO,R1.D01=NO;R1.D03=NO;R2.D01=SI;R2.D02=SI;R2.D03=SI,MUNICIPIO30643,MUNICIPIO_SIN_CN_TRAB,Si,No,30643,,Regla 2 coherente para validaciones implementadas.
GPA-001__R2-001__R1-004__0583,GPA-001__R2-001__R1-004,02_inputs_xml_flat/GPA-001__R2-001__R1-004__0583.xml,PASS,INFO,R1.D01=NO;R1.D03=NO;R2.D01=SI;R2.D02=SI;R2.D03=SI,MUNICIPIO30641,MUNICIPIO_SIN_CN_TRAB,Si,No,30641,,Regla 2 coherente para validaciones implementadas.
GPA-001__R2-001__R1-004__0584,GPA-001__R2-001__R1-004,02_inputs_xml_flat/GPA-001__R2-001__R1-004__0584.xml,PASS,INFO,R1.D01=NO;R1.D03=NO;R2.D01=SI;R2.D02=SI;R2.D03=SI,MUNICIPIO30642,MUNICIPIO_SIN_CN_TRAB,Si,No,30642,,Regla 2 coherente para validaciones implementadas.
GPA-001__R2-001__R1-004__0585,GPA-001__R2-001__R1-004,02_inputs_xml_flat/GPA-001__R2-001__R1-004__0585.xml,PASS,INFO,R1.D01=NO;R1.D03=NO;R2.D01=SI;R2.D02=SI;R2.D03=SI,MUNICIPIO30643,MUNICIPIO_SIN_CN_TRAB,Si,No,30643,,Regla 2 coherente para validaciones implementadas.
GPA-001__R2-001__R1-004__0586,GPA-001__R2-001__R1-004,02_inputs_xml_flat/GPA-001__R2-001__R1-004__0586.xml,PASS,INFO,R1.D01=NO;R1.D03=NO;R2.D01=SI;R2.D02=SI;R2.D03=SI,MUNICIPIO30641,MUNICIPIO_SIN_CN_TRAB,Si,No,30641,,Regla 2 coherente para validaciones implementadas.
GPA-001__R2-001__R1-004__0587,GPA-001__R2-001__R1-004,02_inputs_xml_flat/GPA-001__R2-001__R1-004__0587.xml,PASS,INFO,R1.D01=NO;R1.D03=NO;R2.D01=SI;R2.D02=SI;R2.D03=SI,MUNICIPIO30642,MUNICIPIO_SIN_CN_TRAB,Si,No,30642,,Regla 2 coherente para validaciones implementadas.
GPA-001__R2-001__R1-004__0588,GPA-001__R2-001__R1-004,02_inputs_xml_flat/GPA-001__R2-001__R1-004__0588.xml,PASS,INFO,R1.D01=NO;R1.D03=NO;R2.D01=SI;R2.D02=SI;R2.D03=SI,MUNICIPIO30643,MUNICIPIO_SIN_CN_TRAB,Si,No,30643,,Regla 2 coherente para validaciones implementadas.
GPA-001__R2-001__R1-004__0589,GPA-001__R2-001__R1-004,02_inputs_xml_flat/GPA-001__R2-001__R1-004__0589.xml,PASS,INFO,R1.D01=NO;R1.D03=NO;R2.D01=SI;R2.D02=SI;R2.D03=SI,MUNICIPIO30641,MUNICIPIO_SIN_CN_TRAB,Si,No,30641,,Regla 2 coherente para validaciones implementadas.
GPA-001__R2-001__R1-004__0590,GPA-001__R2-001__R1-004,02_inputs_xml_flat/GPA-001__R2-001__R1-004__0590.xml,PASS,INFO,R1.D01=NO;R1.D03=NO;R2.D01=SI;R2.D02=SI;R2.D03=SI,MUNICIPIO30642,MUNICIPIO_SIN_CN_TRAB,Si,No,30642,,Regla 2 coherente para validaciones implementadas.
GPA-001__R2-001__R1-004__0591,GPA-001__R2-001__R1-004,02_inputs_xml_flat/GPA-001__R2-001__R1-004__0591.xml,PASS,INFO,R1.D01=NO;R1.D03=NO;R2.D01=SI;R2.D02=SI;R2.D03=SI,MUNICIPIO30643,MUNICIPIO_SIN_CN_TRAB,Si,No,30643,,Regla 2 coherente para validaciones implementadas.
GPA-001__R2-001__R1-004__0592,GPA-001__R2-001__R1-004,02_inputs_xml_flat/GPA-001__R2-001__R1-004__0592.xml,PASS,INFO,R1.D01=NO;R1.D03=NO;R2.D01=SI;R2.D02=SI;R2.D03=SI,MUNICIPIO30641,MUNICIPIO_SIN_CN_TRAB,Si,No,30641,,Regla 2 coherente para validaciones implementadas.
GPA-001__R2-001__R1-004__0593,GPA-001__R2-001__R1-004,02_inputs_xml_flat/GPA-001__R2-001__R1-004__0593.xml,PASS,INFO,R1.D01=NO;R1.D03=NO;R2.D01=SI;R2.D02=SI;R2.D03=SI,MUNICIPIO30642,MUNICIPIO_SIN_CN_TRAB,Si,No,30642,,Regla 2 coherente para validaciones implementadas.
GPA-001__R2-001__R1-004__0594,GPA-001__R2-001__R1-004,02_inputs_xml_flat/GPA-001__R2-001__R1-004__0594.xml,PASS,INFO,R1.D01=NO;R1.D03=NO;R2.D01=SI;R2.D02=SI;R2.D03=SI,MUNICIPIO30643,MUNICIPIO_SIN_CN_TRAB,Si,No,30643,,Regla 2 coherente para validaciones implementadas.
GPA-001__R2-001__R1-004__0595,GPA-001__R2-001__R1-004,02_inputs_xml_flat/GPA-001__R2-001__R1-004__0595.xml,PASS,INFO,R1.D01=NO;R1.D03=NO;R2.D01=SI;R2.D02=SI;R2.D03=SI,MUNICIPIO30641,MUNICIPIO_SIN_CN_TRAB,Si,No,30641,,Regla 2 coherente para validaciones implementadas.
GPA-001__R2-001__R1-004__0596,GPA-001__R2-001__R1-004,02_inputs_xml_flat/GPA-001__R2-001__R1-004__0596.xml,PASS,INFO,R1.D01=NO;R1.D03=NO;R2.D01=SI;R2.D02=SI;R2.D03=SI,MUNICIPIO30642,MUNICIPIO_SIN_CN_TRAB,Si,No,30642,,Regla 2 coherente para validaciones implementadas.
GPA-001__R2-001__R1-004__0597,GPA-001__R2-001__R1-004,02_inputs_xml_flat/GPA-001__R2-001__R1-004__0597.xml,PASS,INFO,R1.D01=NO;R1.D03=NO;R2.D01=SI;R2.D02=SI;R2.D03=SI,MUNICIPIO30643,MUNICIPIO_SIN_CN_TRAB,Si,No,30643,,Regla 2 coherente para validaciones implementadas.
GPA-001__R2-001__R1-004__0598,GPA-001__R2-001__R1-004,02_inputs_xml_flat/GPA-001__R2-001__R1-004__0598.xml,PASS,INFO,R1.D01=NO;R1.D03=NO;R2.D01=SI;R2.D02=SI;R2.D03=SI,MUNICIPIO30641,MUNICIPIO_SIN_CN_TRAB,Si,No,30641,,Regla 2 coherente para validaciones implementadas.
GPA-001__R2-001__R1-004__0599,GPA-001__R2-001__R1-004,02_inputs_xml_flat/GPA-001__R2-001__R1-004__0599.xml,PASS,INFO,R1.D01=NO;R1.D03=NO;R2.D01=SI;R2.D02=SI;R2.D03=SI,MUNICIPIO30642,MUNICIPIO_SIN_CN_TRAB,Si,No,30642,,Regla 2 coherente para validaciones implementadas.
GPA-001__R2-001__R1-004__0600,GPA-001__R2-001__R1-004,02_inputs_xml_flat/GPA-001__R2-001__R1-004__0600.xml,PASS,INFO,R1.D01=NO;R1.D03=NO;R2.D01=SI;R2.D02=SI;R2.D03=SI,MUNICIPIO30643,MUNICIPIO_SIN_CN_TRAB,Si,No,30643,,Regla 2 coherente para validaciones implementadas.
GPA-001__R2-001__R1-004__0601,GPA-001__R2-001__R1-004,02_inputs_xml_flat/GPA-001__R2-001__R1-004__0601.xml,PASS,INFO,R1.D01=NO;R1.D03=NO;R2.D01=SI;R2.D02=SI;R2.D03=SI,MUNICIPIO30641,MUNICIPIO_SIN_CN_TRAB,Si,No,30641,,Regla 2 coherente para validaciones implementadas.
GPA-001__R2-001__R1-004__0602,GPA-001__R2-001__R1-004,02_inputs_xml_flat/GPA-001__R2-001__R1-004__0602.xml,PASS,INFO,R1.D01=NO;R1.D03=NO;R2.D01=SI;R2.D02=SI;R2.D03=SI,MUNICIPIO30642,MUNICIPIO_SIN_CN_TRAB,Si,No,30642,,Regla 2 coherente para validaciones implementadas.
GPA-001__R2-001__R1-004__0603,GPA-001__R2-001__R1-004,02_inputs_xml_flat/GPA-001__R2-001__R1-004__0603.xml,PASS,INFO,R1.D01=NO;R1.D03=NO;R2.D01=SI;R2.D02=SI;R2.D03=SI,MUNICIPIO30643,MUNICIPIO_SIN_CN_TRAB,Si,No,30643,,Regla 2 coherente para validaciones implementadas.
GPA-001__R2-001__R1-004__0604,GPA-001__R2-001__R1-004,02_inputs_xml_flat/GPA-001__R2-001__R1-004__0604.xml,PASS,INFO,R1.D01=NO;R1.D03=NO;R2.D01=SI;R2.D02=SI;R2.D03=SI,MUNICIPIO30641,MUNICIPIO_SIN_CN_TRAB,Si,No,30641,,Regla 2 coherente para validaciones implementadas.
GPA-001__R2-001__R1-004__0605,GPA-001__R2-001__R1-004,02_inputs_xml_flat/GPA-001__R2-001__R1-004__0605.xml,PASS,INFO,R1.D01=NO;R1.D03=NO;R2.D01=SI;R2.D02=SI;R2.D03=SI,MUNICIPIO30642,MUNICIPIO_SIN_CN_TRAB,Si,No,30642,,Regla 2 coherente para validaciones implementadas.
GPA-001__R2-001__R1-004__0606,GPA-001__R2-001__R1-004,02_inputs_xml_flat/GPA-001__R2-001__R1-004__0606.xml,PASS,INFO,R1.D01=NO;R1.D03=NO;R2.D01=SI;R2.D02=SI;R2.D03=SI,MUNICIPIO30643,MUNICIPIO_SIN_CN_TRAB,Si,No,30643,,Regla 2 coherente para validaciones implementadas.
GPA-001__R2-001__R1-004__0607,GPA-001__R2-001__R1-004,02_inputs_xml_flat/GPA-001__R2-001__R1-004__0607.xml,PASS,INFO,R1.D01=NO;R1.D03=NO;R2.D01=SI;R2.D02=SI;R2.D03=SI,MUNICIPIO30641,MUNICIPIO_SIN_CN_TRAB,Si,No,30641,,Regla 2 coherente para validaciones implementadas.
GPA-001__R2-001__R1-004__0608,GPA-001__R2-001__R1-004,02_inputs_xml_flat/GPA-001__R2-001__R1-004__0608.xml,PASS,INFO,R1.D01=NO;R1.D03=NO;R2.D01=SI;R2.D02=SI;R2.D03=SI,MUNICIPIO30642,MUNICIPIO_SIN_CN_TRAB,Si,No,30642,,Regla 2 coherente para validaciones implementadas.
GPA-001__R2-001__R1-004__0609,GPA-001__R2-001__R1-004,02_inputs_xml_flat/GPA-001__R2-001__R1-004__0609.xml,PASS,INFO,R1.D01=NO;R1.D03=NO;R2.D01=SI;R2.D02=SI;R2.D03=SI,MUNICIPIO30643,MUNICIPIO_SIN_CN_TRAB,Si,No,30643,,Regla 2 coherente para validaciones implementadas.
GPA-001__R2-001__R1-004__0610,GPA-001__R2-001__R1-004,02_inputs_xml_flat/GPA-001__R2-001__R1-004__0610.xml,PASS,INFO,R1.D01=NO;R1.D03=NO;R2.D01=SI;R2.D02=SI;R2.D03=SI,MUNICIPIO30641,MUNICIPIO_SIN_CN_TRAB,Si,No,30641,,Regla 2 coherente para validaciones implementadas.
GPA-001__R2-001__R1-004__0611,GPA-001__R2-001__R1-004,02_inputs_xml_flat/GPA-001__R2-001__R1-004__0611.xml,PASS,INFO,R1.D01=NO;R1.D03=NO;R2.D01=SI;R2.D02=SI;R2.D03=SI,MUNICIPIO30642,MUNICIPIO_SIN_CN_TRAB,Si,No,30642,,Regla 2 coherente para validaciones implementadas.
GPA-001__R2-001__R1-004__0612,GPA-001__R2-001__R1-004,02_inputs_xml_flat/GPA-001__R2-001__R1-004__0612.xml,PASS,INFO,R1.D01=NO;R1.D03=NO;R2.D01=SI;R2.D02=SI;R2.D03=SI,MUNICIPIO30643,MUNICIPIO_SIN_CN_TRAB,Si,No,30643,,Regla 2 coherente para validaciones implementadas.
GPA-001__R2-001__R1-004__0613,GPA-001__R2-001__R1-004,02_inputs_xml_flat/GPA-001__R2-001__R1-004__0613.xml,PASS,INFO,R1.D01=NO;R1.D03=NO;R2.D01=SI;R2.D02=SI;R2.D03=SI,MUNICIPIO30641,MUNICIPIO_SIN_CN_TRAB,Si,No,30641,,Regla 2 coherente para validaciones implementadas.
GPA-001__R2-001__R1-004__0614,GPA-001__R2-001__R1-004,02_inputs_xml_flat/GPA-001__R2-001__R1-004__0614.xml,PASS,INFO,R1.D01=NO;R1.D03=NO;R2.D01=SI;R2.D02=SI;R2.D03=SI,MUNICIPIO30642,MUNICIPIO_SIN_CN_TRAB,Si,No,30642,,Regla 2 coherente para validaciones implementadas.
GPA-001__R2-001__R1-004__0615,GPA-001__R2-001__R1-004,02_inputs_xml_flat/GPA-001__R2-001__R1-004__0615.xml,PASS,INFO,R1.D01=NO;R1.D03=NO;R2.D01=SI;R2.D02=SI;R2.D03=SI,MUNICIPIO30643,MUNICIPIO_SIN_CN_TRAB,Si,No,30643,,Regla 2 coherente para validaciones implementadas.
GPA-001__R2-001__R1-004__0616,GPA-001__R2-001__R1-004,02_inputs_xml_flat/GPA-001__R2-001__R1-004__0616.xml,PASS,INFO,R1.D01=NO;R1.D03=NO;R2.D01=SI;R2.D02=SI;R2.D03=SI,MUNICIPIO30641,MUNICIPIO_SIN_CN_TRAB,Si,No,30641,,Regla 2 coherente para validaciones implementadas.
GPA-001__R2-001__R1-004__0617,GPA-001__R2-001__R1-004,02_inputs_xml_flat/GPA-001__R2-001__R1-004__0617.xml,PASS,INFO,R1.D01=NO;R1.D03=NO;R2.D01=SI;R2.D02=SI;R2.D03=SI,MUNICIPIO30642,MUNICIPIO_SIN_CN_TRAB,Si,No,30642,,Regla 2 coherente para validaciones implementadas.
GPA-001__R2-001__R1-004__0618,GPA-001__R2-001__R1-004,02_inputs_xml_flat/GPA-001__R2-001__R1-004__0618.xml,PASS,INFO,R1.D01=NO;R1.D03=NO;R2.D01=SI;R2.D02=SI;R2.D03=SI,MUNICIPIO30643,MUNICIPIO_SIN_CN_TRAB,Si,No,30643,,Regla 2 coherente para validaciones implementadas.
GPA-001__R2-001__R1-004__0619,GPA-001__R2-001__R1-004,02_inputs_xml_flat/GPA-001__R2-001__R1-004__0619.xml,PASS,INFO,R1.D01=NO;R1.D03=NO;R2.D01=SI;R2.D02=SI;R2.D03=SI,MUNICIPIO30641,MUNICIPIO_SIN_CN_TRAB,Si,No,30641,,Regla 2 coherente para validaciones implementadas.
GPA-001__R2-001__R1-004__0620,GPA-001__R2-001__R1-004,02_inputs_xml_flat/GPA-001__R2-001__R1-004__0620.xml,PASS,INFO,R1.D01=NO;R1.D03=NO;R2.D01=SI;R2.D02=SI;R2.D03=SI,MUNICIPIO30642,MUNICIPIO_SIN_CN_TRAB,Si,No,30642,,Regla 2 coherente para validaciones implementadas.
GPA-001__R2-001__R1-004__0621,GPA-001__R2-001__R1-004,02_inputs_xml_flat/GPA-001__R2-001__R1-004__0621.xml,PASS,INFO,R1.D01=NO;R1.D03=NO;R2.D01=SI;R2.D02=SI;R2.D03=SI,MUNICIPIO30643,MUNICIPIO_SIN_CN_TRAB,Si,No,30643,,Regla 2 coherente para validaciones implementadas.
GPA-001__R2-001__R1-004__0622,GPA-001__R2-001__R1-004,02_inputs_xml_flat/GPA-001__R2-001__R1-004__0622.xml,PASS,INFO,R1.D01=NO;R1.D03=NO;R2.D01=SI;R2.D02=SI;R2.D03=SI,MUNICIPIO30641,MUNICIPIO_SIN_CN_TRAB,Si,No,30641,,Regla 2 coherente para validaciones implementadas.
GPA-001__R2-001__R1-004__0623,GPA-001__R2-001__R1-004,02_inputs_xml_flat/GPA-001__R2-001__R1-004__0623.xml,PASS,INFO,R1.D01=NO;R1.D03=NO;R2.D01=SI;R2.D02=SI;R2.D03=SI,MUNICIPIO30642,MUNICIPIO_SIN_CN_TRAB,Si,No,30642,,Regla 2 coherente para validaciones implementadas.
GPA-001__R2-001__R1-004__0624,GPA-001__R2-001__R1-004,02_inputs_xml_flat/GPA-001__R2-001__R1-004__0624.xml,PASS,INFO,R1.D01=NO;R1.D03=NO;R2.D01=SI;R2.D02=SI;R2.D03=SI,MUNICIPIO30643,MUNICIPIO_SIN_CN_TRAB,Si,No,30643,,Regla 2 coherente para validaciones implementadas.
GPA-001__R2-001__R1-004__0625,GPA-001__R2-001__R1-004,02_inputs_xml_flat/GPA-001__R2-001__R1-004__0625.xml,PASS,INFO,R1.D01=NO;R1.D03=NO;R2.D01=SI;R2.D02=SI;R2.D03=SI,MUNICIPIO30641,MUNICIPIO_SIN_CN_TRAB,Si,No,30641,,Regla 2 coherente para validaciones implementadas.
GPA-001__R2-001__R1-004__0626,GPA-001__R2-001__R1-004,02_inputs_xml_flat/GPA-001__R2-001__R1-004__0626.xml,PASS,INFO,R1.D01=NO;R1.D03=NO;R2.D01=SI;R2.D02=SI;R2.D03=SI,MUNICIPIO30642,MUNICIPIO_SIN_CN_TRAB,Si,No,30642,,Regla 2 coherente para validaciones implementadas.
GPA-001__R2-001__R1-004__0627,GPA-001__R2-001__R1-004,02_inputs_xml_flat/GPA-001__R2-001__R1-004__0627.xml,PASS,INFO,R1.D01=NO;R1.D03=NO;R2.D01=SI;R2.D02=SI;R2.D03=SI,MUNICIPIO30643,MUNICIPIO_SIN_CN_TRAB,Si,No,30643,,Regla 2 coherente para validaciones implementadas.
GPA-001__R2-001__R1-004__0628,GPA-001__R2-001__R1-004,02_inputs_xml_flat/GPA-001__R2-001__R1-004__0628.xml,PASS,INFO,R1.D01=NO;R1.D03=NO;R2.D01=SI;R2.D02=SI;R2.D03=SI,MUNICIPIO30641,MUNICIPIO_SIN_CN_TRAB,Si,No,30641,,Regla 2 coherente para validaciones implementadas.
GPA-001__R2-001__R1-004__0629,GPA-001__R2-001__R1-004,02_inputs_xml_flat/GPA-001__R2-001__R1-004__0629.xml,PASS,INFO,R1.D01=NO;R1.D03=NO;R2.D01=SI;R2.D02=SI;R2.D03=SI,MUNICIPIO30642,MUNICIPIO_SIN_CN_TRAB,Si,No,30642,,Regla 2 coherente para validaciones implementadas.
GPA-001__R2-001__R1-004__0630,GPA-001__R2-001__R1-004,02_inputs_xml_flat/GPA-001__R2-001__R1-004__0630.xml,PASS,INFO,R1.D01=NO;R1.D03=NO;R2.D01=SI;R2.D02=SI;R2.D03=SI,MUNICIPIO30643,MUNICIPIO_SIN_CN_TRAB,Si,No,30643,,Regla 2 coherente para validaciones implementadas.
GPA-001__R2-001__R1-004__0631,GPA-001__R2-001__R1-004,02_inputs_xml_flat/GPA-001__R2-001__R1-004__0631.xml,PASS,INFO,R1.D01=NO;R1.D03=NO;R2.D01=SI;R2.D02=SI;R2.D03=SI,MUNICIPIO30641,MUNICIPIO_SIN_CN_TRAB,Si,No,30641,,Regla 2 coherente para validaciones implementadas.
GPA-001__R2-001__R1-004__0632,GPA-001__R2-001__R1-004,02_inputs_xml_flat/GPA-001__R2-001__R1-004__0632.xml,PASS,INFO,R1.D01=NO;R1.D03=NO;R2.D01=SI;R2.D02=SI;R2.D03=SI,MUNICIPIO30642,MUNICIPIO_SIN_CN_TRAB,Si,No,30642,,Regla 2 coherente para validaciones implementadas.
GPA-001__R2-001__R1-004__0633,GPA-001__R2-001__R1-004,02_inputs_xml_flat/GPA-001__R2-001__R1-004__0633.xml,PASS,INFO,R1.D01=NO;R1.D03=NO;R2.D01=SI;R2.D02=SI;R2.D03=SI,MUNICIPIO30643,MUNICIPIO_SIN_CN_TRAB,Si,No,30643,,Regla 2 coherente para validaciones implementadas.
GPA-001__R2-001__R1-004__0634,GPA-001__R2-001__R1-004,02_inputs_xml_flat/GPA-001__R2-001__R1-004__0634.xml,PASS,INFO,R1.D01=NO;R1.D03=NO;R2.D01=SI;R2.D02=SI;R2.D03=SI,MUNICIPIO30641,MUNICIPIO_SIN_CN_TRAB,Si,No,30641,,Regla 2 coherente para validaciones implementadas.
GPA-001__R2-001__R1-004__0635,GPA-001__R2-001__R1-004,02_inputs_xml_flat/GPA-001__R2-001__R1-004__0635.xml,PASS,INFO,R1.D01=NO;R1.D03=NO;R2.D01=SI;R2.D02=SI;R2.D03=SI,MUNICIPIO30642,MUNICIPIO_SIN_CN_TRAB,Si,No,30642,,Regla 2 coherente para validaciones implementadas.
GPA-001__R2-001__R1-004__0636,GPA-001__R2-001__R1-004,02_inputs_xml_flat/GPA-001__R2-001__R1-004__0636.xml,PASS,INFO,R1.D01=NO;R1.D03=NO;R2.D01=SI;R2.D02=SI;R2.D03=SI,MUNICIPIO30643,MUNICIPIO_SIN_CN_TRAB,Si,No,30643,,Regla 2 coherente para validaciones implementadas.
GPA-001__R2-001__R1-004__0637,GPA-001__R2-001__R1-004,02_inputs_xml_flat/GPA-001__R2-001__R1-004__0637.xml,PASS,INFO,R1.D01=NO;R1.D03=NO;R2.D01=SI;R2.D02=SI;R2.D03=SI,MUNICIPIO30641,MUNICIPIO_SIN_CN_TRAB,Si,No,30641,,Regla 2 coherente para validaciones implementadas.
GPA-001__R2-001__R1-004__0638,GPA-001__R2-001__R1-004,02_inputs_xml_flat/GPA-001__R2-001__R1-004__0638.xml,PASS,INFO,R1.D01=NO;R1.D03=NO;R2.D01=SI;R2.D02=SI;R2.D03=SI,MUNICIPIO30642,MUNICIPIO_SIN_CN_TRAB,Si,No,30642,,Regla 2 coherente para validaciones implementadas.
GPA-001__R2-001__R1-004__0639,GPA-001__R2-001__R1-004,02_inputs_xml_flat/GPA-001__R2-001__R1-004__0639.xml,PASS,INFO,R1.D01=NO;R1.D03=NO;R2.D01=SI;R2.D02=SI;R2.D03=SI,MUNICIPIO30643,MUNICIPIO_SIN_CN_TRAB,Si,No,30643,,Regla 2 coherente para validaciones implementadas.
GPA-001__R2-001__R1-004__0640,GPA-001__R2-001__R1-004,02_inputs_xml_flat/GPA-001__R2-001__R1-004__0640.xml,PASS,INFO,R1.D01=NO;R1.D03=NO;R2.D01=SI;R2.D02=SI;R2.D03=SI,MUNICIPIO30641,MUNICIPIO_SIN_CN_TRAB,Si,No,30641,,Regla 2 coherente para validaciones implementadas.
GPA-001__R2-001__R1-004__0641,GPA-001__R2-001__R1-004,02_inputs_xml_flat/GPA-001__R2-001__R1-004__0641.xml,PASS,INFO,R1.D01=NO;R1.D03=NO;R2.D01=SI;R2.D02=SI;R2.D03=SI,MUNICIPIO30642,MUNICIPIO_SIN_CN_TRAB,Si,No,30642,,Regla 2 coherente para validaciones implementadas.
GPA-001__R2-001__R1-004__0642,GPA-001__R2-001__R1-004,02_inputs_xml_flat/GPA-001__R2-001__R1-004__0642.xml,PASS,INFO,R1.D01=NO;R1.D03=NO;R2.D01=SI;R2.D02=SI;R2.D03=SI,MUNICIPIO30643,MUNICIPIO_SIN_CN_TRAB,Si,No,30643,,Regla 2 coherente para validaciones implementadas.
GPA-001__R2-001__R1-004__0643,GPA-001__R2-001__R1-004,02_inputs_xml_flat/GPA-001__R2-001__R1-004__0643.xml,PASS,INFO,R1.D01=NO;R1.D03=NO;R2.D01=SI;R2.D02=SI;R2.D03=SI,MUNICIPIO30641,MUNICIPIO_SIN_CN_TRAB,Si,No,30641,,Regla 2 coherente para validaciones implementadas.
GPA-001__R2-001__R1-004__0644,GPA-001__R2-001__R1-004,02_inputs_xml_flat/GPA-001__R2-001__R1-004__0644.xml,PASS,INFO,R1.D01=NO;R1.D03=NO;R2.D01=SI;R2.D02=SI;R2.D03=SI,MUNICIPIO30642,MUNICIPIO_SIN_CN_TRAB,Si,No,30642,,Regla 2 coherente para validaciones implementadas.
GPA-001__R2-001__R1-004__0645,GPA-001__R2-001__R1-004,02_inputs_xml_flat/GPA-001__R2-001__R1-004__0645.xml,PASS,INFO,R1.D01=NO;R1.D03=NO;R2.D01=SI;R2.D02=SI;R2.D03=SI,MUNICIPIO30643,MUNICIPIO_SIN_CN_TRAB,Si,No,30643,,Regla 2 coherente para validaciones implementadas.
GPA-001__R2-001__R1-004__0646,GPA-001__R2-001__R1-004,02_inputs_xml_flat/GPA-001__R2-001__R1-004__0646.xml,PASS,INFO,R1.D01=NO;R1.D03=NO;R2.D01=SI;R2.D02=SI;R2.D03=SI,MUNICIPIO30641,MUNICIPIO_SIN_CN_TRAB,Si,No,30641,,Regla 2 coherente para validaciones implementadas.
GPA-001__R2-001__R1-004__0647,GPA-001__R2-001__R1-004,02_inputs_xml_flat/GPA-001__R2-001__R1-004__0647.xml,PASS,INFO,R1.D01=NO;R1.D03=NO;R2.D01=SI;R2.D02=SI;R2.D03=SI,MUNICIPIO30642,MUNICIPIO_SIN_CN_TRAB,Si,No,30642,,Regla 2 coherente para validaciones implementadas.
GPA-001__R2-001__R1-004__0648,GPA-001__R2-001__R1-004,02_inputs_xml_flat/GPA-001__R2-001__R1-004__0648.xml,PASS,INFO,R1.D01=NO;R1.D03=NO;R2.D01=SI;R2.D02=SI;R2.D03=SI,MUNICIPIO30643,MUNICIPIO_SIN_CN_TRAB,Si,No,30643,,Regla 2 coherente para validaciones implementadas.
GPA-001__R2-001__R1-004__0649,GPA-001__R2-001__R1-004,02_inputs_xml_flat/GPA-001__R2-001__R1-004__0649.xml,PASS,INFO,R1.D01=NO;R1.D03=NO;R2.D01=SI;R2.D02=SI;R2.D03=SI,MUNICIPIO30641,MUNICIPIO_SIN_CN_TRAB,Si,No,30641,,Regla 2 coherente para validaciones implementadas.
GPA-001__R2-001__R1-004__0650,GPA-001__R2-001__R1-004,02_inputs_xml_flat/GPA-001__R2-001__R1-004__0650.xml,PASS,INFO,R1.D01=NO;R1.D03=NO;R2.D01=SI;R2.D02=SI;R2.D03=SI,MUNICIPIO30642,MUNICIPIO_SIN_CN_TRAB,Si,No,30642,,Regla 2 coherente para validaciones implementadas.
GPA-001__R2-001__R1-004__0651,GPA-001__R2-001__R1-004,02_inputs_xml_flat/GPA-001__R2-001__R1-004__0651.xml,PASS,INFO,R1.D01=NO;R1.D03=NO;R2.D01=SI;R2.D02=SI;R2.D03=SI,MUNICIPIO30643,MUNICIPIO_SIN_CN_TRAB,Si,No,30643,,Regla 2 coherente para validaciones implementadas.
GPA-001__R2-001__R1-004__0652,GPA-001__R2-001__R1-004,02_inputs_xml_flat/GPA-001__R2-001__R1-004__0652.xml,PASS,INFO,R1.D01=NO;R1.D03=NO;R2.D01=SI;R2.D02=SI;R2.D03=SI,MUNICIPIO30641,MUNICIPIO_SIN_CN_TRAB,Si,No,30641,,Regla 2 coherente para validaciones implementadas.
GPA-001__R2-001__R1-004__0653,GPA-001__R2-001__R1-004,02_inputs_xml_flat/GPA-001__R2-001__R1-004__0653.xml,PASS,INFO,R1.D01=NO;R1.D03=NO;R2.D01=SI;R2.D02=SI;R2.D03=SI,MUNICIPIO30642,MUNICIPIO_SIN_CN_TRAB,Si,No,30642,,Regla 2 coherente para validaciones implementadas.
GPA-001__R2-001__R1-004__0654,GPA-001__R2-001__R1-004,02_inputs_xml_flat/GPA-001__R2-001__R1-004__0654.xml,PASS,INFO,R1.D01=NO;R1.D03=NO;R2.D01=SI;R2.D02=SI;R2.D03=SI,MUNICIPIO30643,MUNICIPIO_SIN_CN_TRAB,Si,No,30643,,Regla 2 coherente para validaciones implementadas.
GPA-001__R2-001__R1-004__0655,GPA-001__R2-001__R1-004,02_inputs_xml_flat/GPA-001__R2-001__R1-004__0655.xml,PASS,INFO,R1.D01=NO;R1.D03=NO;R2.D01=SI;R2.D02=SI;R2.D03=SI,MUNICIPIO30641,MUNICIPIO_SIN_CN_TRAB,Si,No,30641,,Regla 2 coherente para validaciones implementadas.
GPA-001__R2-001__R1-004__0656,GPA-001__R2-001__R1-004,02_inputs_xml_flat/GPA-001__R2-001__R1-004__0656.xml,PASS,INFO,R1.D01=NO;R1.D03=NO;R2.D01=SI;R2.D02=SI;R2.D03=SI,MUNICIPIO30642,MUNICIPIO_SIN_CN_TRAB,Si,No,30642,,Regla 2 coherente para validaciones implementadas.
GPA-001__R2-001__R1-004__0657,GPA-001__R2-001__R1-004,02_inputs_xml_flat/GPA-001__R2-001__R1-004__0657.xml,PASS,INFO,R1.D01=NO;R1.D03=NO;R2.D01=SI;R2.D02=SI;R2.D03=SI,MUNICIPIO30643,MUNICIPIO_SIN_CN_TRAB,Si,No,30643,,Regla 2 coherente para validaciones implementadas.
GPA-001__R2-001__R1-004__0658,GPA-001__R2-001__R1-004,02_inputs_xml_flat/GPA-001__R2-001__R1-004__0658.xml,PASS,INFO,R1.D01=NO;R1.D03=NO;R2.D01=SI;R2.D02=SI;R2.D03=SI,MUNICIPIO30641,MUNICIPIO_SIN_CN_TRAB,Si,No,30641,,Regla 2 coherente para validaciones implementadas.
GPA-001__R2-001__R1-004__0659,GPA-001__R2-001__R1-004,02_inputs_xml_flat/GPA-001__R2-001__R1-004__0659.xml,PASS,INFO,R1.D01=NO;R1.D03=NO;R2.D01=SI;R2.D02=SI;R2.D03=SI,MUNICIPIO30642,MUNICIPIO_SIN_CN_TRAB,Si,No,30642,,Regla 2 coherente para validaciones implementadas.
GPA-001__R2-001__R1-004__0660,GPA-001__R2-001__R1-004,02_inputs_xml_flat/GPA-001__R2-001__R1-004__0660.xml,PASS,INFO,R1.D01=NO;R1.D03=NO;R2.D01=SI;R2.D02=SI;R2.D03=SI,MUNICIPIO30643,MUNICIPIO_SIN_CN_TRAB,Si,No,30643,,Regla 2 coherente para validaciones implementadas.
GPA-001__R2-001__R1-004__0661,GPA-001__R2-001__R1-004,02_inputs_xml_flat/GPA-001__R2-001__R1-004__0661.xml,PASS,INFO,R1.D01=NO;R1.D03=NO;R2.D01=SI;R2.D02=SI;R2.D03=SI,MUNICIPIO30641,MUNICIPIO_SIN_CN_TRAB,Si,No,30641,,Regla 2 coherente para validaciones implementadas.
GPA-001__R2-001__R1-004__0662,GPA-001__R2-001__R1-004,02_inputs_xml_flat/GPA-001__R2-001__R1-004__0662.xml,PASS,INFO,R1.D01=NO;R1.D03=NO;R2.D01=SI;R2.D02=SI;R2.D03=SI,MUNICIPIO30642,MUNICIPIO_SIN_CN_TRAB,Si,No,30642,,Regla 2 coherente para validaciones implementadas.
GPA-001__R2-001__R1-004__0663,GPA-001__R2-001__R1-004,02_inputs_xml_flat/GPA-001__R2-001__R1-004__0663.xml,PASS,INFO,R1.D01=NO;R1.D03=NO;R2.D01=SI;R2.D02=SI;R2.D03=SI,MUNICIPIO30643,MUNICIPIO_SIN_CN_TRAB,Si,No,30643,,Regla 2 coherente para validaciones implementadas.
GPA-001__R2-001__R1-004__0664,GPA-001__R2-001__R1-004,02_inputs_xml_flat/GPA-001__R2-001__R1-004__0664.xml,PASS,INFO,R1.D01=NO;R1.D03=NO;R2.D01=SI;R2.D02=SI;R2.D03=SI,MUNICIPIO30641,MUNICIPIO_SIN_CN_TRAB,Si,No,30641,,Regla 2 coherente para validaciones implementadas.
GPA-001__R2-001__R1-004__0665,GPA-001__R2-001__R1-004,02_inputs_xml_flat/GPA-001__R2-001__R1-004__0665.xml,PASS,INFO,R1.D01=NO;R1.D03=NO;R2.D01=SI;R2.D02=SI;R2.D03=SI,MUNICIPIO30642,MUNICIPIO_SIN_CN_TRAB,Si,No,30642,,Regla 2 coherente para validaciones implementadas.
GPA-001__R2-001__R1-004__0666,GPA-001__R2-001__R1-004,02_inputs_xml_flat/GPA-001__R2-001__R1-004__0666.xml,PASS,INFO,R1.D01=NO;R1.D03=NO;R2.D01=SI;R2.D02=SI;R2.D03=SI,MUNICIPIO30643,MUNICIPIO_SIN_CN_TRAB,Si,No,30643,,Regla 2 coherente para validaciones implementadas.
GPA-001__R2-001__R1-004__0667,GPA-001__R2-001__R1-004,02_inputs_xml_flat/GPA-001__R2-001__R1-004__0667.xml,PASS,INFO,R1.D01=NO;R1.D03=NO;R2.D01=SI;R2.D02=SI;R2.D03=SI,MUNICIPIO30641,MUNICIPIO_SIN_CN_TRAB,Si,No,30641,,Regla 2 coherente para validaciones implementadas.
GPA-001__R2-001__R1-004__0668,GPA-001__R2-001__R1-004,02_inputs_xml_flat/GPA-001__R2-001__R1-004__0668.xml,PASS,INFO,R1.D01=NO;R1.D03=NO;R2.D01=SI;R2.D02=SI;R2.D03=SI,MUNICIPIO30642,MUNICIPIO_SIN_CN_TRAB,Si,No,30642,,Regla 2 coherente para validaciones implementadas.
GPA-001__R2-001__R1-004__0669,GPA-001__R2-001__R1-004,02_inputs_xml_flat/GPA-001__R2-001__R1-004__0669.xml,PASS,INFO,R1.D01=NO;R1.D03=NO;R2.D01=SI;R2.D02=SI;R2.D03=SI,MUNICIPIO30643,MUNICIPIO_SIN_CN_TRAB,Si,No,30643,,Regla 2 coherente para validaciones implementadas.
GPA-001__R2-001__R1-004__0670,GPA-001__R2-001__R1-004,02_inputs_xml_flat/GPA-001__R2-001__R1-004__0670.xml,PASS,INFO,R1.D01=NO;R1.D03=NO;R2.D01=SI;R2.D02=SI;R2.D03=SI,MUNICIPIO30641,MUNICIPIO_SIN_CN_TRAB,Si,No,30641,,Regla 2 coherente para validaciones implementadas.
GPA-001__R2-001__R1-004__0671,GPA-001__R2-001__R1-004,02_inputs_xml_flat/GPA-001__R2-001__R1-004__0671.xml,PASS,INFO,R1.D01=NO;R1.D03=NO;R2.D01=SI;R2.D02=SI;R2.D03=SI,MUNICIPIO30642,MUNICIPIO_SIN_CN_TRAB,Si,No,30642,,Regla 2 coherente para validaciones implementadas.
GPA-001__R2-001__R1-004__0672,GPA-001__R2-001__R1-004,02_inputs_xml_flat/GPA-001__R2-001__R1-004__0672.xml,PASS,INFO,R1.D01=NO;R1.D03=NO;R2.D01=SI;R2.D02=SI;R2.D03=SI,MUNICIPIO30643,MUNICIPIO_SIN_CN_TRAB,Si,No,30643,,Regla 2 coherente para validaciones implementadas.
GPA-001__R2-001__R1-004__0673,GPA-001__R2-001__R1-004,02_inputs_xml_flat/GPA-001__R2-001__R1-004__0673.xml,PASS,INFO,R1.D01=NO;R1.D03=NO;R2.D01=SI;R2.D02=SI;R2.D03=SI,MUNICIPIO30641,MUNICIPIO_SIN_CN_TRAB,Si,No,30641,,Regla 2 coherente para validaciones implementadas.
GPA-001__R2-001__R1-004__0674,GPA-001__R2-001__R1-004,02_inputs_xml_flat/GPA-001__R2-001__R1-004__0674.xml,PASS,INFO,R1.D01=NO;R1.D03=NO;R2.D01=SI;R2.D02=SI;R2.D03=SI,MUNICIPIO30642,MUNICIPIO_SIN_CN_TRAB,Si,No,30642,,Regla 2 coherente para validaciones implementadas.
GPA-001__R2-001__R1-004__0675,GPA-001__R2-001__R1-004,02_inputs_xml_flat/GPA-001__R2-001__R1-004__0675.xml,PASS,INFO,R1.D01=NO;R1.D03=NO;R2.D01=SI;R2.D02=SI;R2.D03=SI,MUNICIPIO30643,MUNICIPIO_SIN_CN_TRAB,Si,No,30643,,Regla 2 coherente para validaciones implementadas.
GPA-001__R2-001__R1-004__0676,GPA-001__R2-001__R1-004,02_inputs_xml_flat/GPA-001__R2-001__R1-004__0676.xml,PASS,INFO,R1.D01=NO;R1.D03=NO;R2.D01=SI;R2.D02=SI;R2.D03=SI,MUNICIPIO30641,MUNICIPIO_SIN_CN_TRAB,Si,No,30641,,Regla 2 coherente para validaciones implementadas.
GPA-001__R2-001__R1-004__0677,GPA-001__R2-001__R1-004,02_inputs_xml_flat/GPA-001__R2-001__R1-004__0677.xml,PASS,INFO,R1.D01=NO;R1.D03=NO;R2.D01=SI;R2.D02=SI;R2.D03=SI,MUNICIPIO30642,MUNICIPIO_SIN_CN_TRAB,Si,No,30642,,Regla 2 coherente para validaciones implementadas.
GPA-001__R2-001__R1-004__0678,GPA-001__R2-001__R1-004,02_inputs_xml_flat/GPA-001__R2-001__R1-004__0678.xml,PASS,INFO,R1.D01=NO;R1.D03=NO;R2.D01=SI;R2.D02=SI;R2.D03=SI,MUNICIPIO30643,MUNICIPIO_SIN_CN_TRAB,Si,No,30643,,Regla 2 coherente para validaciones implementadas.
GPA-001__R2-001__R1-004__0679,GPA-001__R2-001__R1-004,02_inputs_xml_flat/GPA-001__R2-001__R1-004__0679.xml,PASS,INFO,R1.D01=NO;R1.D03=NO;R2.D01=SI;R2.D02=SI;R2.D03=SI,MUNICIPIO30641,MUNICIPIO_SIN_CN_TRAB,Si,No,30641,,Regla 2 coherente para validaciones implementadas.
GPA-001__R2-001__R1-004__0680,GPA-001__R2-001__R1-004,02_inputs_xml_flat/GPA-001__R2-001__R1-004__0680.xml,PASS,INFO,R1.D01=NO;R1.D03=NO;R2.D01=SI;R2.D02=SI;R2.D03=SI,MUNICIPIO30642,MUNICIPIO_SIN_CN_TRAB,Si,No,30642,,Regla 2 coherente para validaciones implementadas.
GPA-001__R2-001__R1-004__0681,GPA-001__R2-001__R1-004,02_inputs_xml_flat/GPA-001__R2-001__R1-004__0681.xml,PASS,INFO,R1.D01=NO;R1.D03=NO;R2.D01=SI;R2.D02=SI;R2.D03=SI,MUNICIPIO30643,MUNICIPIO_SIN_CN_TRAB,Si,No,30643,,Regla 2 coherente para validaciones implementadas.
GPA-001__R2-001__R1-004__0682,GPA-001__R2-001__R1-004,02_inputs_xml_flat/GPA-001__R2-001__R1-004__0682.xml,PASS,INFO,R1.D01=NO;R1.D03=NO;R2.D01=SI;R2.D02=SI;R2.D03=SI,MUNICIPIO30641,MUNICIPIO_SIN_CN_TRAB,Si,No,30641,,Regla 2 coherente para validaciones implementadas.
GPA-001__R2-001__R1-004__0683,GPA-001__R2-001__R1-004,02_inputs_xml_flat/GPA-001__R2-001__R1-004__0683.xml,PASS,INFO,R1.D01=NO;R1.D03=NO;R2.D01=SI;R2.D02=SI;R2.D03=SI,MUNICIPIO30642,MUNICIPIO_SIN_CN_TRAB,Si,No,30642,,Regla 2 coherente para validaciones implementadas.
GPA-001__R2-001__R1-004__0684,GPA-001__R2-001__R1-004,02_inputs_xml_flat/GPA-001__R2-001__R1-004__0684.xml,PASS,INFO,R1.D01=NO;R1.D03=NO;R2.D01=SI;R2.D02=SI;R2.D03=SI,MUNICIPIO30643,MUNICIPIO_SIN_CN_TRAB,Si,No,30643,,Regla 2 coherente para validaciones implementadas.
GPA-001__R2-001__R1-004__0685,GPA-001__R2-001__R1-004,02_inputs_xml_flat/GPA-001__R2-001__R1-004__0685.xml,PASS,INFO,R1.D01=NO;R1.D03=NO;R2.D01=SI;R2.D02=SI;R2.D03=SI,MUNICIPIO30641,MUNICIPIO_SIN_CN_TRAB,Si,No,30641,,Regla 2 coherente para validaciones implementadas.
GPA-001__R2-001__R1-004__0686,GPA-001__R2-001__R1-004,02_inputs_xml_flat/GPA-001__R2-001__R1-004__0686.xml,PASS,INFO,R1.D01=NO;R1.D03=NO;R2.D01=SI;R2.D02=SI;R2.D03=SI,MUNICIPIO30642,MUNICIPIO_SIN_CN_TRAB,Si,No,30642,,Regla 2 coherente para validaciones implementadas.
GPA-001__R2-001__R1-004__0687,GPA-001__R2-001__R1-004,02_inputs_xml_flat/GPA-001__R2-001__R1-004__0687.xml,PASS,INFO,R1.D01=NO;R1.D03=NO;R2.D01=SI;R2.D02=SI;R2.D03=SI,MUNICIPIO30643,MUNICIPIO_SIN_CN_TRAB,Si,No,30643,,Regla 2 coherente para validaciones implementadas.
GPA-001__R2-001__R1-004__0688,GPA-001__R2-001__R1-004,02_inputs_xml_flat/GPA-001__R2-001__R1-004__0688.xml,PASS,INFO,R1.D01=NO;R1.D03=NO;R2.D01=SI;R2.D02=SI;R2.D03=SI,MUNICIPIO30641,MUNICIPIO_SIN_CN_TRAB,Si,No,30641,,Regla 2 coherente para validaciones implementadas.
GPA-001__R2-001__R1-004__0689,GPA-001__R2-001__R1-004,02_inputs_xml_flat/GPA-001__R2-001__R1-004__0689.xml,PASS,INFO,R1.D01=NO;R1.D03=NO;R2.D01=SI;R2.D02=SI;R2.D03=SI,MUNICIPIO30642,MUNICIPIO_SIN_CN_TRAB,Si,No,30642,,Regla 2 coherente para validaciones implementadas.
GPA-001__R2-001__R1-004__0690,GPA-001__R2-001__R1-004,02_inputs_xml_flat/GPA-001__R2-001__R1-004__0690.xml,PASS,INFO,R1.D01=NO;R1.D03=NO;R2.D01=SI;R2.D02=SI;R2.D03=SI,MUNICIPIO30643,MUNICIPIO_SIN_CN_TRAB,Si,No,30643,,Regla 2 coherente para validaciones implementadas.
GPA-001__R2-001__R1-004__0691,GPA-001__R2-001__R1-004,02_inputs_xml_flat/GPA-001__R2-001__R1-004__0691.xml,PASS,INFO,R1.D01=NO;R1.D03=NO;R2.D01=SI;R2.D02=SI;R2.D03=SI,MUNICIPIO30641,MUNICIPIO_SIN_CN_TRAB,Si,No,30641,,Regla 2 coherente para validaciones implementadas.
GPA-001__R2-001__R1-004__0692,GPA-001__R2-001__R1-004,02_inputs_xml_flat/GPA-001__R2-001__R1-004__0692.xml,PASS,INFO,R1.D01=NO;R1.D03=NO;R2.D01=SI;R2.D02=SI;R2.D03=SI,MUNICIPIO30642,MUNICIPIO_SIN_CN_TRAB,Si,No,30642,,Regla 2 coherente para validaciones implementadas.
GPA-001__R2-001__R1-004__0693,GPA-001__R2-001__R1-004,02_inputs_xml_flat/GPA-001__R2-001__R1-004__0693.xml,PASS,INFO,R1.D01=NO;R1.D03=NO;R2.D01=SI;R2.D02=SI;R2.D03=SI,MUNICIPIO30643,MUNICIPIO_SIN_CN_TRAB,Si,No,30643,,Regla 2 coherente para validaciones implementadas.
GPA-001__R2-001__R1-004__0694,GPA-001__R2-001__R1-004,02_inputs_xml_flat/GPA-001__R2-001__R1-004__0694.xml,PASS,INFO,R1.D01=NO;R1.D03=NO;R2.D01=SI;R2.D02=SI;R2.D03=SI,MUNICIPIO30641,MUNICIPIO_SIN_CN_TRAB,Si,No,30641,,Regla 2 coherente para validaciones implementadas.
GPA-001__R2-001__R1-004__0695,GPA-001__R2-001__R1-004,02_inputs_xml_flat/GPA-001__R2-001__R1-004__0695.xml,PASS,INFO,R1.D01=NO;R1.D03=NO;R2.D01=SI;R2.D02=SI;R2.D03=SI,MUNICIPIO30642,MUNICIPIO_SIN_CN_TRAB,Si,No,30642,,Regla 2 coherente para validaciones implementadas.
GPA-001__R2-001__R1-004__0696,GPA-001__R2-001__R1-004,02_inputs_xml_flat/GPA-001__R2-001__R1-004__0696.xml,PASS,INFO,R1.D01=NO;R1.D03=NO;R2.D01=SI;R2.D02=SI;R2.D03=SI,MUNICIPIO30643,MUNICIPIO_SIN_CN_TRAB,Si,No,30643,,Regla 2 coherente para validaciones implementadas.
GPA-001__R2-001__R1-004__0697,GPA-001__R2-001__R1-004,02_inputs_xml_flat/GPA-001__R2-001__R1-004__0697.xml,PASS,INFO,R1.D01=NO;R1.D03=NO;R2.D01=SI;R2.D02=SI;R2.D03=SI,MUNICIPIO30641,MUNICIPIO_SIN_CN_TRAB,Si,No,30641,,Regla 2 coherente para validaciones implementadas.
GPA-001__R2-001__R1-004__0698,GPA-001__R2-001__R1-004,02_inputs_xml_flat/GPA-001__R2-001__R1-004__0698.xml,PASS,INFO,R1.D01=NO;R1.D03=NO;R2.D01=SI;R2.D02=SI;R2.D03=SI,MUNICIPIO30642,MUNICIPIO_SIN_CN_TRAB,Si,No,30642,,Regla 2 coherente para validaciones implementadas.
GPA-001__R2-001__R1-004__0699,GPA-001__R2-001__R1-004,02_inputs_xml_flat/GPA-001__R2-001__R1-004__0699.xml,PASS,INFO,R1.D01=NO;R1.D03=NO;R2.D01=SI;R2.D02=SI;R2.D03=SI,MUNICIPIO30643,MUNICIPIO_SIN_CN_TRAB,Si,No,30643,,Regla 2 coherente para validaciones implementadas.
GPA-001__R2-001__R1-004__0700,GPA-001__R2-001__R1-004,02_inputs_xml_flat/GPA-001__R2-001__R1-004__0700.xml,PASS,INFO,R1.D01=NO;R1.D03=NO;R2.D01=SI;R2.D02=SI;R2.D03=SI,MUNICIPIO30641,MUNICIPIO_SIN_CN_TRAB,Si,No,30641,,Regla 2 coherente para validaciones implementadas.
GPA-001__R2-001__R1-004__0701,GPA-001__R2-001__R1-004,02_inputs_xml_flat/GPA-001__R2-001__R1-004__0701.xml,PASS,INFO,R1.D01=NO;R1.D03=NO;R2.D01=SI;R2.D02=SI;R2.D03=SI,MUNICIPIO30642,MUNICIPIO_SIN_CN_TRAB,Si,No,30642,,Regla 2 coherente para validaciones implementadas.
GPA-001__R2-001__R1-004__0702,GPA-001__R2-001__R1-004,02_inputs_xml_flat/GPA-001__R2-001__R1-004__0702.xml,PASS,INFO,R1.D01=NO;R1.D03=NO;R2.D01=SI;R2.D02=SI;R2.D03=SI,MUNICIPIO30643,MUNICIPIO_SIN_CN_TRAB,Si,No,30643,,Regla 2 coherente para validaciones implementadas.
GPA-001__R2-001__R1-004__0703,GPA-001__R2-001__R1-004,02_inputs_xml_flat/GPA-001__R2-001__R1-004__0703.xml,PASS,INFO,R1.D01=NO;R1.D03=NO;R2.D01=SI;R2.D02=SI;R2.D03=SI,MUNICIPIO30641,MUNICIPIO_SIN_CN_TRAB,Si,No,30641,,Regla 2 coherente para validaciones implementadas.
GPA-001__R2-001__R1-004__0704,GPA-001__R2-001__R1-004,02_inputs_xml_flat/GPA-001__R2-001__R1-004__0704.xml,PASS,INFO,R1.D01=NO;R1.D03=NO;R2.D01=SI;R2.D02=SI;R2.D03=SI,MUNICIPIO30642,MUNICIPIO_SIN_CN_TRAB,Si,No,30642,,Regla 2 coherente para validaciones implementadas.
GPA-001__R2-001__R1-004__0705,GPA-001__R2-001__R1-004,02_inputs_xml_flat/GPA-001__R2-001__R1-004__0705.xml,PASS,INFO,R1.D01=NO;R1.D03=NO;R2.D01=SI;R2.D02=SI;R2.D03=SI,MUNICIPIO30643,MUNICIPIO_SIN_CN_TRAB,Si,No,30643,,Regla 2 coherente para validaciones implementadas.
GPA-001__R2-001__R1-004__0706,GPA-001__R2-001__R1-004,02_inputs_xml_flat/GPA-001__R2-001__R1-004__0706.xml,PASS,INFO,R1.D01=NO;R1.D03=NO;R2.D01=SI;R2.D02=SI;R2.D03=SI,MUNICIPIO30641,MUNICIPIO_SIN_CN_TRAB,Si,No,30641,,Regla 2 coherente para validaciones implementadas.
GPA-001__R2-001__R1-004__0707,GPA-001__R2-001__R1-004,02_inputs_xml_flat/GPA-001__R2-001__R1-004__0707.xml,PASS,INFO,R1.D01=NO;R1.D03=NO;R2.D01=SI;R2.D02=SI;R2.D03=SI,MUNICIPIO30642,MUNICIPIO_SIN_CN_TRAB,Si,No,30642,,Regla 2 coherente para validaciones implementadas.
GPA-001__R2-001__R1-004__0708,GPA-001__R2-001__R1-004,02_inputs_xml_flat/GPA-001__R2-001__R1-004__0708.xml,PASS,INFO,R1.D01=NO;R1.D03=NO;R2.D01=SI;R2.D02=SI;R2.D03=SI,MUNICIPIO30643,MUNICIPIO_SIN_CN_TRAB,Si,No,30643,,Regla 2 coherente para validaciones implementadas.
GPA-001__R2-001__R1-004__0709,GPA-001__R2-001__R1-004,02_inputs_xml_flat/GPA-001__R2-001__R1-004__0709.xml,PASS,INFO,R1.D01=NO;R1.D03=NO;R2.D01=SI;R2.D02=SI;R2.D03=SI,MUNICIPIO30641,MUNICIPIO_SIN_CN_TRAB,Si,No,30641,,Regla 2 coherente para validaciones implementadas.
GPA-001__R2-001__R1-004__0710,GPA-001__R2-001__R1-004,02_inputs_xml_flat/GPA-001__R2-001__R1-004__0710.xml,PASS,INFO,R1.D01=NO;R1.D03=NO;R2.D01=SI;R2.D02=SI;R2.D03=SI,MUNICIPIO30642,MUNICIPIO_SIN_CN_TRAB,Si,No,30642,,Regla 2 coherente para validaciones implementadas.
GPA-001__R2-001__R1-004__0711,GPA-001__R2-001__R1-004,02_inputs_xml_flat/GPA-001__R2-001__R1-004__0711.xml,PASS,INFO,R1.D01=NO;R1.D03=NO;R2.D01=SI;R2.D02=SI;R2.D03=SI,MUNICIPIO30643,MUNICIPIO_SIN_CN_TRAB,Si,No,30643,,Regla 2 coherente para validaciones implementadas.
GPA-001__R2-001__R1-004__0712,GPA-001__R2-001__R1-004,02_inputs_xml_flat/GPA-001__R2-001__R1-004__0712.xml,PASS,INFO,R1.D01=NO;R1.D03=NO;R2.D01=SI;R2.D02=SI;R2.D03=SI,MUNICIPIO30641,MUNICIPIO_SIN_CN_TRAB,Si,No,30641,,Regla 2 coherente para validaciones implementadas.
GPA-001__R2-001__R1-004__0713,GPA-001__R2-001__R1-004,02_inputs_xml_flat/GPA-001__R2-001__R1-004__0713.xml,PASS,INFO,R1.D01=NO;R1.D03=NO;R2.D01=SI;R2.D02=SI;R2.D03=SI,MUNICIPIO30642,MUNICIPIO_SIN_CN_TRAB,Si,No,30642,,Regla 2 coherente para validaciones implementadas.
GPA-001__R2-001__R1-004__0714,GPA-001__R2-001__R1-004,02_inputs_xml_flat/GPA-001__R2-001__R1-004__0714.xml,PASS,INFO,R1.D01=NO;R1.D03=NO;R2.D01=SI;R2.D02=SI;R2.D03=SI,MUNICIPIO30643,MUNICIPIO_SIN_CN_TRAB,Si,No,30643,,Regla 2 coherente para validaciones implementadas.
GPA-001__R2-001__R1-004__0715,GPA-001__R2-001__R1-004,02_inputs_xml_flat/GPA-001__R2-001__R1-004__0715.xml,PASS,INFO,R1.D01=NO;R1.D03=NO;R2.D01=SI;R2.D02=SI;R2.D03=SI,MUNICIPIO30641,MUNICIPIO_SIN_CN_TRAB,Si,No,30641,,Regla 2 coherente para validaciones implementadas.
GPA-001__R2-001__R1-004__0716,GPA-001__R2-001__R1-004,02_inputs_xml_flat/GPA-001__R2-001__R1-004__0716.xml,PASS,INFO,R1.D01=NO;R1.D03=NO;R2.D01=SI;R2.D02=SI;R2.D03=SI,MUNICIPIO30642,MUNICIPIO_SIN_CN_TRAB,Si,No,30642,,Regla 2 coherente para validaciones implementadas.
GPA-001__R2-001__R1-004__0717,GPA-001__R2-001__R1-004,02_inputs_xml_flat/GPA-001__R2-001__R1-004__0717.xml,PASS,INFO,R1.D01=NO;R1.D03=NO;R2.D01=SI;R2.D02=SI;R2.D03=SI,MUNICIPIO30643,MUNICIPIO_SIN_CN_TRAB,Si,No,30643,,Regla 2 coherente para validaciones implementadas.
GPA-001__R2-001__R1-004__0718,GPA-001__R2-001__R1-004,02_inputs_xml_flat/GPA-001__R2-001__R1-004__0718.xml,PASS,INFO,R1.D01=NO;R1.D03=NO;R2.D01=SI;R2.D02=SI;R2.D03=SI,MUNICIPIO30641,MUNICIPIO_SIN_CN_TRAB,Si,No,30641,,Regla 2 coherente para validaciones implementadas.
GPA-001__R2-001__R1-004__0719,GPA-001__R2-001__R1-004,02_inputs_xml_flat/GPA-001__R2-001__R1-004__0719.xml,PASS,INFO,R1.D01=NO;R1.D03=NO;R2.D01=SI;R2.D02=SI;R2.D03=SI,MUNICIPIO30642,MUNICIPIO_SIN_CN_TRAB,Si,No,30642,,Regla 2 coherente para validaciones implementadas.
GPA-001__R2-001__R1-004__0720,GPA-001__R2-001__R1-004,02_inputs_xml_flat/GPA-001__R2-001__R1-004__0720.xml,PASS,INFO,R1.D01=NO;R1.D03=NO;R2.D01=SI;R2.D02=SI;R2.D03=SI,MUNICIPIO30643,MUNICIPIO_SIN_CN_TRAB,Si,No,30643,,Regla 2 coherente para validaciones implementadas.
GPA-001__R2-001__R1-004__0721,GPA-001__R2-001__R1-004,02_inputs_xml_flat/GPA-001__R2-001__R1-004__0721.xml,PASS,INFO,R1.D01=NO;R1.D03=NO;R2.D01=SI;R2.D02=SI;R2.D03=SI,MUNICIPIO30641,MUNICIPIO_SIN_CN_TRAB,Si,No,30641,,Regla 2 coherente para validaciones implementadas.
GPA-001__R2-001__R1-004__0722,GPA-001__R2-001__R1-004,02_inputs_xml_flat/GPA-001__R2-001__R1-004__0722.xml,PASS,INFO,R1.D01=NO;R1.D03=NO;R2.D01=SI;R2.D02=SI;R2.D03=SI,MUNICIPIO30642,MUNICIPIO_SIN_CN_TRAB,Si,No,30642,,Regla 2 coherente para validaciones implementadas.
GPA-001__R2-001__R1-004__0723,GPA-001__R2-001__R1-004,02_inputs_xml_flat/GPA-001__R2-001__R1-004__0723.xml,PASS,INFO,R1.D01=NO;R1.D03=NO;R2.D01=SI;R2.D02=SI;R2.D03=SI,MUNICIPIO30643,MUNICIPIO_SIN_CN_TRAB,Si,No,30643,,Regla 2 coherente para validaciones implementadas.
GPA-001__R2-001__R1-004__0724,GPA-001__R2-001__R1-004,02_inputs_xml_flat/GPA-001__R2-001__R1-004__0724.xml,PASS,INFO,R1.D01=NO;R1.D03=NO;R2.D01=SI;R2.D02=SI;R2.D03=SI,MUNICIPIO30641,MUNICIPIO_SIN_CN_TRAB,Si,No,30641,,Regla 2 coherente para validaciones implementadas.
GPA-001__R2-001__R1-004__0725,GPA-001__R2-001__R1-004,02_inputs_xml_flat/GPA-001__R2-001__R1-004__0725.xml,PASS,INFO,R1.D01=NO;R1.D03=NO;R2.D01=SI;R2.D02=SI;R2.D03=SI,MUNICIPIO30642,MUNICIPIO_SIN_CN_TRAB,Si,No,30642,,Regla 2 coherente para validaciones implementadas.
GPA-001__R2-001__R1-004__0726,GPA-001__R2-001__R1-004,02_inputs_xml_flat/GPA-001__R2-001__R1-004__0726.xml,PASS,INFO,R1.D01=NO;R1.D03=NO;R2.D01=SI;R2.D02=SI;R2.D03=SI,MUNICIPIO30643,MUNICIPIO_SIN_CN_TRAB,Si,No,30643,,Regla 2 coherente para validaciones implementadas.
GPA-001__R2-001__R1-004__0727,GPA-001__R2-001__R1-004,02_inputs_xml_flat/GPA-001__R2-001__R1-004__0727.xml,PASS,INFO,R1.D01=NO;R1.D03=NO;R2.D01=SI;R2.D02=SI;R2.D03=SI,MUNICIPIO30641,MUNICIPIO_SIN_CN_TRAB,Si,No,30641,,Regla 2 coherente para validaciones implementadas.
GPA-001__R2-001__R1-004__0728,GPA-001__R2-001__R1-004,02_inputs_xml_flat/GPA-001__R2-001__R1-004__0728.xml,PASS,INFO,R1.D01=NO;R1.D03=NO;R2.D01=SI;R2.D02=SI;R2.D03=SI,MUNICIPIO30642,MUNICIPIO_SIN_CN_TRAB,Si,No,30642,,Regla 2 coherente para validaciones implementadas.
GPA-001__R2-001__R1-004__0729,GPA-001__R2-001__R1-004,02_inputs_xml_flat/GPA-001__R2-001__R1-004__0729.xml,PASS,INFO,R1.D01=NO;R1.D03=NO;R2.D01=SI;R2.D02=SI;R2.D03=SI,MUNICIPIO30643,MUNICIPIO_SIN_CN_TRAB,Si,No,30643,,Regla 2 coherente para validaciones implementadas.
GPA-001__R2-001__R1-004__0730,GPA-001__R2-001__R1-004,02_inputs_xml_flat/GPA-001__R2-001__R1-004__0730.xml,PASS,INFO,R1.D01=NO;R1.D03=NO;R2.D01=SI;R2.D02=SI;R2.D03=SI,MUNICIPIO30641,MUNICIPIO_SIN_CN_TRAB,Si,No,30641,,Regla 2 coherente para validaciones implementadas.
GPA-001__R2-001__R1-004__0731,GPA-001__R2-001__R1-004,02_inputs_xml_flat/GPA-001__R2-001__R1-004__0731.xml,PASS,INFO,R1.D01=NO;R1.D03=NO;R2.D01=SI;R2.D02=SI;R2.D03=SI,MUNICIPIO30642,MUNICIPIO_SIN_CN_TRAB,Si,No,30642,,Regla 2 coherente para validaciones implementadas.
GPA-001__R2-001__R1-004__0732,GPA-001__R2-001__R1-004,02_inputs_xml_flat/GPA-001__R2-001__R1-004__0732.xml,PASS,INFO,R1.D01=NO;R1.D03=NO;R2.D01=SI;R2.D02=SI;R2.D03=SI,MUNICIPIO30643,MUNICIPIO_SIN_CN_TRAB,Si,No,30643,,Regla 2 coherente para validaciones implementadas.
GPA-001__R2-001__R1-004__0733,GPA-001__R2-001__R1-004,02_inputs_xml_flat/GPA-001__R2-001__R1-004__0733.xml,PASS,INFO,R1.D01=NO;R1.D03=NO;R2.D01=SI;R2.D02=SI;R2.D03=SI,MUNICIPIO30641,MUNICIPIO_SIN_CN_TRAB,Si,No,30641,,Regla 2 coherente para validaciones implementadas.
GPA-001__R2-001__R1-004__0734,GPA-001__R2-001__R1-004,02_inputs_xml_flat/GPA-001__R2-001__R1-004__0734.xml,PASS,INFO,R1.D01=NO;R1.D03=NO;R2.D01=SI;R2.D02=SI;R2.D03=SI,MUNICIPIO30642,MUNICIPIO_SIN_CN_TRAB,Si,No,30642,,Regla 2 coherente para validaciones implementadas.
GPA-001__R2-001__R1-004__0735,GPA-001__R2-001__R1-004,02_inputs_xml_flat/GPA-001__R2-001__R1-004__0735.xml,PASS,INFO,R1.D01=NO;R1.D03=NO;R2.D01=SI;R2.D02=SI;R2.D03=SI,MUNICIPIO30643,MUNICIPIO_SIN_CN_TRAB,Si,No,30643,,Regla 2 coherente para validaciones implementadas.
GPA-001__R2-001__R1-004__0736,GPA-001__R2-001__R1-004,02_inputs_xml_flat/GPA-001__R2-001__R1-004__0736.xml,PASS,INFO,R1.D01=NO;R1.D03=NO;R2.D01=SI;R2.D02=SI;R2.D03=SI,MUNICIPIO30641,MUNICIPIO_SIN_CN_TRAB,Si,No,30641,,Regla 2 coherente para validaciones implementadas.
GPA-001__R2-001__R1-004__0737,GPA-001__R2-001__R1-004,02_inputs_xml_flat/GPA-001__R2-001__R1-004__0737.xml,PASS,INFO,R1.D01=NO;R1.D03=NO;R2.D01=SI;R2.D02=SI;R2.D03=SI,MUNICIPIO30642,MUNICIPIO_SIN_CN_TRAB,Si,No,30642,,Regla 2 coherente para validaciones implementadas.
GPA-001__R2-001__R1-004__0738,GPA-001__R2-001__R1-004,02_inputs_xml_flat/GPA-001__R2-001__R1-004__0738.xml,PASS,INFO,R1.D01=NO;R1.D03=NO;R2.D01=SI;R2.D02=SI;R2.D03=SI,MUNICIPIO30643,MUNICIPIO_SIN_CN_TRAB,Si,No,30643,,Regla 2 coherente para validaciones implementadas.
GPA-001__R2-001__R1-004__0739,GPA-001__R2-001__R1-004,02_inputs_xml_flat/GPA-001__R2-001__R1-004__0739.xml,PASS,INFO,R1.D01=NO;R1.D03=NO;R2.D01=SI;R2.D02=SI;R2.D03=SI,MUNICIPIO30641,MUNICIPIO_SIN_CN_TRAB,Si,No,30641,,Regla 2 coherente para validaciones implementadas.
GPA-001__R2-001__R1-004__0740,GPA-001__R2-001__R1-004,02_inputs_xml_flat/GPA-001__R2-001__R1-004__0740.xml,PASS,INFO,R1.D01=NO;R1.D03=NO;R2.D01=SI;R2.D02=SI;R2.D03=SI,MUNICIPIO30642,MUNICIPIO_SIN_CN_TRAB,Si,No,30642,,Regla 2 coherente para validaciones implementadas.
GPA-001__R2-001__R1-004__0741,GPA-001__R2-001__R1-004,02_inputs_xml_flat/GPA-001__R2-001__R1-004__0741.xml,PASS,INFO,R1.D01=NO;R1.D03=NO;R2.D01=SI;R2.D02=SI;R2.D03=SI,MUNICIPIO30643,MUNICIPIO_SIN_CN_TRAB,Si,No,30643,,Regla 2 coherente para validaciones implementadas.
GPA-001__R2-001__R1-004__0742,GPA-001__R2-001__R1-004,02_inputs_xml_flat/GPA-001__R2-001__R1-004__0742.xml,PASS,INFO,R1.D01=NO;R1.D03=NO;R2.D01=SI;R2.D02=SI;R2.D03=SI,MUNICIPIO30641,MUNICIPIO_SIN_CN_TRAB,Si,No,30641,,Regla 2 coherente para validaciones implementadas.
GPA-001__R2-001__R1-004__0743,GPA-001__R2-001__R1-004,02_inputs_xml_flat/GPA-001__R2-001__R1-004__0743.xml,PASS,INFO,R1.D01=NO;R1.D03=NO;R2.D01=SI;R2.D02=SI;R2.D03=SI,MUNICIPIO30642,MUNICIPIO_SIN_CN_TRAB,Si,No,30642,,Regla 2 coherente para validaciones implementadas.
GPA-001__R2-001__R1-004__0744,GPA-001__R2-001__R1-004,02_inputs_xml_flat/GPA-001__R2-001__R1-004__0744.xml,PASS,INFO,R1.D01=NO;R1.D03=NO;R2.D01=SI;R2.D02=SI;R2.D03=SI,MUNICIPIO30643,MUNICIPIO_SIN_CN_TRAB,Si,No,30643,,Regla 2 coherente para validaciones implementadas.
GPA-001__R2-001__R1-004__0745,GPA-001__R2-001__R1-004,02_inputs_xml_flat/GPA-001__R2-001__R1-004__0745.xml,PASS,INFO,R1.D01=NO;R1.D03=NO;R2.D01=SI;R2.D02=SI;R2.D03=SI,MUNICIPIO30641,MUNICIPIO_SIN_CN_TRAB,Si,No,30641,,Regla 2 coherente para validaciones implementadas.
GPA-001__R2-001__R1-004__0746,GPA-001__R2-001__R1-004,02_inputs_xml_flat/GPA-001__R2-001__R1-004__0746.xml,PASS,INFO,R1.D01=NO;R1.D03=NO;R2.D01=SI;R2.D02=SI;R2.D03=SI,MUNICIPIO30642,MUNICIPIO_SIN_CN_TRAB,Si,No,30642,,Regla 2 coherente para validaciones implementadas.
GPA-001__R2-001__R1-004__0747,GPA-001__R2-001__R1-004,02_inputs_xml_flat/GPA-001__R2-001__R1-004__0747.xml,PASS,INFO,R1.D01=NO;R1.D03=NO;R2.D01=SI;R2.D02=SI;R2.D03=SI,MUNICIPIO30643,MUNICIPIO_SIN_CN_TRAB,Si,No,30643,,Regla 2 coherente para validaciones implementadas.
GPA-001__R2-001__R1-004__0748,GPA-001__R2-001__R1-004,02_inputs_xml_flat/GPA-001__R2-001__R1-004__0748.xml,PASS,INFO,R1.D01=NO;R1.D03=NO;R2.D01=SI;R2.D02=SI;R2.D03=SI,MUNICIPIO30641,MUNICIPIO_SIN_CN_TRAB,Si,No,30641,,Regla 2 coherente para validaciones implementadas.
GPA-001__R2-001__R1-004__0749,GPA-001__R2-001__R1-004,02_inputs_xml_flat/GPA-001__R2-001__R1-004__0749.xml,PASS,INFO,R1.D01=NO;R1.D03=NO;R2.D01=SI;R2.D02=SI;R2.D03=SI,MUNICIPIO30642,MUNICIPIO_SIN_CN_TRAB,Si,No,30642,,Regla 2 coherente para validaciones implementadas.
GPA-001__R2-001__R1-004__0750,GPA-001__R2-001__R1-004,02_inputs_xml_flat/GPA-001__R2-001__R1-004__0750.xml,PASS,INFO,R1.D01=NO;R1.D03=NO;R2.D01=SI;R2.D02=SI;R2.D03=SI,MUNICIPIO30643,MUNICIPIO_SIN_CN_TRAB,Si,No,30643,,Regla 2 coherente para validaciones implementadas.
GPA-001__R2-001__R1-004__0751,GPA-001__R2-001__R1-004,02_inputs_xml_flat/GPA-001__R2-001__R1-004__0751.xml,PASS,INFO,R1.D01=NO;R1.D03=NO;R2.D01=SI;R2.D02=SI;R2.D03=SI,MUNICIPIO30641,MUNICIPIO_SIN_CN_TRAB,Si,No,30641,,Regla 2 coherente para validaciones implementadas.
GPA-001__R2-001__R1-004__0752,GPA-001__R2-001__R1-004,02_inputs_xml_flat/GPA-001__R2-001__R1-004__0752.xml,PASS,INFO,R1.D01=NO;R1.D03=NO;R2.D01=SI;R2.D02=SI;R2.D03=SI,MUNICIPIO30642,MUNICIPIO_SIN_CN_TRAB,Si,No,30642,,Regla 2 coherente para validaciones implementadas.
GPA-001__R2-001__R1-004__0753,GPA-001__R2-001__R1-004,02_inputs_xml_flat/GPA-001__R2-001__R1-004__0753.xml,PASS,INFO,R1.D01=NO;R1.D03=NO;R2.D01=SI;R2.D02=SI;R2.D03=SI,MUNICIPIO30643,MUNICIPIO_SIN_CN_TRAB,Si,No,30643,,Regla 2 coherente para validaciones implementadas.
GPA-001__R2-001__R1-004__0754,GPA-001__R2-001__R1-004,02_inputs_xml_flat/GPA-001__R2-001__R1-004__0754.xml,PASS,INFO,R1.D01=NO;R1.D03=NO;R2.D01=SI;R2.D02=SI;R2.D03=SI,MUNICIPIO30641,MUNICIPIO_SIN_CN_TRAB,Si,No,30641,,Regla 2 coherente para validaciones implementadas.
GPA-001__R2-001__R1-004__0755,GPA-001__R2-001__R1-004,02_inputs_xml_flat/GPA-001__R2-001__R1-004__0755.xml,PASS,INFO,R1.D01=NO;R1.D03=NO;R2.D01=SI;R2.D02=SI;R2.D03=SI,MUNICIPIO30642,MUNICIPIO_SIN_CN_TRAB,Si,No,30642,,Regla 2 coherente para validaciones implementadas.
GPA-001__R2-001__R1-004__0756,GPA-001__R2-001__R1-004,02_inputs_xml_flat/GPA-001__R2-001__R1-004__0756.xml,PASS,INFO,R1.D01=NO;R1.D03=NO;R2.D01=SI;R2.D02=SI;R2.D03=SI,MUNICIPIO30643,MUNICIPIO_SIN_CN_TRAB,Si,No,30643,,Regla 2 coherente para validaciones implementadas.
GPA-001__R2-001__R1-004__0757,GPA-001__R2-001__R1-004,02_inputs_xml_flat/GPA-001__R2-001__R1-004__0757.xml,PASS,INFO,R1.D01=NO;R1.D03=NO;R2.D01=SI;R2.D02=SI;R2.D03=SI,MUNICIPIO30641,MUNICIPIO_SIN_CN_TRAB,Si,No,30641,,Regla 2 coherente para validaciones implementadas.
GPA-001__R2-001__R1-004__0758,GPA-001__R2-001__R1-004,02_inputs_xml_flat/GPA-001__R2-001__R1-004__0758.xml,PASS,INFO,R1.D01=NO;R1.D03=NO;R2.D01=SI;R2.D02=SI;R2.D03=SI,MUNICIPIO30642,MUNICIPIO_SIN_CN_TRAB,Si,No,30642,,Regla 2 coherente para validaciones implementadas.
GPA-001__R2-001__R1-004__0759,GPA-001__R2-001__R1-004,02_inputs_xml_flat/GPA-001__R2-001__R1-004__0759.xml,PASS,INFO,R1.D01=NO;R1.D03=NO;R2.D01=SI;R2.D02=SI;R2.D03=SI,MUNICIPIO30643,MUNICIPIO_SIN_CN_TRAB,Si,No,30643,,Regla 2 coherente para validaciones implementadas.
GPA-001__R2-001__R1-004__0760,GPA-001__R2-001__R1-004,02_inputs_xml_flat/GPA-001__R2-001__R1-004__0760.xml,PASS,INFO,R1.D01=NO;R1.D03=NO;R2.D01=SI;R2.D02=SI;R2.D03=SI,MUNICIPIO30641,MUNICIPIO_SIN_CN_TRAB,Si,No,30641,,Regla 2 coherente para validaciones implementadas.
GPA-001__R2-001__R1-004__0761,GPA-001__R2-001__R1-004,02_inputs_xml_flat/GPA-001__R2-001__R1-004__0761.xml,PASS,INFO,R1.D01=NO;R1.D03=NO;R2.D01=SI;R2.D02=SI;R2.D03=SI,MUNICIPIO30642,MUNICIPIO_SIN_CN_TRAB,Si,No,30642,,Regla 2 coherente para validaciones implementadas.
GPA-001__R2-001__R1-004__0762,GPA-001__R2-001__R1-004,02_inputs_xml_flat/GPA-001__R2-001__R1-004__0762.xml,PASS,INFO,R1.D01=NO;R1.D03=NO;R2.D01=SI;R2.D02=SI;R2.D03=SI,MUNICIPIO30643,MUNICIPIO_SIN_CN_TRAB,Si,No,30643,,Regla 2 coherente para validaciones implementadas.
GPA-001__R2-001__R1-004__0763,GPA-001__R2-001__R1-004,02_inputs_xml_flat/GPA-001__R2-001__R1-004__0763.xml,PASS,INFO,R1.D01=NO;R1.D03=NO;R2.D01=SI;R2.D02=SI;R2.D03=SI,MUNICIPIO30641,MUNICIPIO_SIN_CN_TRAB,Si,No,30641,,Regla 2 coherente para validaciones implementadas.
GPA-001__R2-001__R1-004__0764,GPA-001__R2-001__R1-004,02_inputs_xml_flat/GPA-001__R2-001__R1-004__0764.xml,PASS,INFO,R1.D01=NO;R1.D03=NO;R2.D01=SI;R2.D02=SI;R2.D03=SI,MUNICIPIO30642,MUNICIPIO_SIN_CN_TRAB,Si,No,30642,,Regla 2 coherente para validaciones implementadas.
GPA-001__R2-001__R1-004__0765,GPA-001__R2-001__R1-004,02_inputs_xml_flat/GPA-001__R2-001__R1-004__0765.xml,PASS,INFO,R1.D01=NO;R1.D03=NO;R2.D01=SI;R2.D02=SI;R2.D03=SI,MUNICIPIO30643,MUNICIPIO_SIN_CN_TRAB,Si,No,30643,,Regla 2 coherente para validaciones implementadas.
GPA-001__R2-001__R1-004__0766,GPA-001__R2-001__R1-004,02_inputs_xml_flat/GPA-001__R2-001__R1-004__0766.xml,PASS,INFO,R1.D01=NO;R1.D03=NO;R2.D01=SI;R2.D02=SI;R2.D03=SI,MUNICIPIO30641,MUNICIPIO_SIN_CN_TRAB,Si,No,30641,,Regla 2 coherente para validaciones implementadas.
GPA-001__R2-001__R1-004__0767,GPA-001__R2-001__R1-004,02_inputs_xml_flat/GPA-001__R2-001__R1-004__0767.xml,PASS,INFO,R1.D01=NO;R1.D03=NO;R2.D01=SI;R2.D02=SI;R2.D03=SI,MUNICIPIO30642,MUNICIPIO_SIN_CN_TRAB,Si,No,30642,,Regla 2 coherente para validaciones implementadas.
GPA-001__R2-001__R1-004__0768,GPA-001__R2-001__R1-004,02_inputs_xml_flat/GPA-001__R2-001__R1-004__0768.xml,PASS,INFO,R1.D01=NO;R1.D03=NO;R2.D01=SI;R2.D02=SI;R2.D03=SI,MUNICIPIO30643,MUNICIPIO_SIN_CN_TRAB,Si,No,30643,,Regla 2 coherente para validaciones implementadas.
GPA-001__R2-001__R1-004__0769,GPA-001__R2-001__R1-004,02_inputs_xml_flat/GPA-001__R2-001__R1-004__0769.xml,PASS,INFO,R1.D01=NO;R1.D03=NO;R2.D01=SI;R2.D02=SI;R2.D03=SI,MUNICIPIO30641,MUNICIPIO_SIN_CN_TRAB,Si,No,30641,,Regla 2 coherente para validaciones implementadas.
GPA-001__R2-001__R1-004__0770,GPA-001__R2-001__R1-004,02_inputs_xml_flat/GPA-001__R2-001__R1-004__0770.xml,PASS,INFO,R1.D01=NO;R1.D03=NO;R2.D01=SI;R2.D02=SI;R2.D03=SI,MUNICIPIO30642,MUNICIPIO_SIN_CN_TRAB,Si,No,30642,,Regla 2 coherente para validaciones implementadas.
GPA-001__R2-001__R1-004__0771,GPA-001__R2-001__R1-004,02_inputs_xml_flat/GPA-001__R2-001__R1-004__0771.xml,PASS,INFO,R1.D01=NO;R1.D03=NO;R2.D01=SI;R2.D02=SI;R2.D03=SI,MUNICIPIO30643,MUNICIPIO_SIN_CN_TRAB,Si,No,30643,,Regla 2 coherente para validaciones implementadas.
GPA-001__R2-001__R1-004__0772,GPA-001__R2-001__R1-004,02_inputs_xml_flat/GPA-001__R2-001__R1-004__0772.xml,PASS,INFO,R1.D01=NO;R1.D03=NO;R2.D01=SI;R2.D02=SI;R2.D03=SI,MUNICIPIO30641,MUNICIPIO_SIN_CN_TRAB,Si,No,30641,,Regla 2 coherente para validaciones implementadas.
GPA-001__R2-001__R1-004__0773,GPA-001__R2-001__R1-004,02_inputs_xml_flat/GPA-001__R2-001__R1-004__0773.xml,PASS,INFO,R1.D01=NO;R1.D03=NO;R2.D01=SI;R2.D02=SI;R2.D03=SI,MUNICIPIO30642,MUNICIPIO_SIN_CN_TRAB,Si,No,30642,,Regla 2 coherente para validaciones implementadas.
GPA-001__R2-001__R1-004__0774,GPA-001__R2-001__R1-004,02_inputs_xml_flat/GPA-001__R2-001__R1-004__0774.xml,PASS,INFO,R1.D01=NO;R1.D03=NO;R2.D01=SI;R2.D02=SI;R2.D03=SI,MUNICIPIO30643,MUNICIPIO_SIN_CN_TRAB,Si,No,30643,,Regla 2 coherente para validaciones implementadas.
GPA-001__R2-001__R1-004__0775,GPA-001__R2-001__R1-004,02_inputs_xml_flat/GPA-001__R2-001__R1-004__0775.xml,PASS,INFO,R1.D01=NO;R1.D03=NO;R2.D01=SI;R2.D02=SI;R2.D03=SI,MUNICIPIO30641,MUNICIPIO_SIN_CN_TRAB,Si,No,30641,,Regla 2 coherente para validaciones implementadas.
GPA-001__R2-001__R1-004__0776,GPA-001__R2-001__R1-004,02_inputs_xml_flat/GPA-001__R2-001__R1-004__0776.xml,PASS,INFO,R1.D01=NO;R1.D03=NO;R2.D01=SI;R2.D02=SI;R2.D03=SI,MUNICIPIO30642,MUNICIPIO_SIN_CN_TRAB,Si,No,30642,,Regla 2 coherente para validaciones implementadas.
GPA-001__R2-001__R1-004__0777,GPA-001__R2-001__R1-004,02_inputs_xml_flat/GPA-001__R2-001__R1-004__0777.xml,PASS,INFO,R1.D01=NO;R1.D03=NO;R2.D01=SI;R2.D02=SI;R2.D03=SI,MUNICIPIO30643,MUNICIPIO_SIN_CN_TRAB,Si,No,30643,,Regla 2 coherente para validaciones implementadas.
GPA-001__R2-001__R1-004__0778,GPA-001__R2-001__R1-004,02_inputs_xml_flat/GPA-001__R2-001__R1-004__0778.xml,PASS,INFO,R1.D01=NO;R1.D03=NO;R2.D01=SI;R2.D02=SI;R2.D03=SI,MUNICIPIO30641,MUNICIPIO_SIN_CN_TRAB,Si,No,30641,,Regla 2 coherente para validaciones implementadas.
GPA-001__R2-001__R1-004__0779,GPA-001__R2-001__R1-004,02_inputs_xml_flat/GPA-001__R2-001__R1-004__0779.xml,PASS,INFO,R1.D01=NO;R1.D03=NO;R2.D01=SI;R2.D02=SI;R2.D03=SI,MUNICIPIO30642,MUNICIPIO_SIN_CN_TRAB,Si,No,30642,,Regla 2 coherente para validaciones implementadas.
GPA-001__R2-001__R1-004__0780,GPA-001__R2-001__R1-004,02_inputs_xml_flat/GPA-001__R2-001__R1-004__0780.xml,PASS,INFO,R1.D01=NO;R1.D03=NO;R2.D01=SI;R2.D02=SI;R2.D03=SI,MUNICIPIO30643,MUNICIPIO_SIN_CN_TRAB,Si,No,30643,,Regla 2 coherente para validaciones implementadas.
GPA-001__R2-001__R1-004__0781,GPA-001__R2-001__R1-004,02_inputs_xml_flat/GPA-001__R2-001__R1-004__0781.xml,PASS,INFO,R1.D01=NO;R1.D03=NO;R2.D01=SI;R2.D02=SI;R2.D03=SI,MUNICIPIO30641,MUNICIPIO_SIN_CN_TRAB,Si,No,30641,,Regla 2 coherente para validaciones implementadas.
GPA-001__R2-001__R1-004__0782,GPA-001__R2-001__R1-004,02_inputs_xml_flat/GPA-001__R2-001__R1-004__0782.xml,PASS,INFO,R1.D01=NO;R1.D03=NO;R2.D01=SI;R2.D02=SI;R2.D03=SI,MUNICIPIO30642,MUNICIPIO_SIN_CN_TRAB,Si,No,30642,,Regla 2 coherente para validaciones implementadas.
GPA-001__R2-001__R1-004__0783,GPA-001__R2-001__R1-004,02_inputs_xml_flat/GPA-001__R2-001__R1-004__0783.xml,PASS,INFO,R1.D01=NO;R1.D03=NO;R2.D01=SI;R2.D02=SI;R2.D03=SI,MUNICIPIO30643,MUNICIPIO_SIN_CN_TRAB,Si,No,30643,,Regla 2 coherente para validaciones implementadas.
GPA-001__R2-001__R1-004__0784,GPA-001__R2-001__R1-004,02_inputs_xml_flat/GPA-001__R2-001__R1-004__0784.xml,PASS,INFO,R1.D01=NO;R1.D03=NO;R2.D01=SI;R2.D02=SI;R2.D03=SI,MUNICIPIO30641,MUNICIPIO_SIN_CN_TRAB,Si,No,30641,,Regla 2 coherente para validaciones implementadas.
GPA-001__R2-001__R1-004__0785,GPA-001__R2-001__R1-004,02_inputs_xml_flat/GPA-001__R2-001__R1-004__0785.xml,PASS,INFO,R1.D01=NO;R1.D03=NO;R2.D01=SI;R2.D02=SI;R2.D03=SI,MUNICIPIO30642,MUNICIPIO_SIN_CN_TRAB,Si,No,30642,,Regla 2 coherente para validaciones implementadas.
GPA-001__R2-001__R1-004__0786,GPA-001__R2-001__R1-004,02_inputs_xml_flat/GPA-001__R2-001__R1-004__0786.xml,PASS,INFO,R1.D01=NO;R1.D03=NO;R2.D01=SI;R2.D02=SI;R2.D03=SI,MUNICIPIO30643,MUNICIPIO_SIN_CN_TRAB,Si,No,30643,,Regla 2 coherente para validaciones implementadas.
GPA-001__R2-001__R1-004__0787,GPA-001__R2-001__R1-004,02_inputs_xml_flat/GPA-001__R2-001__R1-004__0787.xml,PASS,INFO,R1.D01=NO;R1.D03=NO;R2.D01=SI;R2.D02=SI;R2.D03=SI,MUNICIPIO30641,MUNICIPIO_SIN_CN_TRAB,Si,No,30641,,Regla 2 coherente para validaciones implementadas.
GPA-001__R2-001__R1-004__0788,GPA-001__R2-001__R1-004,02_inputs_xml_flat/GPA-001__R2-001__R1-004__0788.xml,PASS,INFO,R1.D01=NO;R1.D03=NO;R2.D01=SI;R2.D02=SI;R2.D03=SI,MUNICIPIO30642,MUNICIPIO_SIN_CN_TRAB,Si,No,30642,,Regla 2 coherente para validaciones implementadas.
GPA-001__R2-001__R1-004__0789,GPA-001__R2-001__R1-004,02_inputs_xml_flat/GPA-001__R2-001__R1-004__0789.xml,PASS,INFO,R1.D01=NO;R1.D03=NO;R2.D01=SI;R2.D02=SI;R2.D03=SI,MUNICIPIO30643,MUNICIPIO_SIN_CN_TRAB,Si,No,30643,,Regla 2 coherente para validaciones implementadas.
GPA-001__R2-001__R1-004__0790,GPA-001__R2-001__R1-004,02_inputs_xml_flat/GPA-001__R2-001__R1-004__0790.xml,PASS,INFO,R1.D01=NO;R1.D03=NO;R2.D01=SI;R2.D02=SI;R2.D03=SI,MUNICIPIO30641,MUNICIPIO_SIN_CN_TRAB,Si,No,30641,,Regla 2 coherente para validaciones implementadas.
GPA-001__R2-001__R1-004__0791,GPA-001__R2-001__R1-004,02_inputs_xml_flat/GPA-001__R2-001__R1-004__0791.xml,PASS,INFO,R1.D01=NO;R1.D03=NO;R2.D01=SI;R2.D02=SI;R2.D03=SI,MUNICIPIO30642,MUNICIPIO_SIN_CN_TRAB,Si,No,30642,,Regla 2 coherente para validaciones implementadas.
GPA-001__R2-001__R1-004__0792,GPA-001__R2-001__R1-004,02_inputs_xml_flat/GPA-001__R2-001__R1-004__0792.xml,PASS,INFO,R1.D01=NO;R1.D03=NO;R2.D01=SI;R2.D02=SI;R2.D03=SI,MUNICIPIO30643,MUNICIPIO_SIN_CN_TRAB,Si,No,30643,,Regla 2 coherente para validaciones implementadas.
GPA-001__R2-001__R1-004__0793,GPA-001__R2-001__R1-004,02_inputs_xml_flat/GPA-001__R2-001__R1-004__0793.xml,PASS,INFO,R1.D01=NO;R1.D03=NO;R2.D01=SI;R2.D02=SI;R2.D03=SI,MUNICIPIO30641,MUNICIPIO_SIN_CN_TRAB,Si,No,30641,,Regla 2 coherente para validaciones implementadas.
GPA-001__R2-001__R1-004__0794,GPA-001__R2-001__R1-004,02_inputs_xml_flat/GPA-001__R2-001__R1-004__0794.xml,PASS,INFO,R1.D01=NO;R1.D03=NO;R2.D01=SI;R2.D02=SI;R2.D03=SI,MUNICIPIO30642,MUNICIPIO_SIN_CN_TRAB,Si,No,30642,,Regla 2 coherente para validaciones implementadas.
GPA-001__R2-001__R1-004__0795,GPA-001__R2-001__R1-004,02_inputs_xml_flat/GPA-001__R2-001__R1-004__0795.xml,PASS,INFO,R1.D01=NO;R1.D03=NO;R2.D01=SI;R2.D02=SI;R2.D03=SI,MUNICIPIO30643,MUNICIPIO_SIN_CN_TRAB,Si,No,30643,,Regla 2 coherente para validaciones implementadas.
GPA-001__R2-001__R1-004__0796,GPA-001__R2-001__R1-004,02_inputs_xml_flat/GPA-001__R2-001__R1-004__0796.xml,PASS,INFO,R1.D01=NO;R1.D03=NO;R2.D01=SI;R2.D02=SI;R2.D03=SI,MUNICIPIO30641,MUNICIPIO_SIN_CN_TRAB,Si,No,30641,,Regla 2 coherente para validaciones implementadas.
GPA-001__R2-001__R1-004__0797,GPA-001__R2-001__R1-004,02_inputs_xml_flat/GPA-001__R2-001__R1-004__0797.xml,PASS,INFO,R1.D01=NO;R1.D03=NO;R2.D01=SI;R2.D02=SI;R2.D03=SI,MUNICIPIO30642,MUNICIPIO_SIN_CN_TRAB,Si,No,30642,,Regla 2 coherente para validaciones implementadas.
GPA-001__R2-001__R1-004__0798,GPA-001__R2-001__R1-004,02_inputs_xml_flat/GPA-001__R2-001__R1-004__0798.xml,PASS,INFO,R1.D01=NO;R1.D03=NO;R2.D01=SI;R2.D02=SI;R2.D03=SI,MUNICIPIO30643,MUNICIPIO_SIN_CN_TRAB,Si,No,30643,,Regla 2 coherente para validaciones implementadas.
GPA-001__R2-001__R1-004__0799,GPA-001__R2-001__R1-004,02_inputs_xml_flat/GPA-001__R2-001__R1-004__0799.xml,PASS,INFO,R1.D01=NO;R1.D03=NO;R2.D01=SI;R2.D02=SI;R2.D03=SI,MUNICIPIO30641,MUNICIPIO_SIN_CN_TRAB,Si,No,30641,,Regla 2 coherente para validaciones implementadas.
GPA-001__R2-001__R1-004__0800,GPA-001__R2-001__R1-004,02_inputs_xml_flat/GPA-001__R2-001__R1-004__0800.xml,PASS,INFO,R1.D01=NO;R1.D03=NO;R2.D01=SI;R2.D02=SI;R2.D03=SI,MUNICIPIO30642,MUNICIPIO_SIN_CN_TRAB,Si,No,30642,,Regla 2 coherente para validaciones implementadas.
GPA-001__R2-001__R1-004__0801,GPA-001__R2-001__R1-004,02_inputs_xml_flat/GPA-001__R2-001__R1-004__0801.xml,PASS,INFO,R1.D01=NO;R1.D03=NO;R2.D01=SI;R2.D02=SI;R2.D03=SI,MUNICIPIO30643,MUNICIPIO_SIN_CN_TRAB,Si,No,30643,,Regla 2 coherente para validaciones implementadas.
GPA-001__R2-001__R1-004__0802,GPA-001__R2-001__R1-004,02_inputs_xml_flat/GPA-001__R2-001__R1-004__0802.xml,PASS,INFO,R1.D01=NO;R1.D03=NO;R2.D01=SI;R2.D02=SI;R2.D03=SI,MUNICIPIO30641,MUNICIPIO_SIN_CN_TRAB,Si,No,30641,,Regla 2 coherente para validaciones implementadas.
GPA-001__R2-001__R1-004__0803,GPA-001__R2-001__R1-004,02_inputs_xml_flat/GPA-001__R2-001__R1-004__0803.xml,PASS,INFO,R1.D01=NO;R1.D03=NO;R2.D01=SI;R2.D02=SI;R2.D03=SI,MUNICIPIO30642,MUNICIPIO_SIN_CN_TRAB,Si,No,30642,,Regla 2 coherente para validaciones implementadas.
GPA-001__R2-001__R1-004__0804,GPA-001__R2-001__R1-004,02_inputs_xml_flat/GPA-001__R2-001__R1-004__0804.xml,PASS,INFO,R1.D01=NO;R1.D03=NO;R2.D01=SI;R2.D02=SI;R2.D03=SI,MUNICIPIO30643,MUNICIPIO_SIN_CN_TRAB,Si,No,30643,,Regla 2 coherente para validaciones implementadas.
GPA-001__R2-001__R1-004__0805,GPA-001__R2-001__R1-004,02_inputs_xml_flat/GPA-001__R2-001__R1-004__0805.xml,PASS,INFO,R1.D01=NO;R1.D03=NO;R2.D01=SI;R2.D02=SI;R2.D03=SI,MUNICIPIO30641,MUNICIPIO_SIN_CN_TRAB,Si,No,30641,,Regla 2 coherente para validaciones implementadas.
GPA-001__R2-001__R1-004__0806,GPA-001__R2-001__R1-004,02_inputs_xml_flat/GPA-001__R2-001__R1-004__0806.xml,PASS,INFO,R1.D01=NO;R1.D03=NO;R2.D01=SI;R2.D02=SI;R2.D03=SI,MUNICIPIO30642,MUNICIPIO_SIN_CN_TRAB,Si,No,30642,,Regla 2 coherente para validaciones implementadas.
GPA-001__R2-001__R1-004__0807,GPA-001__R2-001__R1-004,02_inputs_xml_flat/GPA-001__R2-001__R1-004__0807.xml,PASS,INFO,R1.D01=NO;R1.D03=NO;R2.D01=SI;R2.D02=SI;R2.D03=SI,MUNICIPIO30643,MUNICIPIO_SIN_CN_TRAB,Si,No,30643,,Regla 2 coherente para validaciones implementadas.
GPA-001__R2-001__R1-004__0808,GPA-001__R2-001__R1-004,02_inputs_xml_flat/GPA-001__R2-001__R1-004__0808.xml,PASS,INFO,R1.D01=NO;R1.D03=NO;R2.D01=SI;R2.D02=SI;R2.D03=SI,MUNICIPIO30641,MUNICIPIO_SIN_CN_TRAB,Si,No,30641,,Regla 2 coherente para validaciones implementadas.
GPA-001__R2-001__R1-004__0809,GPA-001__R2-001__R1-004,02_inputs_xml_flat/GPA-001__R2-001__R1-004__0809.xml,PASS,INFO,R1.D01=NO;R1.D03=NO;R2.D01=SI;R2.D02=SI;R2.D03=SI,MUNICIPIO30642,MUNICIPIO_SIN_CN_TRAB,Si,No,30642,,Regla 2 coherente para validaciones implementadas.
GPA-001__R2-001__R1-004__0810,GPA-001__R2-001__R1-004,02_inputs_xml_flat/GPA-001__R2-001__R1-004__0810.xml,PASS,INFO,R1.D01=NO;R1.D03=NO;R2.D01=SI;R2.D02=SI;R2.D03=SI,MUNICIPIO30643,MUNICIPIO_SIN_CN_TRAB,Si,No,30643,,Regla 2 coherente para validaciones implementadas.
GPA-001__R2-001__R1-004__0811,GPA-001__R2-001__R1-004,02_inputs_xml_flat/GPA-001__R2-001__R1-004__0811.xml,PASS,INFO,R1.D01=NO;R1.D03=NO;R2.D01=SI;R2.D02=SI;R2.D03=SI,MUNICIPIO30641,MUNICIPIO_SIN_CN_TRAB,Si,No,30641,,Regla 2 coherente para validaciones implementadas.
GPA-001__R2-001__R1-004__0812,GPA-001__R2-001__R1-004,02_inputs_xml_flat/GPA-001__R2-001__R1-004__0812.xml,PASS,INFO,R1.D01=NO;R1.D03=NO;R2.D01=SI;R2.D02=SI;R2.D03=SI,MUNICIPIO30642,MUNICIPIO_SIN_CN_TRAB,Si,No,30642,,Regla 2 coherente para validaciones implementadas.
GPA-001__R2-001__R1-004__0813,GPA-001__R2-001__R1-004,02_inputs_xml_flat/GPA-001__R2-001__R1-004__0813.xml,PASS,INFO,R1.D01=NO;R1.D03=NO;R2.D01=SI;R2.D02=SI;R2.D03=SI,MUNICIPIO30643,MUNICIPIO_SIN_CN_TRAB,Si,No,30643,,Regla 2 coherente para validaciones implementadas.
GPA-001__R2-001__R1-004__0814,GPA-001__R2-001__R1-004,02_inputs_xml_flat/GPA-001__R2-001__R1-004__0814.xml,PASS,INFO,R1.D01=NO;R1.D03=NO;R2.D01=SI;R2.D02=SI;R2.D03=SI,MUNICIPIO30641,MUNICIPIO_SIN_CN_TRAB,Si,No,30641,,Regla 2 coherente para validaciones implementadas.
GPA-001__R2-001__R1-004__0815,GPA-001__R2-001__R1-004,02_inputs_xml_flat/GPA-001__R2-001__R1-004__0815.xml,PASS,INFO,R1.D01=NO;R1.D03=NO;R2.D01=SI;R2.D02=SI;R2.D03=SI,MUNICIPIO30642,MUNICIPIO_SIN_CN_TRAB,Si,No,30642,,Regla 2 coherente para validaciones implementadas.
GPA-001__R2-001__R1-004__0816,GPA-001__R2-001__R1-004,02_inputs_xml_flat/GPA-001__R2-001__R1-004__0816.xml,PASS,INFO,R1.D01=NO;R1.D03=NO;R2.D01=SI;R2.D02=SI;R2.D03=SI,MUNICIPIO30643,MUNICIPIO_SIN_CN_TRAB,Si,No,30643,,Regla 2 coherente para validaciones implementadas.
GPA-001__R2-001__R1-004__0817,GPA-001__R2-001__R1-004,02_inputs_xml_flat/GPA-001__R2-001__R1-004__0817.xml,PASS,INFO,R1.D01=NO;R1.D03=NO;R2.D01=SI;R2.D02=SI;R2.D03=SI,MUNICIPIO30641,MUNICIPIO_SIN_CN_TRAB,Si,No,30641,,Regla 2 coherente para validaciones implementadas.
GPA-001__R2-001__R1-004__0818,GPA-001__R2-001__R1-004,02_inputs_xml_flat/GPA-001__R2-001__R1-004__0818.xml,PASS,INFO,R1.D01=NO;R1.D03=NO;R2.D01=SI;R2.D02=SI;R2.D03=SI,MUNICIPIO30642,MUNICIPIO_SIN_CN_TRAB,Si,No,30642,,Regla 2 coherente para validaciones implementadas.
GPA-001__R2-001__R1-004__0819,GPA-001__R2-001__R1-004,02_inputs_xml_flat/GPA-001__R2-001__R1-004__0819.xml,PASS,INFO,R1.D01=NO;R1.D03=NO;R2.D01=SI;R2.D02=SI;R2.D03=SI,MUNICIPIO30643,MUNICIPIO_SIN_CN_TRAB,Si,No,30643,,Regla 2 coherente para validaciones implementadas.
GPA-001__R2-001__R1-004__0820,GPA-001__R2-001__R1-004,02_inputs_xml_flat/GPA-001__R2-001__R1-004__0820.xml,PASS,INFO,R1.D01=NO;R1.D03=NO;R2.D01=SI;R2.D02=SI;R2.D03=SI,MUNICIPIO30641,MUNICIPIO_SIN_CN_TRAB,Si,No,30641,,Regla 2 coherente para validaciones implementadas.
GPA-001__R2-001__R1-004__0821,GPA-001__R2-001__R1-004,02_inputs_xml_flat/GPA-001__R2-001__R1-004__0821.xml,PASS,INFO,R1.D01=NO;R1.D03=NO;R2.D01=SI;R2.D02=SI;R2.D03=SI,MUNICIPIO30642,MUNICIPIO_SIN_CN_TRAB,Si,No,30642,,Regla 2 coherente para validaciones implementadas.
GPA-001__R2-001__R1-004__0822,GPA-001__R2-001__R1-004,02_inputs_xml_flat/GPA-001__R2-001__R1-004__0822.xml,PASS,INFO,R1.D01=NO;R1.D03=NO;R2.D01=SI;R2.D02=SI;R2.D03=SI,MUNICIPIO30643,MUNICIPIO_SIN_CN_TRAB,Si,No,30643,,Regla 2 coherente para validaciones implementadas.
GPA-001__R2-001__R1-004__0823,GPA-001__R2-001__R1-004,02_inputs_xml_flat/GPA-001__R2-001__R1-004__0823.xml,PASS,INFO,R1.D01=NO;R1.D03=NO;R2.D01=SI;R2.D02=SI;R2.D03=SI,MUNICIPIO30641,MUNICIPIO_SIN_CN_TRAB,Si,No,30641,,Regla 2 coherente para validaciones implementadas.
GPA-001__R2-001__R1-004__0824,GPA-001__R2-001__R1-004,02_inputs_xml_flat/GPA-001__R2-001__R1-004__0824.xml,PASS,INFO,R1.D01=NO;R1.D03=NO;R2.D01=SI;R2.D02=SI;R2.D03=SI,MUNICIPIO30642,MUNICIPIO_SIN_CN_TRAB,Si,No,30642,,Regla 2 coherente para validaciones implementadas.
GPA-001__R2-001__R1-004__0825,GPA-001__R2-001__R1-004,02_inputs_xml_flat/GPA-001__R2-001__R1-004__0825.xml,PASS,INFO,R1.D01=NO;R1.D03=NO;R2.D01=SI;R2.D02=SI;R2.D03=SI,MUNICIPIO30643,MUNICIPIO_SIN_CN_TRAB,Si,No,30643,,Regla 2 coherente para validaciones implementadas.
GPA-001__R2-001__R1-004__0826,GPA-001__R2-001__R1-004,02_inputs_xml_flat/GPA-001__R2-001__R1-004__0826.xml,PASS,INFO,R1.D01=NO;R1.D03=NO;R2.D01=SI;R2.D02=SI;R2.D03=SI,MUNICIPIO30641,MUNICIPIO_SIN_CN_TRAB,Si,No,30641,,Regla 2 coherente para validaciones implementadas.
GPA-001__R2-001__R1-004__0827,GPA-001__R2-001__R1-004,02_inputs_xml_flat/GPA-001__R2-001__R1-004__0827.xml,PASS,INFO,R1.D01=NO;R1.D03=NO;R2.D01=SI;R2.D02=SI;R2.D03=SI,MUNICIPIO30642,MUNICIPIO_SIN_CN_TRAB,Si,No,30642,,Regla 2 coherente para validaciones implementadas.
GPA-001__R2-001__R1-004__0828,GPA-001__R2-001__R1-004,02_inputs_xml_flat/GPA-001__R2-001__R1-004__0828.xml,PASS,INFO,R1.D01=NO;R1.D03=NO;R2.D01=SI;R2.D02=SI;R2.D03=SI,MUNICIPIO30643,MUNICIPIO_SIN_CN_TRAB,Si,No,30643,,Regla 2 coherente para validaciones implementadas.
GPA-001__R2-001__R1-004__0829,GPA-001__R2-001__R1-004,02_inputs_xml_flat/GPA-001__R2-001__R1-004__0829.xml,PASS,INFO,R1.D01=NO;R1.D03=NO;R2.D01=SI;R2.D02=SI;R2.D03=SI,MUNICIPIO30641,MUNICIPIO_SIN_CN_TRAB,Si,No,30641,,Regla 2 coherente para validaciones implementadas.
GPA-001__R2-001__R1-004__0830,GPA-001__R2-001__R1-004,02_inputs_xml_flat/GPA-001__R2-001__R1-004__0830.xml,PASS,INFO,R1.D01=NO;R1.D03=NO;R2.D01=SI;R2.D02=SI;R2.D03=SI,MUNICIPIO30642,MUNICIPIO_SIN_CN_TRAB,Si,No,30642,,Regla 2 coherente para validaciones implementadas.
GPA-001__R2-001__R1-004__0831,GPA-001__R2-001__R1-004,02_inputs_xml_flat/GPA-001__R2-001__R1-004__0831.xml,PASS,INFO,R1.D01=NO;R1.D03=NO;R2.D01=SI;R2.D02=SI;R2.D03=SI,MUNICIPIO30643,MUNICIPIO_SIN_CN_TRAB,Si,No,30643,,Regla 2 coherente para validaciones implementadas.
GPA-001__R2-001__R1-004__0832,GPA-001__R2-001__R1-004,02_inputs_xml_flat/GPA-001__R2-001__R1-004__0832.xml,PASS,INFO,R1.D01=NO;R1.D03=NO;R2.D01=SI;R2.D02=SI;R2.D03=SI,MUNICIPIO30641,MUNICIPIO_SIN_CN_TRAB,Si,No,30641,,Regla 2 coherente para validaciones implementadas.
GPA-001__R2-001__R1-004__0833,GPA-001__R2-001__R1-004,02_inputs_xml_flat/GPA-001__R2-001__R1-004__0833.xml,PASS,INFO,R1.D01=NO;R1.D03=NO;R2.D01=SI;R2.D02=SI;R2.D03=SI,MUNICIPIO30642,MUNICIPIO_SIN_CN_TRAB,Si,No,30642,,Regla 2 coherente para validaciones implementadas.
GPA-001__R2-001__R1-004__0834,GPA-001__R2-001__R1-004,02_inputs_xml_flat/GPA-001__R2-001__R1-004__0834.xml,PASS,INFO,R1.D01=NO;R1.D03=NO;R2.D01=SI;R2.D02=SI;R2.D03=SI,MUNICIPIO30643,MUNICIPIO_SIN_CN_TRAB,Si,No,30643,,Regla 2 coherente para validaciones implementadas.
GPA-001__R2-001__R1-004__0835,GPA-001__R2-001__R1-004,02_inputs_xml_flat/GPA-001__R2-001__R1-004__0835.xml,PASS,INFO,R1.D01=NO;R1.D03=NO;R2.D01=SI;R2.D02=SI;R2.D03=SI,MUNICIPIO30641,MUNICIPIO_SIN_CN_TRAB,Si,No,30641,,Regla 2 coherente para validaciones implementadas.
GPA-001__R2-001__R1-004__0836,GPA-001__R2-001__R1-004,02_inputs_xml_flat/GPA-001__R2-001__R1-004__0836.xml,PASS,INFO,R1.D01=NO;R1.D03=NO;R2.D01=SI;R2.D02=SI;R2.D03=SI,MUNICIPIO30642,MUNICIPIO_SIN_CN_TRAB,Si,No,30642,,Regla 2 coherente para validaciones implementadas.
GPA-001__R2-001__R1-004__0837,GPA-001__R2-001__R1-004,02_inputs_xml_flat/GPA-001__R2-001__R1-004__0837.xml,PASS,INFO,R1.D01=NO;R1.D03=NO;R2.D01=SI;R2.D02=SI;R2.D03=SI,MUNICIPIO30643,MUNICIPIO_SIN_CN_TRAB,Si,No,30643,,Regla 2 coherente para validaciones implementadas.
GPA-001__R2-001__R1-004__0838,GPA-001__R2-001__R1-004,02_inputs_xml_flat/GPA-001__R2-001__R1-004__0838.xml,PASS,INFO,R1.D01=NO;R1.D03=NO;R2.D01=SI;R2.D02=SI;R2.D03=SI,MUNICIPIO30641,MUNICIPIO_SIN_CN_TRAB,Si,No,30641,,Regla 2 coherente para validaciones implementadas.
GPA-001__R2-001__R1-004__0839,GPA-001__R2-001__R1-004,02_inputs_xml_flat/GPA-001__R2-001__R1-004__0839.xml,PASS,INFO,R1.D01=NO;R1.D03=NO;R2.D01=SI;R2.D02=SI;R2.D03=SI,MUNICIPIO30642,MUNICIPIO_SIN_CN_TRAB,Si,No,30642,,Regla 2 coherente para validaciones implementadas.
GPA-001__R2-001__R1-004__0840,GPA-001__R2-001__R1-004,02_inputs_xml_flat/GPA-001__R2-001__R1-004__0840.xml,PASS,INFO,R1.D01=NO;R1.D03=NO;R2.D01=SI;R2.D02=SI;R2.D03=SI,MUNICIPIO30643,MUNICIPIO_SIN_CN_TRAB,Si,No,30643,,Regla 2 coherente para validaciones implementadas.
GPA-001__R2-001__R1-004__0841,GPA-001__R2-001__R1-004,02_inputs_xml_flat/GPA-001__R2-001__R1-004__0841.xml,PASS,INFO,R1.D01=NO;R1.D03=NO;R2.D01=SI;R2.D02=SI;R2.D03=SI,MUNICIPIO30641,MUNICIPIO_SIN_CN_TRAB,Si,No,30641,,Regla 2 coherente para validaciones implementadas.
GPA-001__R2-001__R1-004__0842,GPA-001__R2-001__R1-004,02_inputs_xml_flat/GPA-001__R2-001__R1-004__0842.xml,PASS,INFO,R1.D01=NO;R1.D03=NO;R2.D01=SI;R2.D02=SI;R2.D03=SI,MUNICIPIO30642,MUNICIPIO_SIN_CN_TRAB,Si,No,30642,,Regla 2 coherente para validaciones implementadas.
GPA-001__R2-001__R1-004__0843,GPA-001__R2-001__R1-004,02_inputs_xml_flat/GPA-001__R2-001__R1-004__0843.xml,PASS,INFO,R1.D01=NO;R1.D03=NO;R2.D01=SI;R2.D02=SI;R2.D03=SI,MUNICIPIO30643,MUNICIPIO_SIN_CN_TRAB,Si,No,30643,,Regla 2 coherente para validaciones implementadas.
GPA-001__R2-001__R1-004__0844,GPA-001__R2-001__R1-004,02_inputs_xml_flat/GPA-001__R2-001__R1-004__0844.xml,PASS,INFO,R1.D01=NO;R1.D03=NO;R2.D01=SI;R2.D02=SI;R2.D03=SI,MUNICIPIO30641,MUNICIPIO_SIN_CN_TRAB,Si,No,30641,,Regla 2 coherente para validaciones implementadas.
GPA-001__R2-001__R1-004__0845,GPA-001__R2-001__R1-004,02_inputs_xml_flat/GPA-001__R2-001__R1-004__0845.xml,PASS,INFO,R1.D01=NO;R1.D03=NO;R2.D01=SI;R2.D02=SI;R2.D03=SI,MUNICIPIO30642,MUNICIPIO_SIN_CN_TRAB,Si,No,30642,,Regla 2 coherente para validaciones implementadas.
GPA-001__R2-001__R1-004__0846,GPA-001__R2-001__R1-004,02_inputs_xml_flat/GPA-001__R2-001__R1-004__0846.xml,PASS,INFO,R1.D01=NO;R1.D03=NO;R2.D01=SI;R2.D02=SI;R2.D03=SI,MUNICIPIO30643,MUNICIPIO_SIN_CN_TRAB,Si,No,30643,,Regla 2 coherente para validaciones implementadas.
GPA-001__R2-001__R1-004__0847,GPA-001__R2-001__R1-004,02_inputs_xml_flat/GPA-001__R2-001__R1-004__0847.xml,PASS,INFO,R1.D01=NO;R1.D03=NO;R2.D01=SI;R2.D02=SI;R2.D03=SI,MUNICIPIO30641,MUNICIPIO_SIN_CN_TRAB,Si,No,30641,,Regla 2 coherente para validaciones implementadas.
GPA-001__R2-001__R1-004__0848,GPA-001__R2-001__R1-004,02_inputs_xml_flat/GPA-001__R2-001__R1-004__0848.xml,PASS,INFO,R1.D01=NO;R1.D03=NO;R2.D01=SI;R2.D02=SI;R2.D03=SI,MUNICIPIO30642,MUNICIPIO_SIN_CN_TRAB,Si,No,30642,,Regla 2 coherente para validaciones implementadas.
GPA-001__R2-001__R1-004__0849,GPA-001__R2-001__R1-004,02_inputs_xml_flat/GPA-001__R2-001__R1-004__0849.xml,PASS,INFO,R1.D01=NO;R1.D03=NO;R2.D01=SI;R2.D02=SI;R2.D03=SI,MUNICIPIO30643,MUNICIPIO_SIN_CN_TRAB,Si,No,30643,,Regla 2 coherente para validaciones implementadas.
GPA-001__R2-001__R1-004__0850,GPA-001__R2-001__R1-004,02_inputs_xml_flat/GPA-001__R2-001__R1-004__0850.xml,PASS,INFO,R1.D01=NO;R1.D03=NO;R2.D01=SI;R2.D02=SI;R2.D03=SI,MUNICIPIO30641,MUNICIPIO_SIN_CN_TRAB,Si,No,30641,,Regla 2 coherente para validaciones implementadas.
GPA-001__R2-001__R1-004__0851,GPA-001__R2-001__R1-004,02_inputs_xml_flat/GPA-001__R2-001__R1-004__0851.xml,PASS,INFO,R1.D01=NO;R1.D03=NO;R2.D01=SI;R2.D02=SI;R2.D03=SI,MUNICIPIO30642,MUNICIPIO_SIN_CN_TRAB,Si,No,30642,,Regla 2 coherente para validaciones implementadas.
GPA-001__R2-001__R1-004__0852,GPA-001__R2-001__R1-004,02_inputs_xml_flat/GPA-001__R2-001__R1-004__0852.xml,PASS,INFO,R1.D01=NO;R1.D03=NO;R2.D01=SI;R2.D02=SI;R2.D03=SI,MUNICIPIO30643,MUNICIPIO_SIN_CN_TRAB,Si,No,30643,,Regla 2 coherente para validaciones implementadas.
GPA-001__R2-001__R1-004__0853,GPA-001__R2-001__R1-004,02_inputs_xml_flat/GPA-001__R2-001__R1-004__0853.xml,PASS,INFO,R1.D01=NO;R1.D03=NO;R2.D01=SI;R2.D02=SI;R2.D03=SI,MUNICIPIO30641,MUNICIPIO_SIN_CN_TRAB,Si,No,30641,,Regla 2 coherente para validaciones implementadas.
GPA-001__R2-001__R1-004__0854,GPA-001__R2-001__R1-004,02_inputs_xml_flat/GPA-001__R2-001__R1-004__0854.xml,PASS,INFO,R1.D01=NO;R1.D03=NO;R2.D01=SI;R2.D02=SI;R2.D03=SI,MUNICIPIO30642,MUNICIPIO_SIN_CN_TRAB,Si,No,30642,,Regla 2 coherente para validaciones implementadas.
GPA-001__R2-001__R1-004__0855,GPA-001__R2-001__R1-004,02_inputs_xml_flat/GPA-001__R2-001__R1-004__0855.xml,PASS,INFO,R1.D01=NO;R1.D03=NO;R2.D01=SI;R2.D02=SI;R2.D03=SI,MUNICIPIO30643,MUNICIPIO_SIN_CN_TRAB,Si,No,30643,,Regla 2 coherente para validaciones implementadas.
GPA-001__R2-001__R1-004__0856,GPA-001__R2-001__R1-004,02_inputs_xml_flat/GPA-001__R2-001__R1-004__0856.xml,PASS,INFO,R1.D01=NO;R1.D03=NO;R2.D01=SI;R2.D02=SI;R2.D03=SI,MUNICIPIO30641,MUNICIPIO_SIN_CN_TRAB,Si,No,30641,,Regla 2 coherente para validaciones implementadas.
GPA-001__R2-001__R1-004__0857,GPA-001__R2-001__R1-004,02_inputs_xml_flat/GPA-001__R2-001__R1-004__0857.xml,PASS,INFO,R1.D01=NO;R1.D03=NO;R2.D01=SI;R2.D02=SI;R2.D03=SI,MUNICIPIO30642,MUNICIPIO_SIN_CN_TRAB,Si,No,30642,,Regla 2 coherente para validaciones implementadas.
GPA-001__R2-001__R1-004__0858,GPA-001__R2-001__R1-004,02_inputs_xml_flat/GPA-001__R2-001__R1-004__0858.xml,PASS,INFO,R1.D01=NO;R1.D03=NO;R2.D01=SI;R2.D02=SI;R2.D03=SI,MUNICIPIO30643,MUNICIPIO_SIN_CN_TRAB,Si,No,30643,,Regla 2 coherente para validaciones implementadas.
GPA-001__R2-001__R1-004__0859,GPA-001__R2-001__R1-004,02_inputs_xml_flat/GPA-001__R2-001__R1-004__0859.xml,PASS,INFO,R1.D01=NO;R1.D03=NO;R2.D01=SI;R2.D02=SI;R2.D03=SI,MUNICIPIO30641,MUNICIPIO_SIN_CN_TRAB,Si,No,30641,,Regla 2 coherente para validaciones implementadas.
GPA-001__R2-001__R1-004__0860,GPA-001__R2-001__R1-004,02_inputs_xml_flat/GPA-001__R2-001__R1-004__0860.xml,PASS,INFO,R1.D01=NO;R1.D03=NO;R2.D01=SI;R2.D02=SI;R2.D03=SI,MUNICIPIO30642,MUNICIPIO_SIN_CN_TRAB,Si,No,30642,,Regla 2 coherente para validaciones implementadas.
GPA-001__R2-001__R1-004__0861,GPA-001__R2-001__R1-004,02_inputs_xml_flat/GPA-001__R2-001__R1-004__0861.xml,PASS,INFO,R1.D01=NO;R1.D03=NO;R2.D01=SI;R2.D02=SI;R2.D03=SI,MUNICIPIO30643,MUNICIPIO_SIN_CN_TRAB,Si,No,30643,,Regla 2 coherente para validaciones implementadas.
GPA-001__R2-001__R1-004__0862,GPA-001__R2-001__R1-004,02_inputs_xml_flat/GPA-001__R2-001__R1-004__0862.xml,PASS,INFO,R1.D01=NO;R1.D03=NO;R2.D01=SI;R2.D02=SI;R2.D03=SI,MUNICIPIO30641,MUNICIPIO_SIN_CN_TRAB,Si,No,30641,,Regla 2 coherente para validaciones implementadas.
GPA-001__R2-001__R1-004__0863,GPA-001__R2-001__R1-004,02_inputs_xml_flat/GPA-001__R2-001__R1-004__0863.xml,PASS,INFO,R1.D01=NO;R1.D03=NO;R2.D01=SI;R2.D02=SI;R2.D03=SI,MUNICIPIO30642,MUNICIPIO_SIN_CN_TRAB,Si,No,30642,,Regla 2 coherente para validaciones implementadas.
GPA-001__R2-001__R1-004__0864,GPA-001__R2-001__R1-004,02_inputs_xml_flat/GPA-001__R2-001__R1-004__0864.xml,PASS,INFO,R1.D01=NO;R1.D03=NO;R2.D01=SI;R2.D02=SI;R2.D03=SI,MUNICIPIO30643,MUNICIPIO_SIN_CN_TRAB,Si,No,30643,,Regla 2 coherente para validaciones implementadas.
GPA-001__R2-001__R1-004__0865,GPA-001__R2-001__R1-004,02_inputs_xml_flat/GPA-001__R2-001__R1-004__0865.xml,PASS,INFO,R1.D01=NO;R1.D03=NO;R2.D01=SI;R2.D02=SI;R2.D03=SI,MUNICIPIO30641,MUNICIPIO_SIN_CN_TRAB,Si,No,30641,,Regla 2 coherente para validaciones implementadas.
GPA-001__R2-001__R1-004__0866,GPA-001__R2-001__R1-004,02_inputs_xml_flat/GPA-001__R2-001__R1-004__0866.xml,PASS,INFO,R1.D01=NO;R1.D03=NO;R2.D01=SI;R2.D02=SI;R2.D03=SI,MUNICIPIO30642,MUNICIPIO_SIN_CN_TRAB,Si,No,30642,,Regla 2 coherente para validaciones implementadas.
GPA-001__R2-001__R1-004__0867,GPA-001__R2-001__R1-004,02_inputs_xml_flat/GPA-001__R2-001__R1-004__0867.xml,PASS,INFO,R1.D01=NO;R1.D03=NO;R2.D01=SI;R2.D02=SI;R2.D03=SI,MUNICIPIO30643,MUNICIPIO_SIN_CN_TRAB,Si,No,30643,,Regla 2 coherente para validaciones implementadas.
GPA-001__R2-001__R1-004__0868,GPA-001__R2-001__R1-004,02_inputs_xml_flat/GPA-001__R2-001__R1-004__0868.xml,PASS,INFO,R1.D01=NO;R1.D03=NO;R2.D01=SI;R2.D02=SI;R2.D03=SI,MUNICIPIO30641,MUNICIPIO_SIN_CN_TRAB,Si,No,30641,,Regla 2 coherente para validaciones implementadas.
GPA-001__R2-001__R1-004__0869,GPA-001__R2-001__R1-004,02_inputs_xml_flat/GPA-001__R2-001__R1-004__0869.xml,PASS,INFO,R1.D01=NO;R1.D03=NO;R2.D01=SI;R2.D02=SI;R2.D03=SI,MUNICIPIO30642,MUNICIPIO_SIN_CN_TRAB,Si,No,30642,,Regla 2 coherente para validaciones implementadas.
GPA-001__R2-001__R1-004__0870,GPA-001__R2-001__R1-004,02_inputs_xml_flat/GPA-001__R2-001__R1-004__0870.xml,PASS,INFO,R1.D01=NO;R1.D03=NO;R2.D01=SI;R2.D02=SI;R2.D03=SI,MUNICIPIO30643,MUNICIPIO_SIN_CN_TRAB,Si,No,30643,,Regla 2 coherente para validaciones implementadas.
GPA-001__R2-001__R1-004__0871,GPA-001__R2-001__R1-004,02_inputs_xml_flat/GPA-001__R2-001__R1-004__0871.xml,PASS,INFO,R1.D01=NO;R1.D03=NO;R2.D01=SI;R2.D02=SI;R2.D03=SI,MUNICIPIO30641,MUNICIPIO_SIN_CN_TRAB,Si,No,30641,,Regla 2 coherente para validaciones implementadas.
GPA-001__R2-001__R1-004__0872,GPA-001__R2-001__R1-004,02_inputs_xml_flat/GPA-001__R2-001__R1-004__0872.xml,PASS,INFO,R1.D01=NO;R1.D03=NO;R2.D01=SI;R2.D02=SI;R2.D03=SI,MUNICIPIO30642,MUNICIPIO_SIN_CN_TRAB,Si,No,30642,,Regla 2 coherente para validaciones implementadas.
GPA-001__R2-001__R1-004__0873,GPA-001__R2-001__R1-004,02_inputs_xml_flat/GPA-001__R2-001__R1-004__0873.xml,PASS,INFO,R1.D01=NO;R1.D03=NO;R2.D01=SI;R2.D02=SI;R2.D03=SI,MUNICIPIO30643,MUNICIPIO_SIN_CN_TRAB,Si,No,30643,,Regla 2 coherente para validaciones implementadas.
GPA-001__R2-001__R1-004__0874,GPA-001__R2-001__R1-004,02_inputs_xml_flat/GPA-001__R2-001__R1-004__0874.xml,PASS,INFO,R1.D01=NO;R1.D03=NO;R2.D01=SI;R2.D02=SI;R2.D03=SI,MUNICIPIO30641,MUNICIPIO_SIN_CN_TRAB,Si,No,30641,,Regla 2 coherente para validaciones implementadas.
GPA-001__R2-001__R1-004__0875,GPA-001__R2-001__R1-004,02_inputs_xml_flat/GPA-001__R2-001__R1-004__0875.xml,PASS,INFO,R1.D01=NO;R1.D03=NO;R2.D01=SI;R2.D02=SI;R2.D03=SI,MUNICIPIO30642,MUNICIPIO_SIN_CN_TRAB,Si,No,30642,,Regla 2 coherente para validaciones implementadas.
GPA-001__R2-001__R1-004__0876,GPA-001__R2-001__R1-004,02_inputs_xml_flat/GPA-001__R2-001__R1-004__0876.xml,PASS,INFO,R1.D01=NO;R1.D03=NO;R2.D01=SI;R2.D02=SI;R2.D03=SI,MUNICIPIO30643,MUNICIPIO_SIN_CN_TRAB,Si,No,30643,,Regla 2 coherente para validaciones implementadas.
GPA-001__R2-001__R1-004__0877,GPA-001__R2-001__R1-004,02_inputs_xml_flat/GPA-001__R2-001__R1-004__0877.xml,PASS,INFO,R1.D01=NO;R1.D03=NO;R2.D01=SI;R2.D02=SI;R2.D03=SI,MUNICIPIO30641,MUNICIPIO_SIN_CN_TRAB,Si,No,30641,,Regla 2 coherente para validaciones implementadas.
GPA-001__R2-001__R1-004__0878,GPA-001__R2-001__R1-004,02_inputs_xml_flat/GPA-001__R2-001__R1-004__0878.xml,PASS,INFO,R1.D01=NO;R1.D03=NO;R2.D01=SI;R2.D02=SI;R2.D03=SI,MUNICIPIO30642,MUNICIPIO_SIN_CN_TRAB,Si,No,30642,,Regla 2 coherente para validaciones implementadas.
GPA-001__R2-001__R1-004__0879,GPA-001__R2-001__R1-004,02_inputs_xml_flat/GPA-001__R2-001__R1-004__0879.xml,PASS,INFO,R1.D01=NO;R1.D03=NO;R2.D01=SI;R2.D02=SI;R2.D03=SI,MUNICIPIO30643,MUNICIPIO_SIN_CN_TRAB,Si,No,30643,,Regla 2 coherente para validaciones implementadas.
GPA-001__R2-001__R1-004__0880,GPA-001__R2-001__R1-004,02_inputs_xml_flat/GPA-001__R2-001__R1-004__0880.xml,PASS,INFO,R1.D01=NO;R1.D03=NO;R2.D01=SI;R2.D02=SI;R2.D03=SI,MUNICIPIO30641,MUNICIPIO_SIN_CN_TRAB,Si,No,30641,,Regla 2 coherente para validaciones implementadas.
GPA-001__R2-001__R1-004__0881,GPA-001__R2-001__R1-004,02_inputs_xml_flat/GPA-001__R2-001__R1-004__0881.xml,PASS,INFO,R1.D01=NO;R1.D03=NO;R2.D01=SI;R2.D02=SI;R2.D03=SI,MUNICIPIO30642,MUNICIPIO_SIN_CN_TRAB,Si,No,30642,,Regla 2 coherente para validaciones implementadas.
GPA-001__R2-001__R1-004__0882,GPA-001__R2-001__R1-004,02_inputs_xml_flat/GPA-001__R2-001__R1-004__0882.xml,PASS,INFO,R1.D01=NO;R1.D03=NO;R2.D01=SI;R2.D02=SI;R2.D03=SI,MUNICIPIO30643,MUNICIPIO_SIN_CN_TRAB,Si,No,30643,,Regla 2 coherente para validaciones implementadas.
GPA-001__R2-001__R1-004__0883,GPA-001__R2-001__R1-004,02_inputs_xml_flat/GPA-001__R2-001__R1-004__0883.xml,PASS,INFO,R1.D01=NO;R1.D03=NO;R2.D01=SI;R2.D02=SI;R2.D03=SI,MUNICIPIO30641,MUNICIPIO_SIN_CN_TRAB,Si,No,30641,,Regla 2 coherente para validaciones implementadas.
GPA-001__R2-001__R1-004__0884,GPA-001__R2-001__R1-004,02_inputs_xml_flat/GPA-001__R2-001__R1-004__0884.xml,PASS,INFO,R1.D01=NO;R1.D03=NO;R2.D01=SI;R2.D02=SI;R2.D03=SI,MUNICIPIO30642,MUNICIPIO_SIN_CN_TRAB,Si,No,30642,,Regla 2 coherente para validaciones implementadas.
GPA-001__R2-001__R1-004__0885,GPA-001__R2-001__R1-004,02_inputs_xml_flat/GPA-001__R2-001__R1-004__0885.xml,PASS,INFO,R1.D01=NO;R1.D03=NO;R2.D01=SI;R2.D02=SI;R2.D03=SI,MUNICIPIO30643,MUNICIPIO_SIN_CN_TRAB,Si,No,30643,,Regla 2 coherente para validaciones implementadas.
GPA-001__R2-001__R1-004__0886,GPA-001__R2-001__R1-004,02_inputs_xml_flat/GPA-001__R2-001__R1-004__0886.xml,PASS,INFO,R1.D01=NO;R1.D03=NO;R2.D01=SI;R2.D02=SI;R2.D03=SI,MUNICIPIO30641,MUNICIPIO_SIN_CN_TRAB,Si,No,30641,,Regla 2 coherente para validaciones implementadas.
GPA-001__R2-001__R1-004__0887,GPA-001__R2-001__R1-004,02_inputs_xml_flat/GPA-001__R2-001__R1-004__0887.xml,PASS,INFO,R1.D01=NO;R1.D03=NO;R2.D01=SI;R2.D02=SI;R2.D03=SI,MUNICIPIO30642,MUNICIPIO_SIN_CN_TRAB,Si,No,30642,,Regla 2 coherente para validaciones implementadas.
GPA-001__R2-001__R1-004__0888,GPA-001__R2-001__R1-004,02_inputs_xml_flat/GPA-001__R2-001__R1-004__0888.xml,PASS,INFO,R1.D01=NO;R1.D03=NO;R2.D01=SI;R2.D02=SI;R2.D03=SI,MUNICIPIO30643,MUNICIPIO_SIN_CN_TRAB,Si,No,30643,,Regla 2 coherente para validaciones implementadas.
GPA-001__R2-001__R1-004__0889,GPA-001__R2-001__R1-004,02_inputs_xml_flat/GPA-001__R2-001__R1-004__0889.xml,PASS,INFO,R1.D01=NO;R1.D03=NO;R2.D01=SI;R2.D02=SI;R2.D03=SI,MUNICIPIO30641,MUNICIPIO_SIN_CN_TRAB,Si,No,30641,,Regla 2 coherente para validaciones implementadas.
GPA-001__R2-001__R1-004__0890,GPA-001__R2-001__R1-004,02_inputs_xml_flat/GPA-001__R2-001__R1-004__0890.xml,PASS,INFO,R1.D01=NO;R1.D03=NO;R2.D01=SI;R2.D02=SI;R2.D03=SI,MUNICIPIO30642,MUNICIPIO_SIN_CN_TRAB,Si,No,30642,,Regla 2 coherente para validaciones implementadas.
GPA-001__R2-001__R1-004__0891,GPA-001__R2-001__R1-004,02_inputs_xml_flat/GPA-001__R2-001__R1-004__0891.xml,PASS,INFO,R1.D01=NO;R1.D03=NO;R2.D01=SI;R2.D02=SI;R2.D03=SI,MUNICIPIO30643,MUNICIPIO_SIN_CN_TRAB,Si,No,30643,,Regla 2 coherente para validaciones implementadas.
GPA-001__R2-001__R1-004__0892,GPA-001__R2-001__R1-004,02_inputs_xml_flat/GPA-001__R2-001__R1-004__0892.xml,PASS,INFO,R1.D01=NO;R1.D03=NO;R2.D01=SI;R2.D02=SI;R2.D03=SI,MUNICIPIO30641,MUNICIPIO_SIN_CN_TRAB,Si,No,30641,,Regla 2 coherente para validaciones implementadas.
GPA-001__R2-001__R1-004__0893,GPA-001__R2-001__R1-004,02_inputs_xml_flat/GPA-001__R2-001__R1-004__0893.xml,PASS,INFO,R1.D01=NO;R1.D03=NO;R2.D01=SI;R2.D02=SI;R2.D03=SI,MUNICIPIO30642,MUNICIPIO_SIN_CN_TRAB,Si,No,30642,,Regla 2 coherente para validaciones implementadas.
GPA-001__R2-001__R1-004__0894,GPA-001__R2-001__R1-004,02_inputs_xml_flat/GPA-001__R2-001__R1-004__0894.xml,PASS,INFO,R1.D01=NO;R1.D03=NO;R2.D01=SI;R2.D02=SI;R2.D03=SI,MUNICIPIO30643,MUNICIPIO_SIN_CN_TRAB,Si,No,30643,,Regla 2 coherente para validaciones implementadas.
GPA-001__R2-001__R1-004__0895,GPA-001__R2-001__R1-004,02_inputs_xml_flat/GPA-001__R2-001__R1-004__0895.xml,PASS,INFO,R1.D01=NO;R1.D03=NO;R2.D01=SI;R2.D02=SI;R2.D03=SI,MUNICIPIO30641,MUNICIPIO_SIN_CN_TRAB,Si,No,30641,,Regla 2 coherente para validaciones implementadas.
GPA-001__R2-001__R1-004__0896,GPA-001__R2-001__R1-004,02_inputs_xml_flat/GPA-001__R2-001__R1-004__0896.xml,PASS,INFO,R1.D01=NO;R1.D03=NO;R2.D01=SI;R2.D02=SI;R2.D03=SI,MUNICIPIO30642,MUNICIPIO_SIN_CN_TRAB,Si,No,30642,,Regla 2 coherente para validaciones implementadas.
GPA-001__R2-001__R1-004__0897,GPA-001__R2-001__R1-004,02_inputs_xml_flat/GPA-001__R2-001__R1-004__0897.xml,PASS,INFO,R1.D01=NO;R1.D03=NO;R2.D01=SI;R2.D02=SI;R2.D03=SI,MUNICIPIO30643,MUNICIPIO_SIN_CN_TRAB,Si,No,30643,,Regla 2 coherente para validaciones implementadas.
GPA-001__R2-001__R1-004__0898,GPA-001__R2-001__R1-004,02_inputs_xml_flat/GPA-001__R2-001__R1-004__0898.xml,PASS,INFO,R1.D01=NO;R1.D03=NO;R2.D01=SI;R2.D02=SI;R2.D03=SI,MUNICIPIO30641,MUNICIPIO_SIN_CN_TRAB,Si,No,30641,,Regla 2 coherente para validaciones implementadas.
GPA-001__R2-001__R1-004__0899,GPA-001__R2-001__R1-004,02_inputs_xml_flat/GPA-001__R2-001__R1-004__0899.xml,PASS,INFO,R1.D01=NO;R1.D03=NO;R2.D01=SI;R2.D02=SI;R2.D03=SI,MUNICIPIO30642,MUNICIPIO_SIN_CN_TRAB,Si,No,30642,,Regla 2 coherente para validaciones implementadas.
GPA-001__R2-001__R1-004__0900,GPA-001__R2-001__R1-004,02_inputs_xml_flat/GPA-001__R2-001__R1-004__0900.xml,PASS,INFO,R1.D01=NO;R1.D03=NO;R2.D01=SI;R2.D02=SI;R2.D03=SI,MUNICIPIO30643,MUNICIPIO_SIN_CN_TRAB,Si,No,30643,,Regla 2 coherente para validaciones implementadas.
GPA-001__R2-001__R1-004__0901,GPA-001__R2-001__R1-004,02_inputs_xml_flat/GPA-001__R2-001__R1-004__0901.xml,PASS,INFO,R1.D01=NO;R1.D03=NO;R2.D01=SI;R2.D02=SI;R2.D03=SI,MUNICIPIO30641,MUNICIPIO_SIN_CN_TRAB,Si,No,30641,,Regla 2 coherente para validaciones implementadas.
GPA-001__R2-001__R1-004__0902,GPA-001__R2-001__R1-004,02_inputs_xml_flat/GPA-001__R2-001__R1-004__0902.xml,PASS,INFO,R1.D01=NO;R1.D03=NO;R2.D01=SI;R2.D02=SI;R2.D03=SI,MUNICIPIO30642,MUNICIPIO_SIN_CN_TRAB,Si,No,30642,,Regla 2 coherente para validaciones implementadas.
GPA-001__R2-001__R1-004__0903,GPA-001__R2-001__R1-004,02_inputs_xml_flat/GPA-001__R2-001__R1-004__0903.xml,PASS,INFO,R1.D01=NO;R1.D03=NO;R2.D01=SI;R2.D02=SI;R2.D03=SI,MUNICIPIO30643,MUNICIPIO_SIN_CN_TRAB,Si,No,30643,,Regla 2 coherente para validaciones implementadas.
GPA-001__R2-001__R1-004__0904,GPA-001__R2-001__R1-004,02_inputs_xml_flat/GPA-001__R2-001__R1-004__0904.xml,PASS,INFO,R1.D01=NO;R1.D03=NO;R2.D01=SI;R2.D02=SI;R2.D03=SI,MUNICIPIO30641,MUNICIPIO_SIN_CN_TRAB,Si,No,30641,,Regla 2 coherente para validaciones implementadas.
GPA-001__R2-001__R1-004__0905,GPA-001__R2-001__R1-004,02_inputs_xml_flat/GPA-001__R2-001__R1-004__0905.xml,PASS,INFO,R1.D01=NO;R1.D03=NO;R2.D01=SI;R2.D02=SI;R2.D03=SI,MUNICIPIO30642,MUNICIPIO_SIN_CN_TRAB,Si,No,30642,,Regla 2 coherente para validaciones implementadas.
GPA-001__R2-001__R1-004__0906,GPA-001__R2-001__R1-004,02_inputs_xml_flat/GPA-001__R2-001__R1-004__0906.xml,PASS,INFO,R1.D01=NO;R1.D03=NO;R2.D01=SI;R2.D02=SI;R2.D03=SI,MUNICIPIO30643,MUNICIPIO_SIN_CN_TRAB,Si,No,30643,,Regla 2 coherente para validaciones implementadas.
GPA-001__R2-001__R1-004__0907,GPA-001__R2-001__R1-004,02_inputs_xml_flat/GPA-001__R2-001__R1-004__0907.xml,PASS,INFO,R1.D01=NO;R1.D03=NO;R2.D01=SI;R2.D02=SI;R2.D03=SI,MUNICIPIO30641,MUNICIPIO_SIN_CN_TRAB,Si,No,30641,,Regla 2 coherente para validaciones implementadas.
GPA-001__R2-001__R1-004__0908,GPA-001__R2-001__R1-004,02_inputs_xml_flat/GPA-001__R2-001__R1-004__0908.xml,PASS,INFO,R1.D01=NO;R1.D03=NO;R2.D01=SI;R2.D02=SI;R2.D03=SI,MUNICIPIO30642,MUNICIPIO_SIN_CN_TRAB,Si,No,30642,,Regla 2 coherente para validaciones implementadas.
GPA-001__R2-001__R1-004__0909,GPA-001__R2-001__R1-004,02_inputs_xml_flat/GPA-001__R2-001__R1-004__0909.xml,PASS,INFO,R1.D01=NO;R1.D03=NO;R2.D01=SI;R2.D02=SI;R2.D03=SI,MUNICIPIO30643,MUNICIPIO_SIN_CN_TRAB,Si,No,30643,,Regla 2 coherente para validaciones implementadas.
GPA-001__R2-001__R1-004__0910,GPA-001__R2-001__R1-004,02_inputs_xml_flat/GPA-001__R2-001__R1-004__0910.xml,PASS,INFO,R1.D01=NO;R1.D03=NO;R2.D01=SI;R2.D02=SI;R2.D03=SI,MUNICIPIO30641,MUNICIPIO_SIN_CN_TRAB,Si,No,30641,,Regla 2 coherente para validaciones implementadas.
GPA-001__R2-001__R1-004__0911,GPA-001__R2-001__R1-004,02_inputs_xml_flat/GPA-001__R2-001__R1-004__0911.xml,PASS,INFO,R1.D01=NO;R1.D03=NO;R2.D01=SI;R2.D02=SI;R2.D03=SI,MUNICIPIO30642,MUNICIPIO_SIN_CN_TRAB,Si,No,30642,,Regla 2 coherente para validaciones implementadas.
GPA-001__R2-001__R1-004__0912,GPA-001__R2-001__R1-004,02_inputs_xml_flat/GPA-001__R2-001__R1-004__0912.xml,PASS,INFO,R1.D01=NO;R1.D03=NO;R2.D01=SI;R2.D02=SI;R2.D03=SI,MUNICIPIO30643,MUNICIPIO_SIN_CN_TRAB,Si,No,30643,,Regla 2 coherente para validaciones implementadas.
GPA-001__R2-001__R1-004__0913,GPA-001__R2-001__R1-004,02_inputs_xml_flat/GPA-001__R2-001__R1-004__0913.xml,PASS,INFO,R1.D01=NO;R1.D03=NO;R2.D01=SI;R2.D02=SI;R2.D03=SI,MUNICIPIO30641,MUNICIPIO_SIN_CN_TRAB,Si,No,30641,,Regla 2 coherente para validaciones implementadas.
GPA-001__R2-001__R1-004__0914,GPA-001__R2-001__R1-004,02_inputs_xml_flat/GPA-001__R2-001__R1-004__0914.xml,PASS,INFO,R1.D01=NO;R1.D03=NO;R2.D01=SI;R2.D02=SI;R2.D03=SI,MUNICIPIO30642,MUNICIPIO_SIN_CN_TRAB,Si,No,30642,,Regla 2 coherente para validaciones implementadas.
GPA-001__R2-001__R1-004__0915,GPA-001__R2-001__R1-004,02_inputs_xml_flat/GPA-001__R2-001__R1-004__0915.xml,PASS,INFO,R1.D01=NO;R1.D03=NO;R2.D01=SI;R2.D02=SI;R2.D03=SI,MUNICIPIO30643,MUNICIPIO_SIN_CN_TRAB,Si,No,30643,,Regla 2 coherente para validaciones implementadas.
GPA-001__R2-001__R1-004__0916,GPA-001__R2-001__R1-004,02_inputs_xml_flat/GPA-001__R2-001__R1-004__0916.xml,PASS,INFO,R1.D01=NO;R1.D03=NO;R2.D01=SI;R2.D02=SI;R2.D03=SI,MUNICIPIO30641,MUNICIPIO_SIN_CN_TRAB,Si,No,30641,,Regla 2 coherente para validaciones implementadas.
GPA-001__R2-001__R1-004__0917,GPA-001__R2-001__R1-004,02_inputs_xml_flat/GPA-001__R2-001__R1-004__0917.xml,PASS,INFO,R1.D01=NO;R1.D03=NO;R2.D01=SI;R2.D02=SI;R2.D03=SI,MUNICIPIO30642,MUNICIPIO_SIN_CN_TRAB,Si,No,30642,,Regla 2 coherente para validaciones implementadas.
GPA-001__R2-001__R1-004__0918,GPA-001__R2-001__R1-004,02_inputs_xml_flat/GPA-001__R2-001__R1-004__0918.xml,PASS,INFO,R1.D01=NO;R1.D03=NO;R2.D01=SI;R2.D02=SI;R2.D03=SI,MUNICIPIO30643,MUNICIPIO_SIN_CN_TRAB,Si,No,30643,,Regla 2 coherente para validaciones implementadas.
GPA-001__R2-001__R1-004__0919,GPA-001__R2-001__R1-004,02_inputs_xml_flat/GPA-001__R2-001__R1-004__0919.xml,PASS,INFO,R1.D01=NO;R1.D03=NO;R2.D01=SI;R2.D02=SI;R2.D03=SI,MUNICIPIO30641,MUNICIPIO_SIN_CN_TRAB,Si,No,30641,,Regla 2 coherente para validaciones implementadas.
GPA-001__R2-001__R1-004__0920,GPA-001__R2-001__R1-004,02_inputs_xml_flat/GPA-001__R2-001__R1-004__0920.xml,PASS,INFO,R1.D01=NO;R1.D03=NO;R2.D01=SI;R2.D02=SI;R2.D03=SI,MUNICIPIO30642,MUNICIPIO_SIN_CN_TRAB,Si,No,30642,,Regla 2 coherente para validaciones implementadas.
GPA-001__R2-001__R1-004__0921,GPA-001__R2-001__R1-004,02_inputs_xml_flat/GPA-001__R2-001__R1-004__0921.xml,PASS,INFO,R1.D01=NO;R1.D03=NO;R2.D01=SI;R2.D02=SI;R2.D03=SI,MUNICIPIO30643,MUNICIPIO_SIN_CN_TRAB,Si,No,30643,,Regla 2 coherente para validaciones implementadas.
GPA-001__R2-001__R1-004__0922,GPA-001__R2-001__R1-004,02_inputs_xml_flat/GPA-001__R2-001__R1-004__0922.xml,PASS,INFO,R1.D01=NO;R1.D03=NO;R2.D01=SI;R2.D02=SI;R2.D03=SI,MUNICIPIO30641,MUNICIPIO_SIN_CN_TRAB,Si,No,30641,,Regla 2 coherente para validaciones implementadas.
GPA-001__R2-001__R1-004__0923,GPA-001__R2-001__R1-004,02_inputs_xml_flat/GPA-001__R2-001__R1-004__0923.xml,PASS,INFO,R1.D01=NO;R1.D03=NO;R2.D01=SI;R2.D02=SI;R2.D03=SI,MUNICIPIO30642,MUNICIPIO_SIN_CN_TRAB,Si,No,30642,,Regla 2 coherente para validaciones implementadas.
GPA-001__R2-001__R1-004__0924,GPA-001__R2-001__R1-004,02_inputs_xml_flat/GPA-001__R2-001__R1-004__0924.xml,PASS,INFO,R1.D01=NO;R1.D03=NO;R2.D01=SI;R2.D02=SI;R2.D03=SI,MUNICIPIO30643,MUNICIPIO_SIN_CN_TRAB,Si,No,30643,,Regla 2 coherente para validaciones implementadas.
GPA-001__R2-001__R1-004__0925,GPA-001__R2-001__R1-004,02_inputs_xml_flat/GPA-001__R2-001__R1-004__0925.xml,PASS,INFO,R1.D01=NO;R1.D03=NO;R2.D01=SI;R2.D02=SI;R2.D03=SI,MUNICIPIO30641,MUNICIPIO_SIN_CN_TRAB,Si,No,30641,,Regla 2 coherente para validaciones implementadas.
GPA-001__R2-001__R1-004__0926,GPA-001__R2-001__R1-004,02_inputs_xml_flat/GPA-001__R2-001__R1-004__0926.xml,PASS,INFO,R1.D01=NO;R1.D03=NO;R2.D01=SI;R2.D02=SI;R2.D03=SI,MUNICIPIO30642,MUNICIPIO_SIN_CN_TRAB,Si,No,30642,,Regla 2 coherente para validaciones implementadas.
GPA-001__R2-001__R1-004__0927,GPA-001__R2-001__R1-004,02_inputs_xml_flat/GPA-001__R2-001__R1-004__0927.xml,PASS,INFO,R1.D01=NO;R1.D03=NO;R2.D01=SI;R2.D02=SI;R2.D03=SI,MUNICIPIO30643,MUNICIPIO_SIN_CN_TRAB,Si,No,30643,,Regla 2 coherente para validaciones implementadas.
GPA-001__R2-001__R1-004__0928,GPA-001__R2-001__R1-004,02_inputs_xml_flat/GPA-001__R2-001__R1-004__0928.xml,PASS,INFO,R1.D01=NO;R1.D03=NO;R2.D01=SI;R2.D02=SI;R2.D03=SI,MUNICIPIO30641,MUNICIPIO_SIN_CN_TRAB,Si,No,30641,,Regla 2 coherente para validaciones implementadas.
GPA-001__R2-001__R1-004__0929,GPA-001__R2-001__R1-004,02_inputs_xml_flat/GPA-001__R2-001__R1-004__0929.xml,PASS,INFO,R1.D01=NO;R1.D03=NO;R2.D01=SI;R2.D02=SI;R2.D03=SI,MUNICIPIO30642,MUNICIPIO_SIN_CN_TRAB,Si,No,30642,,Regla 2 coherente para validaciones implementadas.
GPA-001__R2-001__R1-004__0930,GPA-001__R2-001__R1-004,02_inputs_xml_flat/GPA-001__R2-001__R1-004__0930.xml,PASS,INFO,R1.D01=NO;R1.D03=NO;R2.D01=SI;R2.D02=SI;R2.D03=SI,MUNICIPIO30643,MUNICIPIO_SIN_CN_TRAB,Si,No,30643,,Regla 2 coherente para validaciones implementadas.
GPA-001__R2-001__R1-004__0931,GPA-001__R2-001__R1-004,02_inputs_xml_flat/GPA-001__R2-001__R1-004__0931.xml,PASS,INFO,R1.D01=NO;R1.D03=NO;R2.D01=SI;R2.D02=SI;R2.D03=SI,MUNICIPIO30641,MUNICIPIO_SIN_CN_TRAB,Si,No,30641,,Regla 2 coherente para validaciones implementadas.
GPA-001__R2-001__R1-004__0932,GPA-001__R2-001__R1-004,02_inputs_xml_flat/GPA-001__R2-001__R1-004__0932.xml,PASS,INFO,R1.D01=NO;R1.D03=NO;R2.D01=SI;R2.D02=SI;R2.D03=SI,MUNICIPIO30642,MUNICIPIO_SIN_CN_TRAB,Si,No,30642,,Regla 2 coherente para validaciones implementadas.
GPA-001__R2-001__R1-004__0933,GPA-001__R2-001__R1-004,02_inputs_xml_flat/GPA-001__R2-001__R1-004__0933.xml,PASS,INFO,R1.D01=NO;R1.D03=NO;R2.D01=SI;R2.D02=SI;R2.D03=SI,MUNICIPIO30643,MUNICIPIO_SIN_CN_TRAB,Si,No,30643,,Regla 2 coherente para validaciones implementadas.
GPA-001__R2-001__R1-004__0934,GPA-001__R2-001__R1-004,02_inputs_xml_flat/GPA-001__R2-001__R1-004__0934.xml,PASS,INFO,R1.D01=NO;R1.D03=NO;R2.D01=SI;R2.D02=SI;R2.D03=SI,MUNICIPIO30641,MUNICIPIO_SIN_CN_TRAB,Si,No,30641,,Regla 2 coherente para validaciones implementadas.
GPA-001__R2-001__R1-004__0935,GPA-001__R2-001__R1-004,02_inputs_xml_flat/GPA-001__R2-001__R1-004__0935.xml,PASS,INFO,R1.D01=NO;R1.D03=NO;R2.D01=SI;R2.D02=SI;R2.D03=SI,MUNICIPIO30642,MUNICIPIO_SIN_CN_TRAB,Si,No,30642,,Regla 2 coherente para validaciones implementadas.
GPA-001__R2-001__R1-004__0936,GPA-001__R2-001__R1-004,02_inputs_xml_flat/GPA-001__R2-001__R1-004__0936.xml,PASS,INFO,R1.D01=NO;R1.D03=NO;R2.D01=SI;R2.D02=SI;R2.D03=SI,MUNICIPIO30643,MUNICIPIO_SIN_CN_TRAB,Si,No,30643,,Regla 2 coherente para validaciones implementadas.
GPA-001__R2-001__R1-004__0937,GPA-001__R2-001__R1-004,02_inputs_xml_flat/GPA-001__R2-001__R1-004__0937.xml,PASS,INFO,R1.D01=NO;R1.D03=NO;R2.D01=SI;R2.D02=SI;R2.D03=SI,MUNICIPIO30641,MUNICIPIO_SIN_CN_TRAB,Si,No,30641,,Regla 2 coherente para validaciones implementadas.
GPA-001__R2-001__R1-004__0938,GPA-001__R2-001__R1-004,02_inputs_xml_flat/GPA-001__R2-001__R1-004__0938.xml,PASS,INFO,R1.D01=NO;R1.D03=NO;R2.D01=SI;R2.D02=SI;R2.D03=SI,MUNICIPIO30642,MUNICIPIO_SIN_CN_TRAB,Si,No,30642,,Regla 2 coherente para validaciones implementadas.
GPA-001__R2-001__R1-004__0939,GPA-001__R2-001__R1-004,02_inputs_xml_flat/GPA-001__R2-001__R1-004__0939.xml,PASS,INFO,R1.D01=NO;R1.D03=NO;R2.D01=SI;R2.D02=SI;R2.D03=SI,MUNICIPIO30643,MUNICIPIO_SIN_CN_TRAB,Si,No,30643,,Regla 2 coherente para validaciones implementadas.
GPA-001__R2-001__R1-004__0940,GPA-001__R2-001__R1-004,02_inputs_xml_flat/GPA-001__R2-001__R1-004__0940.xml,PASS,INFO,R1.D01=NO;R1.D03=NO;R2.D01=SI;R2.D02=SI;R2.D03=SI,MUNICIPIO30641,MUNICIPIO_SIN_CN_TRAB,Si,No,30641,,Regla 2 coherente para validaciones implementadas.
GPA-001__R2-001__R1-004__0941,GPA-001__R2-001__R1-004,02_inputs_xml_flat/GPA-001__R2-001__R1-004__0941.xml,PASS,INFO,R1.D01=NO;R1.D03=NO;R2.D01=SI;R2.D02=SI;R2.D03=SI,MUNICIPIO30642,MUNICIPIO_SIN_CN_TRAB,Si,No,30642,,Regla 2 coherente para validaciones implementadas.
GPA-001__R2-001__R1-004__0942,GPA-001__R2-001__R1-004,02_inputs_xml_flat/GPA-001__R2-001__R1-004__0942.xml,PASS,INFO,R1.D01=NO;R1.D03=NO;R2.D01=SI;R2.D02=SI;R2.D03=SI,MUNICIPIO30643,MUNICIPIO_SIN_CN_TRAB,Si,No,30643,,Regla 2 coherente para validaciones implementadas.
GPA-001__R2-001__R1-004__0943,GPA-001__R2-001__R1-004,02_inputs_xml_flat/GPA-001__R2-001__R1-004__0943.xml,PASS,INFO,R1.D01=NO;R1.D03=NO;R2.D01=SI;R2.D02=SI;R2.D03=SI,MUNICIPIO30641,MUNICIPIO_SIN_CN_TRAB,Si,No,30641,,Regla 2 coherente para validaciones implementadas.
GPA-001__R2-001__R1-004__0944,GPA-001__R2-001__R1-004,02_inputs_xml_flat/GPA-001__R2-001__R1-004__0944.xml,PASS,INFO,R1.D01=NO;R1.D03=NO;R2.D01=SI;R2.D02=SI;R2.D03=SI,MUNICIPIO30642,MUNICIPIO_SIN_CN_TRAB,Si,No,30642,,Regla 2 coherente para validaciones implementadas.
GPA-001__R2-001__R1-004__0945,GPA-001__R2-001__R1-004,02_inputs_xml_flat/GPA-001__R2-001__R1-004__0945.xml,PASS,INFO,R1.D01=NO;R1.D03=NO;R2.D01=SI;R2.D02=SI;R2.D03=SI,MUNICIPIO30643,MUNICIPIO_SIN_CN_TRAB,Si,No,30643,,Regla 2 coherente para validaciones implementadas.
GPA-001__R2-001__R1-004__0946,GPA-001__R2-001__R1-004,02_inputs_xml_flat/GPA-001__R2-001__R1-004__0946.xml,PASS,INFO,R1.D01=NO;R1.D03=NO;R2.D01=SI;R2.D02=SI;R2.D03=SI,MUNICIPIO30641,MUNICIPIO_SIN_CN_TRAB,Si,No,30641,,Regla 2 coherente para validaciones implementadas.
GPA-001__R2-001__R1-004__0947,GPA-001__R2-001__R1-004,02_inputs_xml_flat/GPA-001__R2-001__R1-004__0947.xml,PASS,INFO,R1.D01=NO;R1.D03=NO;R2.D01=SI;R2.D02=SI;R2.D03=SI,MUNICIPIO30642,MUNICIPIO_SIN_CN_TRAB,Si,No,30642,,Regla 2 coherente para validaciones implementadas.
GPA-001__R2-001__R1-004__0948,GPA-001__R2-001__R1-004,02_inputs_xml_flat/GPA-001__R2-001__R1-004__0948.xml,PASS,INFO,R1.D01=NO;R1.D03=NO;R2.D01=SI;R2.D02=SI;R2.D03=SI,MUNICIPIO30643,MUNICIPIO_SIN_CN_TRAB,Si,No,30643,,Regla 2 coherente para validaciones implementadas.
GPA-001__R2-001__R1-004__0949,GPA-001__R2-001__R1-004,02_inputs_xml_flat/GPA-001__R2-001__R1-004__0949.xml,PASS,INFO,R1.D01=NO;R1.D03=NO;R2.D01=SI;R2.D02=SI;R2.D03=SI,MUNICIPIO30641,MUNICIPIO_SIN_CN_TRAB,Si,No,30641,,Regla 2 coherente para validaciones implementadas.
GPA-001__R2-001__R1-004__0950,GPA-001__R2-001__R1-004,02_inputs_xml_flat/GPA-001__R2-001__R1-004__0950.xml,PASS,INFO,R1.D01=NO;R1.D03=NO;R2.D01=SI;R2.D02=SI;R2.D03=SI,MUNICIPIO30642,MUNICIPIO_SIN_CN_TRAB,Si,No,30642,,Regla 2 coherente para validaciones implementadas.
GPA-001__R2-001__R1-004__0951,GPA-001__R2-001__R1-004,02_inputs_xml_flat/GPA-001__R2-001__R1-004__0951.xml,PASS,INFO,R1.D01=NO;R1.D03=NO;R2.D01=SI;R2.D02=SI;R2.D03=SI,MUNICIPIO30643,MUNICIPIO_SIN_CN_TRAB,Si,No,30643,,Regla 2 coherente para validaciones implementadas.
GPA-001__R2-001__R1-004__0952,GPA-001__R2-001__R1-004,02_inputs_xml_flat/GPA-001__R2-001__R1-004__0952.xml,PASS,INFO,R1.D01=NO;R1.D03=NO;R2.D01=SI;R2.D02=SI;R2.D03=SI,MUNICIPIO30641,MUNICIPIO_SIN_CN_TRAB,Si,No,30641,,Regla 2 coherente para validaciones implementadas.
GPA-001__R2-001__R1-004__0953,GPA-001__R2-001__R1-004,02_inputs_xml_flat/GPA-001__R2-001__R1-004__0953.xml,PASS,INFO,R1.D01=NO;R1.D03=NO;R2.D01=SI;R2.D02=SI;R2.D03=SI,MUNICIPIO30642,MUNICIPIO_SIN_CN_TRAB,Si,No,30642,,Regla 2 coherente para validaciones implementadas.
GPA-001__R2-001__R1-004__0954,GPA-001__R2-001__R1-004,02_inputs_xml_flat/GPA-001__R2-001__R1-004__0954.xml,PASS,INFO,R1.D01=NO;R1.D03=NO;R2.D01=SI;R2.D02=SI;R2.D03=SI,MUNICIPIO30643,MUNICIPIO_SIN_CN_TRAB,Si,No,30643,,Regla 2 coherente para validaciones implementadas.
GPA-001__R2-001__R1-004__0955,GPA-001__R2-001__R1-004,02_inputs_xml_flat/GPA-001__R2-001__R1-004__0955.xml,PASS,INFO,R1.D01=NO;R1.D03=NO;R2.D01=SI;R2.D02=SI;R2.D03=SI,MUNICIPIO30641,MUNICIPIO_SIN_CN_TRAB,Si,No,30641,,Regla 2 coherente para validaciones implementadas.
GPA-001__R2-001__R1-004__0956,GPA-001__R2-001__R1-004,02_inputs_xml_flat/GPA-001__R2-001__R1-004__0956.xml,PASS,INFO,R1.D01=NO;R1.D03=NO;R2.D01=SI;R2.D02=SI;R2.D03=SI,MUNICIPIO30642,MUNICIPIO_SIN_CN_TRAB,Si,No,30642,,Regla 2 coherente para validaciones implementadas.
GPA-001__R2-001__R1-004__0957,GPA-001__R2-001__R1-004,02_inputs_xml_flat/GPA-001__R2-001__R1-004__0957.xml,PASS,INFO,R1.D01=NO;R1.D03=NO;R2.D01=SI;R2.D02=SI;R2.D03=SI,MUNICIPIO30643,MUNICIPIO_SIN_CN_TRAB,Si,No,30643,,Regla 2 coherente para validaciones implementadas.
GPA-001__R2-001__R1-004__0958,GPA-001__R2-001__R1-004,02_inputs_xml_flat/GPA-001__R2-001__R1-004__0958.xml,PASS,INFO,R1.D01=NO;R1.D03=NO;R2.D01=SI;R2.D02=SI;R2.D03=SI,MUNICIPIO30641,MUNICIPIO_SIN_CN_TRAB,Si,No,30641,,Regla 2 coherente para validaciones implementadas.
GPA-001__R2-001__R1-004__0959,GPA-001__R2-001__R1-004,02_inputs_xml_flat/GPA-001__R2-001__R1-004__0959.xml,PASS,INFO,R1.D01=NO;R1.D03=NO;R2.D01=SI;R2.D02=SI;R2.D03=SI,MUNICIPIO30642,MUNICIPIO_SIN_CN_TRAB,Si,No,30642,,Regla 2 coherente para validaciones implementadas.
GPA-001__R2-001__R1-004__0960,GPA-001__R2-001__R1-004,02_inputs_xml_flat/GPA-001__R2-001__R1-004__0960.xml,PASS,INFO,R1.D01=NO;R1.D03=NO;R2.D01=SI;R2.D02=SI;R2.D03=SI,MUNICIPIO30643,MUNICIPIO_SIN_CN_TRAB,Si,No,30643,,Regla 2 coherente para validaciones implementadas.
GPA-001__R2-001__R1-004__0961,GPA-001__R2-001__R1-004,02_inputs_xml_flat/GPA-001__R2-001__R1-004__0961.xml,PASS,INFO,R1.D01=NO;R1.D03=NO;R2.D01=SI;R2.D02=SI;R2.D03=SI,MUNICIPIO30641,MUNICIPIO_SIN_CN_TRAB,Si,No,30641,,Regla 2 coherente para validaciones implementadas.
GPA-001__R2-001__R1-004__0962,GPA-001__R2-001__R1-004,02_inputs_xml_flat/GPA-001__R2-001__R1-004__0962.xml,PASS,INFO,R1.D01=NO;R1.D03=NO;R2.D01=SI;R2.D02=SI;R2.D03=SI,MUNICIPIO30642,MUNICIPIO_SIN_CN_TRAB,Si,No,30642,,Regla 2 coherente para validaciones implementadas.
GPA-001__R2-001__R1-004__0963,GPA-001__R2-001__R1-004,02_inputs_xml_flat/GPA-001__R2-001__R1-004__0963.xml,PASS,INFO,R1.D01=NO;R1.D03=NO;R2.D01=SI;R2.D02=SI;R2.D03=SI,MUNICIPIO30643,MUNICIPIO_SIN_CN_TRAB,Si,No,30643,,Regla 2 coherente para validaciones implementadas.
GPA-001__R2-001__R1-004__0964,GPA-001__R2-001__R1-004,02_inputs_xml_flat/GPA-001__R2-001__R1-004__0964.xml,PASS,INFO,R1.D01=NO;R1.D03=NO;R2.D01=SI;R2.D02=SI;R2.D03=SI,MUNICIPIO30641,MUNICIPIO_SIN_CN_TRAB,Si,No,30641,,Regla 2 coherente para validaciones implementadas.
GPA-001__R2-001__R1-004__0965,GPA-001__R2-001__R1-004,02_inputs_xml_flat/GPA-001__R2-001__R1-004__0965.xml,PASS,INFO,R1.D01=NO;R1.D03=NO;R2.D01=SI;R2.D02=SI;R2.D03=SI,MUNICIPIO30642,MUNICIPIO_SIN_CN_TRAB,Si,No,30642,,Regla 2 coherente para validaciones implementadas.
GPA-001__R2-001__R1-004__0966,GPA-001__R2-001__R1-004,02_inputs_xml_flat/GPA-001__R2-001__R1-004__0966.xml,PASS,INFO,R1.D01=NO;R1.D03=NO;R2.D01=SI;R2.D02=SI;R2.D03=SI,MUNICIPIO30643,MUNICIPIO_SIN_CN_TRAB,Si,No,30643,,Regla 2 coherente para validaciones implementadas.
GPA-001__R2-001__R1-004__0967,GPA-001__R2-001__R1-004,02_inputs_xml_flat/GPA-001__R2-001__R1-004__0967.xml,PASS,INFO,R1.D01=NO;R1.D03=NO;R2.D01=SI;R2.D02=SI;R2.D03=SI,MUNICIPIO30641,MUNICIPIO_SIN_CN_TRAB,Si,No,30641,,Regla 2 coherente para validaciones implementadas.
GPA-001__R2-001__R1-004__0968,GPA-001__R2-001__R1-004,02_inputs_xml_flat/GPA-001__R2-001__R1-004__0968.xml,PASS,INFO,R1.D01=NO;R1.D03=NO;R2.D01=SI;R2.D02=SI;R2.D03=SI,MUNICIPIO30642,MUNICIPIO_SIN_CN_TRAB,Si,No,30642,,Regla 2 coherente para validaciones implementadas.
GPA-001__R2-001__R1-004__0969,GPA-001__R2-001__R1-004,02_inputs_xml_flat/GPA-001__R2-001__R1-004__0969.xml,PASS,INFO,R1.D01=NO;R1.D03=NO;R2.D01=SI;R2.D02=SI;R2.D03=SI,MUNICIPIO30643,MUNICIPIO_SIN_CN_TRAB,Si,No,30643,,Regla 2 coherente para validaciones implementadas.
GPA-001__R2-001__R1-004__0970,GPA-001__R2-001__R1-004,02_inputs_xml_flat/GPA-001__R2-001__R1-004__0970.xml,PASS,INFO,R1.D01=NO;R1.D03=NO;R2.D01=SI;R2.D02=SI;R2.D03=SI,MUNICIPIO30641,MUNICIPIO_SIN_CN_TRAB,Si,No,30641,,Regla 2 coherente para validaciones implementadas.
GPA-001__R2-001__R1-004__0971,GPA-001__R2-001__R1-004,02_inputs_xml_flat/GPA-001__R2-001__R1-004__0971.xml,PASS,INFO,R1.D01=NO;R1.D03=NO;R2.D01=SI;R2.D02=SI;R2.D03=SI,MUNICIPIO30642,MUNICIPIO_SIN_CN_TRAB,Si,No,30642,,Regla 2 coherente para validaciones implementadas.
GPA-001__R2-001__R1-004__0972,GPA-001__R2-001__R1-004,02_inputs_xml_flat/GPA-001__R2-001__R1-004__0972.xml,PASS,INFO,R1.D01=NO;R1.D03=NO;R2.D01=SI;R2.D02=SI;R2.D03=SI,MUNICIPIO30643,MUNICIPIO_SIN_CN_TRAB,Si,No,30643,,Regla 2 coherente para validaciones implementadas.
GPA-001__R2-001__R1-004__0973,GPA-001__R2-001__R1-004,02_inputs_xml_flat/GPA-001__R2-001__R1-004__0973.xml,PASS,INFO,R1.D01=NO;R1.D03=NO;R2.D01=SI;R2.D02=SI;R2.D03=SI,MUNICIPIO30641,MUNICIPIO_SIN_CN_TRAB,Si,No,30641,,Regla 2 coherente para validaciones implementadas.
GPA-001__R2-001__R1-004__0974,GPA-001__R2-001__R1-004,02_inputs_xml_flat/GPA-001__R2-001__R1-004__0974.xml,PASS,INFO,R1.D01=NO;R1.D03=NO;R2.D01=SI;R2.D02=SI;R2.D03=SI,MUNICIPIO30642,MUNICIPIO_SIN_CN_TRAB,Si,No,30642,,Regla 2 coherente para validaciones implementadas.
GPA-001__R2-001__R1-004__0975,GPA-001__R2-001__R1-004,02_inputs_xml_flat/GPA-001__R2-001__R1-004__0975.xml,PASS,INFO,R1.D01=NO;R1.D03=NO;R2.D01=SI;R2.D02=SI;R2.D03=SI,MUNICIPIO30643,MUNICIPIO_SIN_CN_TRAB,Si,No,30643,,Regla 2 coherente para validaciones implementadas.
GPA-001__R2-001__R1-004__0976,GPA-001__R2-001__R1-004,02_inputs_xml_flat/GPA-001__R2-001__R1-004__0976.xml,PASS,INFO,R1.D01=NO;R1.D03=NO;R2.D01=SI;R2.D02=SI;R2.D03=SI,MUNICIPIO30641,MUNICIPIO_SIN_CN_TRAB,Si,No,30641,,Regla 2 coherente para validaciones implementadas.
GPA-001__R2-001__R1-004__0977,GPA-001__R2-001__R1-004,02_inputs_xml_flat/GPA-001__R2-001__R1-004__0977.xml,PASS,INFO,R1.D01=NO;R1.D03=NO;R2.D01=SI;R2.D02=SI;R2.D03=SI,MUNICIPIO30642,MUNICIPIO_SIN_CN_TRAB,Si,No,30642,,Regla 2 coherente para validaciones implementadas.
GPA-001__R2-001__R1-004__0978,GPA-001__R2-001__R1-004,02_inputs_xml_flat/GPA-001__R2-001__R1-004__0978.xml,PASS,INFO,R1.D01=NO;R1.D03=NO;R2.D01=SI;R2.D02=SI;R2.D03=SI,MUNICIPIO30643,MUNICIPIO_SIN_CN_TRAB,Si,No,30643,,Regla 2 coherente para validaciones implementadas.
GPA-001__R2-001__R1-004__0979,GPA-001__R2-001__R1-004,02_inputs_xml_flat/GPA-001__R2-001__R1-004__0979.xml,PASS,INFO,R1.D01=NO;R1.D03=NO;R2.D01=SI;R2.D02=SI;R2.D03=SI,MUNICIPIO30641,MUNICIPIO_SIN_CN_TRAB,Si,No,30641,,Regla 2 coherente para validaciones implementadas.
GPA-001__R2-001__R1-004__0980,GPA-001__R2-001__R1-004,02_inputs_xml_flat/GPA-001__R2-001__R1-004__0980.xml,PASS,INFO,R1.D01=NO;R1.D03=NO;R2.D01=SI;R2.D02=SI;R2.D03=SI,MUNICIPIO30642,MUNICIPIO_SIN_CN_TRAB,Si,No,30642,,Regla 2 coherente para validaciones implementadas.
GPA-001__R2-001__R1-004__0981,GPA-001__R2-001__R1-004,02_inputs_xml_flat/GPA-001__R2-001__R1-004__0981.xml,PASS,INFO,R1.D01=NO;R1.D03=NO;R2.D01=SI;R2.D02=SI;R2.D03=SI,MUNICIPIO30643,MUNICIPIO_SIN_CN_TRAB,Si,No,30643,,Regla 2 coherente para validaciones implementadas.
GPA-001__R2-001__R1-004__0982,GPA-001__R2-001__R1-004,02_inputs_xml_flat/GPA-001__R2-001__R1-004__0982.xml,PASS,INFO,R1.D01=NO;R1.D03=NO;R2.D01=SI;R2.D02=SI;R2.D03=SI,MUNICIPIO30641,MUNICIPIO_SIN_CN_TRAB,Si,No,30641,,Regla 2 coherente para validaciones implementadas.
GPA-001__R2-001__R1-004__0983,GPA-001__R2-001__R1-004,02_inputs_xml_flat/GPA-001__R2-001__R1-004__0983.xml,PASS,INFO,R1.D01=NO;R1.D03=NO;R2.D01=SI;R2.D02=SI;R2.D03=SI,MUNICIPIO30642,MUNICIPIO_SIN_CN_TRAB,Si,No,30642,,Regla 2 coherente para validaciones implementadas.
GPA-001__R2-001__R1-004__0984,GPA-001__R2-001__R1-004,02_inputs_xml_flat/GPA-001__R2-001__R1-004__0984.xml,PASS,INFO,R1.D01=NO;R1.D03=NO;R2.D01=SI;R2.D02=SI;R2.D03=SI,MUNICIPIO30643,MUNICIPIO_SIN_CN_TRAB,Si,No,30643,,Regla 2 coherente para validaciones implementadas.
GPA-001__R2-001__R1-004__0985,GPA-001__R2-001__R1-004,02_inputs_xml_flat/GPA-001__R2-001__R1-004__0985.xml,PASS,INFO,R1.D01=NO;R1.D03=NO;R2.D01=SI;R2.D02=SI;R2.D03=SI,MUNICIPIO30641,MUNICIPIO_SIN_CN_TRAB,Si,No,30641,,Regla 2 coherente para validaciones implementadas.
GPA-001__R2-001__R1-004__0986,GPA-001__R2-001__R1-004,02_inputs_xml_flat/GPA-001__R2-001__R1-004__0986.xml,PASS,INFO,R1.D01=NO;R1.D03=NO;R2.D01=SI;R2.D02=SI;R2.D03=SI,MUNICIPIO30642,MUNICIPIO_SIN_CN_TRAB,Si,No,30642,,Regla 2 coherente para validaciones implementadas.
GPA-001__R2-001__R1-004__0987,GPA-001__R2-001__R1-004,02_inputs_xml_flat/GPA-001__R2-001__R1-004__0987.xml,PASS,INFO,R1.D01=NO;R1.D03=NO;R2.D01=SI;R2.D02=SI;R2.D03=SI,MUNICIPIO30643,MUNICIPIO_SIN_CN_TRAB,Si,No,30643,,Regla 2 coherente para validaciones implementadas.
GPA-001__R2-001__R1-004__0988,GPA-001__R2-001__R1-004,02_inputs_xml_flat/GPA-001__R2-001__R1-004__0988.xml,PASS,INFO,R1.D01=NO;R1.D03=NO;R2.D01=SI;R2.D02=SI;R2.D03=SI,MUNICIPIO30641,MUNICIPIO_SIN_CN_TRAB,Si,No,30641,,Regla 2 coherente para validaciones implementadas.
GPA-001__R2-001__R1-004__0989,GPA-001__R2-001__R1-004,02_inputs_xml_flat/GPA-001__R2-001__R1-004__0989.xml,PASS,INFO,R1.D01=NO;R1.D03=NO;R2.D01=SI;R2.D02=SI;R2.D03=SI,MUNICIPIO30642,MUNICIPIO_SIN_CN_TRAB,Si,No,30642,,Regla 2 coherente para validaciones implementadas.
GPA-001__R2-001__R1-004__0990,GPA-001__R2-001__R1-004,02_inputs_xml_flat/GPA-001__R2-001__R1-004__0990.xml,PASS,INFO,R1.D01=NO;R1.D03=NO;R2.D01=SI;R2.D02=SI;R2.D03=SI,MUNICIPIO30643,MUNICIPIO_SIN_CN_TRAB,Si,No,30643,,Regla 2 coherente para validaciones implementadas.
GPA-001__R2-001__R1-004__0991,GPA-001__R2-001__R1-004,02_inputs_xml_flat/GPA-001__R2-001__R1-004__0991.xml,PASS,INFO,R1.D01=NO;R1.D03=NO;R2.D01=SI;R2.D02=SI;R2.D03=SI,MUNICIPIO30641,MUNICIPIO_SIN_CN_TRAB,Si,No,30641,,Regla 2 coherente para validaciones implementadas.
GPA-001__R2-001__R1-004__0992,GPA-001__R2-001__R1-004,02_inputs_xml_flat/GPA-001__R2-001__R1-004__0992.xml,PASS,INFO,R1.D01=NO;R1.D03=NO;R2.D01=SI;R2.D02=SI;R2.D03=SI,MUNICIPIO30642,MUNICIPIO_SIN_CN_TRAB,Si,No,30642,,Regla 2 coherente para validaciones implementadas.
GPA-001__R2-001__R1-004__0993,GPA-001__R2-001__R1-004,02_inputs_xml_flat/GPA-001__R2-001__R1-004__0993.xml,PASS,INFO,R1.D01=NO;R1.D03=NO;R2.D01=SI;R2.D02=SI;R2.D03=SI,MUNICIPIO30643,MUNICIPIO_SIN_CN_TRAB,Si,No,30643,,Regla 2 coherente para validaciones implementadas.
GPA-001__R2-001__R1-004__0994,GPA-001__R2-001__R1-004,02_inputs_xml_flat/GPA-001__R2-001__R1-004__0994.xml,PASS,INFO,R1.D01=NO;R1.D03=NO;R2.D01=SI;R2.D02=SI;R2.D03=SI,MUNICIPIO30641,MUNICIPIO_SIN_CN_TRAB,Si,No,30641,,Regla 2 coherente para validaciones implementadas.
GPA-001__R2-001__R1-004__0995,GPA-001__R2-001__R1-004,02_inputs_xml_flat/GPA-001__R2-001__R1-004__0995.xml,PASS,INFO,R1.D01=NO;R1.D03=NO;R2.D01=SI;R2.D02=SI;R2.D03=SI,MUNICIPIO30642,MUNICIPIO_SIN_CN_TRAB,Si,No,30642,,Regla 2 coherente para validaciones implementadas.
GPA-001__R2-001__R1-004__0996,GPA-001__R2-001__R1-004,02_inputs_xml_flat/GPA-001__R2-001__R1-004__0996.xml,PASS,INFO,R1.D01=NO;R1.D03=NO;R2.D01=SI;R2.D02=SI;R2.D03=SI,MUNICIPIO30643,MUNICIPIO_SIN_CN_TRAB,Si,No,30643,,Regla 2 coherente para validaciones implementadas.
GPA-001__R2-001__R1-004__0997,GPA-001__R2-001__R1-004,02_inputs_xml_flat/GPA-001__R2-001__R1-004__0997.xml,PASS,INFO,R1.D01=NO;R1.D03=NO;R2.D01=SI;R2.D02=SI;R2.D03=SI,MUNICIPIO30641,MUNICIPIO_SIN_CN_TRAB,Si,No,30641,,Regla 2 coherente para validaciones implementadas.
GPA-001__R2-001__R1-004__0998,GPA-001__R2-001__R1-004,02_inputs_xml_flat/GPA-001__R2-001__R1-004__0998.xml,PASS,INFO,R1.D01=NO;R1.D03=NO;R2.D01=SI;R2.D02=SI;R2.D03=SI,MUNICIPIO30642,MUNICIPIO_SIN_CN_TRAB,Si,No,30642,,Regla 2 coherente para validaciones implementadas.
GPA-001__R2-001__R1-004__0999,GPA-001__R2-001__R1-004,02_inputs_xml_flat/GPA-001__R2-001__R1-004__0999.xml,PASS,INFO,R1.D01=NO;R1.D03=NO;R2.D01=SI;R2.D02=SI;R2.D03=SI,MUNICIPIO30643,MUNICIPIO_SIN_CN_TRAB,Si,No,30643,,Regla 2 coherente para validaciones implementadas.
GPA-001__R2-001__R1-004__1000,GPA-001__R2-001__R1-004,02_inputs_xml_flat/GPA-001__R2-001__R1-004__1000.xml,PASS,INFO,R1.D01=NO;R1.D03=NO;R2.D01=SI;R2.D02=SI;R2.D03=SI,MUNICIPIO30641,MUNICIPIO_SIN_CN_TRAB,Si,No,30641,,Regla 2 coherente para validaciones implementadas.
GPA-001__R2-002__R1-001__0001,GPA-001__R2-002__R1-001,02_inputs_xml_flat/GPA-001__R2-002__R1-001__0001.xml,PASS,INFO,R1.D01=SI;R1.D02=SI;R2.D01=SI;R2.D02=SI;R2.D03=NO,MUNICIPIO30211,MUNICIPIO_SIN_CN_TRAB,Si,No,30211,,Regla 2 coherente para validaciones implementadas.
GPA-001__R2-002__R1-001__0002,GPA-001__R2-002__R1-001,02_inputs_xml_flat/GPA-001__R2-002__R1-001__0002.xml,PASS,INFO,R1.D01=SI;R1.D02=SI;R2.D01=SI;R2.D02=SI;R2.D03=NO,MUNICIPIO30212,MUNICIPIO_SIN_CN_TRAB,Si,No,30212,,Regla 2 coherente para validaciones implementadas.
GPA-001__R2-002__R1-001__0003,GPA-001__R2-002__R1-001,02_inputs_xml_flat/GPA-001__R2-002__R1-001__0003.xml,PASS,INFO,R1.D01=SI;R1.D02=SI;R2.D01=SI;R2.D02=SI;R2.D03=NO,MUNICIPIO30213,MUNICIPIO_SIN_CN_TRAB,Si,No,30213,,Regla 2 coherente para validaciones implementadas.
GPA-001__R2-002__R1-001__0004,GPA-001__R2-002__R1-001,02_inputs_xml_flat/GPA-001__R2-002__R1-001__0004.xml,PASS,INFO,R1.D01=SI;R1.D02=SI;R2.D01=SI;R2.D02=SI;R2.D03=NO,MUNICIPIO30211,MUNICIPIO_SIN_CN_TRAB,Si,No,30211,,Regla 2 coherente para validaciones implementadas.
GPA-001__R2-002__R1-001__0005,GPA-001__R2-002__R1-001,02_inputs_xml_flat/GPA-001__R2-002__R1-001__0005.xml,PASS,INFO,R1.D01=SI;R1.D02=SI;R2.D01=SI;R2.D02=SI;R2.D03=NO,MUNICIPIO30212,MUNICIPIO_SIN_CN_TRAB,Si,No,30212,,Regla 2 coherente para validaciones implementadas.
GPA-001__R2-002__R1-001__0006,GPA-001__R2-002__R1-001,02_inputs_xml_flat/GPA-001__R2-002__R1-001__0006.xml,PASS,INFO,R1.D01=SI;R1.D02=SI;R2.D01=SI;R2.D02=SI;R2.D03=NO,MUNICIPIO30213,MUNICIPIO_SIN_CN_TRAB,Si,No,30213,,Regla 2 coherente para validaciones implementadas.
GPA-001__R2-002__R1-001__0007,GPA-001__R2-002__R1-001,02_inputs_xml_flat/GPA-001__R2-002__R1-001__0007.xml,PASS,INFO,R1.D01=SI;R1.D02=SI;R2.D01=SI;R2.D02=SI;R2.D03=NO,MUNICIPIO30211,MUNICIPIO_SIN_CN_TRAB,Si,No,30211,,Regla 2 coherente para validaciones implementadas.
GPA-001__R2-002__R1-001__0008,GPA-001__R2-002__R1-001,02_inputs_xml_flat/GPA-001__R2-002__R1-001__0008.xml,PASS,INFO,R1.D01=SI;R1.D02=SI;R2.D01=SI;R2.D02=SI;R2.D03=NO,MUNICIPIO30212,MUNICIPIO_SIN_CN_TRAB,Si,No,30212,,Regla 2 coherente para validaciones implementadas.
GPA-001__R2-002__R1-001__0009,GPA-001__R2-002__R1-001,02_inputs_xml_flat/GPA-001__R2-002__R1-001__0009.xml,PASS,INFO,R1.D01=SI;R1.D02=SI;R2.D01=SI;R2.D02=SI;R2.D03=NO,MUNICIPIO30213,MUNICIPIO_SIN_CN_TRAB,Si,No,30213,,Regla 2 coherente para validaciones implementadas.
GPA-001__R2-002__R1-001__0010,GPA-001__R2-002__R1-001,02_inputs_xml_flat/GPA-001__R2-002__R1-001__0010.xml,PASS,INFO,R1.D01=SI;R1.D02=SI;R2.D01=SI;R2.D02=SI;R2.D03=NO,MUNICIPIO30211,MUNICIPIO_SIN_CN_TRAB,Si,No,30211,,Regla 2 coherente para validaciones implementadas.
GPA-001__R2-002__R1-001__0011,GPA-001__R2-002__R1-001,02_inputs_xml_flat/GPA-001__R2-002__R1-001__0011.xml,PASS,INFO,R1.D01=SI;R1.D02=SI;R2.D01=SI;R2.D02=SI;R2.D03=NO,MUNICIPIO30212,MUNICIPIO_SIN_CN_TRAB,Si,No,30212,,Regla 2 coherente para validaciones implementadas.
GPA-001__R2-002__R1-001__0012,GPA-001__R2-002__R1-001,02_inputs_xml_flat/GPA-001__R2-002__R1-001__0012.xml,PASS,INFO,R1.D01=SI;R1.D02=SI;R2.D01=SI;R2.D02=SI;R2.D03=NO,MUNICIPIO30213,MUNICIPIO_SIN_CN_TRAB,Si,No,30213,,Regla 2 coherente para validaciones implementadas.
GPA-001__R2-002__R1-001__0013,GPA-001__R2-002__R1-001,02_inputs_xml_flat/GPA-001__R2-002__R1-001__0013.xml,PASS,INFO,R1.D01=SI;R1.D02=SI;R2.D01=SI;R2.D02=SI;R2.D03=NO,MUNICIPIO30211,MUNICIPIO_SIN_CN_TRAB,Si,No,30211,,Regla 2 coherente para validaciones implementadas.
GPA-001__R2-002__R1-001__0014,GPA-001__R2-002__R1-001,02_inputs_xml_flat/GPA-001__R2-002__R1-001__0014.xml,PASS,INFO,R1.D01=SI;R1.D02=SI;R2.D01=SI;R2.D02=SI;R2.D03=NO,MUNICIPIO30212,MUNICIPIO_SIN_CN_TRAB,Si,No,30212,,Regla 2 coherente para validaciones implementadas.
GPA-001__R2-002__R1-001__0015,GPA-001__R2-002__R1-001,02_inputs_xml_flat/GPA-001__R2-002__R1-001__0015.xml,PASS,INFO,R1.D01=SI;R1.D02=SI;R2.D01=SI;R2.D02=SI;R2.D03=NO,MUNICIPIO30213,MUNICIPIO_SIN_CN_TRAB,Si,No,30213,,Regla 2 coherente para validaciones implementadas.
GPA-001__R2-002__R1-001__0016,GPA-001__R2-002__R1-001,02_inputs_xml_flat/GPA-001__R2-002__R1-001__0016.xml,PASS,INFO,R1.D01=SI;R1.D02=SI;R2.D01=SI;R2.D02=SI;R2.D03=NO,MUNICIPIO30211,MUNICIPIO_SIN_CN_TRAB,Si,No,30211,,Regla 2 coherente para validaciones implementadas.
GPA-001__R2-002__R1-001__0017,GPA-001__R2-002__R1-001,02_inputs_xml_flat/GPA-001__R2-002__R1-001__0017.xml,PASS,INFO,R1.D01=SI;R1.D02=SI;R2.D01=SI;R2.D02=SI;R2.D03=NO,MUNICIPIO30212,MUNICIPIO_SIN_CN_TRAB,Si,No,30212,,Regla 2 coherente para validaciones implementadas.
GPA-001__R2-002__R1-001__0018,GPA-001__R2-002__R1-001,02_inputs_xml_flat/GPA-001__R2-002__R1-001__0018.xml,PASS,INFO,R1.D01=SI;R1.D02=SI;R2.D01=SI;R2.D02=SI;R2.D03=NO,MUNICIPIO30213,MUNICIPIO_SIN_CN_TRAB,Si,No,30213,,Regla 2 coherente para validaciones implementadas.
GPA-001__R2-002__R1-001__0019,GPA-001__R2-002__R1-001,02_inputs_xml_flat/GPA-001__R2-002__R1-001__0019.xml,PASS,INFO,R1.D01=SI;R1.D02=SI;R2.D01=SI;R2.D02=SI;R2.D03=NO,MUNICIPIO30211,MUNICIPIO_SIN_CN_TRAB,Si,No,30211,,Regla 2 coherente para validaciones implementadas.
GPA-001__R2-002__R1-001__0020,GPA-001__R2-002__R1-001,02_inputs_xml_flat/GPA-001__R2-002__R1-001__0020.xml,PASS,INFO,R1.D01=SI;R1.D02=SI;R2.D01=SI;R2.D02=SI;R2.D03=NO,MUNICIPIO30212,MUNICIPIO_SIN_CN_TRAB,Si,No,30212,,Regla 2 coherente para validaciones implementadas.
GPA-001__R2-002__R1-001__0021,GPA-001__R2-002__R1-001,02_inputs_xml_flat/GPA-001__R2-002__R1-001__0021.xml,PASS,INFO,R1.D01=SI;R1.D02=SI;R2.D01=SI;R2.D02=SI;R2.D03=NO,MUNICIPIO30213,MUNICIPIO_SIN_CN_TRAB,Si,No,30213,,Regla 2 coherente para validaciones implementadas.
GPA-001__R2-002__R1-001__0022,GPA-001__R2-002__R1-001,02_inputs_xml_flat/GPA-001__R2-002__R1-001__0022.xml,PASS,INFO,R1.D01=SI;R1.D02=SI;R2.D01=SI;R2.D02=SI;R2.D03=NO,MUNICIPIO30211,MUNICIPIO_SIN_CN_TRAB,Si,No,30211,,Regla 2 coherente para validaciones implementadas.
GPA-001__R2-002__R1-001__0023,GPA-001__R2-002__R1-001,02_inputs_xml_flat/GPA-001__R2-002__R1-001__0023.xml,PASS,INFO,R1.D01=SI;R1.D02=SI;R2.D01=SI;R2.D02=SI;R2.D03=NO,MUNICIPIO30212,MUNICIPIO_SIN_CN_TRAB,Si,No,30212,,Regla 2 coherente para validaciones implementadas.
GPA-001__R2-002__R1-001__0024,GPA-001__R2-002__R1-001,02_inputs_xml_flat/GPA-001__R2-002__R1-001__0024.xml,PASS,INFO,R1.D01=SI;R1.D02=SI;R2.D01=SI;R2.D02=SI;R2.D03=NO,MUNICIPIO30213,MUNICIPIO_SIN_CN_TRAB,Si,No,30213,,Regla 2 coherente para validaciones implementadas.
GPA-001__R2-002__R1-001__0025,GPA-001__R2-002__R1-001,02_inputs_xml_flat/GPA-001__R2-002__R1-001__0025.xml,PASS,INFO,R1.D01=SI;R1.D02=SI;R2.D01=SI;R2.D02=SI;R2.D03=NO,MUNICIPIO30211,MUNICIPIO_SIN_CN_TRAB,Si,No,30211,,Regla 2 coherente para validaciones implementadas.
GPA-001__R2-002__R1-001__0026,GPA-001__R2-002__R1-001,02_inputs_xml_flat/GPA-001__R2-002__R1-001__0026.xml,PASS,INFO,R1.D01=SI;R1.D02=SI;R2.D01=SI;R2.D02=SI;R2.D03=NO,MUNICIPIO30212,MUNICIPIO_SIN_CN_TRAB,Si,No,30212,,Regla 2 coherente para validaciones implementadas.
GPA-001__R2-002__R1-001__0027,GPA-001__R2-002__R1-001,02_inputs_xml_flat/GPA-001__R2-002__R1-001__0027.xml,PASS,INFO,R1.D01=SI;R1.D02=SI;R2.D01=SI;R2.D02=SI;R2.D03=NO,MUNICIPIO30213,MUNICIPIO_SIN_CN_TRAB,Si,No,30213,,Regla 2 coherente para validaciones implementadas.
GPA-001__R2-002__R1-001__0028,GPA-001__R2-002__R1-001,02_inputs_xml_flat/GPA-001__R2-002__R1-001__0028.xml,PASS,INFO,R1.D01=SI;R1.D02=SI;R2.D01=SI;R2.D02=SI;R2.D03=NO,MUNICIPIO30211,MUNICIPIO_SIN_CN_TRAB,Si,No,30211,,Regla 2 coherente para validaciones implementadas.
GPA-001__R2-002__R1-001__0029,GPA-001__R2-002__R1-001,02_inputs_xml_flat/GPA-001__R2-002__R1-001__0029.xml,PASS,INFO,R1.D01=SI;R1.D02=SI;R2.D01=SI;R2.D02=SI;R2.D03=NO,MUNICIPIO30212,MUNICIPIO_SIN_CN_TRAB,Si,No,30212,,Regla 2 coherente para validaciones implementadas.
GPA-001__R2-002__R1-001__0030,GPA-001__R2-002__R1-001,02_inputs_xml_flat/GPA-001__R2-002__R1-001__0030.xml,PASS,INFO,R1.D01=SI;R1.D02=SI;R2.D01=SI;R2.D02=SI;R2.D03=NO,MUNICIPIO30213,MUNICIPIO_SIN_CN_TRAB,Si,No,30213,,Regla 2 coherente para validaciones implementadas.
GPA-001__R2-002__R1-001__0031,GPA-001__R2-002__R1-001,02_inputs_xml_flat/GPA-001__R2-002__R1-001__0031.xml,PASS,INFO,R1.D01=SI;R1.D02=SI;R2.D01=SI;R2.D02=SI;R2.D03=NO,MUNICIPIO30211,MUNICIPIO_SIN_CN_TRAB,Si,No,30211,,Regla 2 coherente para validaciones implementadas.
GPA-001__R2-002__R1-001__0032,GPA-001__R2-002__R1-001,02_inputs_xml_flat/GPA-001__R2-002__R1-001__0032.xml,PASS,INFO,R1.D01=SI;R1.D02=SI;R2.D01=SI;R2.D02=SI;R2.D03=NO,MUNICIPIO30212,MUNICIPIO_SIN_CN_TRAB,Si,No,30212,,Regla 2 coherente para validaciones implementadas.
GPA-001__R2-002__R1-001__0033,GPA-001__R2-002__R1-001,02_inputs_xml_flat/GPA-001__R2-002__R1-001__0033.xml,PASS,INFO,R1.D01=SI;R1.D02=SI;R2.D01=SI;R2.D02=SI;R2.D03=NO,MUNICIPIO30213,MUNICIPIO_SIN_CN_TRAB,Si,No,30213,,Regla 2 coherente para validaciones implementadas.
GPA-001__R2-002__R1-001__0034,GPA-001__R2-002__R1-001,02_inputs_xml_flat/GPA-001__R2-002__R1-001__0034.xml,PASS,INFO,R1.D01=SI;R1.D02=SI;R2.D01=SI;R2.D02=SI;R2.D03=NO,MUNICIPIO30211,MUNICIPIO_SIN_CN_TRAB,Si,No,30211,,Regla 2 coherente para validaciones implementadas.
GPA-001__R2-002__R1-001__0035,GPA-001__R2-002__R1-001,02_inputs_xml_flat/GPA-001__R2-002__R1-001__0035.xml,PASS,INFO,R1.D01=SI;R1.D02=SI;R2.D01=SI;R2.D02=SI;R2.D03=NO,MUNICIPIO30212,MUNICIPIO_SIN_CN_TRAB,Si,No,30212,,Regla 2 coherente para validaciones implementadas.
GPA-001__R2-002__R1-001__0036,GPA-001__R2-002__R1-001,02_inputs_xml_flat/GPA-001__R2-002__R1-001__0036.xml,PASS,INFO,R1.D01=SI;R1.D02=SI;R2.D01=SI;R2.D02=SI;R2.D03=NO,MUNICIPIO30213,MUNICIPIO_SIN_CN_TRAB,Si,No,30213,,Regla 2 coherente para validaciones implementadas.
GPA-001__R2-002__R1-001__0037,GPA-001__R2-002__R1-001,02_inputs_xml_flat/GPA-001__R2-002__R1-001__0037.xml,PASS,INFO,R1.D01=SI;R1.D02=SI;R2.D01=SI;R2.D02=SI;R2.D03=NO,MUNICIPIO30211,MUNICIPIO_SIN_CN_TRAB,Si,No,30211,,Regla 2 coherente para validaciones implementadas.
GPA-001__R2-002__R1-001__0038,GPA-001__R2-002__R1-001,02_inputs_xml_flat/GPA-001__R2-002__R1-001__0038.xml,PASS,INFO,R1.D01=SI;R1.D02=SI;R2.D01=SI;R2.D02=SI;R2.D03=NO,MUNICIPIO30212,MUNICIPIO_SIN_CN_TRAB,Si,No,30212,,Regla 2 coherente para validaciones implementadas.
GPA-001__R2-002__R1-001__0039,GPA-001__R2-002__R1-001,02_inputs_xml_flat/GPA-001__R2-002__R1-001__0039.xml,PASS,INFO,R1.D01=SI;R1.D02=SI;R2.D01=SI;R2.D02=SI;R2.D03=NO,MUNICIPIO30213,MUNICIPIO_SIN_CN_TRAB,Si,No,30213,,Regla 2 coherente para validaciones implementadas.
GPA-001__R2-002__R1-001__0040,GPA-001__R2-002__R1-001,02_inputs_xml_flat/GPA-001__R2-002__R1-001__0040.xml,PASS,INFO,R1.D01=SI;R1.D02=SI;R2.D01=SI;R2.D02=SI;R2.D03=NO,MUNICIPIO30211,MUNICIPIO_SIN_CN_TRAB,Si,No,30211,,Regla 2 coherente para validaciones implementadas.
GPA-001__R2-002__R1-001__0041,GPA-001__R2-002__R1-001,02_inputs_xml_flat/GPA-001__R2-002__R1-001__0041.xml,PASS,INFO,R1.D01=SI;R1.D02=SI;R2.D01=SI;R2.D02=SI;R2.D03=NO,MUNICIPIO30212,MUNICIPIO_SIN_CN_TRAB,Si,No,30212,,Regla 2 coherente para validaciones implementadas.
GPA-001__R2-002__R1-001__0042,GPA-001__R2-002__R1-001,02_inputs_xml_flat/GPA-001__R2-002__R1-001__0042.xml,PASS,INFO,R1.D01=SI;R1.D02=SI;R2.D01=SI;R2.D02=SI;R2.D03=NO,MUNICIPIO30213,MUNICIPIO_SIN_CN_TRAB,Si,No,30213,,Regla 2 coherente para validaciones implementadas.
GPA-001__R2-002__R1-001__0043,GPA-001__R2-002__R1-001,02_inputs_xml_flat/GPA-001__R2-002__R1-001__0043.xml,PASS,INFO,R1.D01=SI;R1.D02=SI;R2.D01=SI;R2.D02=SI;R2.D03=NO,MUNICIPIO30211,MUNICIPIO_SIN_CN_TRAB,Si,No,30211,,Regla 2 coherente para validaciones implementadas.
GPA-001__R2-002__R1-001__0044,GPA-001__R2-002__R1-001,02_inputs_xml_flat/GPA-001__R2-002__R1-001__0044.xml,PASS,INFO,R1.D01=SI;R1.D02=SI;R2.D01=SI;R2.D02=SI;R2.D03=NO,MUNICIPIO30212,MUNICIPIO_SIN_CN_TRAB,Si,No,30212,,Regla 2 coherente para validaciones implementadas.
GPA-001__R2-002__R1-001__0045,GPA-001__R2-002__R1-001,02_inputs_xml_flat/GPA-001__R2-002__R1-001__0045.xml,PASS,INFO,R1.D01=SI;R1.D02=SI;R2.D01=SI;R2.D02=SI;R2.D03=NO,MUNICIPIO30213,MUNICIPIO_SIN_CN_TRAB,Si,No,30213,,Regla 2 coherente para validaciones implementadas.
GPA-001__R2-002__R1-001__0046,GPA-001__R2-002__R1-001,02_inputs_xml_flat/GPA-001__R2-002__R1-001__0046.xml,PASS,INFO,R1.D01=SI;R1.D02=SI;R2.D01=SI;R2.D02=SI;R2.D03=NO,MUNICIPIO30211,MUNICIPIO_SIN_CN_TRAB,Si,No,30211,,Regla 2 coherente para validaciones implementadas.
GPA-001__R2-002__R1-001__0047,GPA-001__R2-002__R1-001,02_inputs_xml_flat/GPA-001__R2-002__R1-001__0047.xml,PASS,INFO,R1.D01=SI;R1.D02=SI;R2.D01=SI;R2.D02=SI;R2.D03=NO,MUNICIPIO30212,MUNICIPIO_SIN_CN_TRAB,Si,No,30212,,Regla 2 coherente para validaciones implementadas.
GPA-001__R2-002__R1-001__0048,GPA-001__R2-002__R1-001,02_inputs_xml_flat/GPA-001__R2-002__R1-001__0048.xml,PASS,INFO,R1.D01=SI;R1.D02=SI;R2.D01=SI;R2.D02=SI;R2.D03=NO,MUNICIPIO30213,MUNICIPIO_SIN_CN_TRAB,Si,No,30213,,Regla 2 coherente para validaciones implementadas.
GPA-001__R2-002__R1-001__0049,GPA-001__R2-002__R1-001,02_inputs_xml_flat/GPA-001__R2-002__R1-001__0049.xml,PASS,INFO,R1.D01=SI;R1.D02=SI;R2.D01=SI;R2.D02=SI;R2.D03=NO,MUNICIPIO30211,MUNICIPIO_SIN_CN_TRAB,Si,No,30211,,Regla 2 coherente para validaciones implementadas.
GPA-001__R2-002__R1-001__0050,GPA-001__R2-002__R1-001,02_inputs_xml_flat/GPA-001__R2-002__R1-001__0050.xml,PASS,INFO,R1.D01=SI;R1.D02=SI;R2.D01=SI;R2.D02=SI;R2.D03=NO,MUNICIPIO30212,MUNICIPIO_SIN_CN_TRAB,Si,No,30212,,Regla 2 coherente para validaciones implementadas.
GPA-001__R2-002__R1-001__0051,GPA-001__R2-002__R1-001,02_inputs_xml_flat/GPA-001__R2-002__R1-001__0051.xml,PASS,INFO,R1.D01=SI;R1.D02=SI;R2.D01=SI;R2.D02=SI;R2.D03=NO,MUNICIPIO30213,MUNICIPIO_SIN_CN_TRAB,Si,No,30213,,Regla 2 coherente para validaciones implementadas.
GPA-001__R2-002__R1-001__0052,GPA-001__R2-002__R1-001,02_inputs_xml_flat/GPA-001__R2-002__R1-001__0052.xml,PASS,INFO,R1.D01=SI;R1.D02=SI;R2.D01=SI;R2.D02=SI;R2.D03=NO,MUNICIPIO30211,MUNICIPIO_SIN_CN_TRAB,Si,No,30211,,Regla 2 coherente para validaciones implementadas.
GPA-001__R2-002__R1-001__0053,GPA-001__R2-002__R1-001,02_inputs_xml_flat/GPA-001__R2-002__R1-001__0053.xml,PASS,INFO,R1.D01=SI;R1.D02=SI;R2.D01=SI;R2.D02=SI;R2.D03=NO,MUNICIPIO30212,MUNICIPIO_SIN_CN_TRAB,Si,No,30212,,Regla 2 coherente para validaciones implementadas.
GPA-001__R2-002__R1-001__0054,GPA-001__R2-002__R1-001,02_inputs_xml_flat/GPA-001__R2-002__R1-001__0054.xml,PASS,INFO,R1.D01=SI;R1.D02=SI;R2.D01=SI;R2.D02=SI;R2.D03=NO,MUNICIPIO30213,MUNICIPIO_SIN_CN_TRAB,Si,No,30213,,Regla 2 coherente para validaciones implementadas.
GPA-001__R2-002__R1-001__0055,GPA-001__R2-002__R1-001,02_inputs_xml_flat/GPA-001__R2-002__R1-001__0055.xml,PASS,INFO,R1.D01=SI;R1.D02=SI;R2.D01=SI;R2.D02=SI;R2.D03=NO,MUNICIPIO30211,MUNICIPIO_SIN_CN_TRAB,Si,No,30211,,Regla 2 coherente para validaciones implementadas.
GPA-001__R2-002__R1-001__0056,GPA-001__R2-002__R1-001,02_inputs_xml_flat/GPA-001__R2-002__R1-001__0056.xml,PASS,INFO,R1.D01=SI;R1.D02=SI;R2.D01=SI;R2.D02=SI;R2.D03=NO,MUNICIPIO30212,MUNICIPIO_SIN_CN_TRAB,Si,No,30212,,Regla 2 coherente para validaciones implementadas.
GPA-001__R2-002__R1-001__0057,GPA-001__R2-002__R1-001,02_inputs_xml_flat/GPA-001__R2-002__R1-001__0057.xml,PASS,INFO,R1.D01=SI;R1.D02=SI;R2.D01=SI;R2.D02=SI;R2.D03=NO,MUNICIPIO30213,MUNICIPIO_SIN_CN_TRAB,Si,No,30213,,Regla 2 coherente para validaciones implementadas.
GPA-001__R2-002__R1-001__0058,GPA-001__R2-002__R1-001,02_inputs_xml_flat/GPA-001__R2-002__R1-001__0058.xml,PASS,INFO,R1.D01=SI;R1.D02=SI;R2.D01=SI;R2.D02=SI;R2.D03=NO,MUNICIPIO30211,MUNICIPIO_SIN_CN_TRAB,Si,No,30211,,Regla 2 coherente para validaciones implementadas.
GPA-001__R2-002__R1-001__0059,GPA-001__R2-002__R1-001,02_inputs_xml_flat/GPA-001__R2-002__R1-001__0059.xml,PASS,INFO,R1.D01=SI;R1.D02=SI;R2.D01=SI;R2.D02=SI;R2.D03=NO,MUNICIPIO30212,MUNICIPIO_SIN_CN_TRAB,Si,No,30212,,Regla 2 coherente para validaciones implementadas.
GPA-001__R2-002__R1-001__0060,GPA-001__R2-002__R1-001,02_inputs_xml_flat/GPA-001__R2-002__R1-001__0060.xml,PASS,INFO,R1.D01=SI;R1.D02=SI;R2.D01=SI;R2.D02=SI;R2.D03=NO,MUNICIPIO30213,MUNICIPIO_SIN_CN_TRAB,Si,No,30213,,Regla 2 coherente para validaciones implementadas.
GPA-001__R2-002__R1-001__0061,GPA-001__R2-002__R1-001,02_inputs_xml_flat/GPA-001__R2-002__R1-001__0061.xml,PASS,INFO,R1.D01=SI;R1.D02=SI;R2.D01=SI;R2.D02=SI;R2.D03=NO,MUNICIPIO30211,MUNICIPIO_SIN_CN_TRAB,Si,No,30211,,Regla 2 coherente para validaciones implementadas.
GPA-001__R2-002__R1-001__0062,GPA-001__R2-002__R1-001,02_inputs_xml_flat/GPA-001__R2-002__R1-001__0062.xml,PASS,INFO,R1.D01=SI;R1.D02=SI;R2.D01=SI;R2.D02=SI;R2.D03=NO,MUNICIPIO30212,MUNICIPIO_SIN_CN_TRAB,Si,No,30212,,Regla 2 coherente para validaciones implementadas.
GPA-001__R2-002__R1-001__0063,GPA-001__R2-002__R1-001,02_inputs_xml_flat/GPA-001__R2-002__R1-001__0063.xml,PASS,INFO,R1.D01=SI;R1.D02=SI;R2.D01=SI;R2.D02=SI;R2.D03=NO,MUNICIPIO30213,MUNICIPIO_SIN_CN_TRAB,Si,No,30213,,Regla 2 coherente para validaciones implementadas.
GPA-001__R2-002__R1-001__0064,GPA-001__R2-002__R1-001,02_inputs_xml_flat/GPA-001__R2-002__R1-001__0064.xml,PASS,INFO,R1.D01=SI;R1.D02=SI;R2.D01=SI;R2.D02=SI;R2.D03=NO,MUNICIPIO30211,MUNICIPIO_SIN_CN_TRAB,Si,No,30211,,Regla 2 coherente para validaciones implementadas.
GPA-001__R2-002__R1-001__0065,GPA-001__R2-002__R1-001,02_inputs_xml_flat/GPA-001__R2-002__R1-001__0065.xml,PASS,INFO,R1.D01=SI;R1.D02=SI;R2.D01=SI;R2.D02=SI;R2.D03=NO,MUNICIPIO30212,MUNICIPIO_SIN_CN_TRAB,Si,No,30212,,Regla 2 coherente para validaciones implementadas.
GPA-001__R2-002__R1-001__0066,GPA-001__R2-002__R1-001,02_inputs_xml_flat/GPA-001__R2-002__R1-001__0066.xml,PASS,INFO,R1.D01=SI;R1.D02=SI;R2.D01=SI;R2.D02=SI;R2.D03=NO,MUNICIPIO30213,MUNICIPIO_SIN_CN_TRAB,Si,No,30213,,Regla 2 coherente para validaciones implementadas.
GPA-001__R2-002__R1-001__0067,GPA-001__R2-002__R1-001,02_inputs_xml_flat/GPA-001__R2-002__R1-001__0067.xml,PASS,INFO,R1.D01=SI;R1.D02=SI;R2.D01=SI;R2.D02=SI;R2.D03=NO,MUNICIPIO30211,MUNICIPIO_SIN_CN_TRAB,Si,No,30211,,Regla 2 coherente para validaciones implementadas.
GPA-001__R2-002__R1-001__0068,GPA-001__R2-002__R1-001,02_inputs_xml_flat/GPA-001__R2-002__R1-001__0068.xml,PASS,INFO,R1.D01=SI;R1.D02=SI;R2.D01=SI;R2.D02=SI;R2.D03=NO,MUNICIPIO30212,MUNICIPIO_SIN_CN_TRAB,Si,No,30212,,Regla 2 coherente para validaciones implementadas.
GPA-001__R2-002__R1-001__0069,GPA-001__R2-002__R1-001,02_inputs_xml_flat/GPA-001__R2-002__R1-001__0069.xml,PASS,INFO,R1.D01=SI;R1.D02=SI;R2.D01=SI;R2.D02=SI;R2.D03=NO,MUNICIPIO30213,MUNICIPIO_SIN_CN_TRAB,Si,No,30213,,Regla 2 coherente para validaciones implementadas.
GPA-001__R2-002__R1-001__0070,GPA-001__R2-002__R1-001,02_inputs_xml_flat/GPA-001__R2-002__R1-001__0070.xml,PASS,INFO,R1.D01=SI;R1.D02=SI;R2.D01=SI;R2.D02=SI;R2.D03=NO,MUNICIPIO30211,MUNICIPIO_SIN_CN_TRAB,Si,No,30211,,Regla 2 coherente para validaciones implementadas.
GPA-001__R2-002__R1-001__0071,GPA-001__R2-002__R1-001,02_inputs_xml_flat/GPA-001__R2-002__R1-001__0071.xml,PASS,INFO,R1.D01=SI;R1.D02=SI;R2.D01=SI;R2.D02=SI;R2.D03=NO,MUNICIPIO30212,MUNICIPIO_SIN_CN_TRAB,Si,No,30212,,Regla 2 coherente para validaciones implementadas.
GPA-001__R2-002__R1-001__0072,GPA-001__R2-002__R1-001,02_inputs_xml_flat/GPA-001__R2-002__R1-001__0072.xml,PASS,INFO,R1.D01=SI;R1.D02=SI;R2.D01=SI;R2.D02=SI;R2.D03=NO,MUNICIPIO30213,MUNICIPIO_SIN_CN_TRAB,Si,No,30213,,Regla 2 coherente para validaciones implementadas.
GPA-001__R2-002__R1-001__0073,GPA-001__R2-002__R1-001,02_inputs_xml_flat/GPA-001__R2-002__R1-001__0073.xml,PASS,INFO,R1.D01=SI;R1.D02=SI;R2.D01=SI;R2.D02=SI;R2.D03=NO,MUNICIPIO30211,MUNICIPIO_SIN_CN_TRAB,Si,No,30211,,Regla 2 coherente para validaciones implementadas.
GPA-001__R2-002__R1-001__0074,GPA-001__R2-002__R1-001,02_inputs_xml_flat/GPA-001__R2-002__R1-001__0074.xml,PASS,INFO,R1.D01=SI;R1.D02=SI;R2.D01=SI;R2.D02=SI;R2.D03=NO,MUNICIPIO30212,MUNICIPIO_SIN_CN_TRAB,Si,No,30212,,Regla 2 coherente para validaciones implementadas.
GPA-001__R2-002__R1-001__0075,GPA-001__R2-002__R1-001,02_inputs_xml_flat/GPA-001__R2-002__R1-001__0075.xml,PASS,INFO,R1.D01=SI;R1.D02=SI;R2.D01=SI;R2.D02=SI;R2.D03=NO,MUNICIPIO30213,MUNICIPIO_SIN_CN_TRAB,Si,No,30213,,Regla 2 coherente para validaciones implementadas.
GPA-001__R2-002__R1-001__0076,GPA-001__R2-002__R1-001,02_inputs_xml_flat/GPA-001__R2-002__R1-001__0076.xml,PASS,INFO,R1.D01=SI;R1.D02=SI;R2.D01=SI;R2.D02=SI;R2.D03=NO,MUNICIPIO30211,MUNICIPIO_SIN_CN_TRAB,Si,No,30211,,Regla 2 coherente para validaciones implementadas.
GPA-001__R2-002__R1-001__0077,GPA-001__R2-002__R1-001,02_inputs_xml_flat/GPA-001__R2-002__R1-001__0077.xml,PASS,INFO,R1.D01=SI;R1.D02=SI;R2.D01=SI;R2.D02=SI;R2.D03=NO,MUNICIPIO30212,MUNICIPIO_SIN_CN_TRAB,Si,No,30212,,Regla 2 coherente para validaciones implementadas.
GPA-001__R2-002__R1-001__0078,GPA-001__R2-002__R1-001,02_inputs_xml_flat/GPA-001__R2-002__R1-001__0078.xml,PASS,INFO,R1.D01=SI;R1.D02=SI;R2.D01=SI;R2.D02=SI;R2.D03=NO,MUNICIPIO30213,MUNICIPIO_SIN_CN_TRAB,Si,No,30213,,Regla 2 coherente para validaciones implementadas.
GPA-001__R2-002__R1-001__0079,GPA-001__R2-002__R1-001,02_inputs_xml_flat/GPA-001__R2-002__R1-001__0079.xml,PASS,INFO,R1.D01=SI;R1.D02=SI;R2.D01=SI;R2.D02=SI;R2.D03=NO,MUNICIPIO30211,MUNICIPIO_SIN_CN_TRAB,Si,No,30211,,Regla 2 coherente para validaciones implementadas.
GPA-001__R2-002__R1-001__0080,GPA-001__R2-002__R1-001,02_inputs_xml_flat/GPA-001__R2-002__R1-001__0080.xml,PASS,INFO,R1.D01=SI;R1.D02=SI;R2.D01=SI;R2.D02=SI;R2.D03=NO,MUNICIPIO30212,MUNICIPIO_SIN_CN_TRAB,Si,No,30212,,Regla 2 coherente para validaciones implementadas.
GPA-001__R2-002__R1-001__0081,GPA-001__R2-002__R1-001,02_inputs_xml_flat/GPA-001__R2-002__R1-001__0081.xml,PASS,INFO,R1.D01=SI;R1.D02=SI;R2.D01=SI;R2.D02=SI;R2.D03=NO,MUNICIPIO30213,MUNICIPIO_SIN_CN_TRAB,Si,No,30213,,Regla 2 coherente para validaciones implementadas.
GPA-001__R2-002__R1-001__0082,GPA-001__R2-002__R1-001,02_inputs_xml_flat/GPA-001__R2-002__R1-001__0082.xml,PASS,INFO,R1.D01=SI;R1.D02=SI;R2.D01=SI;R2.D02=SI;R2.D03=NO,MUNICIPIO30211,MUNICIPIO_SIN_CN_TRAB,Si,No,30211,,Regla 2 coherente para validaciones implementadas.
GPA-001__R2-002__R1-001__0083,GPA-001__R2-002__R1-001,02_inputs_xml_flat/GPA-001__R2-002__R1-001__0083.xml,PASS,INFO,R1.D01=SI;R1.D02=SI;R2.D01=SI;R2.D02=SI;R2.D03=NO,MUNICIPIO30212,MUNICIPIO_SIN_CN_TRAB,Si,No,30212,,Regla 2 coherente para validaciones implementadas.
GPA-001__R2-002__R1-001__0084,GPA-001__R2-002__R1-001,02_inputs_xml_flat/GPA-001__R2-002__R1-001__0084.xml,PASS,INFO,R1.D01=SI;R1.D02=SI;R2.D01=SI;R2.D02=SI;R2.D03=NO,MUNICIPIO30213,MUNICIPIO_SIN_CN_TRAB,Si,No,30213,,Regla 2 coherente para validaciones implementadas.
GPA-001__R2-002__R1-001__0085,GPA-001__R2-002__R1-001,02_inputs_xml_flat/GPA-001__R2-002__R1-001__0085.xml,PASS,INFO,R1.D01=SI;R1.D02=SI;R2.D01=SI;R2.D02=SI;R2.D03=NO,MUNICIPIO30211,MUNICIPIO_SIN_CN_TRAB,Si,No,30211,,Regla 2 coherente para validaciones implementadas.
GPA-001__R2-002__R1-001__0086,GPA-001__R2-002__R1-001,02_inputs_xml_flat/GPA-001__R2-002__R1-001__0086.xml,PASS,INFO,R1.D01=SI;R1.D02=SI;R2.D01=SI;R2.D02=SI;R2.D03=NO,MUNICIPIO30212,MUNICIPIO_SIN_CN_TRAB,Si,No,30212,,Regla 2 coherente para validaciones implementadas.
GPA-001__R2-002__R1-001__0087,GPA-001__R2-002__R1-001,02_inputs_xml_flat/GPA-001__R2-002__R1-001__0087.xml,PASS,INFO,R1.D01=SI;R1.D02=SI;R2.D01=SI;R2.D02=SI;R2.D03=NO,MUNICIPIO30213,MUNICIPIO_SIN_CN_TRAB,Si,No,30213,,Regla 2 coherente para validaciones implementadas.
GPA-001__R2-002__R1-001__0088,GPA-001__R2-002__R1-001,02_inputs_xml_flat/GPA-001__R2-002__R1-001__0088.xml,PASS,INFO,R1.D01=SI;R1.D02=SI;R2.D01=SI;R2.D02=SI;R2.D03=NO,MUNICIPIO30211,MUNICIPIO_SIN_CN_TRAB,Si,No,30211,,Regla 2 coherente para validaciones implementadas.
GPA-001__R2-002__R1-001__0089,GPA-001__R2-002__R1-001,02_inputs_xml_flat/GPA-001__R2-002__R1-001__0089.xml,PASS,INFO,R1.D01=SI;R1.D02=SI;R2.D01=SI;R2.D02=SI;R2.D03=NO,MUNICIPIO30212,MUNICIPIO_SIN_CN_TRAB,Si,No,30212,,Regla 2 coherente para validaciones implementadas.
GPA-001__R2-002__R1-001__0090,GPA-001__R2-002__R1-001,02_inputs_xml_flat/GPA-001__R2-002__R1-001__0090.xml,PASS,INFO,R1.D01=SI;R1.D02=SI;R2.D01=SI;R2.D02=SI;R2.D03=NO,MUNICIPIO30213,MUNICIPIO_SIN_CN_TRAB,Si,No,30213,,Regla 2 coherente para validaciones implementadas.
GPA-001__R2-002__R1-001__0091,GPA-001__R2-002__R1-001,02_inputs_xml_flat/GPA-001__R2-002__R1-001__0091.xml,PASS,INFO,R1.D01=SI;R1.D02=SI;R2.D01=SI;R2.D02=SI;R2.D03=NO,MUNICIPIO30211,MUNICIPIO_SIN_CN_TRAB,Si,No,30211,,Regla 2 coherente para validaciones implementadas.
GPA-001__R2-002__R1-001__0092,GPA-001__R2-002__R1-001,02_inputs_xml_flat/GPA-001__R2-002__R1-001__0092.xml,PASS,INFO,R1.D01=SI;R1.D02=SI;R2.D01=SI;R2.D02=SI;R2.D03=NO,MUNICIPIO30212,MUNICIPIO_SIN_CN_TRAB,Si,No,30212,,Regla 2 coherente para validaciones implementadas.
GPA-001__R2-002__R1-001__0093,GPA-001__R2-002__R1-001,02_inputs_xml_flat/GPA-001__R2-002__R1-001__0093.xml,PASS,INFO,R1.D01=SI;R1.D02=SI;R2.D01=SI;R2.D02=SI;R2.D03=NO,MUNICIPIO30213,MUNICIPIO_SIN_CN_TRAB,Si,No,30213,,Regla 2 coherente para validaciones implementadas.
GPA-001__R2-002__R1-001__0094,GPA-001__R2-002__R1-001,02_inputs_xml_flat/GPA-001__R2-002__R1-001__0094.xml,PASS,INFO,R1.D01=SI;R1.D02=SI;R2.D01=SI;R2.D02=SI;R2.D03=NO,MUNICIPIO30211,MUNICIPIO_SIN_CN_TRAB,Si,No,30211,,Regla 2 coherente para validaciones implementadas.
GPA-001__R2-002__R1-001__0095,GPA-001__R2-002__R1-001,02_inputs_xml_flat/GPA-001__R2-002__R1-001__0095.xml,PASS,INFO,R1.D01=SI;R1.D02=SI;R2.D01=SI;R2.D02=SI;R2.D03=NO,MUNICIPIO30212,MUNICIPIO_SIN_CN_TRAB,Si,No,30212,,Regla 2 coherente para validaciones implementadas.
GPA-001__R2-002__R1-001__0096,GPA-001__R2-002__R1-001,02_inputs_xml_flat/GPA-001__R2-002__R1-001__0096.xml,PASS,INFO,R1.D01=SI;R1.D02=SI;R2.D01=SI;R2.D02=SI;R2.D03=NO,MUNICIPIO30213,MUNICIPIO_SIN_CN_TRAB,Si,No,30213,,Regla 2 coherente para validaciones implementadas.
GPA-001__R2-002__R1-001__0097,GPA-001__R2-002__R1-001,02_inputs_xml_flat/GPA-001__R2-002__R1-001__0097.xml,PASS,INFO,R1.D01=SI;R1.D02=SI;R2.D01=SI;R2.D02=SI;R2.D03=NO,MUNICIPIO30211,MUNICIPIO_SIN_CN_TRAB,Si,No,30211,,Regla 2 coherente para validaciones implementadas.
GPA-001__R2-002__R1-001__0098,GPA-001__R2-002__R1-001,02_inputs_xml_flat/GPA-001__R2-002__R1-001__0098.xml,PASS,INFO,R1.D01=SI;R1.D02=SI;R2.D01=SI;R2.D02=SI;R2.D03=NO,MUNICIPIO30212,MUNICIPIO_SIN_CN_TRAB,Si,No,30212,,Regla 2 coherente para validaciones implementadas.
GPA-001__R2-002__R1-001__0099,GPA-001__R2-002__R1-001,02_inputs_xml_flat/GPA-001__R2-002__R1-001__0099.xml,PASS,INFO,R1.D01=SI;R1.D02=SI;R2.D01=SI;R2.D02=SI;R2.D03=NO,MUNICIPIO30213,MUNICIPIO_SIN_CN_TRAB,Si,No,30213,,Regla 2 coherente para validaciones implementadas.
GPA-001__R2-002__R1-001__0100,GPA-001__R2-002__R1-001,02_inputs_xml_flat/GPA-001__R2-002__R1-001__0100.xml,PASS,INFO,R1.D01=SI;R1.D02=SI;R2.D01=SI;R2.D02=SI;R2.D03=NO,MUNICIPIO30211,MUNICIPIO_SIN_CN_TRAB,Si,No,30211,,Regla 2 coherente para validaciones implementadas.
GPA-001__R2-002__R1-001__0101,GPA-001__R2-002__R1-001,02_inputs_xml_flat/GPA-001__R2-002__R1-001__0101.xml,PASS,INFO,R1.D01=SI;R1.D02=SI;R2.D01=SI;R2.D02=SI;R2.D03=NO,MUNICIPIO30212,MUNICIPIO_SIN_CN_TRAB,Si,No,30212,,Regla 2 coherente para validaciones implementadas.
GPA-001__R2-002__R1-001__0102,GPA-001__R2-002__R1-001,02_inputs_xml_flat/GPA-001__R2-002__R1-001__0102.xml,PASS,INFO,R1.D01=SI;R1.D02=SI;R2.D01=SI;R2.D02=SI;R2.D03=NO,MUNICIPIO30213,MUNICIPIO_SIN_CN_TRAB,Si,No,30213,,Regla 2 coherente para validaciones implementadas.
GPA-001__R2-002__R1-001__0103,GPA-001__R2-002__R1-001,02_inputs_xml_flat/GPA-001__R2-002__R1-001__0103.xml,PASS,INFO,R1.D01=SI;R1.D02=SI;R2.D01=SI;R2.D02=SI;R2.D03=NO,MUNICIPIO30211,MUNICIPIO_SIN_CN_TRAB,Si,No,30211,,Regla 2 coherente para validaciones implementadas.
GPA-001__R2-002__R1-001__0104,GPA-001__R2-002__R1-001,02_inputs_xml_flat/GPA-001__R2-002__R1-001__0104.xml,PASS,INFO,R1.D01=SI;R1.D02=SI;R2.D01=SI;R2.D02=SI;R2.D03=NO,MUNICIPIO30212,MUNICIPIO_SIN_CN_TRAB,Si,No,30212,,Regla 2 coherente para validaciones implementadas.
GPA-001__R2-002__R1-001__0105,GPA-001__R2-002__R1-001,02_inputs_xml_flat/GPA-001__R2-002__R1-001__0105.xml,PASS,INFO,R1.D01=SI;R1.D02=SI;R2.D01=SI;R2.D02=SI;R2.D03=NO,MUNICIPIO30213,MUNICIPIO_SIN_CN_TRAB,Si,No,30213,,Regla 2 coherente para validaciones implementadas.
GPA-001__R2-002__R1-001__0106,GPA-001__R2-002__R1-001,02_inputs_xml_flat/GPA-001__R2-002__R1-001__0106.xml,PASS,INFO,R1.D01=SI;R1.D02=SI;R2.D01=SI;R2.D02=SI;R2.D03=NO,MUNICIPIO30211,MUNICIPIO_SIN_CN_TRAB,Si,No,30211,,Regla 2 coherente para validaciones implementadas.
GPA-001__R2-002__R1-001__0107,GPA-001__R2-002__R1-001,02_inputs_xml_flat/GPA-001__R2-002__R1-001__0107.xml,PASS,INFO,R1.D01=SI;R1.D02=SI;R2.D01=SI;R2.D02=SI;R2.D03=NO,MUNICIPIO30212,MUNICIPIO_SIN_CN_TRAB,Si,No,30212,,Regla 2 coherente para validaciones implementadas.
GPA-001__R2-002__R1-001__0108,GPA-001__R2-002__R1-001,02_inputs_xml_flat/GPA-001__R2-002__R1-001__0108.xml,PASS,INFO,R1.D01=SI;R1.D02=SI;R2.D01=SI;R2.D02=SI;R2.D03=NO,MUNICIPIO30213,MUNICIPIO_SIN_CN_TRAB,Si,No,30213,,Regla 2 coherente para validaciones implementadas.
GPA-001__R2-002__R1-001__0109,GPA-001__R2-002__R1-001,02_inputs_xml_flat/GPA-001__R2-002__R1-001__0109.xml,PASS,INFO,R1.D01=SI;R1.D02=SI;R2.D01=SI;R2.D02=SI;R2.D03=NO,MUNICIPIO30211,MUNICIPIO_SIN_CN_TRAB,Si,No,30211,,Regla 2 coherente para validaciones implementadas.
GPA-001__R2-002__R1-001__0110,GPA-001__R2-002__R1-001,02_inputs_xml_flat/GPA-001__R2-002__R1-001__0110.xml,PASS,INFO,R1.D01=SI;R1.D02=SI;R2.D01=SI;R2.D02=SI;R2.D03=NO,MUNICIPIO30212,MUNICIPIO_SIN_CN_TRAB,Si,No,30212,,Regla 2 coherente para validaciones implementadas.
GPA-001__R2-002__R1-001__0111,GPA-001__R2-002__R1-001,02_inputs_xml_flat/GPA-001__R2-002__R1-001__0111.xml,PASS,INFO,R1.D01=SI;R1.D02=SI;R2.D01=SI;R2.D02=SI;R2.D03=NO,MUNICIPIO30213,MUNICIPIO_SIN_CN_TRAB,Si,No,30213,,Regla 2 coherente para validaciones implementadas.
GPA-001__R2-002__R1-001__0112,GPA-001__R2-002__R1-001,02_inputs_xml_flat/GPA-001__R2-002__R1-001__0112.xml,PASS,INFO,R1.D01=SI;R1.D02=SI;R2.D01=SI;R2.D02=SI;R2.D03=NO,MUNICIPIO30211,MUNICIPIO_SIN_CN_TRAB,Si,No,30211,,Regla 2 coherente para validaciones implementadas.
GPA-001__R2-002__R1-001__0113,GPA-001__R2-002__R1-001,02_inputs_xml_flat/GPA-001__R2-002__R1-001__0113.xml,PASS,INFO,R1.D01=SI;R1.D02=SI;R2.D01=SI;R2.D02=SI;R2.D03=NO,MUNICIPIO30212,MUNICIPIO_SIN_CN_TRAB,Si,No,30212,,Regla 2 coherente para validaciones implementadas.
GPA-001__R2-002__R1-001__0114,GPA-001__R2-002__R1-001,02_inputs_xml_flat/GPA-001__R2-002__R1-001__0114.xml,PASS,INFO,R1.D01=SI;R1.D02=SI;R2.D01=SI;R2.D02=SI;R2.D03=NO,MUNICIPIO30213,MUNICIPIO_SIN_CN_TRAB,Si,No,30213,,Regla 2 coherente para validaciones implementadas.
GPA-001__R2-002__R1-001__0115,GPA-001__R2-002__R1-001,02_inputs_xml_flat/GPA-001__R2-002__R1-001__0115.xml,PASS,INFO,R1.D01=SI;R1.D02=SI;R2.D01=SI;R2.D02=SI;R2.D03=NO,MUNICIPIO30211,MUNICIPIO_SIN_CN_TRAB,Si,No,30211,,Regla 2 coherente para validaciones implementadas.
GPA-001__R2-002__R1-001__0116,GPA-001__R2-002__R1-001,02_inputs_xml_flat/GPA-001__R2-002__R1-001__0116.xml,PASS,INFO,R1.D01=SI;R1.D02=SI;R2.D01=SI;R2.D02=SI;R2.D03=NO,MUNICIPIO30212,MUNICIPIO_SIN_CN_TRAB,Si,No,30212,,Regla 2 coherente para validaciones implementadas.
GPA-001__R2-002__R1-001__0117,GPA-001__R2-002__R1-001,02_inputs_xml_flat/GPA-001__R2-002__R1-001__0117.xml,PASS,INFO,R1.D01=SI;R1.D02=SI;R2.D01=SI;R2.D02=SI;R2.D03=NO,MUNICIPIO30213,MUNICIPIO_SIN_CN_TRAB,Si,No,30213,,Regla 2 coherente para validaciones implementadas.
GPA-001__R2-002__R1-001__0118,GPA-001__R2-002__R1-001,02_inputs_xml_flat/GPA-001__R2-002__R1-001__0118.xml,PASS,INFO,R1.D01=SI;R1.D02=SI;R2.D01=SI;R2.D02=SI;R2.D03=NO,MUNICIPIO30211,MUNICIPIO_SIN_CN_TRAB,Si,No,30211,,Regla 2 coherente para validaciones implementadas.
GPA-001__R2-002__R1-001__0119,GPA-001__R2-002__R1-001,02_inputs_xml_flat/GPA-001__R2-002__R1-001__0119.xml,PASS,INFO,R1.D01=SI;R1.D02=SI;R2.D01=SI;R2.D02=SI;R2.D03=NO,MUNICIPIO30212,MUNICIPIO_SIN_CN_TRAB,Si,No,30212,,Regla 2 coherente para validaciones implementadas.
GPA-001__R2-002__R1-001__0120,GPA-001__R2-002__R1-001,02_inputs_xml_flat/GPA-001__R2-002__R1-001__0120.xml,PASS,INFO,R1.D01=SI;R1.D02=SI;R2.D01=SI;R2.D02=SI;R2.D03=NO,MUNICIPIO30213,MUNICIPIO_SIN_CN_TRAB,Si,No,30213,,Regla 2 coherente para validaciones implementadas.
GPA-001__R2-002__R1-001__0121,GPA-001__R2-002__R1-001,02_inputs_xml_flat/GPA-001__R2-002__R1-001__0121.xml,PASS,INFO,R1.D01=SI;R1.D02=SI;R2.D01=SI;R2.D02=SI;R2.D03=NO,MUNICIPIO30211,MUNICIPIO_SIN_CN_TRAB,Si,No,30211,,Regla 2 coherente para validaciones implementadas.
GPA-001__R2-002__R1-001__0122,GPA-001__R2-002__R1-001,02_inputs_xml_flat/GPA-001__R2-002__R1-001__0122.xml,PASS,INFO,R1.D01=SI;R1.D02=SI;R2.D01=SI;R2.D02=SI;R2.D03=NO,MUNICIPIO30212,MUNICIPIO_SIN_CN_TRAB,Si,No,30212,,Regla 2 coherente para validaciones implementadas.
GPA-001__R2-002__R1-001__0123,GPA-001__R2-002__R1-001,02_inputs_xml_flat/GPA-001__R2-002__R1-001__0123.xml,PASS,INFO,R1.D01=SI;R1.D02=SI;R2.D01=SI;R2.D02=SI;R2.D03=NO,MUNICIPIO30213,MUNICIPIO_SIN_CN_TRAB,Si,No,30213,,Regla 2 coherente para validaciones implementadas.
GPA-001__R2-002__R1-001__0124,GPA-001__R2-002__R1-001,02_inputs_xml_flat/GPA-001__R2-002__R1-001__0124.xml,PASS,INFO,R1.D01=SI;R1.D02=SI;R2.D01=SI;R2.D02=SI;R2.D03=NO,MUNICIPIO30211,MUNICIPIO_SIN_CN_TRAB,Si,No,30211,,Regla 2 coherente para validaciones implementadas.
GPA-001__R2-002__R1-001__0125,GPA-001__R2-002__R1-001,02_inputs_xml_flat/GPA-001__R2-002__R1-001__0125.xml,PASS,INFO,R1.D01=SI;R1.D02=SI;R2.D01=SI;R2.D02=SI;R2.D03=NO,MUNICIPIO30212,MUNICIPIO_SIN_CN_TRAB,Si,No,30212,,Regla 2 coherente para validaciones implementadas.
GPA-001__R2-002__R1-001__0126,GPA-001__R2-002__R1-001,02_inputs_xml_flat/GPA-001__R2-002__R1-001__0126.xml,PASS,INFO,R1.D01=SI;R1.D02=SI;R2.D01=SI;R2.D02=SI;R2.D03=NO,MUNICIPIO30213,MUNICIPIO_SIN_CN_TRAB,Si,No,30213,,Regla 2 coherente para validaciones implementadas.
GPA-001__R2-002__R1-001__0127,GPA-001__R2-002__R1-001,02_inputs_xml_flat/GPA-001__R2-002__R1-001__0127.xml,PASS,INFO,R1.D01=SI;R1.D02=SI;R2.D01=SI;R2.D02=SI;R2.D03=NO,MUNICIPIO30211,MUNICIPIO_SIN_CN_TRAB,Si,No,30211,,Regla 2 coherente para validaciones implementadas.
GPA-001__R2-002__R1-001__0128,GPA-001__R2-002__R1-001,02_inputs_xml_flat/GPA-001__R2-002__R1-001__0128.xml,PASS,INFO,R1.D01=SI;R1.D02=SI;R2.D01=SI;R2.D02=SI;R2.D03=NO,MUNICIPIO30212,MUNICIPIO_SIN_CN_TRAB,Si,No,30212,,Regla 2 coherente para validaciones implementadas.
GPA-001__R2-002__R1-001__0129,GPA-001__R2-002__R1-001,02_inputs_xml_flat/GPA-001__R2-002__R1-001__0129.xml,PASS,INFO,R1.D01=SI;R1.D02=SI;R2.D01=SI;R2.D02=SI;R2.D03=NO,MUNICIPIO30213,MUNICIPIO_SIN_CN_TRAB,Si,No,30213,,Regla 2 coherente para validaciones implementadas.
GPA-001__R2-002__R1-001__0130,GPA-001__R2-002__R1-001,02_inputs_xml_flat/GPA-001__R2-002__R1-001__0130.xml,PASS,INFO,R1.D01=SI;R1.D02=SI;R2.D01=SI;R2.D02=SI;R2.D03=NO,MUNICIPIO30211,MUNICIPIO_SIN_CN_TRAB,Si,No,30211,,Regla 2 coherente para validaciones implementadas.
GPA-001__R2-002__R1-001__0131,GPA-001__R2-002__R1-001,02_inputs_xml_flat/GPA-001__R2-002__R1-001__0131.xml,PASS,INFO,R1.D01=SI;R1.D02=SI;R2.D01=SI;R2.D02=SI;R2.D03=NO,MUNICIPIO30212,MUNICIPIO_SIN_CN_TRAB,Si,No,30212,,Regla 2 coherente para validaciones implementadas.
GPA-001__R2-002__R1-001__0132,GPA-001__R2-002__R1-001,02_inputs_xml_flat/GPA-001__R2-002__R1-001__0132.xml,PASS,INFO,R1.D01=SI;R1.D02=SI;R2.D01=SI;R2.D02=SI;R2.D03=NO,MUNICIPIO30213,MUNICIPIO_SIN_CN_TRAB,Si,No,30213,,Regla 2 coherente para validaciones implementadas.
GPA-001__R2-002__R1-001__0133,GPA-001__R2-002__R1-001,02_inputs_xml_flat/GPA-001__R2-002__R1-001__0133.xml,PASS,INFO,R1.D01=SI;R1.D02=SI;R2.D01=SI;R2.D02=SI;R2.D03=NO,MUNICIPIO30211,MUNICIPIO_SIN_CN_TRAB,Si,No,30211,,Regla 2 coherente para validaciones implementadas.
GPA-001__R2-002__R1-001__0134,GPA-001__R2-002__R1-001,02_inputs_xml_flat/GPA-001__R2-002__R1-001__0134.xml,PASS,INFO,R1.D01=SI;R1.D02=SI;R2.D01=SI;R2.D02=SI;R2.D03=NO,MUNICIPIO30212,MUNICIPIO_SIN_CN_TRAB,Si,No,30212,,Regla 2 coherente para validaciones implementadas.
GPA-001__R2-002__R1-001__0135,GPA-001__R2-002__R1-001,02_inputs_xml_flat/GPA-001__R2-002__R1-001__0135.xml,PASS,INFO,R1.D01=SI;R1.D02=SI;R2.D01=SI;R2.D02=SI;R2.D03=NO,MUNICIPIO30213,MUNICIPIO_SIN_CN_TRAB,Si,No,30213,,Regla 2 coherente para validaciones implementadas.
GPA-001__R2-002__R1-001__0136,GPA-001__R2-002__R1-001,02_inputs_xml_flat/GPA-001__R2-002__R1-001__0136.xml,PASS,INFO,R1.D01=SI;R1.D02=SI;R2.D01=SI;R2.D02=SI;R2.D03=NO,MUNICIPIO30211,MUNICIPIO_SIN_CN_TRAB,Si,No,30211,,Regla 2 coherente para validaciones implementadas.
GPA-001__R2-002__R1-001__0137,GPA-001__R2-002__R1-001,02_inputs_xml_flat/GPA-001__R2-002__R1-001__0137.xml,PASS,INFO,R1.D01=SI;R1.D02=SI;R2.D01=SI;R2.D02=SI;R2.D03=NO,MUNICIPIO30212,MUNICIPIO_SIN_CN_TRAB,Si,No,30212,,Regla 2 coherente para validaciones implementadas.
GPA-001__R2-002__R1-001__0138,GPA-001__R2-002__R1-001,02_inputs_xml_flat/GPA-001__R2-002__R1-001__0138.xml,PASS,INFO,R1.D01=SI;R1.D02=SI;R2.D01=SI;R2.D02=SI;R2.D03=NO,MUNICIPIO30213,MUNICIPIO_SIN_CN_TRAB,Si,No,30213,,Regla 2 coherente para validaciones implementadas.
GPA-001__R2-002__R1-001__0139,GPA-001__R2-002__R1-001,02_inputs_xml_flat/GPA-001__R2-002__R1-001__0139.xml,PASS,INFO,R1.D01=SI;R1.D02=SI;R2.D01=SI;R2.D02=SI;R2.D03=NO,MUNICIPIO30211,MUNICIPIO_SIN_CN_TRAB,Si,No,30211,,Regla 2 coherente para validaciones implementadas.
GPA-001__R2-002__R1-001__0140,GPA-001__R2-002__R1-001,02_inputs_xml_flat/GPA-001__R2-002__R1-001__0140.xml,PASS,INFO,R1.D01=SI;R1.D02=SI;R2.D01=SI;R2.D02=SI;R2.D03=NO,MUNICIPIO30212,MUNICIPIO_SIN_CN_TRAB,Si,No,30212,,Regla 2 coherente para validaciones implementadas.
GPA-001__R2-002__R1-001__0141,GPA-001__R2-002__R1-001,02_inputs_xml_flat/GPA-001__R2-002__R1-001__0141.xml,PASS,INFO,R1.D01=SI;R1.D02=SI;R2.D01=SI;R2.D02=SI;R2.D03=NO,MUNICIPIO30213,MUNICIPIO_SIN_CN_TRAB,Si,No,30213,,Regla 2 coherente para validaciones implementadas.
GPA-001__R2-002__R1-001__0142,GPA-001__R2-002__R1-001,02_inputs_xml_flat/GPA-001__R2-002__R1-001__0142.xml,PASS,INFO,R1.D01=SI;R1.D02=SI;R2.D01=SI;R2.D02=SI;R2.D03=NO,MUNICIPIO30211,MUNICIPIO_SIN_CN_TRAB,Si,No,30211,,Regla 2 coherente para validaciones implementadas.
GPA-001__R2-002__R1-001__0143,GPA-001__R2-002__R1-001,02_inputs_xml_flat/GPA-001__R2-002__R1-001__0143.xml,PASS,INFO,R1.D01=SI;R1.D02=SI;R2.D01=SI;R2.D02=SI;R2.D03=NO,MUNICIPIO30212,MUNICIPIO_SIN_CN_TRAB,Si,No,30212,,Regla 2 coherente para validaciones implementadas.
GPA-001__R2-002__R1-001__0144,GPA-001__R2-002__R1-001,02_inputs_xml_flat/GPA-001__R2-002__R1-001__0144.xml,PASS,INFO,R1.D01=SI;R1.D02=SI;R2.D01=SI;R2.D02=SI;R2.D03=NO,MUNICIPIO30213,MUNICIPIO_SIN_CN_TRAB,Si,No,30213,,Regla 2 coherente para validaciones implementadas.
GPA-001__R2-002__R1-001__0145,GPA-001__R2-002__R1-001,02_inputs_xml_flat/GPA-001__R2-002__R1-001__0145.xml,PASS,INFO,R1.D01=SI;R1.D02=SI;R2.D01=SI;R2.D02=SI;R2.D03=NO,MUNICIPIO30211,MUNICIPIO_SIN_CN_TRAB,Si,No,30211,,Regla 2 coherente para validaciones implementadas.
GPA-001__R2-002__R1-001__0146,GPA-001__R2-002__R1-001,02_inputs_xml_flat/GPA-001__R2-002__R1-001__0146.xml,PASS,INFO,R1.D01=SI;R1.D02=SI;R2.D01=SI;R2.D02=SI;R2.D03=NO,MUNICIPIO30212,MUNICIPIO_SIN_CN_TRAB,Si,No,30212,,Regla 2 coherente para validaciones implementadas.
GPA-001__R2-002__R1-001__0147,GPA-001__R2-002__R1-001,02_inputs_xml_flat/GPA-001__R2-002__R1-001__0147.xml,PASS,INFO,R1.D01=SI;R1.D02=SI;R2.D01=SI;R2.D02=SI;R2.D03=NO,MUNICIPIO30213,MUNICIPIO_SIN_CN_TRAB,Si,No,30213,,Regla 2 coherente para validaciones implementadas.
GPA-001__R2-002__R1-001__0148,GPA-001__R2-002__R1-001,02_inputs_xml_flat/GPA-001__R2-002__R1-001__0148.xml,PASS,INFO,R1.D01=SI;R1.D02=SI;R2.D01=SI;R2.D02=SI;R2.D03=NO,MUNICIPIO30211,MUNICIPIO_SIN_CN_TRAB,Si,No,30211,,Regla 2 coherente para validaciones implementadas.
GPA-001__R2-002__R1-001__0149,GPA-001__R2-002__R1-001,02_inputs_xml_flat/GPA-001__R2-002__R1-001__0149.xml,PASS,INFO,R1.D01=SI;R1.D02=SI;R2.D01=SI;R2.D02=SI;R2.D03=NO,MUNICIPIO30212,MUNICIPIO_SIN_CN_TRAB,Si,No,30212,,Regla 2 coherente para validaciones implementadas.
GPA-001__R2-002__R1-001__0150,GPA-001__R2-002__R1-001,02_inputs_xml_flat/GPA-001__R2-002__R1-001__0150.xml,PASS,INFO,R1.D01=SI;R1.D02=SI;R2.D01=SI;R2.D02=SI;R2.D03=NO,MUNICIPIO30213,MUNICIPIO_SIN_CN_TRAB,Si,No,30213,,Regla 2 coherente para validaciones implementadas.
GPA-001__R2-002__R1-001__0151,GPA-001__R2-002__R1-001,02_inputs_xml_flat/GPA-001__R2-002__R1-001__0151.xml,PASS,INFO,R1.D01=SI;R1.D02=SI;R2.D01=SI;R2.D02=SI;R2.D03=NO,MUNICIPIO30211,MUNICIPIO_SIN_CN_TRAB,Si,No,30211,,Regla 2 coherente para validaciones implementadas.
GPA-001__R2-002__R1-001__0152,GPA-001__R2-002__R1-001,02_inputs_xml_flat/GPA-001__R2-002__R1-001__0152.xml,PASS,INFO,R1.D01=SI;R1.D02=SI;R2.D01=SI;R2.D02=SI;R2.D03=NO,MUNICIPIO30212,MUNICIPIO_SIN_CN_TRAB,Si,No,30212,,Regla 2 coherente para validaciones implementadas.
GPA-001__R2-002__R1-001__0153,GPA-001__R2-002__R1-001,02_inputs_xml_flat/GPA-001__R2-002__R1-001__0153.xml,PASS,INFO,R1.D01=SI;R1.D02=SI;R2.D01=SI;R2.D02=SI;R2.D03=NO,MUNICIPIO30213,MUNICIPIO_SIN_CN_TRAB,Si,No,30213,,Regla 2 coherente para validaciones implementadas.
GPA-001__R2-002__R1-001__0154,GPA-001__R2-002__R1-001,02_inputs_xml_flat/GPA-001__R2-002__R1-001__0154.xml,PASS,INFO,R1.D01=SI;R1.D02=SI;R2.D01=SI;R2.D02=SI;R2.D03=NO,MUNICIPIO30211,MUNICIPIO_SIN_CN_TRAB,Si,No,30211,,Regla 2 coherente para validaciones implementadas.
GPA-001__R2-002__R1-001__0155,GPA-001__R2-002__R1-001,02_inputs_xml_flat/GPA-001__R2-002__R1-001__0155.xml,PASS,INFO,R1.D01=SI;R1.D02=SI;R2.D01=SI;R2.D02=SI;R2.D03=NO,MUNICIPIO30212,MUNICIPIO_SIN_CN_TRAB,Si,No,30212,,Regla 2 coherente para validaciones implementadas.
GPA-001__R2-002__R1-001__0156,GPA-001__R2-002__R1-001,02_inputs_xml_flat/GPA-001__R2-002__R1-001__0156.xml,PASS,INFO,R1.D01=SI;R1.D02=SI;R2.D01=SI;R2.D02=SI;R2.D03=NO,MUNICIPIO30213,MUNICIPIO_SIN_CN_TRAB,Si,No,30213,,Regla 2 coherente para validaciones implementadas.
GPA-001__R2-002__R1-001__0157,GPA-001__R2-002__R1-001,02_inputs_xml_flat/GPA-001__R2-002__R1-001__0157.xml,PASS,INFO,R1.D01=SI;R1.D02=SI;R2.D01=SI;R2.D02=SI;R2.D03=NO,MUNICIPIO30211,MUNICIPIO_SIN_CN_TRAB,Si,No,30211,,Regla 2 coherente para validaciones implementadas.
GPA-001__R2-002__R1-001__0158,GPA-001__R2-002__R1-001,02_inputs_xml_flat/GPA-001__R2-002__R1-001__0158.xml,PASS,INFO,R1.D01=SI;R1.D02=SI;R2.D01=SI;R2.D02=SI;R2.D03=NO,MUNICIPIO30212,MUNICIPIO_SIN_CN_TRAB,Si,No,30212,,Regla 2 coherente para validaciones implementadas.
GPA-001__R2-002__R1-001__0159,GPA-001__R2-002__R1-001,02_inputs_xml_flat/GPA-001__R2-002__R1-001__0159.xml,PASS,INFO,R1.D01=SI;R1.D02=SI;R2.D01=SI;R2.D02=SI;R2.D03=NO,MUNICIPIO30213,MUNICIPIO_SIN_CN_TRAB,Si,No,30213,,Regla 2 coherente para validaciones implementadas.
GPA-001__R2-002__R1-001__0160,GPA-001__R2-002__R1-001,02_inputs_xml_flat/GPA-001__R2-002__R1-001__0160.xml,PASS,INFO,R1.D01=SI;R1.D02=SI;R2.D01=SI;R2.D02=SI;R2.D03=NO,MUNICIPIO30211,MUNICIPIO_SIN_CN_TRAB,Si,No,30211,,Regla 2 coherente para validaciones implementadas.
GPA-001__R2-002__R1-001__0161,GPA-001__R2-002__R1-001,02_inputs_xml_flat/GPA-001__R2-002__R1-001__0161.xml,PASS,INFO,R1.D01=SI;R1.D02=SI;R2.D01=SI;R2.D02=SI;R2.D03=NO,MUNICIPIO30212,MUNICIPIO_SIN_CN_TRAB,Si,No,30212,,Regla 2 coherente para validaciones implementadas.
GPA-001__R2-002__R1-001__0162,GPA-001__R2-002__R1-001,02_inputs_xml_flat/GPA-001__R2-002__R1-001__0162.xml,PASS,INFO,R1.D01=SI;R1.D02=SI;R2.D01=SI;R2.D02=SI;R2.D03=NO,MUNICIPIO30213,MUNICIPIO_SIN_CN_TRAB,Si,No,30213,,Regla 2 coherente para validaciones implementadas.
GPA-001__R2-002__R1-001__0163,GPA-001__R2-002__R1-001,02_inputs_xml_flat/GPA-001__R2-002__R1-001__0163.xml,PASS,INFO,R1.D01=SI;R1.D02=SI;R2.D01=SI;R2.D02=SI;R2.D03=NO,MUNICIPIO30211,MUNICIPIO_SIN_CN_TRAB,Si,No,30211,,Regla 2 coherente para validaciones implementadas.
GPA-001__R2-002__R1-001__0164,GPA-001__R2-002__R1-001,02_inputs_xml_flat/GPA-001__R2-002__R1-001__0164.xml,PASS,INFO,R1.D01=SI;R1.D02=SI;R2.D01=SI;R2.D02=SI;R2.D03=NO,MUNICIPIO30212,MUNICIPIO_SIN_CN_TRAB,Si,No,30212,,Regla 2 coherente para validaciones implementadas.
GPA-001__R2-002__R1-001__0165,GPA-001__R2-002__R1-001,02_inputs_xml_flat/GPA-001__R2-002__R1-001__0165.xml,PASS,INFO,R1.D01=SI;R1.D02=SI;R2.D01=SI;R2.D02=SI;R2.D03=NO,MUNICIPIO30213,MUNICIPIO_SIN_CN_TRAB,Si,No,30213,,Regla 2 coherente para validaciones implementadas.
GPA-001__R2-002__R1-001__0166,GPA-001__R2-002__R1-001,02_inputs_xml_flat/GPA-001__R2-002__R1-001__0166.xml,PASS,INFO,R1.D01=SI;R1.D02=SI;R2.D01=SI;R2.D02=SI;R2.D03=NO,MUNICIPIO30211,MUNICIPIO_SIN_CN_TRAB,Si,No,30211,,Regla 2 coherente para validaciones implementadas.
GPA-001__R2-002__R1-001__0167,GPA-001__R2-002__R1-001,02_inputs_xml_flat/GPA-001__R2-002__R1-001__0167.xml,PASS,INFO,R1.D01=SI;R1.D02=SI;R2.D01=SI;R2.D02=SI;R2.D03=NO,MUNICIPIO30212,MUNICIPIO_SIN_CN_TRAB,Si,No,30212,,Regla 2 coherente para validaciones implementadas.
GPA-001__R2-002__R1-001__0168,GPA-001__R2-002__R1-001,02_inputs_xml_flat/GPA-001__R2-002__R1-001__0168.xml,PASS,INFO,R1.D01=SI;R1.D02=SI;R2.D01=SI;R2.D02=SI;R2.D03=NO,MUNICIPIO30213,MUNICIPIO_SIN_CN_TRAB,Si,No,30213,,Regla 2 coherente para validaciones implementadas.
GPA-001__R2-002__R1-001__0169,GPA-001__R2-002__R1-001,02_inputs_xml_flat/GPA-001__R2-002__R1-001__0169.xml,PASS,INFO,R1.D01=SI;R1.D02=SI;R2.D01=SI;R2.D02=SI;R2.D03=NO,MUNICIPIO30211,MUNICIPIO_SIN_CN_TRAB,Si,No,30211,,Regla 2 coherente para validaciones implementadas.
GPA-001__R2-002__R1-001__0170,GPA-001__R2-002__R1-001,02_inputs_xml_flat/GPA-001__R2-002__R1-001__0170.xml,PASS,INFO,R1.D01=SI;R1.D02=SI;R2.D01=SI;R2.D02=SI;R2.D03=NO,MUNICIPIO30212,MUNICIPIO_SIN_CN_TRAB,Si,No,30212,,Regla 2 coherente para validaciones implementadas.
GPA-001__R2-002__R1-001__0171,GPA-001__R2-002__R1-001,02_inputs_xml_flat/GPA-001__R2-002__R1-001__0171.xml,PASS,INFO,R1.D01=SI;R1.D02=SI;R2.D01=SI;R2.D02=SI;R2.D03=NO,MUNICIPIO30213,MUNICIPIO_SIN_CN_TRAB,Si,No,30213,,Regla 2 coherente para validaciones implementadas.
GPA-001__R2-002__R1-001__0172,GPA-001__R2-002__R1-001,02_inputs_xml_flat/GPA-001__R2-002__R1-001__0172.xml,PASS,INFO,R1.D01=SI;R1.D02=SI;R2.D01=SI;R2.D02=SI;R2.D03=NO,MUNICIPIO30211,MUNICIPIO_SIN_CN_TRAB,Si,No,30211,,Regla 2 coherente para validaciones implementadas.
GPA-001__R2-002__R1-001__0173,GPA-001__R2-002__R1-001,02_inputs_xml_flat/GPA-001__R2-002__R1-001__0173.xml,PASS,INFO,R1.D01=SI;R1.D02=SI;R2.D01=SI;R2.D02=SI;R2.D03=NO,MUNICIPIO30212,MUNICIPIO_SIN_CN_TRAB,Si,No,30212,,Regla 2 coherente para validaciones implementadas.
GPA-001__R2-002__R1-001__0174,GPA-001__R2-002__R1-001,02_inputs_xml_flat/GPA-001__R2-002__R1-001__0174.xml,PASS,INFO,R1.D01=SI;R1.D02=SI;R2.D01=SI;R2.D02=SI;R2.D03=NO,MUNICIPIO30213,MUNICIPIO_SIN_CN_TRAB,Si,No,30213,,Regla 2 coherente para validaciones implementadas.
GPA-001__R2-002__R1-001__0175,GPA-001__R2-002__R1-001,02_inputs_xml_flat/GPA-001__R2-002__R1-001__0175.xml,PASS,INFO,R1.D01=SI;R1.D02=SI;R2.D01=SI;R2.D02=SI;R2.D03=NO,MUNICIPIO30211,MUNICIPIO_SIN_CN_TRAB,Si,No,30211,,Regla 2 coherente para validaciones implementadas.
GPA-001__R2-002__R1-001__0176,GPA-001__R2-002__R1-001,02_inputs_xml_flat/GPA-001__R2-002__R1-001__0176.xml,PASS,INFO,R1.D01=SI;R1.D02=SI;R2.D01=SI;R2.D02=SI;R2.D03=NO,MUNICIPIO30212,MUNICIPIO_SIN_CN_TRAB,Si,No,30212,,Regla 2 coherente para validaciones implementadas.
GPA-001__R2-002__R1-001__0177,GPA-001__R2-002__R1-001,02_inputs_xml_flat/GPA-001__R2-002__R1-001__0177.xml,PASS,INFO,R1.D01=SI;R1.D02=SI;R2.D01=SI;R2.D02=SI;R2.D03=NO,MUNICIPIO30213,MUNICIPIO_SIN_CN_TRAB,Si,No,30213,,Regla 2 coherente para validaciones implementadas.
GPA-001__R2-002__R1-001__0178,GPA-001__R2-002__R1-001,02_inputs_xml_flat/GPA-001__R2-002__R1-001__0178.xml,PASS,INFO,R1.D01=SI;R1.D02=SI;R2.D01=SI;R2.D02=SI;R2.D03=NO,MUNICIPIO30211,MUNICIPIO_SIN_CN_TRAB,Si,No,30211,,Regla 2 coherente para validaciones implementadas.
GPA-001__R2-002__R1-001__0179,GPA-001__R2-002__R1-001,02_inputs_xml_flat/GPA-001__R2-002__R1-001__0179.xml,PASS,INFO,R1.D01=SI;R1.D02=SI;R2.D01=SI;R2.D02=SI;R2.D03=NO,MUNICIPIO30212,MUNICIPIO_SIN_CN_TRAB,Si,No,30212,,Regla 2 coherente para validaciones implementadas.
GPA-001__R2-002__R1-001__0180,GPA-001__R2-002__R1-001,02_inputs_xml_flat/GPA-001__R2-002__R1-001__0180.xml,PASS,INFO,R1.D01=SI;R1.D02=SI;R2.D01=SI;R2.D02=SI;R2.D03=NO,MUNICIPIO30213,MUNICIPIO_SIN_CN_TRAB,Si,No,30213,,Regla 2 coherente para validaciones implementadas.
GPA-001__R2-002__R1-001__0181,GPA-001__R2-002__R1-001,02_inputs_xml_flat/GPA-001__R2-002__R1-001__0181.xml,PASS,INFO,R1.D01=SI;R1.D02=SI;R2.D01=SI;R2.D02=SI;R2.D03=NO,MUNICIPIO30211,MUNICIPIO_SIN_CN_TRAB,Si,No,30211,,Regla 2 coherente para validaciones implementadas.
GPA-001__R2-002__R1-001__0182,GPA-001__R2-002__R1-001,02_inputs_xml_flat/GPA-001__R2-002__R1-001__0182.xml,PASS,INFO,R1.D01=SI;R1.D02=SI;R2.D01=SI;R2.D02=SI;R2.D03=NO,MUNICIPIO30212,MUNICIPIO_SIN_CN_TRAB,Si,No,30212,,Regla 2 coherente para validaciones implementadas.
GPA-001__R2-002__R1-001__0183,GPA-001__R2-002__R1-001,02_inputs_xml_flat/GPA-001__R2-002__R1-001__0183.xml,PASS,INFO,R1.D01=SI;R1.D02=SI;R2.D01=SI;R2.D02=SI;R2.D03=NO,MUNICIPIO30213,MUNICIPIO_SIN_CN_TRAB,Si,No,30213,,Regla 2 coherente para validaciones implementadas.
GPA-001__R2-002__R1-001__0184,GPA-001__R2-002__R1-001,02_inputs_xml_flat/GPA-001__R2-002__R1-001__0184.xml,PASS,INFO,R1.D01=SI;R1.D02=SI;R2.D01=SI;R2.D02=SI;R2.D03=NO,MUNICIPIO30211,MUNICIPIO_SIN_CN_TRAB,Si,No,30211,,Regla 2 coherente para validaciones implementadas.
GPA-001__R2-002__R1-001__0185,GPA-001__R2-002__R1-001,02_inputs_xml_flat/GPA-001__R2-002__R1-001__0185.xml,PASS,INFO,R1.D01=SI;R1.D02=SI;R2.D01=SI;R2.D02=SI;R2.D03=NO,MUNICIPIO30212,MUNICIPIO_SIN_CN_TRAB,Si,No,30212,,Regla 2 coherente para validaciones implementadas.
GPA-001__R2-002__R1-001__0186,GPA-001__R2-002__R1-001,02_inputs_xml_flat/GPA-001__R2-002__R1-001__0186.xml,PASS,INFO,R1.D01=SI;R1.D02=SI;R2.D01=SI;R2.D02=SI;R2.D03=NO,MUNICIPIO30213,MUNICIPIO_SIN_CN_TRAB,Si,No,30213,,Regla 2 coherente para validaciones implementadas.
GPA-001__R2-002__R1-001__0187,GPA-001__R2-002__R1-001,02_inputs_xml_flat/GPA-001__R2-002__R1-001__0187.xml,PASS,INFO,R1.D01=SI;R1.D02=SI;R2.D01=SI;R2.D02=SI;R2.D03=NO,MUNICIPIO30211,MUNICIPIO_SIN_CN_TRAB,Si,No,30211,,Regla 2 coherente para validaciones implementadas.
GPA-001__R2-002__R1-001__0188,GPA-001__R2-002__R1-001,02_inputs_xml_flat/GPA-001__R2-002__R1-001__0188.xml,PASS,INFO,R1.D01=SI;R1.D02=SI;R2.D01=SI;R2.D02=SI;R2.D03=NO,MUNICIPIO30212,MUNICIPIO_SIN_CN_TRAB,Si,No,30212,,Regla 2 coherente para validaciones implementadas.
GPA-001__R2-002__R1-001__0189,GPA-001__R2-002__R1-001,02_inputs_xml_flat/GPA-001__R2-002__R1-001__0189.xml,PASS,INFO,R1.D01=SI;R1.D02=SI;R2.D01=SI;R2.D02=SI;R2.D03=NO,MUNICIPIO30213,MUNICIPIO_SIN_CN_TRAB,Si,No,30213,,Regla 2 coherente para validaciones implementadas.
GPA-001__R2-002__R1-001__0190,GPA-001__R2-002__R1-001,02_inputs_xml_flat/GPA-001__R2-002__R1-001__0190.xml,PASS,INFO,R1.D01=SI;R1.D02=SI;R2.D01=SI;R2.D02=SI;R2.D03=NO,MUNICIPIO30211,MUNICIPIO_SIN_CN_TRAB,Si,No,30211,,Regla 2 coherente para validaciones implementadas.
GPA-001__R2-002__R1-001__0191,GPA-001__R2-002__R1-001,02_inputs_xml_flat/GPA-001__R2-002__R1-001__0191.xml,PASS,INFO,R1.D01=SI;R1.D02=SI;R2.D01=SI;R2.D02=SI;R2.D03=NO,MUNICIPIO30212,MUNICIPIO_SIN_CN_TRAB,Si,No,30212,,Regla 2 coherente para validaciones implementadas.
GPA-001__R2-002__R1-001__0192,GPA-001__R2-002__R1-001,02_inputs_xml_flat/GPA-001__R2-002__R1-001__0192.xml,PASS,INFO,R1.D01=SI;R1.D02=SI;R2.D01=SI;R2.D02=SI;R2.D03=NO,MUNICIPIO30213,MUNICIPIO_SIN_CN_TRAB,Si,No,30213,,Regla 2 coherente para validaciones implementadas.
GPA-001__R2-002__R1-001__0193,GPA-001__R2-002__R1-001,02_inputs_xml_flat/GPA-001__R2-002__R1-001__0193.xml,PASS,INFO,R1.D01=SI;R1.D02=SI;R2.D01=SI;R2.D02=SI;R2.D03=NO,MUNICIPIO30211,MUNICIPIO_SIN_CN_TRAB,Si,No,30211,,Regla 2 coherente para validaciones implementadas.
GPA-001__R2-002__R1-001__0194,GPA-001__R2-002__R1-001,02_inputs_xml_flat/GPA-001__R2-002__R1-001__0194.xml,PASS,INFO,R1.D01=SI;R1.D02=SI;R2.D01=SI;R2.D02=SI;R2.D03=NO,MUNICIPIO30212,MUNICIPIO_SIN_CN_TRAB,Si,No,30212,,Regla 2 coherente para validaciones implementadas.
GPA-001__R2-002__R1-001__0195,GPA-001__R2-002__R1-001,02_inputs_xml_flat/GPA-001__R2-002__R1-001__0195.xml,PASS,INFO,R1.D01=SI;R1.D02=SI;R2.D01=SI;R2.D02=SI;R2.D03=NO,MUNICIPIO30213,MUNICIPIO_SIN_CN_TRAB,Si,No,30213,,Regla 2 coherente para validaciones implementadas.
GPA-001__R2-002__R1-001__0196,GPA-001__R2-002__R1-001,02_inputs_xml_flat/GPA-001__R2-002__R1-001__0196.xml,PASS,INFO,R1.D01=SI;R1.D02=SI;R2.D01=SI;R2.D02=SI;R2.D03=NO,MUNICIPIO30211,MUNICIPIO_SIN_CN_TRAB,Si,No,30211,,Regla 2 coherente para validaciones implementadas.
GPA-001__R2-002__R1-001__0197,GPA-001__R2-002__R1-001,02_inputs_xml_flat/GPA-001__R2-002__R1-001__0197.xml,PASS,INFO,R1.D01=SI;R1.D02=SI;R2.D01=SI;R2.D02=SI;R2.D03=NO,MUNICIPIO30212,MUNICIPIO_SIN_CN_TRAB,Si,No,30212,,Regla 2 coherente para validaciones implementadas.
GPA-001__R2-002__R1-001__0198,GPA-001__R2-002__R1-001,02_inputs_xml_flat/GPA-001__R2-002__R1-001__0198.xml,PASS,INFO,R1.D01=SI;R1.D02=SI;R2.D01=SI;R2.D02=SI;R2.D03=NO,MUNICIPIO30213,MUNICIPIO_SIN_CN_TRAB,Si,No,30213,,Regla 2 coherente para validaciones implementadas.
GPA-001__R2-002__R1-001__0199,GPA-001__R2-002__R1-001,02_inputs_xml_flat/GPA-001__R2-002__R1-001__0199.xml,PASS,INFO,R1.D01=SI;R1.D02=SI;R2.D01=SI;R2.D02=SI;R2.D03=NO,MUNICIPIO30211,MUNICIPIO_SIN_CN_TRAB,Si,No,30211,,Regla 2 coherente para validaciones implementadas.
GPA-001__R2-002__R1-001__0200,GPA-001__R2-002__R1-001,02_inputs_xml_flat/GPA-001__R2-002__R1-001__0200.xml,PASS,INFO,R1.D01=SI;R1.D02=SI;R2.D01=SI;R2.D02=SI;R2.D03=NO,MUNICIPIO30212,MUNICIPIO_SIN_CN_TRAB,Si,No,30212,,Regla 2 coherente para validaciones implementadas.
GPA-001__R2-002__R1-001__0201,GPA-001__R2-002__R1-001,02_inputs_xml_flat/GPA-001__R2-002__R1-001__0201.xml,PASS,INFO,R1.D01=SI;R1.D02=SI;R2.D01=SI;R2.D02=SI;R2.D03=NO,MUNICIPIO30213,MUNICIPIO_SIN_CN_TRAB,Si,No,30213,,Regla 2 coherente para validaciones implementadas.
GPA-001__R2-002__R1-001__0202,GPA-001__R2-002__R1-001,02_inputs_xml_flat/GPA-001__R2-002__R1-001__0202.xml,PASS,INFO,R1.D01=SI;R1.D02=SI;R2.D01=SI;R2.D02=SI;R2.D03=NO,MUNICIPIO30211,MUNICIPIO_SIN_CN_TRAB,Si,No,30211,,Regla 2 coherente para validaciones implementadas.
GPA-001__R2-002__R1-001__0203,GPA-001__R2-002__R1-001,02_inputs_xml_flat/GPA-001__R2-002__R1-001__0203.xml,PASS,INFO,R1.D01=SI;R1.D02=SI;R2.D01=SI;R2.D02=SI;R2.D03=NO,MUNICIPIO30212,MUNICIPIO_SIN_CN_TRAB,Si,No,30212,,Regla 2 coherente para validaciones implementadas.
GPA-001__R2-002__R1-001__0204,GPA-001__R2-002__R1-001,02_inputs_xml_flat/GPA-001__R2-002__R1-001__0204.xml,PASS,INFO,R1.D01=SI;R1.D02=SI;R2.D01=SI;R2.D02=SI;R2.D03=NO,MUNICIPIO30213,MUNICIPIO_SIN_CN_TRAB,Si,No,30213,,Regla 2 coherente para validaciones implementadas.
GPA-001__R2-002__R1-001__0205,GPA-001__R2-002__R1-001,02_inputs_xml_flat/GPA-001__R2-002__R1-001__0205.xml,PASS,INFO,R1.D01=SI;R1.D02=SI;R2.D01=SI;R2.D02=SI;R2.D03=NO,MUNICIPIO30211,MUNICIPIO_SIN_CN_TRAB,Si,No,30211,,Regla 2 coherente para validaciones implementadas.
GPA-001__R2-002__R1-001__0206,GPA-001__R2-002__R1-001,02_inputs_xml_flat/GPA-001__R2-002__R1-001__0206.xml,PASS,INFO,R1.D01=SI;R1.D02=SI;R2.D01=SI;R2.D02=SI;R2.D03=NO,MUNICIPIO30212,MUNICIPIO_SIN_CN_TRAB,Si,No,30212,,Regla 2 coherente para validaciones implementadas.
GPA-001__R2-002__R1-001__0207,GPA-001__R2-002__R1-001,02_inputs_xml_flat/GPA-001__R2-002__R1-001__0207.xml,PASS,INFO,R1.D01=SI;R1.D02=SI;R2.D01=SI;R2.D02=SI;R2.D03=NO,MUNICIPIO30213,MUNICIPIO_SIN_CN_TRAB,Si,No,30213,,Regla 2 coherente para validaciones implementadas.
GPA-001__R2-002__R1-001__0208,GPA-001__R2-002__R1-001,02_inputs_xml_flat/GPA-001__R2-002__R1-001__0208.xml,PASS,INFO,R1.D01=SI;R1.D02=SI;R2.D01=SI;R2.D02=SI;R2.D03=NO,MUNICIPIO30211,MUNICIPIO_SIN_CN_TRAB,Si,No,30211,,Regla 2 coherente para validaciones implementadas.
GPA-001__R2-002__R1-001__0209,GPA-001__R2-002__R1-001,02_inputs_xml_flat/GPA-001__R2-002__R1-001__0209.xml,PASS,INFO,R1.D01=SI;R1.D02=SI;R2.D01=SI;R2.D02=SI;R2.D03=NO,MUNICIPIO30212,MUNICIPIO_SIN_CN_TRAB,Si,No,30212,,Regla 2 coherente para validaciones implementadas.
GPA-001__R2-002__R1-001__0210,GPA-001__R2-002__R1-001,02_inputs_xml_flat/GPA-001__R2-002__R1-001__0210.xml,PASS,INFO,R1.D01=SI;R1.D02=SI;R2.D01=SI;R2.D02=SI;R2.D03=NO,MUNICIPIO30213,MUNICIPIO_SIN_CN_TRAB,Si,No,30213,,Regla 2 coherente para validaciones implementadas.
GPA-001__R2-002__R1-001__0211,GPA-001__R2-002__R1-001,02_inputs_xml_flat/GPA-001__R2-002__R1-001__0211.xml,PASS,INFO,R1.D01=SI;R1.D02=SI;R2.D01=SI;R2.D02=SI;R2.D03=NO,MUNICIPIO30211,MUNICIPIO_SIN_CN_TRAB,Si,No,30211,,Regla 2 coherente para validaciones implementadas.
GPA-001__R2-002__R1-001__0212,GPA-001__R2-002__R1-001,02_inputs_xml_flat/GPA-001__R2-002__R1-001__0212.xml,PASS,INFO,R1.D01=SI;R1.D02=SI;R2.D01=SI;R2.D02=SI;R2.D03=NO,MUNICIPIO30212,MUNICIPIO_SIN_CN_TRAB,Si,No,30212,,Regla 2 coherente para validaciones implementadas.
GPA-001__R2-002__R1-001__0213,GPA-001__R2-002__R1-001,02_inputs_xml_flat/GPA-001__R2-002__R1-001__0213.xml,PASS,INFO,R1.D01=SI;R1.D02=SI;R2.D01=SI;R2.D02=SI;R2.D03=NO,MUNICIPIO30213,MUNICIPIO_SIN_CN_TRAB,Si,No,30213,,Regla 2 coherente para validaciones implementadas.
GPA-001__R2-002__R1-001__0214,GPA-001__R2-002__R1-001,02_inputs_xml_flat/GPA-001__R2-002__R1-001__0214.xml,PASS,INFO,R1.D01=SI;R1.D02=SI;R2.D01=SI;R2.D02=SI;R2.D03=NO,MUNICIPIO30211,MUNICIPIO_SIN_CN_TRAB,Si,No,30211,,Regla 2 coherente para validaciones implementadas.
GPA-001__R2-002__R1-001__0215,GPA-001__R2-002__R1-001,02_inputs_xml_flat/GPA-001__R2-002__R1-001__0215.xml,PASS,INFO,R1.D01=SI;R1.D02=SI;R2.D01=SI;R2.D02=SI;R2.D03=NO,MUNICIPIO30212,MUNICIPIO_SIN_CN_TRAB,Si,No,30212,,Regla 2 coherente para validaciones implementadas.
GPA-001__R2-002__R1-001__0216,GPA-001__R2-002__R1-001,02_inputs_xml_flat/GPA-001__R2-002__R1-001__0216.xml,PASS,INFO,R1.D01=SI;R1.D02=SI;R2.D01=SI;R2.D02=SI;R2.D03=NO,MUNICIPIO30213,MUNICIPIO_SIN_CN_TRAB,Si,No,30213,,Regla 2 coherente para validaciones implementadas.
GPA-001__R2-002__R1-001__0217,GPA-001__R2-002__R1-001,02_inputs_xml_flat/GPA-001__R2-002__R1-001__0217.xml,PASS,INFO,R1.D01=SI;R1.D02=SI;R2.D01=SI;R2.D02=SI;R2.D03=NO,MUNICIPIO30211,MUNICIPIO_SIN_CN_TRAB,Si,No,30211,,Regla 2 coherente para validaciones implementadas.
GPA-001__R2-002__R1-001__0218,GPA-001__R2-002__R1-001,02_inputs_xml_flat/GPA-001__R2-002__R1-001__0218.xml,PASS,INFO,R1.D01=SI;R1.D02=SI;R2.D01=SI;R2.D02=SI;R2.D03=NO,MUNICIPIO30212,MUNICIPIO_SIN_CN_TRAB,Si,No,30212,,Regla 2 coherente para validaciones implementadas.
GPA-001__R2-002__R1-001__0219,GPA-001__R2-002__R1-001,02_inputs_xml_flat/GPA-001__R2-002__R1-001__0219.xml,PASS,INFO,R1.D01=SI;R1.D02=SI;R2.D01=SI;R2.D02=SI;R2.D03=NO,MUNICIPIO30213,MUNICIPIO_SIN_CN_TRAB,Si,No,30213,,Regla 2 coherente para validaciones implementadas.
GPA-001__R2-002__R1-001__0220,GPA-001__R2-002__R1-001,02_inputs_xml_flat/GPA-001__R2-002__R1-001__0220.xml,PASS,INFO,R1.D01=SI;R1.D02=SI;R2.D01=SI;R2.D02=SI;R2.D03=NO,MUNICIPIO30211,MUNICIPIO_SIN_CN_TRAB,Si,No,30211,,Regla 2 coherente para validaciones implementadas.
GPA-001__R2-002__R1-001__0221,GPA-001__R2-002__R1-001,02_inputs_xml_flat/GPA-001__R2-002__R1-001__0221.xml,PASS,INFO,R1.D01=SI;R1.D02=SI;R2.D01=SI;R2.D02=SI;R2.D03=NO,MUNICIPIO30212,MUNICIPIO_SIN_CN_TRAB,Si,No,30212,,Regla 2 coherente para validaciones implementadas.
GPA-001__R2-002__R1-001__0222,GPA-001__R2-002__R1-001,02_inputs_xml_flat/GPA-001__R2-002__R1-001__0222.xml,PASS,INFO,R1.D01=SI;R1.D02=SI;R2.D01=SI;R2.D02=SI;R2.D03=NO,MUNICIPIO30213,MUNICIPIO_SIN_CN_TRAB,Si,No,30213,,Regla 2 coherente para validaciones implementadas.
GPA-001__R2-002__R1-001__0223,GPA-001__R2-002__R1-001,02_inputs_xml_flat/GPA-001__R2-002__R1-001__0223.xml,PASS,INFO,R1.D01=SI;R1.D02=SI;R2.D01=SI;R2.D02=SI;R2.D03=NO,MUNICIPIO30211,MUNICIPIO_SIN_CN_TRAB,Si,No,30211,,Regla 2 coherente para validaciones implementadas.
GPA-001__R2-002__R1-001__0224,GPA-001__R2-002__R1-001,02_inputs_xml_flat/GPA-001__R2-002__R1-001__0224.xml,PASS,INFO,R1.D01=SI;R1.D02=SI;R2.D01=SI;R2.D02=SI;R2.D03=NO,MUNICIPIO30212,MUNICIPIO_SIN_CN_TRAB,Si,No,30212,,Regla 2 coherente para validaciones implementadas.
GPA-001__R2-002__R1-001__0225,GPA-001__R2-002__R1-001,02_inputs_xml_flat/GPA-001__R2-002__R1-001__0225.xml,PASS,INFO,R1.D01=SI;R1.D02=SI;R2.D01=SI;R2.D02=SI;R2.D03=NO,MUNICIPIO30213,MUNICIPIO_SIN_CN_TRAB,Si,No,30213,,Regla 2 coherente para validaciones implementadas.
GPA-001__R2-002__R1-001__0226,GPA-001__R2-002__R1-001,02_inputs_xml_flat/GPA-001__R2-002__R1-001__0226.xml,PASS,INFO,R1.D01=SI;R1.D02=SI;R2.D01=SI;R2.D02=SI;R2.D03=NO,MUNICIPIO30211,MUNICIPIO_SIN_CN_TRAB,Si,No,30211,,Regla 2 coherente para validaciones implementadas.
GPA-001__R2-002__R1-001__0227,GPA-001__R2-002__R1-001,02_inputs_xml_flat/GPA-001__R2-002__R1-001__0227.xml,PASS,INFO,R1.D01=SI;R1.D02=SI;R2.D01=SI;R2.D02=SI;R2.D03=NO,MUNICIPIO30212,MUNICIPIO_SIN_CN_TRAB,Si,No,30212,,Regla 2 coherente para validaciones implementadas.
GPA-001__R2-002__R1-001__0228,GPA-001__R2-002__R1-001,02_inputs_xml_flat/GPA-001__R2-002__R1-001__0228.xml,PASS,INFO,R1.D01=SI;R1.D02=SI;R2.D01=SI;R2.D02=SI;R2.D03=NO,MUNICIPIO30213,MUNICIPIO_SIN_CN_TRAB,Si,No,30213,,Regla 2 coherente para validaciones implementadas.
GPA-001__R2-002__R1-001__0229,GPA-001__R2-002__R1-001,02_inputs_xml_flat/GPA-001__R2-002__R1-001__0229.xml,PASS,INFO,R1.D01=SI;R1.D02=SI;R2.D01=SI;R2.D02=SI;R2.D03=NO,MUNICIPIO30211,MUNICIPIO_SIN_CN_TRAB,Si,No,30211,,Regla 2 coherente para validaciones implementadas.
GPA-001__R2-002__R1-001__0230,GPA-001__R2-002__R1-001,02_inputs_xml_flat/GPA-001__R2-002__R1-001__0230.xml,PASS,INFO,R1.D01=SI;R1.D02=SI;R2.D01=SI;R2.D02=SI;R2.D03=NO,MUNICIPIO30212,MUNICIPIO_SIN_CN_TRAB,Si,No,30212,,Regla 2 coherente para validaciones implementadas.
GPA-001__R2-002__R1-001__0231,GPA-001__R2-002__R1-001,02_inputs_xml_flat/GPA-001__R2-002__R1-001__0231.xml,PASS,INFO,R1.D01=SI;R1.D02=SI;R2.D01=SI;R2.D02=SI;R2.D03=NO,MUNICIPIO30213,MUNICIPIO_SIN_CN_TRAB,Si,No,30213,,Regla 2 coherente para validaciones implementadas.
GPA-001__R2-002__R1-001__0232,GPA-001__R2-002__R1-001,02_inputs_xml_flat/GPA-001__R2-002__R1-001__0232.xml,PASS,INFO,R1.D01=SI;R1.D02=SI;R2.D01=SI;R2.D02=SI;R2.D03=NO,MUNICIPIO30211,MUNICIPIO_SIN_CN_TRAB,Si,No,30211,,Regla 2 coherente para validaciones implementadas.
GPA-001__R2-002__R1-001__0233,GPA-001__R2-002__R1-001,02_inputs_xml_flat/GPA-001__R2-002__R1-001__0233.xml,PASS,INFO,R1.D01=SI;R1.D02=SI;R2.D01=SI;R2.D02=SI;R2.D03=NO,MUNICIPIO30212,MUNICIPIO_SIN_CN_TRAB,Si,No,30212,,Regla 2 coherente para validaciones implementadas.
GPA-001__R2-002__R1-001__0234,GPA-001__R2-002__R1-001,02_inputs_xml_flat/GPA-001__R2-002__R1-001__0234.xml,PASS,INFO,R1.D01=SI;R1.D02=SI;R2.D01=SI;R2.D02=SI;R2.D03=NO,MUNICIPIO30213,MUNICIPIO_SIN_CN_TRAB,Si,No,30213,,Regla 2 coherente para validaciones implementadas.
GPA-001__R2-002__R1-001__0235,GPA-001__R2-002__R1-001,02_inputs_xml_flat/GPA-001__R2-002__R1-001__0235.xml,PASS,INFO,R1.D01=SI;R1.D02=SI;R2.D01=SI;R2.D02=SI;R2.D03=NO,MUNICIPIO30211,MUNICIPIO_SIN_CN_TRAB,Si,No,30211,,Regla 2 coherente para validaciones implementadas.
GPA-001__R2-002__R1-001__0236,GPA-001__R2-002__R1-001,02_inputs_xml_flat/GPA-001__R2-002__R1-001__0236.xml,PASS,INFO,R1.D01=SI;R1.D02=SI;R2.D01=SI;R2.D02=SI;R2.D03=NO,MUNICIPIO30212,MUNICIPIO_SIN_CN_TRAB,Si,No,30212,,Regla 2 coherente para validaciones implementadas.
GPA-001__R2-002__R1-001__0237,GPA-001__R2-002__R1-001,02_inputs_xml_flat/GPA-001__R2-002__R1-001__0237.xml,PASS,INFO,R1.D01=SI;R1.D02=SI;R2.D01=SI;R2.D02=SI;R2.D03=NO,MUNICIPIO30213,MUNICIPIO_SIN_CN_TRAB,Si,No,30213,,Regla 2 coherente para validaciones implementadas.
GPA-001__R2-002__R1-001__0238,GPA-001__R2-002__R1-001,02_inputs_xml_flat/GPA-001__R2-002__R1-001__0238.xml,PASS,INFO,R1.D01=SI;R1.D02=SI;R2.D01=SI;R2.D02=SI;R2.D03=NO,MUNICIPIO30211,MUNICIPIO_SIN_CN_TRAB,Si,No,30211,,Regla 2 coherente para validaciones implementadas.
GPA-001__R2-002__R1-001__0239,GPA-001__R2-002__R1-001,02_inputs_xml_flat/GPA-001__R2-002__R1-001__0239.xml,PASS,INFO,R1.D01=SI;R1.D02=SI;R2.D01=SI;R2.D02=SI;R2.D03=NO,MUNICIPIO30212,MUNICIPIO_SIN_CN_TRAB,Si,No,30212,,Regla 2 coherente para validaciones implementadas.
GPA-001__R2-002__R1-001__0240,GPA-001__R2-002__R1-001,02_inputs_xml_flat/GPA-001__R2-002__R1-001__0240.xml,PASS,INFO,R1.D01=SI;R1.D02=SI;R2.D01=SI;R2.D02=SI;R2.D03=NO,MUNICIPIO30213,MUNICIPIO_SIN_CN_TRAB,Si,No,30213,,Regla 2 coherente para validaciones implementadas.
GPA-001__R2-002__R1-001__0241,GPA-001__R2-002__R1-001,02_inputs_xml_flat/GPA-001__R2-002__R1-001__0241.xml,PASS,INFO,R1.D01=SI;R1.D02=SI;R2.D01=SI;R2.D02=SI;R2.D03=NO,MUNICIPIO30211,MUNICIPIO_SIN_CN_TRAB,Si,No,30211,,Regla 2 coherente para validaciones implementadas.
GPA-001__R2-002__R1-001__0242,GPA-001__R2-002__R1-001,02_inputs_xml_flat/GPA-001__R2-002__R1-001__0242.xml,PASS,INFO,R1.D01=SI;R1.D02=SI;R2.D01=SI;R2.D02=SI;R2.D03=NO,MUNICIPIO30212,MUNICIPIO_SIN_CN_TRAB,Si,No,30212,,Regla 2 coherente para validaciones implementadas.
GPA-001__R2-002__R1-001__0243,GPA-001__R2-002__R1-001,02_inputs_xml_flat/GPA-001__R2-002__R1-001__0243.xml,PASS,INFO,R1.D01=SI;R1.D02=SI;R2.D01=SI;R2.D02=SI;R2.D03=NO,MUNICIPIO30213,MUNICIPIO_SIN_CN_TRAB,Si,No,30213,,Regla 2 coherente para validaciones implementadas.
GPA-001__R2-002__R1-001__0244,GPA-001__R2-002__R1-001,02_inputs_xml_flat/GPA-001__R2-002__R1-001__0244.xml,PASS,INFO,R1.D01=SI;R1.D02=SI;R2.D01=SI;R2.D02=SI;R2.D03=NO,MUNICIPIO30211,MUNICIPIO_SIN_CN_TRAB,Si,No,30211,,Regla 2 coherente para validaciones implementadas.
GPA-001__R2-002__R1-001__0245,GPA-001__R2-002__R1-001,02_inputs_xml_flat/GPA-001__R2-002__R1-001__0245.xml,PASS,INFO,R1.D01=SI;R1.D02=SI;R2.D01=SI;R2.D02=SI;R2.D03=NO,MUNICIPIO30212,MUNICIPIO_SIN_CN_TRAB,Si,No,30212,,Regla 2 coherente para validaciones implementadas.
GPA-001__R2-002__R1-001__0246,GPA-001__R2-002__R1-001,02_inputs_xml_flat/GPA-001__R2-002__R1-001__0246.xml,PASS,INFO,R1.D01=SI;R1.D02=SI;R2.D01=SI;R2.D02=SI;R2.D03=NO,MUNICIPIO30213,MUNICIPIO_SIN_CN_TRAB,Si,No,30213,,Regla 2 coherente para validaciones implementadas.
GPA-001__R2-002__R1-001__0247,GPA-001__R2-002__R1-001,02_inputs_xml_flat/GPA-001__R2-002__R1-001__0247.xml,PASS,INFO,R1.D01=SI;R1.D02=SI;R2.D01=SI;R2.D02=SI;R2.D03=NO,MUNICIPIO30211,MUNICIPIO_SIN_CN_TRAB,Si,No,30211,,Regla 2 coherente para validaciones implementadas.
GPA-001__R2-002__R1-001__0248,GPA-001__R2-002__R1-001,02_inputs_xml_flat/GPA-001__R2-002__R1-001__0248.xml,PASS,INFO,R1.D01=SI;R1.D02=SI;R2.D01=SI;R2.D02=SI;R2.D03=NO,MUNICIPIO30212,MUNICIPIO_SIN_CN_TRAB,Si,No,30212,,Regla 2 coherente para validaciones implementadas.
GPA-001__R2-002__R1-001__0249,GPA-001__R2-002__R1-001,02_inputs_xml_flat/GPA-001__R2-002__R1-001__0249.xml,PASS,INFO,R1.D01=SI;R1.D02=SI;R2.D01=SI;R2.D02=SI;R2.D03=NO,MUNICIPIO30213,MUNICIPIO_SIN_CN_TRAB,Si,No,30213,,Regla 2 coherente para validaciones implementadas.
GPA-001__R2-002__R1-001__0250,GPA-001__R2-002__R1-001,02_inputs_xml_flat/GPA-001__R2-002__R1-001__0250.xml,PASS,INFO,R1.D01=SI;R1.D02=SI;R2.D01=SI;R2.D02=SI;R2.D03=NO,MUNICIPIO30211,MUNICIPIO_SIN_CN_TRAB,Si,No,30211,,Regla 2 coherente para validaciones implementadas.
GPA-001__R2-002__R1-001__0251,GPA-001__R2-002__R1-001,02_inputs_xml_flat/GPA-001__R2-002__R1-001__0251.xml,PASS,INFO,R1.D01=SI;R1.D02=SI;R2.D01=SI;R2.D02=SI;R2.D03=NO,MUNICIPIO30212,MUNICIPIO_SIN_CN_TRAB,Si,No,30212,,Regla 2 coherente para validaciones implementadas.
GPA-001__R2-002__R1-001__0252,GPA-001__R2-002__R1-001,02_inputs_xml_flat/GPA-001__R2-002__R1-001__0252.xml,PASS,INFO,R1.D01=SI;R1.D02=SI;R2.D01=SI;R2.D02=SI;R2.D03=NO,MUNICIPIO30213,MUNICIPIO_SIN_CN_TRAB,Si,No,30213,,Regla 2 coherente para validaciones implementadas.
GPA-001__R2-002__R1-001__0253,GPA-001__R2-002__R1-001,02_inputs_xml_flat/GPA-001__R2-002__R1-001__0253.xml,PASS,INFO,R1.D01=SI;R1.D02=SI;R2.D01=SI;R2.D02=SI;R2.D03=NO,MUNICIPIO30211,MUNICIPIO_SIN_CN_TRAB,Si,No,30211,,Regla 2 coherente para validaciones implementadas.
GPA-001__R2-002__R1-001__0254,GPA-001__R2-002__R1-001,02_inputs_xml_flat/GPA-001__R2-002__R1-001__0254.xml,PASS,INFO,R1.D01=SI;R1.D02=SI;R2.D01=SI;R2.D02=SI;R2.D03=NO,MUNICIPIO30212,MUNICIPIO_SIN_CN_TRAB,Si,No,30212,,Regla 2 coherente para validaciones implementadas.
GPA-001__R2-002__R1-001__0255,GPA-001__R2-002__R1-001,02_inputs_xml_flat/GPA-001__R2-002__R1-001__0255.xml,PASS,INFO,R1.D01=SI;R1.D02=SI;R2.D01=SI;R2.D02=SI;R2.D03=NO,MUNICIPIO30213,MUNICIPIO_SIN_CN_TRAB,Si,No,30213,,Regla 2 coherente para validaciones implementadas.
GPA-001__R2-002__R1-001__0256,GPA-001__R2-002__R1-001,02_inputs_xml_flat/GPA-001__R2-002__R1-001__0256.xml,PASS,INFO,R1.D01=SI;R1.D02=SI;R2.D01=SI;R2.D02=SI;R2.D03=NO,MUNICIPIO30211,MUNICIPIO_SIN_CN_TRAB,Si,No,30211,,Regla 2 coherente para validaciones implementadas.
GPA-001__R2-002__R1-001__0257,GPA-001__R2-002__R1-001,02_inputs_xml_flat/GPA-001__R2-002__R1-001__0257.xml,PASS,INFO,R1.D01=SI;R1.D02=SI;R2.D01=SI;R2.D02=SI;R2.D03=NO,MUNICIPIO30212,MUNICIPIO_SIN_CN_TRAB,Si,No,30212,,Regla 2 coherente para validaciones implementadas.
GPA-001__R2-002__R1-001__0258,GPA-001__R2-002__R1-001,02_inputs_xml_flat/GPA-001__R2-002__R1-001__0258.xml,PASS,INFO,R1.D01=SI;R1.D02=SI;R2.D01=SI;R2.D02=SI;R2.D03=NO,MUNICIPIO30213,MUNICIPIO_SIN_CN_TRAB,Si,No,30213,,Regla 2 coherente para validaciones implementadas.
GPA-001__R2-002__R1-001__0259,GPA-001__R2-002__R1-001,02_inputs_xml_flat/GPA-001__R2-002__R1-001__0259.xml,PASS,INFO,R1.D01=SI;R1.D02=SI;R2.D01=SI;R2.D02=SI;R2.D03=NO,MUNICIPIO30211,MUNICIPIO_SIN_CN_TRAB,Si,No,30211,,Regla 2 coherente para validaciones implementadas.
GPA-001__R2-002__R1-001__0260,GPA-001__R2-002__R1-001,02_inputs_xml_flat/GPA-001__R2-002__R1-001__0260.xml,PASS,INFO,R1.D01=SI;R1.D02=SI;R2.D01=SI;R2.D02=SI;R2.D03=NO,MUNICIPIO30212,MUNICIPIO_SIN_CN_TRAB,Si,No,30212,,Regla 2 coherente para validaciones implementadas.
GPA-001__R2-002__R1-001__0261,GPA-001__R2-002__R1-001,02_inputs_xml_flat/GPA-001__R2-002__R1-001__0261.xml,PASS,INFO,R1.D01=SI;R1.D02=SI;R2.D01=SI;R2.D02=SI;R2.D03=NO,MUNICIPIO30213,MUNICIPIO_SIN_CN_TRAB,Si,No,30213,,Regla 2 coherente para validaciones implementadas.
GPA-001__R2-002__R1-001__0262,GPA-001__R2-002__R1-001,02_inputs_xml_flat/GPA-001__R2-002__R1-001__0262.xml,PASS,INFO,R1.D01=SI;R1.D02=SI;R2.D01=SI;R2.D02=SI;R2.D03=NO,MUNICIPIO30211,MUNICIPIO_SIN_CN_TRAB,Si,No,30211,,Regla 2 coherente para validaciones implementadas.
GPA-001__R2-002__R1-001__0263,GPA-001__R2-002__R1-001,02_inputs_xml_flat/GPA-001__R2-002__R1-001__0263.xml,PASS,INFO,R1.D01=SI;R1.D02=SI;R2.D01=SI;R2.D02=SI;R2.D03=NO,MUNICIPIO30212,MUNICIPIO_SIN_CN_TRAB,Si,No,30212,,Regla 2 coherente para validaciones implementadas.
GPA-001__R2-002__R1-001__0264,GPA-001__R2-002__R1-001,02_inputs_xml_flat/GPA-001__R2-002__R1-001__0264.xml,PASS,INFO,R1.D01=SI;R1.D02=SI;R2.D01=SI;R2.D02=SI;R2.D03=NO,MUNICIPIO30213,MUNICIPIO_SIN_CN_TRAB,Si,No,30213,,Regla 2 coherente para validaciones implementadas.
GPA-001__R2-002__R1-001__0265,GPA-001__R2-002__R1-001,02_inputs_xml_flat/GPA-001__R2-002__R1-001__0265.xml,PASS,INFO,R1.D01=SI;R1.D02=SI;R2.D01=SI;R2.D02=SI;R2.D03=NO,MUNICIPIO30211,MUNICIPIO_SIN_CN_TRAB,Si,No,30211,,Regla 2 coherente para validaciones implementadas.
GPA-001__R2-002__R1-001__0266,GPA-001__R2-002__R1-001,02_inputs_xml_flat/GPA-001__R2-002__R1-001__0266.xml,PASS,INFO,R1.D01=SI;R1.D02=SI;R2.D01=SI;R2.D02=SI;R2.D03=NO,MUNICIPIO30212,MUNICIPIO_SIN_CN_TRAB,Si,No,30212,,Regla 2 coherente para validaciones implementadas.
GPA-001__R2-002__R1-001__0267,GPA-001__R2-002__R1-001,02_inputs_xml_flat/GPA-001__R2-002__R1-001__0267.xml,PASS,INFO,R1.D01=SI;R1.D02=SI;R2.D01=SI;R2.D02=SI;R2.D03=NO,MUNICIPIO30213,MUNICIPIO_SIN_CN_TRAB,Si,No,30213,,Regla 2 coherente para validaciones implementadas.
GPA-001__R2-002__R1-001__0268,GPA-001__R2-002__R1-001,02_inputs_xml_flat/GPA-001__R2-002__R1-001__0268.xml,PASS,INFO,R1.D01=SI;R1.D02=SI;R2.D01=SI;R2.D02=SI;R2.D03=NO,MUNICIPIO30211,MUNICIPIO_SIN_CN_TRAB,Si,No,30211,,Regla 2 coherente para validaciones implementadas.
GPA-001__R2-002__R1-001__0269,GPA-001__R2-002__R1-001,02_inputs_xml_flat/GPA-001__R2-002__R1-001__0269.xml,PASS,INFO,R1.D01=SI;R1.D02=SI;R2.D01=SI;R2.D02=SI;R2.D03=NO,MUNICIPIO30212,MUNICIPIO_SIN_CN_TRAB,Si,No,30212,,Regla 2 coherente para validaciones implementadas.
GPA-001__R2-002__R1-001__0270,GPA-001__R2-002__R1-001,02_inputs_xml_flat/GPA-001__R2-002__R1-001__0270.xml,PASS,INFO,R1.D01=SI;R1.D02=SI;R2.D01=SI;R2.D02=SI;R2.D03=NO,MUNICIPIO30213,MUNICIPIO_SIN_CN_TRAB,Si,No,30213,,Regla 2 coherente para validaciones implementadas.
GPA-001__R2-002__R1-001__0271,GPA-001__R2-002__R1-001,02_inputs_xml_flat/GPA-001__R2-002__R1-001__0271.xml,PASS,INFO,R1.D01=SI;R1.D02=SI;R2.D01=SI;R2.D02=SI;R2.D03=NO,MUNICIPIO30211,MUNICIPIO_SIN_CN_TRAB,Si,No,30211,,Regla 2 coherente para validaciones implementadas.
GPA-001__R2-002__R1-001__0272,GPA-001__R2-002__R1-001,02_inputs_xml_flat/GPA-001__R2-002__R1-001__0272.xml,PASS,INFO,R1.D01=SI;R1.D02=SI;R2.D01=SI;R2.D02=SI;R2.D03=NO,MUNICIPIO30212,MUNICIPIO_SIN_CN_TRAB,Si,No,30212,,Regla 2 coherente para validaciones implementadas.
GPA-001__R2-002__R1-001__0273,GPA-001__R2-002__R1-001,02_inputs_xml_flat/GPA-001__R2-002__R1-001__0273.xml,PASS,INFO,R1.D01=SI;R1.D02=SI;R2.D01=SI;R2.D02=SI;R2.D03=NO,MUNICIPIO30213,MUNICIPIO_SIN_CN_TRAB,Si,No,30213,,Regla 2 coherente para validaciones implementadas.
GPA-001__R2-002__R1-001__0274,GPA-001__R2-002__R1-001,02_inputs_xml_flat/GPA-001__R2-002__R1-001__0274.xml,PASS,INFO,R1.D01=SI;R1.D02=SI;R2.D01=SI;R2.D02=SI;R2.D03=NO,MUNICIPIO30211,MUNICIPIO_SIN_CN_TRAB,Si,No,30211,,Regla 2 coherente para validaciones implementadas.
GPA-001__R2-002__R1-001__0275,GPA-001__R2-002__R1-001,02_inputs_xml_flat/GPA-001__R2-002__R1-001__0275.xml,PASS,INFO,R1.D01=SI;R1.D02=SI;R2.D01=SI;R2.D02=SI;R2.D03=NO,MUNICIPIO30212,MUNICIPIO_SIN_CN_TRAB,Si,No,30212,,Regla 2 coherente para validaciones implementadas.
GPA-001__R2-002__R1-001__0276,GPA-001__R2-002__R1-001,02_inputs_xml_flat/GPA-001__R2-002__R1-001__0276.xml,PASS,INFO,R1.D01=SI;R1.D02=SI;R2.D01=SI;R2.D02=SI;R2.D03=NO,MUNICIPIO30213,MUNICIPIO_SIN_CN_TRAB,Si,No,30213,,Regla 2 coherente para validaciones implementadas.
GPA-001__R2-002__R1-001__0277,GPA-001__R2-002__R1-001,02_inputs_xml_flat/GPA-001__R2-002__R1-001__0277.xml,PASS,INFO,R1.D01=SI;R1.D02=SI;R2.D01=SI;R2.D02=SI;R2.D03=NO,MUNICIPIO30211,MUNICIPIO_SIN_CN_TRAB,Si,No,30211,,Regla 2 coherente para validaciones implementadas.
GPA-001__R2-002__R1-001__0278,GPA-001__R2-002__R1-001,02_inputs_xml_flat/GPA-001__R2-002__R1-001__0278.xml,PASS,INFO,R1.D01=SI;R1.D02=SI;R2.D01=SI;R2.D02=SI;R2.D03=NO,MUNICIPIO30212,MUNICIPIO_SIN_CN_TRAB,Si,No,30212,,Regla 2 coherente para validaciones implementadas.
GPA-001__R2-002__R1-001__0279,GPA-001__R2-002__R1-001,02_inputs_xml_flat/GPA-001__R2-002__R1-001__0279.xml,PASS,INFO,R1.D01=SI;R1.D02=SI;R2.D01=SI;R2.D02=SI;R2.D03=NO,MUNICIPIO30213,MUNICIPIO_SIN_CN_TRAB,Si,No,30213,,Regla 2 coherente para validaciones implementadas.
GPA-001__R2-002__R1-001__0280,GPA-001__R2-002__R1-001,02_inputs_xml_flat/GPA-001__R2-002__R1-001__0280.xml,PASS,INFO,R1.D01=SI;R1.D02=SI;R2.D01=SI;R2.D02=SI;R2.D03=NO,MUNICIPIO30211,MUNICIPIO_SIN_CN_TRAB,Si,No,30211,,Regla 2 coherente para validaciones implementadas.
GPA-001__R2-002__R1-001__0281,GPA-001__R2-002__R1-001,02_inputs_xml_flat/GPA-001__R2-002__R1-001__0281.xml,PASS,INFO,R1.D01=SI;R1.D02=SI;R2.D01=SI;R2.D02=SI;R2.D03=NO,MUNICIPIO30212,MUNICIPIO_SIN_CN_TRAB,Si,No,30212,,Regla 2 coherente para validaciones implementadas.
GPA-001__R2-002__R1-001__0282,GPA-001__R2-002__R1-001,02_inputs_xml_flat/GPA-001__R2-002__R1-001__0282.xml,PASS,INFO,R1.D01=SI;R1.D02=SI;R2.D01=SI;R2.D02=SI;R2.D03=NO,MUNICIPIO30213,MUNICIPIO_SIN_CN_TRAB,Si,No,30213,,Regla 2 coherente para validaciones implementadas.
GPA-001__R2-002__R1-001__0283,GPA-001__R2-002__R1-001,02_inputs_xml_flat/GPA-001__R2-002__R1-001__0283.xml,PASS,INFO,R1.D01=SI;R1.D02=SI;R2.D01=SI;R2.D02=SI;R2.D03=NO,MUNICIPIO30211,MUNICIPIO_SIN_CN_TRAB,Si,No,30211,,Regla 2 coherente para validaciones implementadas.
GPA-001__R2-002__R1-001__0284,GPA-001__R2-002__R1-001,02_inputs_xml_flat/GPA-001__R2-002__R1-001__0284.xml,PASS,INFO,R1.D01=SI;R1.D02=SI;R2.D01=SI;R2.D02=SI;R2.D03=NO,MUNICIPIO30212,MUNICIPIO_SIN_CN_TRAB,Si,No,30212,,Regla 2 coherente para validaciones implementadas.
GPA-001__R2-002__R1-001__0285,GPA-001__R2-002__R1-001,02_inputs_xml_flat/GPA-001__R2-002__R1-001__0285.xml,PASS,INFO,R1.D01=SI;R1.D02=SI;R2.D01=SI;R2.D02=SI;R2.D03=NO,MUNICIPIO30213,MUNICIPIO_SIN_CN_TRAB,Si,No,30213,,Regla 2 coherente para validaciones implementadas.
GPA-001__R2-002__R1-001__0286,GPA-001__R2-002__R1-001,02_inputs_xml_flat/GPA-001__R2-002__R1-001__0286.xml,PASS,INFO,R1.D01=SI;R1.D02=SI;R2.D01=SI;R2.D02=SI;R2.D03=NO,MUNICIPIO30211,MUNICIPIO_SIN_CN_TRAB,Si,No,30211,,Regla 2 coherente para validaciones implementadas.
GPA-001__R2-002__R1-001__0287,GPA-001__R2-002__R1-001,02_inputs_xml_flat/GPA-001__R2-002__R1-001__0287.xml,PASS,INFO,R1.D01=SI;R1.D02=SI;R2.D01=SI;R2.D02=SI;R2.D03=NO,MUNICIPIO30212,MUNICIPIO_SIN_CN_TRAB,Si,No,30212,,Regla 2 coherente para validaciones implementadas.
GPA-001__R2-002__R1-001__0288,GPA-001__R2-002__R1-001,02_inputs_xml_flat/GPA-001__R2-002__R1-001__0288.xml,PASS,INFO,R1.D01=SI;R1.D02=SI;R2.D01=SI;R2.D02=SI;R2.D03=NO,MUNICIPIO30213,MUNICIPIO_SIN_CN_TRAB,Si,No,30213,,Regla 2 coherente para validaciones implementadas.
GPA-001__R2-002__R1-001__0289,GPA-001__R2-002__R1-001,02_inputs_xml_flat/GPA-001__R2-002__R1-001__0289.xml,PASS,INFO,R1.D01=SI;R1.D02=SI;R2.D01=SI;R2.D02=SI;R2.D03=NO,MUNICIPIO30211,MUNICIPIO_SIN_CN_TRAB,Si,No,30211,,Regla 2 coherente para validaciones implementadas.
GPA-001__R2-002__R1-001__0290,GPA-001__R2-002__R1-001,02_inputs_xml_flat/GPA-001__R2-002__R1-001__0290.xml,PASS,INFO,R1.D01=SI;R1.D02=SI;R2.D01=SI;R2.D02=SI;R2.D03=NO,MUNICIPIO30212,MUNICIPIO_SIN_CN_TRAB,Si,No,30212,,Regla 2 coherente para validaciones implementadas.
GPA-001__R2-002__R1-001__0291,GPA-001__R2-002__R1-001,02_inputs_xml_flat/GPA-001__R2-002__R1-001__0291.xml,PASS,INFO,R1.D01=SI;R1.D02=SI;R2.D01=SI;R2.D02=SI;R2.D03=NO,MUNICIPIO30213,MUNICIPIO_SIN_CN_TRAB,Si,No,30213,,Regla 2 coherente para validaciones implementadas.
GPA-001__R2-002__R1-001__0292,GPA-001__R2-002__R1-001,02_inputs_xml_flat/GPA-001__R2-002__R1-001__0292.xml,PASS,INFO,R1.D01=SI;R1.D02=SI;R2.D01=SI;R2.D02=SI;R2.D03=NO,MUNICIPIO30211,MUNICIPIO_SIN_CN_TRAB,Si,No,30211,,Regla 2 coherente para validaciones implementadas.
GPA-001__R2-002__R1-001__0293,GPA-001__R2-002__R1-001,02_inputs_xml_flat/GPA-001__R2-002__R1-001__0293.xml,PASS,INFO,R1.D01=SI;R1.D02=SI;R2.D01=SI;R2.D02=SI;R2.D03=NO,MUNICIPIO30212,MUNICIPIO_SIN_CN_TRAB,Si,No,30212,,Regla 2 coherente para validaciones implementadas.
GPA-001__R2-002__R1-001__0294,GPA-001__R2-002__R1-001,02_inputs_xml_flat/GPA-001__R2-002__R1-001__0294.xml,PASS,INFO,R1.D01=SI;R1.D02=SI;R2.D01=SI;R2.D02=SI;R2.D03=NO,MUNICIPIO30213,MUNICIPIO_SIN_CN_TRAB,Si,No,30213,,Regla 2 coherente para validaciones implementadas.
GPA-001__R2-002__R1-001__0295,GPA-001__R2-002__R1-001,02_inputs_xml_flat/GPA-001__R2-002__R1-001__0295.xml,PASS,INFO,R1.D01=SI;R1.D02=SI;R2.D01=SI;R2.D02=SI;R2.D03=NO,MUNICIPIO30211,MUNICIPIO_SIN_CN_TRAB,Si,No,30211,,Regla 2 coherente para validaciones implementadas.
GPA-001__R2-002__R1-001__0296,GPA-001__R2-002__R1-001,02_inputs_xml_flat/GPA-001__R2-002__R1-001__0296.xml,PASS,INFO,R1.D01=SI;R1.D02=SI;R2.D01=SI;R2.D02=SI;R2.D03=NO,MUNICIPIO30212,MUNICIPIO_SIN_CN_TRAB,Si,No,30212,,Regla 2 coherente para validaciones implementadas.
GPA-001__R2-002__R1-001__0297,GPA-001__R2-002__R1-001,02_inputs_xml_flat/GPA-001__R2-002__R1-001__0297.xml,PASS,INFO,R1.D01=SI;R1.D02=SI;R2.D01=SI;R2.D02=SI;R2.D03=NO,MUNICIPIO30213,MUNICIPIO_SIN_CN_TRAB,Si,No,30213,,Regla 2 coherente para validaciones implementadas.
GPA-001__R2-002__R1-001__0298,GPA-001__R2-002__R1-001,02_inputs_xml_flat/GPA-001__R2-002__R1-001__0298.xml,PASS,INFO,R1.D01=SI;R1.D02=SI;R2.D01=SI;R2.D02=SI;R2.D03=NO,MUNICIPIO30211,MUNICIPIO_SIN_CN_TRAB,Si,No,30211,,Regla 2 coherente para validaciones implementadas.
GPA-001__R2-002__R1-001__0299,GPA-001__R2-002__R1-001,02_inputs_xml_flat/GPA-001__R2-002__R1-001__0299.xml,PASS,INFO,R1.D01=SI;R1.D02=SI;R2.D01=SI;R2.D02=SI;R2.D03=NO,MUNICIPIO30212,MUNICIPIO_SIN_CN_TRAB,Si,No,30212,,Regla 2 coherente para validaciones implementadas.
GPA-001__R2-002__R1-001__0300,GPA-001__R2-002__R1-001,02_inputs_xml_flat/GPA-001__R2-002__R1-001__0300.xml,PASS,INFO,R1.D01=SI;R1.D02=SI;R2.D01=SI;R2.D02=SI;R2.D03=NO,MUNICIPIO30213,MUNICIPIO_SIN_CN_TRAB,Si,No,30213,,Regla 2 coherente para validaciones implementadas.
GPA-001__R2-002__R1-001__0301,GPA-001__R2-002__R1-001,02_inputs_xml_flat/GPA-001__R2-002__R1-001__0301.xml,PASS,INFO,R1.D01=SI;R1.D02=SI;R2.D01=SI;R2.D02=SI;R2.D03=NO,MUNICIPIO30211,MUNICIPIO_SIN_CN_TRAB,Si,No,30211,,Regla 2 coherente para validaciones implementadas.
GPA-001__R2-002__R1-001__0302,GPA-001__R2-002__R1-001,02_inputs_xml_flat/GPA-001__R2-002__R1-001__0302.xml,PASS,INFO,R1.D01=SI;R1.D02=SI;R2.D01=SI;R2.D02=SI;R2.D03=NO,MUNICIPIO30212,MUNICIPIO_SIN_CN_TRAB,Si,No,30212,,Regla 2 coherente para validaciones implementadas.
GPA-001__R2-002__R1-001__0303,GPA-001__R2-002__R1-001,02_inputs_xml_flat/GPA-001__R2-002__R1-001__0303.xml,PASS,INFO,R1.D01=SI;R1.D02=SI;R2.D01=SI;R2.D02=SI;R2.D03=NO,MUNICIPIO30213,MUNICIPIO_SIN_CN_TRAB,Si,No,30213,,Regla 2 coherente para validaciones implementadas.
GPA-001__R2-002__R1-001__0304,GPA-001__R2-002__R1-001,02_inputs_xml_flat/GPA-001__R2-002__R1-001__0304.xml,PASS,INFO,R1.D01=SI;R1.D02=SI;R2.D01=SI;R2.D02=SI;R2.D03=NO,MUNICIPIO30211,MUNICIPIO_SIN_CN_TRAB,Si,No,30211,,Regla 2 coherente para validaciones implementadas.
GPA-001__R2-002__R1-001__0305,GPA-001__R2-002__R1-001,02_inputs_xml_flat/GPA-001__R2-002__R1-001__0305.xml,PASS,INFO,R1.D01=SI;R1.D02=SI;R2.D01=SI;R2.D02=SI;R2.D03=NO,MUNICIPIO30212,MUNICIPIO_SIN_CN_TRAB,Si,No,30212,,Regla 2 coherente para validaciones implementadas.
GPA-001__R2-002__R1-001__0306,GPA-001__R2-002__R1-001,02_inputs_xml_flat/GPA-001__R2-002__R1-001__0306.xml,PASS,INFO,R1.D01=SI;R1.D02=SI;R2.D01=SI;R2.D02=SI;R2.D03=NO,MUNICIPIO30213,MUNICIPIO_SIN_CN_TRAB,Si,No,30213,,Regla 2 coherente para validaciones implementadas.
GPA-001__R2-002__R1-001__0307,GPA-001__R2-002__R1-001,02_inputs_xml_flat/GPA-001__R2-002__R1-001__0307.xml,PASS,INFO,R1.D01=SI;R1.D02=SI;R2.D01=SI;R2.D02=SI;R2.D03=NO,MUNICIPIO30211,MUNICIPIO_SIN_CN_TRAB,Si,No,30211,,Regla 2 coherente para validaciones implementadas.
GPA-001__R2-002__R1-001__0308,GPA-001__R2-002__R1-001,02_inputs_xml_flat/GPA-001__R2-002__R1-001__0308.xml,PASS,INFO,R1.D01=SI;R1.D02=SI;R2.D01=SI;R2.D02=SI;R2.D03=NO,MUNICIPIO30212,MUNICIPIO_SIN_CN_TRAB,Si,No,30212,,Regla 2 coherente para validaciones implementadas.
GPA-001__R2-002__R1-001__0309,GPA-001__R2-002__R1-001,02_inputs_xml_flat/GPA-001__R2-002__R1-001__0309.xml,PASS,INFO,R1.D01=SI;R1.D02=SI;R2.D01=SI;R2.D02=SI;R2.D03=NO,MUNICIPIO30213,MUNICIPIO_SIN_CN_TRAB,Si,No,30213,,Regla 2 coherente para validaciones implementadas.
GPA-001__R2-002__R1-001__0310,GPA-001__R2-002__R1-001,02_inputs_xml_flat/GPA-001__R2-002__R1-001__0310.xml,PASS,INFO,R1.D01=SI;R1.D02=SI;R2.D01=SI;R2.D02=SI;R2.D03=NO,MUNICIPIO30211,MUNICIPIO_SIN_CN_TRAB,Si,No,30211,,Regla 2 coherente para validaciones implementadas.
GPA-001__R2-002__R1-001__0311,GPA-001__R2-002__R1-001,02_inputs_xml_flat/GPA-001__R2-002__R1-001__0311.xml,PASS,INFO,R1.D01=SI;R1.D02=SI;R2.D01=SI;R2.D02=SI;R2.D03=NO,MUNICIPIO30212,MUNICIPIO_SIN_CN_TRAB,Si,No,30212,,Regla 2 coherente para validaciones implementadas.
GPA-001__R2-002__R1-001__0312,GPA-001__R2-002__R1-001,02_inputs_xml_flat/GPA-001__R2-002__R1-001__0312.xml,PASS,INFO,R1.D01=SI;R1.D02=SI;R2.D01=SI;R2.D02=SI;R2.D03=NO,MUNICIPIO30213,MUNICIPIO_SIN_CN_TRAB,Si,No,30213,,Regla 2 coherente para validaciones implementadas.
GPA-001__R2-002__R1-001__0313,GPA-001__R2-002__R1-001,02_inputs_xml_flat/GPA-001__R2-002__R1-001__0313.xml,PASS,INFO,R1.D01=SI;R1.D02=SI;R2.D01=SI;R2.D02=SI;R2.D03=NO,MUNICIPIO30211,MUNICIPIO_SIN_CN_TRAB,Si,No,30211,,Regla 2 coherente para validaciones implementadas.
GPA-001__R2-002__R1-001__0314,GPA-001__R2-002__R1-001,02_inputs_xml_flat/GPA-001__R2-002__R1-001__0314.xml,PASS,INFO,R1.D01=SI;R1.D02=SI;R2.D01=SI;R2.D02=SI;R2.D03=NO,MUNICIPIO30212,MUNICIPIO_SIN_CN_TRAB,Si,No,30212,,Regla 2 coherente para validaciones implementadas.
GPA-001__R2-002__R1-001__0315,GPA-001__R2-002__R1-001,02_inputs_xml_flat/GPA-001__R2-002__R1-001__0315.xml,PASS,INFO,R1.D01=SI;R1.D02=SI;R2.D01=SI;R2.D02=SI;R2.D03=NO,MUNICIPIO30213,MUNICIPIO_SIN_CN_TRAB,Si,No,30213,,Regla 2 coherente para validaciones implementadas.
GPA-001__R2-002__R1-001__0316,GPA-001__R2-002__R1-001,02_inputs_xml_flat/GPA-001__R2-002__R1-001__0316.xml,PASS,INFO,R1.D01=SI;R1.D02=SI;R2.D01=SI;R2.D02=SI;R2.D03=NO,MUNICIPIO30211,MUNICIPIO_SIN_CN_TRAB,Si,No,30211,,Regla 2 coherente para validaciones implementadas.
GPA-001__R2-002__R1-001__0317,GPA-001__R2-002__R1-001,02_inputs_xml_flat/GPA-001__R2-002__R1-001__0317.xml,PASS,INFO,R1.D01=SI;R1.D02=SI;R2.D01=SI;R2.D02=SI;R2.D03=NO,MUNICIPIO30212,MUNICIPIO_SIN_CN_TRAB,Si,No,30212,,Regla 2 coherente para validaciones implementadas.
GPA-001__R2-002__R1-001__0318,GPA-001__R2-002__R1-001,02_inputs_xml_flat/GPA-001__R2-002__R1-001__0318.xml,PASS,INFO,R1.D01=SI;R1.D02=SI;R2.D01=SI;R2.D02=SI;R2.D03=NO,MUNICIPIO30213,MUNICIPIO_SIN_CN_TRAB,Si,No,30213,,Regla 2 coherente para validaciones implementadas.
GPA-001__R2-002__R1-001__0319,GPA-001__R2-002__R1-001,02_inputs_xml_flat/GPA-001__R2-002__R1-001__0319.xml,PASS,INFO,R1.D01=SI;R1.D02=SI;R2.D01=SI;R2.D02=SI;R2.D03=NO,MUNICIPIO30211,MUNICIPIO_SIN_CN_TRAB,Si,No,30211,,Regla 2 coherente para validaciones implementadas.
GPA-001__R2-002__R1-001__0320,GPA-001__R2-002__R1-001,02_inputs_xml_flat/GPA-001__R2-002__R1-001__0320.xml,PASS,INFO,R1.D01=SI;R1.D02=SI;R2.D01=SI;R2.D02=SI;R2.D03=NO,MUNICIPIO30212,MUNICIPIO_SIN_CN_TRAB,Si,No,30212,,Regla 2 coherente para validaciones implementadas.
GPA-001__R2-002__R1-001__0321,GPA-001__R2-002__R1-001,02_inputs_xml_flat/GPA-001__R2-002__R1-001__0321.xml,PASS,INFO,R1.D01=SI;R1.D02=SI;R2.D01=SI;R2.D02=SI;R2.D03=NO,MUNICIPIO30213,MUNICIPIO_SIN_CN_TRAB,Si,No,30213,,Regla 2 coherente para validaciones implementadas.
GPA-001__R2-002__R1-001__0322,GPA-001__R2-002__R1-001,02_inputs_xml_flat/GPA-001__R2-002__R1-001__0322.xml,PASS,INFO,R1.D01=SI;R1.D02=SI;R2.D01=SI;R2.D02=SI;R2.D03=NO,MUNICIPIO30211,MUNICIPIO_SIN_CN_TRAB,Si,No,30211,,Regla 2 coherente para validaciones implementadas.
GPA-001__R2-002__R1-001__0323,GPA-001__R2-002__R1-001,02_inputs_xml_flat/GPA-001__R2-002__R1-001__0323.xml,PASS,INFO,R1.D01=SI;R1.D02=SI;R2.D01=SI;R2.D02=SI;R2.D03=NO,MUNICIPIO30212,MUNICIPIO_SIN_CN_TRAB,Si,No,30212,,Regla 2 coherente para validaciones implementadas.
GPA-001__R2-002__R1-001__0324,GPA-001__R2-002__R1-001,02_inputs_xml_flat/GPA-001__R2-002__R1-001__0324.xml,PASS,INFO,R1.D01=SI;R1.D02=SI;R2.D01=SI;R2.D02=SI;R2.D03=NO,MUNICIPIO30213,MUNICIPIO_SIN_CN_TRAB,Si,No,30213,,Regla 2 coherente para validaciones implementadas.
GPA-001__R2-002__R1-001__0325,GPA-001__R2-002__R1-001,02_inputs_xml_flat/GPA-001__R2-002__R1-001__0325.xml,PASS,INFO,R1.D01=SI;R1.D02=SI;R2.D01=SI;R2.D02=SI;R2.D03=NO,MUNICIPIO30211,MUNICIPIO_SIN_CN_TRAB,Si,No,30211,,Regla 2 coherente para validaciones implementadas.
GPA-001__R2-002__R1-001__0326,GPA-001__R2-002__R1-001,02_inputs_xml_flat/GPA-001__R2-002__R1-001__0326.xml,PASS,INFO,R1.D01=SI;R1.D02=SI;R2.D01=SI;R2.D02=SI;R2.D03=NO,MUNICIPIO30212,MUNICIPIO_SIN_CN_TRAB,Si,No,30212,,Regla 2 coherente para validaciones implementadas.
GPA-001__R2-002__R1-001__0327,GPA-001__R2-002__R1-001,02_inputs_xml_flat/GPA-001__R2-002__R1-001__0327.xml,PASS,INFO,R1.D01=SI;R1.D02=SI;R2.D01=SI;R2.D02=SI;R2.D03=NO,MUNICIPIO30213,MUNICIPIO_SIN_CN_TRAB,Si,No,30213,,Regla 2 coherente para validaciones implementadas.
GPA-001__R2-002__R1-001__0328,GPA-001__R2-002__R1-001,02_inputs_xml_flat/GPA-001__R2-002__R1-001__0328.xml,PASS,INFO,R1.D01=SI;R1.D02=SI;R2.D01=SI;R2.D02=SI;R2.D03=NO,MUNICIPIO30211,MUNICIPIO_SIN_CN_TRAB,Si,No,30211,,Regla 2 coherente para validaciones implementadas.
GPA-001__R2-002__R1-001__0329,GPA-001__R2-002__R1-001,02_inputs_xml_flat/GPA-001__R2-002__R1-001__0329.xml,PASS,INFO,R1.D01=SI;R1.D02=SI;R2.D01=SI;R2.D02=SI;R2.D03=NO,MUNICIPIO30212,MUNICIPIO_SIN_CN_TRAB,Si,No,30212,,Regla 2 coherente para validaciones implementadas.
GPA-001__R2-002__R1-001__0330,GPA-001__R2-002__R1-001,02_inputs_xml_flat/GPA-001__R2-002__R1-001__0330.xml,PASS,INFO,R1.D01=SI;R1.D02=SI;R2.D01=SI;R2.D02=SI;R2.D03=NO,MUNICIPIO30213,MUNICIPIO_SIN_CN_TRAB,Si,No,30213,,Regla 2 coherente para validaciones implementadas.
GPA-001__R2-002__R1-001__0331,GPA-001__R2-002__R1-001,02_inputs_xml_flat/GPA-001__R2-002__R1-001__0331.xml,PASS,INFO,R1.D01=SI;R1.D02=SI;R2.D01=SI;R2.D02=SI;R2.D03=NO,MUNICIPIO30211,MUNICIPIO_SIN_CN_TRAB,Si,No,30211,,Regla 2 coherente para validaciones implementadas.
GPA-001__R2-002__R1-001__0332,GPA-001__R2-002__R1-001,02_inputs_xml_flat/GPA-001__R2-002__R1-001__0332.xml,PASS,INFO,R1.D01=SI;R1.D02=SI;R2.D01=SI;R2.D02=SI;R2.D03=NO,MUNICIPIO30212,MUNICIPIO_SIN_CN_TRAB,Si,No,30212,,Regla 2 coherente para validaciones implementadas.
GPA-001__R2-002__R1-001__0333,GPA-001__R2-002__R1-001,02_inputs_xml_flat/GPA-001__R2-002__R1-001__0333.xml,PASS,INFO,R1.D01=SI;R1.D02=SI;R2.D01=SI;R2.D02=SI;R2.D03=NO,MUNICIPIO30213,MUNICIPIO_SIN_CN_TRAB,Si,No,30213,,Regla 2 coherente para validaciones implementadas.
GPA-001__R2-002__R1-001__0334,GPA-001__R2-002__R1-001,02_inputs_xml_flat/GPA-001__R2-002__R1-001__0334.xml,PASS,INFO,R1.D01=SI;R1.D02=SI;R2.D01=SI;R2.D02=SI;R2.D03=NO,MUNICIPIO30211,MUNICIPIO_SIN_CN_TRAB,Si,No,30211,,Regla 2 coherente para validaciones implementadas.
GPA-001__R2-002__R1-001__0335,GPA-001__R2-002__R1-001,02_inputs_xml_flat/GPA-001__R2-002__R1-001__0335.xml,PASS,INFO,R1.D01=SI;R1.D02=SI;R2.D01=SI;R2.D02=SI;R2.D03=NO,MUNICIPIO30212,MUNICIPIO_SIN_CN_TRAB,Si,No,30212,,Regla 2 coherente para validaciones implementadas.
GPA-001__R2-002__R1-001__0336,GPA-001__R2-002__R1-001,02_inputs_xml_flat/GPA-001__R2-002__R1-001__0336.xml,PASS,INFO,R1.D01=SI;R1.D02=SI;R2.D01=SI;R2.D02=SI;R2.D03=NO,MUNICIPIO30213,MUNICIPIO_SIN_CN_TRAB,Si,No,30213,,Regla 2 coherente para validaciones implementadas.
GPA-001__R2-002__R1-001__0337,GPA-001__R2-002__R1-001,02_inputs_xml_flat/GPA-001__R2-002__R1-001__0337.xml,PASS,INFO,R1.D01=SI;R1.D02=SI;R2.D01=SI;R2.D02=SI;R2.D03=NO,MUNICIPIO30211,MUNICIPIO_SIN_CN_TRAB,Si,No,30211,,Regla 2 coherente para validaciones implementadas.
GPA-001__R2-002__R1-001__0338,GPA-001__R2-002__R1-001,02_inputs_xml_flat/GPA-001__R2-002__R1-001__0338.xml,PASS,INFO,R1.D01=SI;R1.D02=SI;R2.D01=SI;R2.D02=SI;R2.D03=NO,MUNICIPIO30212,MUNICIPIO_SIN_CN_TRAB,Si,No,30212,,Regla 2 coherente para validaciones implementadas.
GPA-001__R2-002__R1-001__0339,GPA-001__R2-002__R1-001,02_inputs_xml_flat/GPA-001__R2-002__R1-001__0339.xml,PASS,INFO,R1.D01=SI;R1.D02=SI;R2.D01=SI;R2.D02=SI;R2.D03=NO,MUNICIPIO30213,MUNICIPIO_SIN_CN_TRAB,Si,No,30213,,Regla 2 coherente para validaciones implementadas.
GPA-001__R2-002__R1-001__0340,GPA-001__R2-002__R1-001,02_inputs_xml_flat/GPA-001__R2-002__R1-001__0340.xml,PASS,INFO,R1.D01=SI;R1.D02=SI;R2.D01=SI;R2.D02=SI;R2.D03=NO,MUNICIPIO30211,MUNICIPIO_SIN_CN_TRAB,Si,No,30211,,Regla 2 coherente para validaciones implementadas.
GPA-001__R2-002__R1-001__0341,GPA-001__R2-002__R1-001,02_inputs_xml_flat/GPA-001__R2-002__R1-001__0341.xml,PASS,INFO,R1.D01=SI;R1.D02=SI;R2.D01=SI;R2.D02=SI;R2.D03=NO,MUNICIPIO30212,MUNICIPIO_SIN_CN_TRAB,Si,No,30212,,Regla 2 coherente para validaciones implementadas.
GPA-001__R2-002__R1-001__0342,GPA-001__R2-002__R1-001,02_inputs_xml_flat/GPA-001__R2-002__R1-001__0342.xml,PASS,INFO,R1.D01=SI;R1.D02=SI;R2.D01=SI;R2.D02=SI;R2.D03=NO,MUNICIPIO30213,MUNICIPIO_SIN_CN_TRAB,Si,No,30213,,Regla 2 coherente para validaciones implementadas.
GPA-001__R2-002__R1-001__0343,GPA-001__R2-002__R1-001,02_inputs_xml_flat/GPA-001__R2-002__R1-001__0343.xml,PASS,INFO,R1.D01=SI;R1.D02=SI;R2.D01=SI;R2.D02=SI;R2.D03=NO,MUNICIPIO30211,MUNICIPIO_SIN_CN_TRAB,Si,No,30211,,Regla 2 coherente para validaciones implementadas.
GPA-001__R2-002__R1-001__0344,GPA-001__R2-002__R1-001,02_inputs_xml_flat/GPA-001__R2-002__R1-001__0344.xml,PASS,INFO,R1.D01=SI;R1.D02=SI;R2.D01=SI;R2.D02=SI;R2.D03=NO,MUNICIPIO30212,MUNICIPIO_SIN_CN_TRAB,Si,No,30212,,Regla 2 coherente para validaciones implementadas.
GPA-001__R2-002__R1-001__0345,GPA-001__R2-002__R1-001,02_inputs_xml_flat/GPA-001__R2-002__R1-001__0345.xml,PASS,INFO,R1.D01=SI;R1.D02=SI;R2.D01=SI;R2.D02=SI;R2.D03=NO,MUNICIPIO30213,MUNICIPIO_SIN_CN_TRAB,Si,No,30213,,Regla 2 coherente para validaciones implementadas.
GPA-001__R2-002__R1-001__0346,GPA-001__R2-002__R1-001,02_inputs_xml_flat/GPA-001__R2-002__R1-001__0346.xml,PASS,INFO,R1.D01=SI;R1.D02=SI;R2.D01=SI;R2.D02=SI;R2.D03=NO,MUNICIPIO30211,MUNICIPIO_SIN_CN_TRAB,Si,No,30211,,Regla 2 coherente para validaciones implementadas.
GPA-001__R2-002__R1-001__0347,GPA-001__R2-002__R1-001,02_inputs_xml_flat/GPA-001__R2-002__R1-001__0347.xml,PASS,INFO,R1.D01=SI;R1.D02=SI;R2.D01=SI;R2.D02=SI;R2.D03=NO,MUNICIPIO30212,MUNICIPIO_SIN_CN_TRAB,Si,No,30212,,Regla 2 coherente para validaciones implementadas.
GPA-001__R2-002__R1-001__0348,GPA-001__R2-002__R1-001,02_inputs_xml_flat/GPA-001__R2-002__R1-001__0348.xml,PASS,INFO,R1.D01=SI;R1.D02=SI;R2.D01=SI;R2.D02=SI;R2.D03=NO,MUNICIPIO30213,MUNICIPIO_SIN_CN_TRAB,Si,No,30213,,Regla 2 coherente para validaciones implementadas.
GPA-001__R2-002__R1-001__0349,GPA-001__R2-002__R1-001,02_inputs_xml_flat/GPA-001__R2-002__R1-001__0349.xml,PASS,INFO,R1.D01=SI;R1.D02=SI;R2.D01=SI;R2.D02=SI;R2.D03=NO,MUNICIPIO30211,MUNICIPIO_SIN_CN_TRAB,Si,No,30211,,Regla 2 coherente para validaciones implementadas.
GPA-001__R2-002__R1-001__0350,GPA-001__R2-002__R1-001,02_inputs_xml_flat/GPA-001__R2-002__R1-001__0350.xml,PASS,INFO,R1.D01=SI;R1.D02=SI;R2.D01=SI;R2.D02=SI;R2.D03=NO,MUNICIPIO30212,MUNICIPIO_SIN_CN_TRAB,Si,No,30212,,Regla 2 coherente para validaciones implementadas.
GPA-001__R2-002__R1-001__0351,GPA-001__R2-002__R1-001,02_inputs_xml_flat/GPA-001__R2-002__R1-001__0351.xml,PASS,INFO,R1.D01=SI;R1.D02=SI;R2.D01=SI;R2.D02=SI;R2.D03=NO,MUNICIPIO30213,MUNICIPIO_SIN_CN_TRAB,Si,No,30213,,Regla 2 coherente para validaciones implementadas.
GPA-001__R2-002__R1-001__0352,GPA-001__R2-002__R1-001,02_inputs_xml_flat/GPA-001__R2-002__R1-001__0352.xml,PASS,INFO,R1.D01=SI;R1.D02=SI;R2.D01=SI;R2.D02=SI;R2.D03=NO,MUNICIPIO30211,MUNICIPIO_SIN_CN_TRAB,Si,No,30211,,Regla 2 coherente para validaciones implementadas.
GPA-001__R2-002__R1-001__0353,GPA-001__R2-002__R1-001,02_inputs_xml_flat/GPA-001__R2-002__R1-001__0353.xml,PASS,INFO,R1.D01=SI;R1.D02=SI;R2.D01=SI;R2.D02=SI;R2.D03=NO,MUNICIPIO30212,MUNICIPIO_SIN_CN_TRAB,Si,No,30212,,Regla 2 coherente para validaciones implementadas.
GPA-001__R2-002__R1-001__0354,GPA-001__R2-002__R1-001,02_inputs_xml_flat/GPA-001__R2-002__R1-001__0354.xml,PASS,INFO,R1.D01=SI;R1.D02=SI;R2.D01=SI;R2.D02=SI;R2.D03=NO,MUNICIPIO30213,MUNICIPIO_SIN_CN_TRAB,Si,No,30213,,Regla 2 coherente para validaciones implementadas.
GPA-001__R2-002__R1-001__0355,GPA-001__R2-002__R1-001,02_inputs_xml_flat/GPA-001__R2-002__R1-001__0355.xml,PASS,INFO,R1.D01=SI;R1.D02=SI;R2.D01=SI;R2.D02=SI;R2.D03=NO,MUNICIPIO30211,MUNICIPIO_SIN_CN_TRAB,Si,No,30211,,Regla 2 coherente para validaciones implementadas.
GPA-001__R2-002__R1-001__0356,GPA-001__R2-002__R1-001,02_inputs_xml_flat/GPA-001__R2-002__R1-001__0356.xml,PASS,INFO,R1.D01=SI;R1.D02=SI;R2.D01=SI;R2.D02=SI;R2.D03=NO,MUNICIPIO30212,MUNICIPIO_SIN_CN_TRAB,Si,No,30212,,Regla 2 coherente para validaciones implementadas.
GPA-001__R2-002__R1-001__0357,GPA-001__R2-002__R1-001,02_inputs_xml_flat/GPA-001__R2-002__R1-001__0357.xml,PASS,INFO,R1.D01=SI;R1.D02=SI;R2.D01=SI;R2.D02=SI;R2.D03=NO,MUNICIPIO30213,MUNICIPIO_SIN_CN_TRAB,Si,No,30213,,Regla 2 coherente para validaciones implementadas.
GPA-001__R2-002__R1-001__0358,GPA-001__R2-002__R1-001,02_inputs_xml_flat/GPA-001__R2-002__R1-001__0358.xml,PASS,INFO,R1.D01=SI;R1.D02=SI;R2.D01=SI;R2.D02=SI;R2.D03=NO,MUNICIPIO30211,MUNICIPIO_SIN_CN_TRAB,Si,No,30211,,Regla 2 coherente para validaciones implementadas.
GPA-001__R2-002__R1-001__0359,GPA-001__R2-002__R1-001,02_inputs_xml_flat/GPA-001__R2-002__R1-001__0359.xml,PASS,INFO,R1.D01=SI;R1.D02=SI;R2.D01=SI;R2.D02=SI;R2.D03=NO,MUNICIPIO30212,MUNICIPIO_SIN_CN_TRAB,Si,No,30212,,Regla 2 coherente para validaciones implementadas.
GPA-001__R2-002__R1-001__0360,GPA-001__R2-002__R1-001,02_inputs_xml_flat/GPA-001__R2-002__R1-001__0360.xml,PASS,INFO,R1.D01=SI;R1.D02=SI;R2.D01=SI;R2.D02=SI;R2.D03=NO,MUNICIPIO30213,MUNICIPIO_SIN_CN_TRAB,Si,No,30213,,Regla 2 coherente para validaciones implementadas.
GPA-001__R2-002__R1-001__0361,GPA-001__R2-002__R1-001,02_inputs_xml_flat/GPA-001__R2-002__R1-001__0361.xml,PASS,INFO,R1.D01=SI;R1.D02=SI;R2.D01=SI;R2.D02=SI;R2.D03=NO,MUNICIPIO30211,MUNICIPIO_SIN_CN_TRAB,Si,No,30211,,Regla 2 coherente para validaciones implementadas.
GPA-001__R2-002__R1-001__0362,GPA-001__R2-002__R1-001,02_inputs_xml_flat/GPA-001__R2-002__R1-001__0362.xml,PASS,INFO,R1.D01=SI;R1.D02=SI;R2.D01=SI;R2.D02=SI;R2.D03=NO,MUNICIPIO30212,MUNICIPIO_SIN_CN_TRAB,Si,No,30212,,Regla 2 coherente para validaciones implementadas.
GPA-001__R2-002__R1-001__0363,GPA-001__R2-002__R1-001,02_inputs_xml_flat/GPA-001__R2-002__R1-001__0363.xml,PASS,INFO,R1.D01=SI;R1.D02=SI;R2.D01=SI;R2.D02=SI;R2.D03=NO,MUNICIPIO30213,MUNICIPIO_SIN_CN_TRAB,Si,No,30213,,Regla 2 coherente para validaciones implementadas.
GPA-001__R2-002__R1-001__0364,GPA-001__R2-002__R1-001,02_inputs_xml_flat/GPA-001__R2-002__R1-001__0364.xml,PASS,INFO,R1.D01=SI;R1.D02=SI;R2.D01=SI;R2.D02=SI;R2.D03=NO,MUNICIPIO30211,MUNICIPIO_SIN_CN_TRAB,Si,No,30211,,Regla 2 coherente para validaciones implementadas.
GPA-001__R2-002__R1-001__0365,GPA-001__R2-002__R1-001,02_inputs_xml_flat/GPA-001__R2-002__R1-001__0365.xml,PASS,INFO,R1.D01=SI;R1.D02=SI;R2.D01=SI;R2.D02=SI;R2.D03=NO,MUNICIPIO30212,MUNICIPIO_SIN_CN_TRAB,Si,No,30212,,Regla 2 coherente para validaciones implementadas.
GPA-001__R2-002__R1-001__0366,GPA-001__R2-002__R1-001,02_inputs_xml_flat/GPA-001__R2-002__R1-001__0366.xml,PASS,INFO,R1.D01=SI;R1.D02=SI;R2.D01=SI;R2.D02=SI;R2.D03=NO,MUNICIPIO30213,MUNICIPIO_SIN_CN_TRAB,Si,No,30213,,Regla 2 coherente para validaciones implementadas.
GPA-001__R2-002__R1-001__0367,GPA-001__R2-002__R1-001,02_inputs_xml_flat/GPA-001__R2-002__R1-001__0367.xml,PASS,INFO,R1.D01=SI;R1.D02=SI;R2.D01=SI;R2.D02=SI;R2.D03=NO,MUNICIPIO30211,MUNICIPIO_SIN_CN_TRAB,Si,No,30211,,Regla 2 coherente para validaciones implementadas.
GPA-001__R2-002__R1-001__0368,GPA-001__R2-002__R1-001,02_inputs_xml_flat/GPA-001__R2-002__R1-001__0368.xml,PASS,INFO,R1.D01=SI;R1.D02=SI;R2.D01=SI;R2.D02=SI;R2.D03=NO,MUNICIPIO30212,MUNICIPIO_SIN_CN_TRAB,Si,No,30212,,Regla 2 coherente para validaciones implementadas.
GPA-001__R2-002__R1-001__0369,GPA-001__R2-002__R1-001,02_inputs_xml_flat/GPA-001__R2-002__R1-001__0369.xml,PASS,INFO,R1.D01=SI;R1.D02=SI;R2.D01=SI;R2.D02=SI;R2.D03=NO,MUNICIPIO30213,MUNICIPIO_SIN_CN_TRAB,Si,No,30213,,Regla 2 coherente para validaciones implementadas.
GPA-001__R2-002__R1-001__0370,GPA-001__R2-002__R1-001,02_inputs_xml_flat/GPA-001__R2-002__R1-001__0370.xml,PASS,INFO,R1.D01=SI;R1.D02=SI;R2.D01=SI;R2.D02=SI;R2.D03=NO,MUNICIPIO30211,MUNICIPIO_SIN_CN_TRAB,Si,No,30211,,Regla 2 coherente para validaciones implementadas.
GPA-001__R2-002__R1-001__0371,GPA-001__R2-002__R1-001,02_inputs_xml_flat/GPA-001__R2-002__R1-001__0371.xml,PASS,INFO,R1.D01=SI;R1.D02=SI;R2.D01=SI;R2.D02=SI;R2.D03=NO,MUNICIPIO30212,MUNICIPIO_SIN_CN_TRAB,Si,No,30212,,Regla 2 coherente para validaciones implementadas.
GPA-001__R2-002__R1-001__0372,GPA-001__R2-002__R1-001,02_inputs_xml_flat/GPA-001__R2-002__R1-001__0372.xml,PASS,INFO,R1.D01=SI;R1.D02=SI;R2.D01=SI;R2.D02=SI;R2.D03=NO,MUNICIPIO30213,MUNICIPIO_SIN_CN_TRAB,Si,No,30213,,Regla 2 coherente para validaciones implementadas.
GPA-001__R2-002__R1-001__0373,GPA-001__R2-002__R1-001,02_inputs_xml_flat/GPA-001__R2-002__R1-001__0373.xml,PASS,INFO,R1.D01=SI;R1.D02=SI;R2.D01=SI;R2.D02=SI;R2.D03=NO,MUNICIPIO30211,MUNICIPIO_SIN_CN_TRAB,Si,No,30211,,Regla 2 coherente para validaciones implementadas.
GPA-001__R2-002__R1-001__0374,GPA-001__R2-002__R1-001,02_inputs_xml_flat/GPA-001__R2-002__R1-001__0374.xml,PASS,INFO,R1.D01=SI;R1.D02=SI;R2.D01=SI;R2.D02=SI;R2.D03=NO,MUNICIPIO30212,MUNICIPIO_SIN_CN_TRAB,Si,No,30212,,Regla 2 coherente para validaciones implementadas.
GPA-001__R2-002__R1-001__0375,GPA-001__R2-002__R1-001,02_inputs_xml_flat/GPA-001__R2-002__R1-001__0375.xml,PASS,INFO,R1.D01=SI;R1.D02=SI;R2.D01=SI;R2.D02=SI;R2.D03=NO,MUNICIPIO30213,MUNICIPIO_SIN_CN_TRAB,Si,No,30213,,Regla 2 coherente para validaciones implementadas.
GPA-001__R2-002__R1-001__0376,GPA-001__R2-002__R1-001,02_inputs_xml_flat/GPA-001__R2-002__R1-001__0376.xml,PASS,INFO,R1.D01=SI;R1.D02=SI;R2.D01=SI;R2.D02=SI;R2.D03=NO,MUNICIPIO30211,MUNICIPIO_SIN_CN_TRAB,Si,No,30211,,Regla 2 coherente para validaciones implementadas.
GPA-001__R2-002__R1-001__0377,GPA-001__R2-002__R1-001,02_inputs_xml_flat/GPA-001__R2-002__R1-001__0377.xml,PASS,INFO,R1.D01=SI;R1.D02=SI;R2.D01=SI;R2.D02=SI;R2.D03=NO,MUNICIPIO30212,MUNICIPIO_SIN_CN_TRAB,Si,No,30212,,Regla 2 coherente para validaciones implementadas.
GPA-001__R2-002__R1-001__0378,GPA-001__R2-002__R1-001,02_inputs_xml_flat/GPA-001__R2-002__R1-001__0378.xml,PASS,INFO,R1.D01=SI;R1.D02=SI;R2.D01=SI;R2.D02=SI;R2.D03=NO,MUNICIPIO30213,MUNICIPIO_SIN_CN_TRAB,Si,No,30213,,Regla 2 coherente para validaciones implementadas.
GPA-001__R2-002__R1-001__0379,GPA-001__R2-002__R1-001,02_inputs_xml_flat/GPA-001__R2-002__R1-001__0379.xml,PASS,INFO,R1.D01=SI;R1.D02=SI;R2.D01=SI;R2.D02=SI;R2.D03=NO,MUNICIPIO30211,MUNICIPIO_SIN_CN_TRAB,Si,No,30211,,Regla 2 coherente para validaciones implementadas.
GPA-001__R2-002__R1-001__0380,GPA-001__R2-002__R1-001,02_inputs_xml_flat/GPA-001__R2-002__R1-001__0380.xml,PASS,INFO,R1.D01=SI;R1.D02=SI;R2.D01=SI;R2.D02=SI;R2.D03=NO,MUNICIPIO30212,MUNICIPIO_SIN_CN_TRAB,Si,No,30212,,Regla 2 coherente para validaciones implementadas.
GPA-001__R2-002__R1-001__0381,GPA-001__R2-002__R1-001,02_inputs_xml_flat/GPA-001__R2-002__R1-001__0381.xml,PASS,INFO,R1.D01=SI;R1.D02=SI;R2.D01=SI;R2.D02=SI;R2.D03=NO,MUNICIPIO30213,MUNICIPIO_SIN_CN_TRAB,Si,No,30213,,Regla 2 coherente para validaciones implementadas.
GPA-001__R2-002__R1-001__0382,GPA-001__R2-002__R1-001,02_inputs_xml_flat/GPA-001__R2-002__R1-001__0382.xml,PASS,INFO,R1.D01=SI;R1.D02=SI;R2.D01=SI;R2.D02=SI;R2.D03=NO,MUNICIPIO30211,MUNICIPIO_SIN_CN_TRAB,Si,No,30211,,Regla 2 coherente para validaciones implementadas.
GPA-001__R2-002__R1-001__0383,GPA-001__R2-002__R1-001,02_inputs_xml_flat/GPA-001__R2-002__R1-001__0383.xml,PASS,INFO,R1.D01=SI;R1.D02=SI;R2.D01=SI;R2.D02=SI;R2.D03=NO,MUNICIPIO30212,MUNICIPIO_SIN_CN_TRAB,Si,No,30212,,Regla 2 coherente para validaciones implementadas.
GPA-001__R2-002__R1-001__0384,GPA-001__R2-002__R1-001,02_inputs_xml_flat/GPA-001__R2-002__R1-001__0384.xml,PASS,INFO,R1.D01=SI;R1.D02=SI;R2.D01=SI;R2.D02=SI;R2.D03=NO,MUNICIPIO30213,MUNICIPIO_SIN_CN_TRAB,Si,No,30213,,Regla 2 coherente para validaciones implementadas.
GPA-001__R2-002__R1-001__0385,GPA-001__R2-002__R1-001,02_inputs_xml_flat/GPA-001__R2-002__R1-001__0385.xml,PASS,INFO,R1.D01=SI;R1.D02=SI;R2.D01=SI;R2.D02=SI;R2.D03=NO,MUNICIPIO30211,MUNICIPIO_SIN_CN_TRAB,Si,No,30211,,Regla 2 coherente para validaciones implementadas.
GPA-001__R2-002__R1-001__0386,GPA-001__R2-002__R1-001,02_inputs_xml_flat/GPA-001__R2-002__R1-001__0386.xml,PASS,INFO,R1.D01=SI;R1.D02=SI;R2.D01=SI;R2.D02=SI;R2.D03=NO,MUNICIPIO30212,MUNICIPIO_SIN_CN_TRAB,Si,No,30212,,Regla 2 coherente para validaciones implementadas.
GPA-001__R2-002__R1-001__0387,GPA-001__R2-002__R1-001,02_inputs_xml_flat/GPA-001__R2-002__R1-001__0387.xml,PASS,INFO,R1.D01=SI;R1.D02=SI;R2.D01=SI;R2.D02=SI;R2.D03=NO,MUNICIPIO30213,MUNICIPIO_SIN_CN_TRAB,Si,No,30213,,Regla 2 coherente para validaciones implementadas.
GPA-001__R2-002__R1-001__0388,GPA-001__R2-002__R1-001,02_inputs_xml_flat/GPA-001__R2-002__R1-001__0388.xml,PASS,INFO,R1.D01=SI;R1.D02=SI;R2.D01=SI;R2.D02=SI;R2.D03=NO,MUNICIPIO30211,MUNICIPIO_SIN_CN_TRAB,Si,No,30211,,Regla 2 coherente para validaciones implementadas.
GPA-001__R2-002__R1-001__0389,GPA-001__R2-002__R1-001,02_inputs_xml_flat/GPA-001__R2-002__R1-001__0389.xml,PASS,INFO,R1.D01=SI;R1.D02=SI;R2.D01=SI;R2.D02=SI;R2.D03=NO,MUNICIPIO30212,MUNICIPIO_SIN_CN_TRAB,Si,No,30212,,Regla 2 coherente para validaciones implementadas.
GPA-001__R2-002__R1-001__0390,GPA-001__R2-002__R1-001,02_inputs_xml_flat/GPA-001__R2-002__R1-001__0390.xml,PASS,INFO,R1.D01=SI;R1.D02=SI;R2.D01=SI;R2.D02=SI;R2.D03=NO,MUNICIPIO30213,MUNICIPIO_SIN_CN_TRAB,Si,No,30213,,Regla 2 coherente para validaciones implementadas.
GPA-001__R2-002__R1-001__0391,GPA-001__R2-002__R1-001,02_inputs_xml_flat/GPA-001__R2-002__R1-001__0391.xml,PASS,INFO,R1.D01=SI;R1.D02=SI;R2.D01=SI;R2.D02=SI;R2.D03=NO,MUNICIPIO30211,MUNICIPIO_SIN_CN_TRAB,Si,No,30211,,Regla 2 coherente para validaciones implementadas.
GPA-001__R2-002__R1-001__0392,GPA-001__R2-002__R1-001,02_inputs_xml_flat/GPA-001__R2-002__R1-001__0392.xml,PASS,INFO,R1.D01=SI;R1.D02=SI;R2.D01=SI;R2.D02=SI;R2.D03=NO,MUNICIPIO30212,MUNICIPIO_SIN_CN_TRAB,Si,No,30212,,Regla 2 coherente para validaciones implementadas.
GPA-001__R2-002__R1-001__0393,GPA-001__R2-002__R1-001,02_inputs_xml_flat/GPA-001__R2-002__R1-001__0393.xml,PASS,INFO,R1.D01=SI;R1.D02=SI;R2.D01=SI;R2.D02=SI;R2.D03=NO,MUNICIPIO30213,MUNICIPIO_SIN_CN_TRAB,Si,No,30213,,Regla 2 coherente para validaciones implementadas.
GPA-001__R2-002__R1-001__0394,GPA-001__R2-002__R1-001,02_inputs_xml_flat/GPA-001__R2-002__R1-001__0394.xml,PASS,INFO,R1.D01=SI;R1.D02=SI;R2.D01=SI;R2.D02=SI;R2.D03=NO,MUNICIPIO30211,MUNICIPIO_SIN_CN_TRAB,Si,No,30211,,Regla 2 coherente para validaciones implementadas.
GPA-001__R2-002__R1-001__0395,GPA-001__R2-002__R1-001,02_inputs_xml_flat/GPA-001__R2-002__R1-001__0395.xml,PASS,INFO,R1.D01=SI;R1.D02=SI;R2.D01=SI;R2.D02=SI;R2.D03=NO,MUNICIPIO30212,MUNICIPIO_SIN_CN_TRAB,Si,No,30212,,Regla 2 coherente para validaciones implementadas.
GPA-001__R2-002__R1-001__0396,GPA-001__R2-002__R1-001,02_inputs_xml_flat/GPA-001__R2-002__R1-001__0396.xml,PASS,INFO,R1.D01=SI;R1.D02=SI;R2.D01=SI;R2.D02=SI;R2.D03=NO,MUNICIPIO30213,MUNICIPIO_SIN_CN_TRAB,Si,No,30213,,Regla 2 coherente para validaciones implementadas.
GPA-001__R2-002__R1-001__0397,GPA-001__R2-002__R1-001,02_inputs_xml_flat/GPA-001__R2-002__R1-001__0397.xml,PASS,INFO,R1.D01=SI;R1.D02=SI;R2.D01=SI;R2.D02=SI;R2.D03=NO,MUNICIPIO30211,MUNICIPIO_SIN_CN_TRAB,Si,No,30211,,Regla 2 coherente para validaciones implementadas.
GPA-001__R2-002__R1-001__0398,GPA-001__R2-002__R1-001,02_inputs_xml_flat/GPA-001__R2-002__R1-001__0398.xml,PASS,INFO,R1.D01=SI;R1.D02=SI;R2.D01=SI;R2.D02=SI;R2.D03=NO,MUNICIPIO30212,MUNICIPIO_SIN_CN_TRAB,Si,No,30212,,Regla 2 coherente para validaciones implementadas.
GPA-001__R2-002__R1-001__0399,GPA-001__R2-002__R1-001,02_inputs_xml_flat/GPA-001__R2-002__R1-001__0399.xml,PASS,INFO,R1.D01=SI;R1.D02=SI;R2.D01=SI;R2.D02=SI;R2.D03=NO,MUNICIPIO30213,MUNICIPIO_SIN_CN_TRAB,Si,No,30213,,Regla 2 coherente para validaciones implementadas.
GPA-001__R2-002__R1-001__0400,GPA-001__R2-002__R1-001,02_inputs_xml_flat/GPA-001__R2-002__R1-001__0400.xml,PASS,INFO,R1.D01=SI;R1.D02=SI;R2.D01=SI;R2.D02=SI;R2.D03=NO,MUNICIPIO30211,MUNICIPIO_SIN_CN_TRAB,Si,No,30211,,Regla 2 coherente para validaciones implementadas.
GPA-001__R2-002__R1-001__0401,GPA-001__R2-002__R1-001,02_inputs_xml_flat/GPA-001__R2-002__R1-001__0401.xml,PASS,INFO,R1.D01=SI;R1.D02=SI;R2.D01=SI;R2.D02=SI;R2.D03=NO,MUNICIPIO30212,MUNICIPIO_SIN_CN_TRAB,Si,No,30212,,Regla 2 coherente para validaciones implementadas.
GPA-001__R2-002__R1-001__0402,GPA-001__R2-002__R1-001,02_inputs_xml_flat/GPA-001__R2-002__R1-001__0402.xml,PASS,INFO,R1.D01=SI;R1.D02=SI;R2.D01=SI;R2.D02=SI;R2.D03=NO,MUNICIPIO30213,MUNICIPIO_SIN_CN_TRAB,Si,No,30213,,Regla 2 coherente para validaciones implementadas.
GPA-001__R2-002__R1-001__0403,GPA-001__R2-002__R1-001,02_inputs_xml_flat/GPA-001__R2-002__R1-001__0403.xml,PASS,INFO,R1.D01=SI;R1.D02=SI;R2.D01=SI;R2.D02=SI;R2.D03=NO,MUNICIPIO30211,MUNICIPIO_SIN_CN_TRAB,Si,No,30211,,Regla 2 coherente para validaciones implementadas.
GPA-001__R2-002__R1-001__0404,GPA-001__R2-002__R1-001,02_inputs_xml_flat/GPA-001__R2-002__R1-001__0404.xml,PASS,INFO,R1.D01=SI;R1.D02=SI;R2.D01=SI;R2.D02=SI;R2.D03=NO,MUNICIPIO30212,MUNICIPIO_SIN_CN_TRAB,Si,No,30212,,Regla 2 coherente para validaciones implementadas.
GPA-001__R2-002__R1-001__0405,GPA-001__R2-002__R1-001,02_inputs_xml_flat/GPA-001__R2-002__R1-001__0405.xml,PASS,INFO,R1.D01=SI;R1.D02=SI;R2.D01=SI;R2.D02=SI;R2.D03=NO,MUNICIPIO30213,MUNICIPIO_SIN_CN_TRAB,Si,No,30213,,Regla 2 coherente para validaciones implementadas.
GPA-001__R2-002__R1-001__0406,GPA-001__R2-002__R1-001,02_inputs_xml_flat/GPA-001__R2-002__R1-001__0406.xml,PASS,INFO,R1.D01=SI;R1.D02=SI;R2.D01=SI;R2.D02=SI;R2.D03=NO,MUNICIPIO30211,MUNICIPIO_SIN_CN_TRAB,Si,No,30211,,Regla 2 coherente para validaciones implementadas.
GPA-001__R2-002__R1-001__0407,GPA-001__R2-002__R1-001,02_inputs_xml_flat/GPA-001__R2-002__R1-001__0407.xml,PASS,INFO,R1.D01=SI;R1.D02=SI;R2.D01=SI;R2.D02=SI;R2.D03=NO,MUNICIPIO30212,MUNICIPIO_SIN_CN_TRAB,Si,No,30212,,Regla 2 coherente para validaciones implementadas.
GPA-001__R2-002__R1-001__0408,GPA-001__R2-002__R1-001,02_inputs_xml_flat/GPA-001__R2-002__R1-001__0408.xml,PASS,INFO,R1.D01=SI;R1.D02=SI;R2.D01=SI;R2.D02=SI;R2.D03=NO,MUNICIPIO30213,MUNICIPIO_SIN_CN_TRAB,Si,No,30213,,Regla 2 coherente para validaciones implementadas.
GPA-001__R2-002__R1-001__0409,GPA-001__R2-002__R1-001,02_inputs_xml_flat/GPA-001__R2-002__R1-001__0409.xml,PASS,INFO,R1.D01=SI;R1.D02=SI;R2.D01=SI;R2.D02=SI;R2.D03=NO,MUNICIPIO30211,MUNICIPIO_SIN_CN_TRAB,Si,No,30211,,Regla 2 coherente para validaciones implementadas.
GPA-001__R2-002__R1-001__0410,GPA-001__R2-002__R1-001,02_inputs_xml_flat/GPA-001__R2-002__R1-001__0410.xml,PASS,INFO,R1.D01=SI;R1.D02=SI;R2.D01=SI;R2.D02=SI;R2.D03=NO,MUNICIPIO30212,MUNICIPIO_SIN_CN_TRAB,Si,No,30212,,Regla 2 coherente para validaciones implementadas.
GPA-001__R2-002__R1-001__0411,GPA-001__R2-002__R1-001,02_inputs_xml_flat/GPA-001__R2-002__R1-001__0411.xml,PASS,INFO,R1.D01=SI;R1.D02=SI;R2.D01=SI;R2.D02=SI;R2.D03=NO,MUNICIPIO30213,MUNICIPIO_SIN_CN_TRAB,Si,No,30213,,Regla 2 coherente para validaciones implementadas.
GPA-001__R2-002__R1-001__0412,GPA-001__R2-002__R1-001,02_inputs_xml_flat/GPA-001__R2-002__R1-001__0412.xml,PASS,INFO,R1.D01=SI;R1.D02=SI;R2.D01=SI;R2.D02=SI;R2.D03=NO,MUNICIPIO30211,MUNICIPIO_SIN_CN_TRAB,Si,No,30211,,Regla 2 coherente para validaciones implementadas.
GPA-001__R2-002__R1-001__0413,GPA-001__R2-002__R1-001,02_inputs_xml_flat/GPA-001__R2-002__R1-001__0413.xml,PASS,INFO,R1.D01=SI;R1.D02=SI;R2.D01=SI;R2.D02=SI;R2.D03=NO,MUNICIPIO30212,MUNICIPIO_SIN_CN_TRAB,Si,No,30212,,Regla 2 coherente para validaciones implementadas.
GPA-001__R2-002__R1-001__0414,GPA-001__R2-002__R1-001,02_inputs_xml_flat/GPA-001__R2-002__R1-001__0414.xml,PASS,INFO,R1.D01=SI;R1.D02=SI;R2.D01=SI;R2.D02=SI;R2.D03=NO,MUNICIPIO30213,MUNICIPIO_SIN_CN_TRAB,Si,No,30213,,Regla 2 coherente para validaciones implementadas.
GPA-001__R2-002__R1-001__0415,GPA-001__R2-002__R1-001,02_inputs_xml_flat/GPA-001__R2-002__R1-001__0415.xml,PASS,INFO,R1.D01=SI;R1.D02=SI;R2.D01=SI;R2.D02=SI;R2.D03=NO,MUNICIPIO30211,MUNICIPIO_SIN_CN_TRAB,Si,No,30211,,Regla 2 coherente para validaciones implementadas.
GPA-001__R2-002__R1-001__0416,GPA-001__R2-002__R1-001,02_inputs_xml_flat/GPA-001__R2-002__R1-001__0416.xml,PASS,INFO,R1.D01=SI;R1.D02=SI;R2.D01=SI;R2.D02=SI;R2.D03=NO,MUNICIPIO30212,MUNICIPIO_SIN_CN_TRAB,Si,No,30212,,Regla 2 coherente para validaciones implementadas.
GPA-001__R2-002__R1-001__0417,GPA-001__R2-002__R1-001,02_inputs_xml_flat/GPA-001__R2-002__R1-001__0417.xml,PASS,INFO,R1.D01=SI;R1.D02=SI;R2.D01=SI;R2.D02=SI;R2.D03=NO,MUNICIPIO30213,MUNICIPIO_SIN_CN_TRAB,Si,No,30213,,Regla 2 coherente para validaciones implementadas.
GPA-001__R2-002__R1-001__0418,GPA-001__R2-002__R1-001,02_inputs_xml_flat/GPA-001__R2-002__R1-001__0418.xml,PASS,INFO,R1.D01=SI;R1.D02=SI;R2.D01=SI;R2.D02=SI;R2.D03=NO,MUNICIPIO30211,MUNICIPIO_SIN_CN_TRAB,Si,No,30211,,Regla 2 coherente para validaciones implementadas.
GPA-001__R2-002__R1-001__0419,GPA-001__R2-002__R1-001,02_inputs_xml_flat/GPA-001__R2-002__R1-001__0419.xml,PASS,INFO,R1.D01=SI;R1.D02=SI;R2.D01=SI;R2.D02=SI;R2.D03=NO,MUNICIPIO30212,MUNICIPIO_SIN_CN_TRAB,Si,No,30212,,Regla 2 coherente para validaciones implementadas.
GPA-001__R2-002__R1-001__0420,GPA-001__R2-002__R1-001,02_inputs_xml_flat/GPA-001__R2-002__R1-001__0420.xml,PASS,INFO,R1.D01=SI;R1.D02=SI;R2.D01=SI;R2.D02=SI;R2.D03=NO,MUNICIPIO30213,MUNICIPIO_SIN_CN_TRAB,Si,No,30213,,Regla 2 coherente para validaciones implementadas.
GPA-001__R2-002__R1-001__0421,GPA-001__R2-002__R1-001,02_inputs_xml_flat/GPA-001__R2-002__R1-001__0421.xml,PASS,INFO,R1.D01=SI;R1.D02=SI;R2.D01=SI;R2.D02=SI;R2.D03=NO,MUNICIPIO30211,MUNICIPIO_SIN_CN_TRAB,Si,No,30211,,Regla 2 coherente para validaciones implementadas.
GPA-001__R2-002__R1-001__0422,GPA-001__R2-002__R1-001,02_inputs_xml_flat/GPA-001__R2-002__R1-001__0422.xml,PASS,INFO,R1.D01=SI;R1.D02=SI;R2.D01=SI;R2.D02=SI;R2.D03=NO,MUNICIPIO30212,MUNICIPIO_SIN_CN_TRAB,Si,No,30212,,Regla 2 coherente para validaciones implementadas.
GPA-001__R2-002__R1-001__0423,GPA-001__R2-002__R1-001,02_inputs_xml_flat/GPA-001__R2-002__R1-001__0423.xml,PASS,INFO,R1.D01=SI;R1.D02=SI;R2.D01=SI;R2.D02=SI;R2.D03=NO,MUNICIPIO30213,MUNICIPIO_SIN_CN_TRAB,Si,No,30213,,Regla 2 coherente para validaciones implementadas.
GPA-001__R2-002__R1-001__0424,GPA-001__R2-002__R1-001,02_inputs_xml_flat/GPA-001__R2-002__R1-001__0424.xml,PASS,INFO,R1.D01=SI;R1.D02=SI;R2.D01=SI;R2.D02=SI;R2.D03=NO,MUNICIPIO30211,MUNICIPIO_SIN_CN_TRAB,Si,No,30211,,Regla 2 coherente para validaciones implementadas.
GPA-001__R2-002__R1-001__0425,GPA-001__R2-002__R1-001,02_inputs_xml_flat/GPA-001__R2-002__R1-001__0425.xml,PASS,INFO,R1.D01=SI;R1.D02=SI;R2.D01=SI;R2.D02=SI;R2.D03=NO,MUNICIPIO30212,MUNICIPIO_SIN_CN_TRAB,Si,No,30212,,Regla 2 coherente para validaciones implementadas.
GPA-001__R2-002__R1-001__0426,GPA-001__R2-002__R1-001,02_inputs_xml_flat/GPA-001__R2-002__R1-001__0426.xml,PASS,INFO,R1.D01=SI;R1.D02=SI;R2.D01=SI;R2.D02=SI;R2.D03=NO,MUNICIPIO30213,MUNICIPIO_SIN_CN_TRAB,Si,No,30213,,Regla 2 coherente para validaciones implementadas.
GPA-001__R2-002__R1-001__0427,GPA-001__R2-002__R1-001,02_inputs_xml_flat/GPA-001__R2-002__R1-001__0427.xml,PASS,INFO,R1.D01=SI;R1.D02=SI;R2.D01=SI;R2.D02=SI;R2.D03=NO,MUNICIPIO30211,MUNICIPIO_SIN_CN_TRAB,Si,No,30211,,Regla 2 coherente para validaciones implementadas.
GPA-001__R2-002__R1-001__0428,GPA-001__R2-002__R1-001,02_inputs_xml_flat/GPA-001__R2-002__R1-001__0428.xml,PASS,INFO,R1.D01=SI;R1.D02=SI;R2.D01=SI;R2.D02=SI;R2.D03=NO,MUNICIPIO30212,MUNICIPIO_SIN_CN_TRAB,Si,No,30212,,Regla 2 coherente para validaciones implementadas.
GPA-001__R2-002__R1-001__0429,GPA-001__R2-002__R1-001,02_inputs_xml_flat/GPA-001__R2-002__R1-001__0429.xml,PASS,INFO,R1.D01=SI;R1.D02=SI;R2.D01=SI;R2.D02=SI;R2.D03=NO,MUNICIPIO30213,MUNICIPIO_SIN_CN_TRAB,Si,No,30213,,Regla 2 coherente para validaciones implementadas.
GPA-001__R2-002__R1-001__0430,GPA-001__R2-002__R1-001,02_inputs_xml_flat/GPA-001__R2-002__R1-001__0430.xml,PASS,INFO,R1.D01=SI;R1.D02=SI;R2.D01=SI;R2.D02=SI;R2.D03=NO,MUNICIPIO30211,MUNICIPIO_SIN_CN_TRAB,Si,No,30211,,Regla 2 coherente para validaciones implementadas.
GPA-001__R2-002__R1-001__0431,GPA-001__R2-002__R1-001,02_inputs_xml_flat/GPA-001__R2-002__R1-001__0431.xml,PASS,INFO,R1.D01=SI;R1.D02=SI;R2.D01=SI;R2.D02=SI;R2.D03=NO,MUNICIPIO30212,MUNICIPIO_SIN_CN_TRAB,Si,No,30212,,Regla 2 coherente para validaciones implementadas.
GPA-001__R2-002__R1-001__0432,GPA-001__R2-002__R1-001,02_inputs_xml_flat/GPA-001__R2-002__R1-001__0432.xml,PASS,INFO,R1.D01=SI;R1.D02=SI;R2.D01=SI;R2.D02=SI;R2.D03=NO,MUNICIPIO30213,MUNICIPIO_SIN_CN_TRAB,Si,No,30213,,Regla 2 coherente para validaciones implementadas.
GPA-001__R2-002__R1-001__0433,GPA-001__R2-002__R1-001,02_inputs_xml_flat/GPA-001__R2-002__R1-001__0433.xml,PASS,INFO,R1.D01=SI;R1.D02=SI;R2.D01=SI;R2.D02=SI;R2.D03=NO,MUNICIPIO30211,MUNICIPIO_SIN_CN_TRAB,Si,No,30211,,Regla 2 coherente para validaciones implementadas.
GPA-001__R2-002__R1-001__0434,GPA-001__R2-002__R1-001,02_inputs_xml_flat/GPA-001__R2-002__R1-001__0434.xml,PASS,INFO,R1.D01=SI;R1.D02=SI;R2.D01=SI;R2.D02=SI;R2.D03=NO,MUNICIPIO30212,MUNICIPIO_SIN_CN_TRAB,Si,No,30212,,Regla 2 coherente para validaciones implementadas.
GPA-001__R2-002__R1-001__0435,GPA-001__R2-002__R1-001,02_inputs_xml_flat/GPA-001__R2-002__R1-001__0435.xml,PASS,INFO,R1.D01=SI;R1.D02=SI;R2.D01=SI;R2.D02=SI;R2.D03=NO,MUNICIPIO30213,MUNICIPIO_SIN_CN_TRAB,Si,No,30213,,Regla 2 coherente para validaciones implementadas.
GPA-001__R2-002__R1-001__0436,GPA-001__R2-002__R1-001,02_inputs_xml_flat/GPA-001__R2-002__R1-001__0436.xml,PASS,INFO,R1.D01=SI;R1.D02=SI;R2.D01=SI;R2.D02=SI;R2.D03=NO,MUNICIPIO30211,MUNICIPIO_SIN_CN_TRAB,Si,No,30211,,Regla 2 coherente para validaciones implementadas.
GPA-001__R2-002__R1-001__0437,GPA-001__R2-002__R1-001,02_inputs_xml_flat/GPA-001__R2-002__R1-001__0437.xml,PASS,INFO,R1.D01=SI;R1.D02=SI;R2.D01=SI;R2.D02=SI;R2.D03=NO,MUNICIPIO30212,MUNICIPIO_SIN_CN_TRAB,Si,No,30212,,Regla 2 coherente para validaciones implementadas.
GPA-001__R2-002__R1-001__0438,GPA-001__R2-002__R1-001,02_inputs_xml_flat/GPA-001__R2-002__R1-001__0438.xml,PASS,INFO,R1.D01=SI;R1.D02=SI;R2.D01=SI;R2.D02=SI;R2.D03=NO,MUNICIPIO30213,MUNICIPIO_SIN_CN_TRAB,Si,No,30213,,Regla 2 coherente para validaciones implementadas.
GPA-001__R2-002__R1-001__0439,GPA-001__R2-002__R1-001,02_inputs_xml_flat/GPA-001__R2-002__R1-001__0439.xml,PASS,INFO,R1.D01=SI;R1.D02=SI;R2.D01=SI;R2.D02=SI;R2.D03=NO,MUNICIPIO30211,MUNICIPIO_SIN_CN_TRAB,Si,No,30211,,Regla 2 coherente para validaciones implementadas.
GPA-001__R2-002__R1-001__0440,GPA-001__R2-002__R1-001,02_inputs_xml_flat/GPA-001__R2-002__R1-001__0440.xml,PASS,INFO,R1.D01=SI;R1.D02=SI;R2.D01=SI;R2.D02=SI;R2.D03=NO,MUNICIPIO30212,MUNICIPIO_SIN_CN_TRAB,Si,No,30212,,Regla 2 coherente para validaciones implementadas.
GPA-001__R2-002__R1-001__0441,GPA-001__R2-002__R1-001,02_inputs_xml_flat/GPA-001__R2-002__R1-001__0441.xml,PASS,INFO,R1.D01=SI;R1.D02=SI;R2.D01=SI;R2.D02=SI;R2.D03=NO,MUNICIPIO30213,MUNICIPIO_SIN_CN_TRAB,Si,No,30213,,Regla 2 coherente para validaciones implementadas.
GPA-001__R2-002__R1-001__0442,GPA-001__R2-002__R1-001,02_inputs_xml_flat/GPA-001__R2-002__R1-001__0442.xml,PASS,INFO,R1.D01=SI;R1.D02=SI;R2.D01=SI;R2.D02=SI;R2.D03=NO,MUNICIPIO30211,MUNICIPIO_SIN_CN_TRAB,Si,No,30211,,Regla 2 coherente para validaciones implementadas.
GPA-001__R2-002__R1-001__0443,GPA-001__R2-002__R1-001,02_inputs_xml_flat/GPA-001__R2-002__R1-001__0443.xml,PASS,INFO,R1.D01=SI;R1.D02=SI;R2.D01=SI;R2.D02=SI;R2.D03=NO,MUNICIPIO30212,MUNICIPIO_SIN_CN_TRAB,Si,No,30212,,Regla 2 coherente para validaciones implementadas.
GPA-001__R2-002__R1-001__0444,GPA-001__R2-002__R1-001,02_inputs_xml_flat/GPA-001__R2-002__R1-001__0444.xml,PASS,INFO,R1.D01=SI;R1.D02=SI;R2.D01=SI;R2.D02=SI;R2.D03=NO,MUNICIPIO30213,MUNICIPIO_SIN_CN_TRAB,Si,No,30213,,Regla 2 coherente para validaciones implementadas.
GPA-001__R2-002__R1-001__0445,GPA-001__R2-002__R1-001,02_inputs_xml_flat/GPA-001__R2-002__R1-001__0445.xml,PASS,INFO,R1.D01=SI;R1.D02=SI;R2.D01=SI;R2.D02=SI;R2.D03=NO,MUNICIPIO30211,MUNICIPIO_SIN_CN_TRAB,Si,No,30211,,Regla 2 coherente para validaciones implementadas.
GPA-001__R2-002__R1-001__0446,GPA-001__R2-002__R1-001,02_inputs_xml_flat/GPA-001__R2-002__R1-001__0446.xml,PASS,INFO,R1.D01=SI;R1.D02=SI;R2.D01=SI;R2.D02=SI;R2.D03=NO,MUNICIPIO30212,MUNICIPIO_SIN_CN_TRAB,Si,No,30212,,Regla 2 coherente para validaciones implementadas.
GPA-001__R2-002__R1-001__0447,GPA-001__R2-002__R1-001,02_inputs_xml_flat/GPA-001__R2-002__R1-001__0447.xml,PASS,INFO,R1.D01=SI;R1.D02=SI;R2.D01=SI;R2.D02=SI;R2.D03=NO,MUNICIPIO30213,MUNICIPIO_SIN_CN_TRAB,Si,No,30213,,Regla 2 coherente para validaciones implementadas.
GPA-001__R2-002__R1-001__0448,GPA-001__R2-002__R1-001,02_inputs_xml_flat/GPA-001__R2-002__R1-001__0448.xml,PASS,INFO,R1.D01=SI;R1.D02=SI;R2.D01=SI;R2.D02=SI;R2.D03=NO,MUNICIPIO30211,MUNICIPIO_SIN_CN_TRAB,Si,No,30211,,Regla 2 coherente para validaciones implementadas.
GPA-001__R2-002__R1-001__0449,GPA-001__R2-002__R1-001,02_inputs_xml_flat/GPA-001__R2-002__R1-001__0449.xml,PASS,INFO,R1.D01=SI;R1.D02=SI;R2.D01=SI;R2.D02=SI;R2.D03=NO,MUNICIPIO30212,MUNICIPIO_SIN_CN_TRAB,Si,No,30212,,Regla 2 coherente para validaciones implementadas.
GPA-001__R2-002__R1-001__0450,GPA-001__R2-002__R1-001,02_inputs_xml_flat/GPA-001__R2-002__R1-001__0450.xml,PASS,INFO,R1.D01=SI;R1.D02=SI;R2.D01=SI;R2.D02=SI;R2.D03=NO,MUNICIPIO30213,MUNICIPIO_SIN_CN_TRAB,Si,No,30213,,Regla 2 coherente para validaciones implementadas.
GPA-001__R2-002__R1-001__0451,GPA-001__R2-002__R1-001,02_inputs_xml_flat/GPA-001__R2-002__R1-001__0451.xml,PASS,INFO,R1.D01=SI;R1.D02=SI;R2.D01=SI;R2.D02=SI;R2.D03=NO,MUNICIPIO30211,MUNICIPIO_SIN_CN_TRAB,Si,No,30211,,Regla 2 coherente para validaciones implementadas.
GPA-001__R2-002__R1-001__0452,GPA-001__R2-002__R1-001,02_inputs_xml_flat/GPA-001__R2-002__R1-001__0452.xml,PASS,INFO,R1.D01=SI;R1.D02=SI;R2.D01=SI;R2.D02=SI;R2.D03=NO,MUNICIPIO30212,MUNICIPIO_SIN_CN_TRAB,Si,No,30212,,Regla 2 coherente para validaciones implementadas.
GPA-001__R2-002__R1-001__0453,GPA-001__R2-002__R1-001,02_inputs_xml_flat/GPA-001__R2-002__R1-001__0453.xml,PASS,INFO,R1.D01=SI;R1.D02=SI;R2.D01=SI;R2.D02=SI;R2.D03=NO,MUNICIPIO30213,MUNICIPIO_SIN_CN_TRAB,Si,No,30213,,Regla 2 coherente para validaciones implementadas.
GPA-001__R2-002__R1-001__0454,GPA-001__R2-002__R1-001,02_inputs_xml_flat/GPA-001__R2-002__R1-001__0454.xml,PASS,INFO,R1.D01=SI;R1.D02=SI;R2.D01=SI;R2.D02=SI;R2.D03=NO,MUNICIPIO30211,MUNICIPIO_SIN_CN_TRAB,Si,No,30211,,Regla 2 coherente para validaciones implementadas.
GPA-001__R2-002__R1-001__0455,GPA-001__R2-002__R1-001,02_inputs_xml_flat/GPA-001__R2-002__R1-001__0455.xml,PASS,INFO,R1.D01=SI;R1.D02=SI;R2.D01=SI;R2.D02=SI;R2.D03=NO,MUNICIPIO30212,MUNICIPIO_SIN_CN_TRAB,Si,No,30212,,Regla 2 coherente para validaciones implementadas.
GPA-001__R2-002__R1-001__0456,GPA-001__R2-002__R1-001,02_inputs_xml_flat/GPA-001__R2-002__R1-001__0456.xml,PASS,INFO,R1.D01=SI;R1.D02=SI;R2.D01=SI;R2.D02=SI;R2.D03=NO,MUNICIPIO30213,MUNICIPIO_SIN_CN_TRAB,Si,No,30213,,Regla 2 coherente para validaciones implementadas.
GPA-001__R2-002__R1-001__0457,GPA-001__R2-002__R1-001,02_inputs_xml_flat/GPA-001__R2-002__R1-001__0457.xml,PASS,INFO,R1.D01=SI;R1.D02=SI;R2.D01=SI;R2.D02=SI;R2.D03=NO,MUNICIPIO30211,MUNICIPIO_SIN_CN_TRAB,Si,No,30211,,Regla 2 coherente para validaciones implementadas.
GPA-001__R2-002__R1-001__0458,GPA-001__R2-002__R1-001,02_inputs_xml_flat/GPA-001__R2-002__R1-001__0458.xml,PASS,INFO,R1.D01=SI;R1.D02=SI;R2.D01=SI;R2.D02=SI;R2.D03=NO,MUNICIPIO30212,MUNICIPIO_SIN_CN_TRAB,Si,No,30212,,Regla 2 coherente para validaciones implementadas.
GPA-001__R2-002__R1-001__0459,GPA-001__R2-002__R1-001,02_inputs_xml_flat/GPA-001__R2-002__R1-001__0459.xml,PASS,INFO,R1.D01=SI;R1.D02=SI;R2.D01=SI;R2.D02=SI;R2.D03=NO,MUNICIPIO30213,MUNICIPIO_SIN_CN_TRAB,Si,No,30213,,Regla 2 coherente para validaciones implementadas.
GPA-001__R2-002__R1-001__0460,GPA-001__R2-002__R1-001,02_inputs_xml_flat/GPA-001__R2-002__R1-001__0460.xml,PASS,INFO,R1.D01=SI;R1.D02=SI;R2.D01=SI;R2.D02=SI;R2.D03=NO,MUNICIPIO30211,MUNICIPIO_SIN_CN_TRAB,Si,No,30211,,Regla 2 coherente para validaciones implementadas.
GPA-001__R2-002__R1-001__0461,GPA-001__R2-002__R1-001,02_inputs_xml_flat/GPA-001__R2-002__R1-001__0461.xml,PASS,INFO,R1.D01=SI;R1.D02=SI;R2.D01=SI;R2.D02=SI;R2.D03=NO,MUNICIPIO30212,MUNICIPIO_SIN_CN_TRAB,Si,No,30212,,Regla 2 coherente para validaciones implementadas.
GPA-001__R2-002__R1-001__0462,GPA-001__R2-002__R1-001,02_inputs_xml_flat/GPA-001__R2-002__R1-001__0462.xml,PASS,INFO,R1.D01=SI;R1.D02=SI;R2.D01=SI;R2.D02=SI;R2.D03=NO,MUNICIPIO30213,MUNICIPIO_SIN_CN_TRAB,Si,No,30213,,Regla 2 coherente para validaciones implementadas.
GPA-001__R2-002__R1-001__0463,GPA-001__R2-002__R1-001,02_inputs_xml_flat/GPA-001__R2-002__R1-001__0463.xml,PASS,INFO,R1.D01=SI;R1.D02=SI;R2.D01=SI;R2.D02=SI;R2.D03=NO,MUNICIPIO30211,MUNICIPIO_SIN_CN_TRAB,Si,No,30211,,Regla 2 coherente para validaciones implementadas.
GPA-001__R2-002__R1-001__0464,GPA-001__R2-002__R1-001,02_inputs_xml_flat/GPA-001__R2-002__R1-001__0464.xml,PASS,INFO,R1.D01=SI;R1.D02=SI;R2.D01=SI;R2.D02=SI;R2.D03=NO,MUNICIPIO30212,MUNICIPIO_SIN_CN_TRAB,Si,No,30212,,Regla 2 coherente para validaciones implementadas.
GPA-001__R2-002__R1-001__0465,GPA-001__R2-002__R1-001,02_inputs_xml_flat/GPA-001__R2-002__R1-001__0465.xml,PASS,INFO,R1.D01=SI;R1.D02=SI;R2.D01=SI;R2.D02=SI;R2.D03=NO,MUNICIPIO30213,MUNICIPIO_SIN_CN_TRAB,Si,No,30213,,Regla 2 coherente para validaciones implementadas.
GPA-001__R2-002__R1-001__0466,GPA-001__R2-002__R1-001,02_inputs_xml_flat/GPA-001__R2-002__R1-001__0466.xml,PASS,INFO,R1.D01=SI;R1.D02=SI;R2.D01=SI;R2.D02=SI;R2.D03=NO,MUNICIPIO30211,MUNICIPIO_SIN_CN_TRAB,Si,No,30211,,Regla 2 coherente para validaciones implementadas.
GPA-001__R2-002__R1-001__0467,GPA-001__R2-002__R1-001,02_inputs_xml_flat/GPA-001__R2-002__R1-001__0467.xml,PASS,INFO,R1.D01=SI;R1.D02=SI;R2.D01=SI;R2.D02=SI;R2.D03=NO,MUNICIPIO30212,MUNICIPIO_SIN_CN_TRAB,Si,No,30212,,Regla 2 coherente para validaciones implementadas.
GPA-001__R2-002__R1-001__0468,GPA-001__R2-002__R1-001,02_inputs_xml_flat/GPA-001__R2-002__R1-001__0468.xml,PASS,INFO,R1.D01=SI;R1.D02=SI;R2.D01=SI;R2.D02=SI;R2.D03=NO,MUNICIPIO30213,MUNICIPIO_SIN_CN_TRAB,Si,No,30213,,Regla 2 coherente para validaciones implementadas.
GPA-001__R2-002__R1-001__0469,GPA-001__R2-002__R1-001,02_inputs_xml_flat/GPA-001__R2-002__R1-001__0469.xml,PASS,INFO,R1.D01=SI;R1.D02=SI;R2.D01=SI;R2.D02=SI;R2.D03=NO,MUNICIPIO30211,MUNICIPIO_SIN_CN_TRAB,Si,No,30211,,Regla 2 coherente para validaciones implementadas.
GPA-001__R2-002__R1-001__0470,GPA-001__R2-002__R1-001,02_inputs_xml_flat/GPA-001__R2-002__R1-001__0470.xml,PASS,INFO,R1.D01=SI;R1.D02=SI;R2.D01=SI;R2.D02=SI;R2.D03=NO,MUNICIPIO30212,MUNICIPIO_SIN_CN_TRAB,Si,No,30212,,Regla 2 coherente para validaciones implementadas.
GPA-001__R2-002__R1-001__0471,GPA-001__R2-002__R1-001,02_inputs_xml_flat/GPA-001__R2-002__R1-001__0471.xml,PASS,INFO,R1.D01=SI;R1.D02=SI;R2.D01=SI;R2.D02=SI;R2.D03=NO,MUNICIPIO30213,MUNICIPIO_SIN_CN_TRAB,Si,No,30213,,Regla 2 coherente para validaciones implementadas.
GPA-001__R2-002__R1-001__0472,GPA-001__R2-002__R1-001,02_inputs_xml_flat/GPA-001__R2-002__R1-001__0472.xml,PASS,INFO,R1.D01=SI;R1.D02=SI;R2.D01=SI;R2.D02=SI;R2.D03=NO,MUNICIPIO30211,MUNICIPIO_SIN_CN_TRAB,Si,No,30211,,Regla 2 coherente para validaciones implementadas.
GPA-001__R2-002__R1-001__0473,GPA-001__R2-002__R1-001,02_inputs_xml_flat/GPA-001__R2-002__R1-001__0473.xml,PASS,INFO,R1.D01=SI;R1.D02=SI;R2.D01=SI;R2.D02=SI;R2.D03=NO,MUNICIPIO30212,MUNICIPIO_SIN_CN_TRAB,Si,No,30212,,Regla 2 coherente para validaciones implementadas.
GPA-001__R2-002__R1-001__0474,GPA-001__R2-002__R1-001,02_inputs_xml_flat/GPA-001__R2-002__R1-001__0474.xml,PASS,INFO,R1.D01=SI;R1.D02=SI;R2.D01=SI;R2.D02=SI;R2.D03=NO,MUNICIPIO30213,MUNICIPIO_SIN_CN_TRAB,Si,No,30213,,Regla 2 coherente para validaciones implementadas.
GPA-001__R2-002__R1-001__0475,GPA-001__R2-002__R1-001,02_inputs_xml_flat/GPA-001__R2-002__R1-001__0475.xml,PASS,INFO,R1.D01=SI;R1.D02=SI;R2.D01=SI;R2.D02=SI;R2.D03=NO,MUNICIPIO30211,MUNICIPIO_SIN_CN_TRAB,Si,No,30211,,Regla 2 coherente para validaciones implementadas.
GPA-001__R2-002__R1-001__0476,GPA-001__R2-002__R1-001,02_inputs_xml_flat/GPA-001__R2-002__R1-001__0476.xml,PASS,INFO,R1.D01=SI;R1.D02=SI;R2.D01=SI;R2.D02=SI;R2.D03=NO,MUNICIPIO30212,MUNICIPIO_SIN_CN_TRAB,Si,No,30212,,Regla 2 coherente para validaciones implementadas.
GPA-001__R2-002__R1-001__0477,GPA-001__R2-002__R1-001,02_inputs_xml_flat/GPA-001__R2-002__R1-001__0477.xml,PASS,INFO,R1.D01=SI;R1.D02=SI;R2.D01=SI;R2.D02=SI;R2.D03=NO,MUNICIPIO30213,MUNICIPIO_SIN_CN_TRAB,Si,No,30213,,Regla 2 coherente para validaciones implementadas.
GPA-001__R2-002__R1-001__0478,GPA-001__R2-002__R1-001,02_inputs_xml_flat/GPA-001__R2-002__R1-001__0478.xml,PASS,INFO,R1.D01=SI;R1.D02=SI;R2.D01=SI;R2.D02=SI;R2.D03=NO,MUNICIPIO30211,MUNICIPIO_SIN_CN_TRAB,Si,No,30211,,Regla 2 coherente para validaciones implementadas.
GPA-001__R2-002__R1-001__0479,GPA-001__R2-002__R1-001,02_inputs_xml_flat/GPA-001__R2-002__R1-001__0479.xml,PASS,INFO,R1.D01=SI;R1.D02=SI;R2.D01=SI;R2.D02=SI;R2.D03=NO,MUNICIPIO30212,MUNICIPIO_SIN_CN_TRAB,Si,No,30212,,Regla 2 coherente para validaciones implementadas.
GPA-001__R2-002__R1-001__0480,GPA-001__R2-002__R1-001,02_inputs_xml_flat/GPA-001__R2-002__R1-001__0480.xml,PASS,INFO,R1.D01=SI;R1.D02=SI;R2.D01=SI;R2.D02=SI;R2.D03=NO,MUNICIPIO30213,MUNICIPIO_SIN_CN_TRAB,Si,No,30213,,Regla 2 coherente para validaciones implementadas.
GPA-001__R2-002__R1-001__0481,GPA-001__R2-002__R1-001,02_inputs_xml_flat/GPA-001__R2-002__R1-001__0481.xml,PASS,INFO,R1.D01=SI;R1.D02=SI;R2.D01=SI;R2.D02=SI;R2.D03=NO,MUNICIPIO30211,MUNICIPIO_SIN_CN_TRAB,Si,No,30211,,Regla 2 coherente para validaciones implementadas.
GPA-001__R2-002__R1-001__0482,GPA-001__R2-002__R1-001,02_inputs_xml_flat/GPA-001__R2-002__R1-001__0482.xml,PASS,INFO,R1.D01=SI;R1.D02=SI;R2.D01=SI;R2.D02=SI;R2.D03=NO,MUNICIPIO30212,MUNICIPIO_SIN_CN_TRAB,Si,No,30212,,Regla 2 coherente para validaciones implementadas.
GPA-001__R2-002__R1-001__0483,GPA-001__R2-002__R1-001,02_inputs_xml_flat/GPA-001__R2-002__R1-001__0483.xml,PASS,INFO,R1.D01=SI;R1.D02=SI;R2.D01=SI;R2.D02=SI;R2.D03=NO,MUNICIPIO30213,MUNICIPIO_SIN_CN_TRAB,Si,No,30213,,Regla 2 coherente para validaciones implementadas.
GPA-001__R2-002__R1-001__0484,GPA-001__R2-002__R1-001,02_inputs_xml_flat/GPA-001__R2-002__R1-001__0484.xml,PASS,INFO,R1.D01=SI;R1.D02=SI;R2.D01=SI;R2.D02=SI;R2.D03=NO,MUNICIPIO30211,MUNICIPIO_SIN_CN_TRAB,Si,No,30211,,Regla 2 coherente para validaciones implementadas.
GPA-001__R2-002__R1-001__0485,GPA-001__R2-002__R1-001,02_inputs_xml_flat/GPA-001__R2-002__R1-001__0485.xml,PASS,INFO,R1.D01=SI;R1.D02=SI;R2.D01=SI;R2.D02=SI;R2.D03=NO,MUNICIPIO30212,MUNICIPIO_SIN_CN_TRAB,Si,No,30212,,Regla 2 coherente para validaciones implementadas.
GPA-001__R2-002__R1-001__0486,GPA-001__R2-002__R1-001,02_inputs_xml_flat/GPA-001__R2-002__R1-001__0486.xml,PASS,INFO,R1.D01=SI;R1.D02=SI;R2.D01=SI;R2.D02=SI;R2.D03=NO,MUNICIPIO30213,MUNICIPIO_SIN_CN_TRAB,Si,No,30213,,Regla 2 coherente para validaciones implementadas.
GPA-001__R2-002__R1-001__0487,GPA-001__R2-002__R1-001,02_inputs_xml_flat/GPA-001__R2-002__R1-001__0487.xml,PASS,INFO,R1.D01=SI;R1.D02=SI;R2.D01=SI;R2.D02=SI;R2.D03=NO,MUNICIPIO30211,MUNICIPIO_SIN_CN_TRAB,Si,No,30211,,Regla 2 coherente para validaciones implementadas.
GPA-001__R2-002__R1-001__0488,GPA-001__R2-002__R1-001,02_inputs_xml_flat/GPA-001__R2-002__R1-001__0488.xml,PASS,INFO,R1.D01=SI;R1.D02=SI;R2.D01=SI;R2.D02=SI;R2.D03=NO,MUNICIPIO30212,MUNICIPIO_SIN_CN_TRAB,Si,No,30212,,Regla 2 coherente para validaciones implementadas.
GPA-001__R2-002__R1-001__0489,GPA-001__R2-002__R1-001,02_inputs_xml_flat/GPA-001__R2-002__R1-001__0489.xml,PASS,INFO,R1.D01=SI;R1.D02=SI;R2.D01=SI;R2.D02=SI;R2.D03=NO,MUNICIPIO30213,MUNICIPIO_SIN_CN_TRAB,Si,No,30213,,Regla 2 coherente para validaciones implementadas.
GPA-001__R2-002__R1-001__0490,GPA-001__R2-002__R1-001,02_inputs_xml_flat/GPA-001__R2-002__R1-001__0490.xml,PASS,INFO,R1.D01=SI;R1.D02=SI;R2.D01=SI;R2.D02=SI;R2.D03=NO,MUNICIPIO30211,MUNICIPIO_SIN_CN_TRAB,Si,No,30211,,Regla 2 coherente para validaciones implementadas.
GPA-001__R2-002__R1-001__0491,GPA-001__R2-002__R1-001,02_inputs_xml_flat/GPA-001__R2-002__R1-001__0491.xml,PASS,INFO,R1.D01=SI;R1.D02=SI;R2.D01=SI;R2.D02=SI;R2.D03=NO,MUNICIPIO30212,MUNICIPIO_SIN_CN_TRAB,Si,No,30212,,Regla 2 coherente para validaciones implementadas.
GPA-001__R2-002__R1-001__0492,GPA-001__R2-002__R1-001,02_inputs_xml_flat/GPA-001__R2-002__R1-001__0492.xml,PASS,INFO,R1.D01=SI;R1.D02=SI;R2.D01=SI;R2.D02=SI;R2.D03=NO,MUNICIPIO30213,MUNICIPIO_SIN_CN_TRAB,Si,No,30213,,Regla 2 coherente para validaciones implementadas.
GPA-001__R2-002__R1-001__0493,GPA-001__R2-002__R1-001,02_inputs_xml_flat/GPA-001__R2-002__R1-001__0493.xml,PASS,INFO,R1.D01=SI;R1.D02=SI;R2.D01=SI;R2.D02=SI;R2.D03=NO,MUNICIPIO30211,MUNICIPIO_SIN_CN_TRAB,Si,No,30211,,Regla 2 coherente para validaciones implementadas.
GPA-001__R2-002__R1-001__0494,GPA-001__R2-002__R1-001,02_inputs_xml_flat/GPA-001__R2-002__R1-001__0494.xml,PASS,INFO,R1.D01=SI;R1.D02=SI;R2.D01=SI;R2.D02=SI;R2.D03=NO,MUNICIPIO30212,MUNICIPIO_SIN_CN_TRAB,Si,No,30212,,Regla 2 coherente para validaciones implementadas.
GPA-001__R2-002__R1-001__0495,GPA-001__R2-002__R1-001,02_inputs_xml_flat/GPA-001__R2-002__R1-001__0495.xml,PASS,INFO,R1.D01=SI;R1.D02=SI;R2.D01=SI;R2.D02=SI;R2.D03=NO,MUNICIPIO30213,MUNICIPIO_SIN_CN_TRAB,Si,No,30213,,Regla 2 coherente para validaciones implementadas.
GPA-001__R2-002__R1-001__0496,GPA-001__R2-002__R1-001,02_inputs_xml_flat/GPA-001__R2-002__R1-001__0496.xml,PASS,INFO,R1.D01=SI;R1.D02=SI;R2.D01=SI;R2.D02=SI;R2.D03=NO,MUNICIPIO30211,MUNICIPIO_SIN_CN_TRAB,Si,No,30211,,Regla 2 coherente para validaciones implementadas.
GPA-001__R2-002__R1-001__0497,GPA-001__R2-002__R1-001,02_inputs_xml_flat/GPA-001__R2-002__R1-001__0497.xml,PASS,INFO,R1.D01=SI;R1.D02=SI;R2.D01=SI;R2.D02=SI;R2.D03=NO,MUNICIPIO30212,MUNICIPIO_SIN_CN_TRAB,Si,No,30212,,Regla 2 coherente para validaciones implementadas.
GPA-001__R2-002__R1-001__0498,GPA-001__R2-002__R1-001,02_inputs_xml_flat/GPA-001__R2-002__R1-001__0498.xml,PASS,INFO,R1.D01=SI;R1.D02=SI;R2.D01=SI;R2.D02=SI;R2.D03=NO,MUNICIPIO30213,MUNICIPIO_SIN_CN_TRAB,Si,No,30213,,Regla 2 coherente para validaciones implementadas.
GPA-001__R2-002__R1-001__0499,GPA-001__R2-002__R1-001,02_inputs_xml_flat/GPA-001__R2-002__R1-001__0499.xml,PASS,INFO,R1.D01=SI;R1.D02=SI;R2.D01=SI;R2.D02=SI;R2.D03=NO,MUNICIPIO30211,MUNICIPIO_SIN_CN_TRAB,Si,No,30211,,Regla 2 coherente para validaciones implementadas.
GPA-001__R2-002__R1-001__0500,GPA-001__R2-002__R1-001,02_inputs_xml_flat/GPA-001__R2-002__R1-001__0500.xml,PASS,INFO,R1.D01=SI;R1.D02=SI;R2.D01=SI;R2.D02=SI;R2.D03=NO,MUNICIPIO30212,MUNICIPIO_SIN_CN_TRAB,Si,No,30212,,Regla 2 coherente para validaciones implementadas.
GPA-001__R2-002__R1-001__0501,GPA-001__R2-002__R1-001,02_inputs_xml_flat/GPA-001__R2-002__R1-001__0501.xml,PASS,INFO,R1.D01=SI;R1.D02=SI;R2.D01=SI;R2.D02=SI;R2.D03=NO,MUNICIPIO30213,MUNICIPIO_SIN_CN_TRAB,Si,No,30213,,Regla 2 coherente para validaciones implementadas.
GPA-001__R2-002__R1-001__0502,GPA-001__R2-002__R1-001,02_inputs_xml_flat/GPA-001__R2-002__R1-001__0502.xml,PASS,INFO,R1.D01=SI;R1.D02=SI;R2.D01=SI;R2.D02=SI;R2.D03=NO,MUNICIPIO30211,MUNICIPIO_SIN_CN_TRAB,Si,No,30211,,Regla 2 coherente para validaciones implementadas.
GPA-001__R2-002__R1-001__0503,GPA-001__R2-002__R1-001,02_inputs_xml_flat/GPA-001__R2-002__R1-001__0503.xml,PASS,INFO,R1.D01=SI;R1.D02=SI;R2.D01=SI;R2.D02=SI;R2.D03=NO,MUNICIPIO30212,MUNICIPIO_SIN_CN_TRAB,Si,No,30212,,Regla 2 coherente para validaciones implementadas.
GPA-001__R2-002__R1-001__0504,GPA-001__R2-002__R1-001,02_inputs_xml_flat/GPA-001__R2-002__R1-001__0504.xml,PASS,INFO,R1.D01=SI;R1.D02=SI;R2.D01=SI;R2.D02=SI;R2.D03=NO,MUNICIPIO30213,MUNICIPIO_SIN_CN_TRAB,Si,No,30213,,Regla 2 coherente para validaciones implementadas.
GPA-001__R2-002__R1-001__0505,GPA-001__R2-002__R1-001,02_inputs_xml_flat/GPA-001__R2-002__R1-001__0505.xml,PASS,INFO,R1.D01=SI;R1.D02=SI;R2.D01=SI;R2.D02=SI;R2.D03=NO,MUNICIPIO30211,MUNICIPIO_SIN_CN_TRAB,Si,No,30211,,Regla 2 coherente para validaciones implementadas.
GPA-001__R2-002__R1-001__0506,GPA-001__R2-002__R1-001,02_inputs_xml_flat/GPA-001__R2-002__R1-001__0506.xml,PASS,INFO,R1.D01=SI;R1.D02=SI;R2.D01=SI;R2.D02=SI;R2.D03=NO,MUNICIPIO30212,MUNICIPIO_SIN_CN_TRAB,Si,No,30212,,Regla 2 coherente para validaciones implementadas.
GPA-001__R2-002__R1-001__0507,GPA-001__R2-002__R1-001,02_inputs_xml_flat/GPA-001__R2-002__R1-001__0507.xml,PASS,INFO,R1.D01=SI;R1.D02=SI;R2.D01=SI;R2.D02=SI;R2.D03=NO,MUNICIPIO30213,MUNICIPIO_SIN_CN_TRAB,Si,No,30213,,Regla 2 coherente para validaciones implementadas.
GPA-001__R2-002__R1-001__0508,GPA-001__R2-002__R1-001,02_inputs_xml_flat/GPA-001__R2-002__R1-001__0508.xml,PASS,INFO,R1.D01=SI;R1.D02=SI;R2.D01=SI;R2.D02=SI;R2.D03=NO,MUNICIPIO30211,MUNICIPIO_SIN_CN_TRAB,Si,No,30211,,Regla 2 coherente para validaciones implementadas.
GPA-001__R2-002__R1-001__0509,GPA-001__R2-002__R1-001,02_inputs_xml_flat/GPA-001__R2-002__R1-001__0509.xml,PASS,INFO,R1.D01=SI;R1.D02=SI;R2.D01=SI;R2.D02=SI;R2.D03=NO,MUNICIPIO30212,MUNICIPIO_SIN_CN_TRAB,Si,No,30212,,Regla 2 coherente para validaciones implementadas.
GPA-001__R2-002__R1-001__0510,GPA-001__R2-002__R1-001,02_inputs_xml_flat/GPA-001__R2-002__R1-001__0510.xml,PASS,INFO,R1.D01=SI;R1.D02=SI;R2.D01=SI;R2.D02=SI;R2.D03=NO,MUNICIPIO30213,MUNICIPIO_SIN_CN_TRAB,Si,No,30213,,Regla 2 coherente para validaciones implementadas.
GPA-001__R2-002__R1-001__0511,GPA-001__R2-002__R1-001,02_inputs_xml_flat/GPA-001__R2-002__R1-001__0511.xml,PASS,INFO,R1.D01=SI;R1.D02=SI;R2.D01=SI;R2.D02=SI;R2.D03=NO,MUNICIPIO30211,MUNICIPIO_SIN_CN_TRAB,Si,No,30211,,Regla 2 coherente para validaciones implementadas.
GPA-001__R2-002__R1-001__0512,GPA-001__R2-002__R1-001,02_inputs_xml_flat/GPA-001__R2-002__R1-001__0512.xml,PASS,INFO,R1.D01=SI;R1.D02=SI;R2.D01=SI;R2.D02=SI;R2.D03=NO,MUNICIPIO30212,MUNICIPIO_SIN_CN_TRAB,Si,No,30212,,Regla 2 coherente para validaciones implementadas.
GPA-001__R2-002__R1-001__0513,GPA-001__R2-002__R1-001,02_inputs_xml_flat/GPA-001__R2-002__R1-001__0513.xml,PASS,INFO,R1.D01=SI;R1.D02=SI;R2.D01=SI;R2.D02=SI;R2.D03=NO,MUNICIPIO30213,MUNICIPIO_SIN_CN_TRAB,Si,No,30213,,Regla 2 coherente para validaciones implementadas.
GPA-001__R2-002__R1-001__0514,GPA-001__R2-002__R1-001,02_inputs_xml_flat/GPA-001__R2-002__R1-001__0514.xml,PASS,INFO,R1.D01=SI;R1.D02=SI;R2.D01=SI;R2.D02=SI;R2.D03=NO,MUNICIPIO30211,MUNICIPIO_SIN_CN_TRAB,Si,No,30211,,Regla 2 coherente para validaciones implementadas.
GPA-001__R2-002__R1-001__0515,GPA-001__R2-002__R1-001,02_inputs_xml_flat/GPA-001__R2-002__R1-001__0515.xml,PASS,INFO,R1.D01=SI;R1.D02=SI;R2.D01=SI;R2.D02=SI;R2.D03=NO,MUNICIPIO30212,MUNICIPIO_SIN_CN_TRAB,Si,No,30212,,Regla 2 coherente para validaciones implementadas.
GPA-001__R2-002__R1-001__0516,GPA-001__R2-002__R1-001,02_inputs_xml_flat/GPA-001__R2-002__R1-001__0516.xml,PASS,INFO,R1.D01=SI;R1.D02=SI;R2.D01=SI;R2.D02=SI;R2.D03=NO,MUNICIPIO30213,MUNICIPIO_SIN_CN_TRAB,Si,No,30213,,Regla 2 coherente para validaciones implementadas.
GPA-001__R2-002__R1-001__0517,GPA-001__R2-002__R1-001,02_inputs_xml_flat/GPA-001__R2-002__R1-001__0517.xml,PASS,INFO,R1.D01=SI;R1.D02=SI;R2.D01=SI;R2.D02=SI;R2.D03=NO,MUNICIPIO30211,MUNICIPIO_SIN_CN_TRAB,Si,No,30211,,Regla 2 coherente para validaciones implementadas.
GPA-001__R2-002__R1-001__0518,GPA-001__R2-002__R1-001,02_inputs_xml_flat/GPA-001__R2-002__R1-001__0518.xml,PASS,INFO,R1.D01=SI;R1.D02=SI;R2.D01=SI;R2.D02=SI;R2.D03=NO,MUNICIPIO30212,MUNICIPIO_SIN_CN_TRAB,Si,No,30212,,Regla 2 coherente para validaciones implementadas.
GPA-001__R2-002__R1-001__0519,GPA-001__R2-002__R1-001,02_inputs_xml_flat/GPA-001__R2-002__R1-001__0519.xml,PASS,INFO,R1.D01=SI;R1.D02=SI;R2.D01=SI;R2.D02=SI;R2.D03=NO,MUNICIPIO30213,MUNICIPIO_SIN_CN_TRAB,Si,No,30213,,Regla 2 coherente para validaciones implementadas.
GPA-001__R2-002__R1-001__0520,GPA-001__R2-002__R1-001,02_inputs_xml_flat/GPA-001__R2-002__R1-001__0520.xml,PASS,INFO,R1.D01=SI;R1.D02=SI;R2.D01=SI;R2.D02=SI;R2.D03=NO,MUNICIPIO30211,MUNICIPIO_SIN_CN_TRAB,Si,No,30211,,Regla 2 coherente para validaciones implementadas.
GPA-001__R2-002__R1-001__0521,GPA-001__R2-002__R1-001,02_inputs_xml_flat/GPA-001__R2-002__R1-001__0521.xml,PASS,INFO,R1.D01=SI;R1.D02=SI;R2.D01=SI;R2.D02=SI;R2.D03=NO,MUNICIPIO30212,MUNICIPIO_SIN_CN_TRAB,Si,No,30212,,Regla 2 coherente para validaciones implementadas.
GPA-001__R2-002__R1-001__0522,GPA-001__R2-002__R1-001,02_inputs_xml_flat/GPA-001__R2-002__R1-001__0522.xml,PASS,INFO,R1.D01=SI;R1.D02=SI;R2.D01=SI;R2.D02=SI;R2.D03=NO,MUNICIPIO30213,MUNICIPIO_SIN_CN_TRAB,Si,No,30213,,Regla 2 coherente para validaciones implementadas.
GPA-001__R2-002__R1-001__0523,GPA-001__R2-002__R1-001,02_inputs_xml_flat/GPA-001__R2-002__R1-001__0523.xml,PASS,INFO,R1.D01=SI;R1.D02=SI;R2.D01=SI;R2.D02=SI;R2.D03=NO,MUNICIPIO30211,MUNICIPIO_SIN_CN_TRAB,Si,No,30211,,Regla 2 coherente para validaciones implementadas.
GPA-001__R2-002__R1-001__0524,GPA-001__R2-002__R1-001,02_inputs_xml_flat/GPA-001__R2-002__R1-001__0524.xml,PASS,INFO,R1.D01=SI;R1.D02=SI;R2.D01=SI;R2.D02=SI;R2.D03=NO,MUNICIPIO30212,MUNICIPIO_SIN_CN_TRAB,Si,No,30212,,Regla 2 coherente para validaciones implementadas.
GPA-001__R2-002__R1-001__0525,GPA-001__R2-002__R1-001,02_inputs_xml_flat/GPA-001__R2-002__R1-001__0525.xml,PASS,INFO,R1.D01=SI;R1.D02=SI;R2.D01=SI;R2.D02=SI;R2.D03=NO,MUNICIPIO30213,MUNICIPIO_SIN_CN_TRAB,Si,No,30213,,Regla 2 coherente para validaciones implementadas.
GPA-001__R2-002__R1-001__0526,GPA-001__R2-002__R1-001,02_inputs_xml_flat/GPA-001__R2-002__R1-001__0526.xml,PASS,INFO,R1.D01=SI;R1.D02=SI;R2.D01=SI;R2.D02=SI;R2.D03=NO,MUNICIPIO30211,MUNICIPIO_SIN_CN_TRAB,Si,No,30211,,Regla 2 coherente para validaciones implementadas.
GPA-001__R2-002__R1-001__0527,GPA-001__R2-002__R1-001,02_inputs_xml_flat/GPA-001__R2-002__R1-001__0527.xml,PASS,INFO,R1.D01=SI;R1.D02=SI;R2.D01=SI;R2.D02=SI;R2.D03=NO,MUNICIPIO30212,MUNICIPIO_SIN_CN_TRAB,Si,No,30212,,Regla 2 coherente para validaciones implementadas.
GPA-001__R2-002__R1-001__0528,GPA-001__R2-002__R1-001,02_inputs_xml_flat/GPA-001__R2-002__R1-001__0528.xml,PASS,INFO,R1.D01=SI;R1.D02=SI;R2.D01=SI;R2.D02=SI;R2.D03=NO,MUNICIPIO30213,MUNICIPIO_SIN_CN_TRAB,Si,No,30213,,Regla 2 coherente para validaciones implementadas.
GPA-001__R2-002__R1-001__0529,GPA-001__R2-002__R1-001,02_inputs_xml_flat/GPA-001__R2-002__R1-001__0529.xml,PASS,INFO,R1.D01=SI;R1.D02=SI;R2.D01=SI;R2.D02=SI;R2.D03=NO,MUNICIPIO30211,MUNICIPIO_SIN_CN_TRAB,Si,No,30211,,Regla 2 coherente para validaciones implementadas.
GPA-001__R2-002__R1-001__0530,GPA-001__R2-002__R1-001,02_inputs_xml_flat/GPA-001__R2-002__R1-001__0530.xml,PASS,INFO,R1.D01=SI;R1.D02=SI;R2.D01=SI;R2.D02=SI;R2.D03=NO,MUNICIPIO30212,MUNICIPIO_SIN_CN_TRAB,Si,No,30212,,Regla 2 coherente para validaciones implementadas.
GPA-001__R2-002__R1-001__0531,GPA-001__R2-002__R1-001,02_inputs_xml_flat/GPA-001__R2-002__R1-001__0531.xml,PASS,INFO,R1.D01=SI;R1.D02=SI;R2.D01=SI;R2.D02=SI;R2.D03=NO,MUNICIPIO30213,MUNICIPIO_SIN_CN_TRAB,Si,No,30213,,Regla 2 coherente para validaciones implementadas.
GPA-001__R2-002__R1-001__0532,GPA-001__R2-002__R1-001,02_inputs_xml_flat/GPA-001__R2-002__R1-001__0532.xml,PASS,INFO,R1.D01=SI;R1.D02=SI;R2.D01=SI;R2.D02=SI;R2.D03=NO,MUNICIPIO30211,MUNICIPIO_SIN_CN_TRAB,Si,No,30211,,Regla 2 coherente para validaciones implementadas.
GPA-001__R2-002__R1-001__0533,GPA-001__R2-002__R1-001,02_inputs_xml_flat/GPA-001__R2-002__R1-001__0533.xml,PASS,INFO,R1.D01=SI;R1.D02=SI;R2.D01=SI;R2.D02=SI;R2.D03=NO,MUNICIPIO30212,MUNICIPIO_SIN_CN_TRAB,Si,No,30212,,Regla 2 coherente para validaciones implementadas.
GPA-001__R2-002__R1-001__0534,GPA-001__R2-002__R1-001,02_inputs_xml_flat/GPA-001__R2-002__R1-001__0534.xml,PASS,INFO,R1.D01=SI;R1.D02=SI;R2.D01=SI;R2.D02=SI;R2.D03=NO,MUNICIPIO30213,MUNICIPIO_SIN_CN_TRAB,Si,No,30213,,Regla 2 coherente para validaciones implementadas.
GPA-001__R2-002__R1-001__0535,GPA-001__R2-002__R1-001,02_inputs_xml_flat/GPA-001__R2-002__R1-001__0535.xml,PASS,INFO,R1.D01=SI;R1.D02=SI;R2.D01=SI;R2.D02=SI;R2.D03=NO,MUNICIPIO30211,MUNICIPIO_SIN_CN_TRAB,Si,No,30211,,Regla 2 coherente para validaciones implementadas.
GPA-001__R2-002__R1-001__0536,GPA-001__R2-002__R1-001,02_inputs_xml_flat/GPA-001__R2-002__R1-001__0536.xml,PASS,INFO,R1.D01=SI;R1.D02=SI;R2.D01=SI;R2.D02=SI;R2.D03=NO,MUNICIPIO30212,MUNICIPIO_SIN_CN_TRAB,Si,No,30212,,Regla 2 coherente para validaciones implementadas.
GPA-001__R2-002__R1-001__0537,GPA-001__R2-002__R1-001,02_inputs_xml_flat/GPA-001__R2-002__R1-001__0537.xml,PASS,INFO,R1.D01=SI;R1.D02=SI;R2.D01=SI;R2.D02=SI;R2.D03=NO,MUNICIPIO30213,MUNICIPIO_SIN_CN_TRAB,Si,No,30213,,Regla 2 coherente para validaciones implementadas.
GPA-001__R2-002__R1-001__0538,GPA-001__R2-002__R1-001,02_inputs_xml_flat/GPA-001__R2-002__R1-001__0538.xml,PASS,INFO,R1.D01=SI;R1.D02=SI;R2.D01=SI;R2.D02=SI;R2.D03=NO,MUNICIPIO30211,MUNICIPIO_SIN_CN_TRAB,Si,No,30211,,Regla 2 coherente para validaciones implementadas.
GPA-001__R2-002__R1-001__0539,GPA-001__R2-002__R1-001,02_inputs_xml_flat/GPA-001__R2-002__R1-001__0539.xml,PASS,INFO,R1.D01=SI;R1.D02=SI;R2.D01=SI;R2.D02=SI;R2.D03=NO,MUNICIPIO30212,MUNICIPIO_SIN_CN_TRAB,Si,No,30212,,Regla 2 coherente para validaciones implementadas.
GPA-001__R2-002__R1-001__0540,GPA-001__R2-002__R1-001,02_inputs_xml_flat/GPA-001__R2-002__R1-001__0540.xml,PASS,INFO,R1.D01=SI;R1.D02=SI;R2.D01=SI;R2.D02=SI;R2.D03=NO,MUNICIPIO30213,MUNICIPIO_SIN_CN_TRAB,Si,No,30213,,Regla 2 coherente para validaciones implementadas.
GPA-001__R2-002__R1-001__0541,GPA-001__R2-002__R1-001,02_inputs_xml_flat/GPA-001__R2-002__R1-001__0541.xml,PASS,INFO,R1.D01=SI;R1.D02=SI;R2.D01=SI;R2.D02=SI;R2.D03=NO,MUNICIPIO30211,MUNICIPIO_SIN_CN_TRAB,Si,No,30211,,Regla 2 coherente para validaciones implementadas.
GPA-001__R2-002__R1-001__0542,GPA-001__R2-002__R1-001,02_inputs_xml_flat/GPA-001__R2-002__R1-001__0542.xml,PASS,INFO,R1.D01=SI;R1.D02=SI;R2.D01=SI;R2.D02=SI;R2.D03=NO,MUNICIPIO30212,MUNICIPIO_SIN_CN_TRAB,Si,No,30212,,Regla 2 coherente para validaciones implementadas.
GPA-001__R2-002__R1-001__0543,GPA-001__R2-002__R1-001,02_inputs_xml_flat/GPA-001__R2-002__R1-001__0543.xml,PASS,INFO,R1.D01=SI;R1.D02=SI;R2.D01=SI;R2.D02=SI;R2.D03=NO,MUNICIPIO30213,MUNICIPIO_SIN_CN_TRAB,Si,No,30213,,Regla 2 coherente para validaciones implementadas.
GPA-001__R2-002__R1-001__0544,GPA-001__R2-002__R1-001,02_inputs_xml_flat/GPA-001__R2-002__R1-001__0544.xml,PASS,INFO,R1.D01=SI;R1.D02=SI;R2.D01=SI;R2.D02=SI;R2.D03=NO,MUNICIPIO30211,MUNICIPIO_SIN_CN_TRAB,Si,No,30211,,Regla 2 coherente para validaciones implementadas.
GPA-001__R2-002__R1-001__0545,GPA-001__R2-002__R1-001,02_inputs_xml_flat/GPA-001__R2-002__R1-001__0545.xml,PASS,INFO,R1.D01=SI;R1.D02=SI;R2.D01=SI;R2.D02=SI;R2.D03=NO,MUNICIPIO30212,MUNICIPIO_SIN_CN_TRAB,Si,No,30212,,Regla 2 coherente para validaciones implementadas.
GPA-001__R2-002__R1-001__0546,GPA-001__R2-002__R1-001,02_inputs_xml_flat/GPA-001__R2-002__R1-001__0546.xml,PASS,INFO,R1.D01=SI;R1.D02=SI;R2.D01=SI;R2.D02=SI;R2.D03=NO,MUNICIPIO30213,MUNICIPIO_SIN_CN_TRAB,Si,No,30213,,Regla 2 coherente para validaciones implementadas.
GPA-001__R2-002__R1-001__0547,GPA-001__R2-002__R1-001,02_inputs_xml_flat/GPA-001__R2-002__R1-001__0547.xml,PASS,INFO,R1.D01=SI;R1.D02=SI;R2.D01=SI;R2.D02=SI;R2.D03=NO,MUNICIPIO30211,MUNICIPIO_SIN_CN_TRAB,Si,No,30211,,Regla 2 coherente para validaciones implementadas.
GPA-001__R2-002__R1-001__0548,GPA-001__R2-002__R1-001,02_inputs_xml_flat/GPA-001__R2-002__R1-001__0548.xml,PASS,INFO,R1.D01=SI;R1.D02=SI;R2.D01=SI;R2.D02=SI;R2.D03=NO,MUNICIPIO30212,MUNICIPIO_SIN_CN_TRAB,Si,No,30212,,Regla 2 coherente para validaciones implementadas.
GPA-001__R2-002__R1-001__0549,GPA-001__R2-002__R1-001,02_inputs_xml_flat/GPA-001__R2-002__R1-001__0549.xml,PASS,INFO,R1.D01=SI;R1.D02=SI;R2.D01=SI;R2.D02=SI;R2.D03=NO,MUNICIPIO30213,MUNICIPIO_SIN_CN_TRAB,Si,No,30213,,Regla 2 coherente para validaciones implementadas.
GPA-001__R2-002__R1-001__0550,GPA-001__R2-002__R1-001,02_inputs_xml_flat/GPA-001__R2-002__R1-001__0550.xml,PASS,INFO,R1.D01=SI;R1.D02=SI;R2.D01=SI;R2.D02=SI;R2.D03=NO,MUNICIPIO30211,MUNICIPIO_SIN_CN_TRAB,Si,No,30211,,Regla 2 coherente para validaciones implementadas.
GPA-001__R2-002__R1-001__0551,GPA-001__R2-002__R1-001,02_inputs_xml_flat/GPA-001__R2-002__R1-001__0551.xml,PASS,INFO,R1.D01=SI;R1.D02=SI;R2.D01=SI;R2.D02=SI;R2.D03=NO,MUNICIPIO30212,MUNICIPIO_SIN_CN_TRAB,Si,No,30212,,Regla 2 coherente para validaciones implementadas.
GPA-001__R2-002__R1-001__0552,GPA-001__R2-002__R1-001,02_inputs_xml_flat/GPA-001__R2-002__R1-001__0552.xml,PASS,INFO,R1.D01=SI;R1.D02=SI;R2.D01=SI;R2.D02=SI;R2.D03=NO,MUNICIPIO30213,MUNICIPIO_SIN_CN_TRAB,Si,No,30213,,Regla 2 coherente para validaciones implementadas.
GPA-001__R2-002__R1-001__0553,GPA-001__R2-002__R1-001,02_inputs_xml_flat/GPA-001__R2-002__R1-001__0553.xml,PASS,INFO,R1.D01=SI;R1.D02=SI;R2.D01=SI;R2.D02=SI;R2.D03=NO,MUNICIPIO30211,MUNICIPIO_SIN_CN_TRAB,Si,No,30211,,Regla 2 coherente para validaciones implementadas.
GPA-001__R2-002__R1-001__0554,GPA-001__R2-002__R1-001,02_inputs_xml_flat/GPA-001__R2-002__R1-001__0554.xml,PASS,INFO,R1.D01=SI;R1.D02=SI;R2.D01=SI;R2.D02=SI;R2.D03=NO,MUNICIPIO30212,MUNICIPIO_SIN_CN_TRAB,Si,No,30212,,Regla 2 coherente para validaciones implementadas.
GPA-001__R2-002__R1-001__0555,GPA-001__R2-002__R1-001,02_inputs_xml_flat/GPA-001__R2-002__R1-001__0555.xml,PASS,INFO,R1.D01=SI;R1.D02=SI;R2.D01=SI;R2.D02=SI;R2.D03=NO,MUNICIPIO30213,MUNICIPIO_SIN_CN_TRAB,Si,No,30213,,Regla 2 coherente para validaciones implementadas.
GPA-001__R2-002__R1-001__0556,GPA-001__R2-002__R1-001,02_inputs_xml_flat/GPA-001__R2-002__R1-001__0556.xml,PASS,INFO,R1.D01=SI;R1.D02=SI;R2.D01=SI;R2.D02=SI;R2.D03=NO,MUNICIPIO30211,MUNICIPIO_SIN_CN_TRAB,Si,No,30211,,Regla 2 coherente para validaciones implementadas.
GPA-001__R2-002__R1-001__0557,GPA-001__R2-002__R1-001,02_inputs_xml_flat/GPA-001__R2-002__R1-001__0557.xml,PASS,INFO,R1.D01=SI;R1.D02=SI;R2.D01=SI;R2.D02=SI;R2.D03=NO,MUNICIPIO30212,MUNICIPIO_SIN_CN_TRAB,Si,No,30212,,Regla 2 coherente para validaciones implementadas.
GPA-001__R2-002__R1-001__0558,GPA-001__R2-002__R1-001,02_inputs_xml_flat/GPA-001__R2-002__R1-001__0558.xml,PASS,INFO,R1.D01=SI;R1.D02=SI;R2.D01=SI;R2.D02=SI;R2.D03=NO,MUNICIPIO30213,MUNICIPIO_SIN_CN_TRAB,Si,No,30213,,Regla 2 coherente para validaciones implementadas.
GPA-001__R2-002__R1-001__0559,GPA-001__R2-002__R1-001,02_inputs_xml_flat/GPA-001__R2-002__R1-001__0559.xml,PASS,INFO,R1.D01=SI;R1.D02=SI;R2.D01=SI;R2.D02=SI;R2.D03=NO,MUNICIPIO30211,MUNICIPIO_SIN_CN_TRAB,Si,No,30211,,Regla 2 coherente para validaciones implementadas.
GPA-001__R2-002__R1-001__0560,GPA-001__R2-002__R1-001,02_inputs_xml_flat/GPA-001__R2-002__R1-001__0560.xml,PASS,INFO,R1.D01=SI;R1.D02=SI;R2.D01=SI;R2.D02=SI;R2.D03=NO,MUNICIPIO30212,MUNICIPIO_SIN_CN_TRAB,Si,No,30212,,Regla 2 coherente para validaciones implementadas.
GPA-001__R2-002__R1-001__0561,GPA-001__R2-002__R1-001,02_inputs_xml_flat/GPA-001__R2-002__R1-001__0561.xml,PASS,INFO,R1.D01=SI;R1.D02=SI;R2.D01=SI;R2.D02=SI;R2.D03=NO,MUNICIPIO30213,MUNICIPIO_SIN_CN_TRAB,Si,No,30213,,Regla 2 coherente para validaciones implementadas.
GPA-001__R2-002__R1-001__0562,GPA-001__R2-002__R1-001,02_inputs_xml_flat/GPA-001__R2-002__R1-001__0562.xml,PASS,INFO,R1.D01=SI;R1.D02=SI;R2.D01=SI;R2.D02=SI;R2.D03=NO,MUNICIPIO30211,MUNICIPIO_SIN_CN_TRAB,Si,No,30211,,Regla 2 coherente para validaciones implementadas.
GPA-001__R2-002__R1-001__0563,GPA-001__R2-002__R1-001,02_inputs_xml_flat/GPA-001__R2-002__R1-001__0563.xml,PASS,INFO,R1.D01=SI;R1.D02=SI;R2.D01=SI;R2.D02=SI;R2.D03=NO,MUNICIPIO30212,MUNICIPIO_SIN_CN_TRAB,Si,No,30212,,Regla 2 coherente para validaciones implementadas.
GPA-001__R2-002__R1-001__0564,GPA-001__R2-002__R1-001,02_inputs_xml_flat/GPA-001__R2-002__R1-001__0564.xml,PASS,INFO,R1.D01=SI;R1.D02=SI;R2.D01=SI;R2.D02=SI;R2.D03=NO,MUNICIPIO30213,MUNICIPIO_SIN_CN_TRAB,Si,No,30213,,Regla 2 coherente para validaciones implementadas.
GPA-001__R2-002__R1-001__0565,GPA-001__R2-002__R1-001,02_inputs_xml_flat/GPA-001__R2-002__R1-001__0565.xml,PASS,INFO,R1.D01=SI;R1.D02=SI;R2.D01=SI;R2.D02=SI;R2.D03=NO,MUNICIPIO30211,MUNICIPIO_SIN_CN_TRAB,Si,No,30211,,Regla 2 coherente para validaciones implementadas.
GPA-001__R2-002__R1-001__0566,GPA-001__R2-002__R1-001,02_inputs_xml_flat/GPA-001__R2-002__R1-001__0566.xml,PASS,INFO,R1.D01=SI;R1.D02=SI;R2.D01=SI;R2.D02=SI;R2.D03=NO,MUNICIPIO30212,MUNICIPIO_SIN_CN_TRAB,Si,No,30212,,Regla 2 coherente para validaciones implementadas.
GPA-001__R2-002__R1-001__0567,GPA-001__R2-002__R1-001,02_inputs_xml_flat/GPA-001__R2-002__R1-001__0567.xml,PASS,INFO,R1.D01=SI;R1.D02=SI;R2.D01=SI;R2.D02=SI;R2.D03=NO,MUNICIPIO30213,MUNICIPIO_SIN_CN_TRAB,Si,No,30213,,Regla 2 coherente para validaciones implementadas.
GPA-001__R2-002__R1-001__0568,GPA-001__R2-002__R1-001,02_inputs_xml_flat/GPA-001__R2-002__R1-001__0568.xml,PASS,INFO,R1.D01=SI;R1.D02=SI;R2.D01=SI;R2.D02=SI;R2.D03=NO,MUNICIPIO30211,MUNICIPIO_SIN_CN_TRAB,Si,No,30211,,Regla 2 coherente para validaciones implementadas.
GPA-001__R2-002__R1-001__0569,GPA-001__R2-002__R1-001,02_inputs_xml_flat/GPA-001__R2-002__R1-001__0569.xml,PASS,INFO,R1.D01=SI;R1.D02=SI;R2.D01=SI;R2.D02=SI;R2.D03=NO,MUNICIPIO30212,MUNICIPIO_SIN_CN_TRAB,Si,No,30212,,Regla 2 coherente para validaciones implementadas.
GPA-001__R2-002__R1-001__0570,GPA-001__R2-002__R1-001,02_inputs_xml_flat/GPA-001__R2-002__R1-001__0570.xml,PASS,INFO,R1.D01=SI;R1.D02=SI;R2.D01=SI;R2.D02=SI;R2.D03=NO,MUNICIPIO30213,MUNICIPIO_SIN_CN_TRAB,Si,No,30213,,Regla 2 coherente para validaciones implementadas.
GPA-001__R2-002__R1-001__0571,GPA-001__R2-002__R1-001,02_inputs_xml_flat/GPA-001__R2-002__R1-001__0571.xml,PASS,INFO,R1.D01=SI;R1.D02=SI;R2.D01=SI;R2.D02=SI;R2.D03=NO,MUNICIPIO30211,MUNICIPIO_SIN_CN_TRAB,Si,No,30211,,Regla 2 coherente para validaciones implementadas.
GPA-001__R2-002__R1-001__0572,GPA-001__R2-002__R1-001,02_inputs_xml_flat/GPA-001__R2-002__R1-001__0572.xml,PASS,INFO,R1.D01=SI;R1.D02=SI;R2.D01=SI;R2.D02=SI;R2.D03=NO,MUNICIPIO30212,MUNICIPIO_SIN_CN_TRAB,Si,No,30212,,Regla 2 coherente para validaciones implementadas.
GPA-001__R2-002__R1-001__0573,GPA-001__R2-002__R1-001,02_inputs_xml_flat/GPA-001__R2-002__R1-001__0573.xml,PASS,INFO,R1.D01=SI;R1.D02=SI;R2.D01=SI;R2.D02=SI;R2.D03=NO,MUNICIPIO30213,MUNICIPIO_SIN_CN_TRAB,Si,No,30213,,Regla 2 coherente para validaciones implementadas.
GPA-001__R2-002__R1-001__0574,GPA-001__R2-002__R1-001,02_inputs_xml_flat/GPA-001__R2-002__R1-001__0574.xml,PASS,INFO,R1.D01=SI;R1.D02=SI;R2.D01=SI;R2.D02=SI;R2.D03=NO,MUNICIPIO30211,MUNICIPIO_SIN_CN_TRAB,Si,No,30211,,Regla 2 coherente para validaciones implementadas.
GPA-001__R2-002__R1-001__0575,GPA-001__R2-002__R1-001,02_inputs_xml_flat/GPA-001__R2-002__R1-001__0575.xml,PASS,INFO,R1.D01=SI;R1.D02=SI;R2.D01=SI;R2.D02=SI;R2.D03=NO,MUNICIPIO30212,MUNICIPIO_SIN_CN_TRAB,Si,No,30212,,Regla 2 coherente para validaciones implementadas.
GPA-001__R2-002__R1-001__0576,GPA-001__R2-002__R1-001,02_inputs_xml_flat/GPA-001__R2-002__R1-001__0576.xml,PASS,INFO,R1.D01=SI;R1.D02=SI;R2.D01=SI;R2.D02=SI;R2.D03=NO,MUNICIPIO30213,MUNICIPIO_SIN_CN_TRAB,Si,No,30213,,Regla 2 coherente para validaciones implementadas.
GPA-001__R2-002__R1-001__0577,GPA-001__R2-002__R1-001,02_inputs_xml_flat/GPA-001__R2-002__R1-001__0577.xml,PASS,INFO,R1.D01=SI;R1.D02=SI;R2.D01=SI;R2.D02=SI;R2.D03=NO,MUNICIPIO30211,MUNICIPIO_SIN_CN_TRAB,Si,No,30211,,Regla 2 coherente para validaciones implementadas.
GPA-001__R2-002__R1-001__0578,GPA-001__R2-002__R1-001,02_inputs_xml_flat/GPA-001__R2-002__R1-001__0578.xml,PASS,INFO,R1.D01=SI;R1.D02=SI;R2.D01=SI;R2.D02=SI;R2.D03=NO,MUNICIPIO30212,MUNICIPIO_SIN_CN_TRAB,Si,No,30212,,Regla 2 coherente para validaciones implementadas.
GPA-001__R2-002__R1-001__0579,GPA-001__R2-002__R1-001,02_inputs_xml_flat/GPA-001__R2-002__R1-001__0579.xml,PASS,INFO,R1.D01=SI;R1.D02=SI;R2.D01=SI;R2.D02=SI;R2.D03=NO,MUNICIPIO30213,MUNICIPIO_SIN_CN_TRAB,Si,No,30213,,Regla 2 coherente para validaciones implementadas.
GPA-001__R2-002__R1-001__0580,GPA-001__R2-002__R1-001,02_inputs_xml_flat/GPA-001__R2-002__R1-001__0580.xml,PASS,INFO,R1.D01=SI;R1.D02=SI;R2.D01=SI;R2.D02=SI;R2.D03=NO,MUNICIPIO30211,MUNICIPIO_SIN_CN_TRAB,Si,No,30211,,Regla 2 coherente para validaciones implementadas.
GPA-001__R2-002__R1-001__0581,GPA-001__R2-002__R1-001,02_inputs_xml_flat/GPA-001__R2-002__R1-001__0581.xml,PASS,INFO,R1.D01=SI;R1.D02=SI;R2.D01=SI;R2.D02=SI;R2.D03=NO,MUNICIPIO30212,MUNICIPIO_SIN_CN_TRAB,Si,No,30212,,Regla 2 coherente para validaciones implementadas.
GPA-001__R2-002__R1-001__0582,GPA-001__R2-002__R1-001,02_inputs_xml_flat/GPA-001__R2-002__R1-001__0582.xml,PASS,INFO,R1.D01=SI;R1.D02=SI;R2.D01=SI;R2.D02=SI;R2.D03=NO,MUNICIPIO30213,MUNICIPIO_SIN_CN_TRAB,Si,No,30213,,Regla 2 coherente para validaciones implementadas.
GPA-001__R2-002__R1-001__0583,GPA-001__R2-002__R1-001,02_inputs_xml_flat/GPA-001__R2-002__R1-001__0583.xml,PASS,INFO,R1.D01=SI;R1.D02=SI;R2.D01=SI;R2.D02=SI;R2.D03=NO,MUNICIPIO30211,MUNICIPIO_SIN_CN_TRAB,Si,No,30211,,Regla 2 coherente para validaciones implementadas.
GPA-001__R2-002__R1-001__0584,GPA-001__R2-002__R1-001,02_inputs_xml_flat/GPA-001__R2-002__R1-001__0584.xml,PASS,INFO,R1.D01=SI;R1.D02=SI;R2.D01=SI;R2.D02=SI;R2.D03=NO,MUNICIPIO30212,MUNICIPIO_SIN_CN_TRAB,Si,No,30212,,Regla 2 coherente para validaciones implementadas.
GPA-001__R2-002__R1-001__0585,GPA-001__R2-002__R1-001,02_inputs_xml_flat/GPA-001__R2-002__R1-001__0585.xml,PASS,INFO,R1.D01=SI;R1.D02=SI;R2.D01=SI;R2.D02=SI;R2.D03=NO,MUNICIPIO30213,MUNICIPIO_SIN_CN_TRAB,Si,No,30213,,Regla 2 coherente para validaciones implementadas.
GPA-001__R2-002__R1-001__0586,GPA-001__R2-002__R1-001,02_inputs_xml_flat/GPA-001__R2-002__R1-001__0586.xml,PASS,INFO,R1.D01=SI;R1.D02=SI;R2.D01=SI;R2.D02=SI;R2.D03=NO,MUNICIPIO30211,MUNICIPIO_SIN_CN_TRAB,Si,No,30211,,Regla 2 coherente para validaciones implementadas.
GPA-001__R2-002__R1-001__0587,GPA-001__R2-002__R1-001,02_inputs_xml_flat/GPA-001__R2-002__R1-001__0587.xml,PASS,INFO,R1.D01=SI;R1.D02=SI;R2.D01=SI;R2.D02=SI;R2.D03=NO,MUNICIPIO30212,MUNICIPIO_SIN_CN_TRAB,Si,No,30212,,Regla 2 coherente para validaciones implementadas.
GPA-001__R2-002__R1-001__0588,GPA-001__R2-002__R1-001,02_inputs_xml_flat/GPA-001__R2-002__R1-001__0588.xml,PASS,INFO,R1.D01=SI;R1.D02=SI;R2.D01=SI;R2.D02=SI;R2.D03=NO,MUNICIPIO30213,MUNICIPIO_SIN_CN_TRAB,Si,No,30213,,Regla 2 coherente para validaciones implementadas.
GPA-001__R2-002__R1-001__0589,GPA-001__R2-002__R1-001,02_inputs_xml_flat/GPA-001__R2-002__R1-001__0589.xml,PASS,INFO,R1.D01=SI;R1.D02=SI;R2.D01=SI;R2.D02=SI;R2.D03=NO,MUNICIPIO30211,MUNICIPIO_SIN_CN_TRAB,Si,No,30211,,Regla 2 coherente para validaciones implementadas.
GPA-001__R2-002__R1-001__0590,GPA-001__R2-002__R1-001,02_inputs_xml_flat/GPA-001__R2-002__R1-001__0590.xml,PASS,INFO,R1.D01=SI;R1.D02=SI;R2.D01=SI;R2.D02=SI;R2.D03=NO,MUNICIPIO30212,MUNICIPIO_SIN_CN_TRAB,Si,No,30212,,Regla 2 coherente para validaciones implementadas.
GPA-001__R2-002__R1-001__0591,GPA-001__R2-002__R1-001,02_inputs_xml_flat/GPA-001__R2-002__R1-001__0591.xml,PASS,INFO,R1.D01=SI;R1.D02=SI;R2.D01=SI;R2.D02=SI;R2.D03=NO,MUNICIPIO30213,MUNICIPIO_SIN_CN_TRAB,Si,No,30213,,Regla 2 coherente para validaciones implementadas.
GPA-001__R2-002__R1-001__0592,GPA-001__R2-002__R1-001,02_inputs_xml_flat/GPA-001__R2-002__R1-001__0592.xml,PASS,INFO,R1.D01=SI;R1.D02=SI;R2.D01=SI;R2.D02=SI;R2.D03=NO,MUNICIPIO30211,MUNICIPIO_SIN_CN_TRAB,Si,No,30211,,Regla 2 coherente para validaciones implementadas.
GPA-001__R2-002__R1-001__0593,GPA-001__R2-002__R1-001,02_inputs_xml_flat/GPA-001__R2-002__R1-001__0593.xml,PASS,INFO,R1.D01=SI;R1.D02=SI;R2.D01=SI;R2.D02=SI;R2.D03=NO,MUNICIPIO30212,MUNICIPIO_SIN_CN_TRAB,Si,No,30212,,Regla 2 coherente para validaciones implementadas.
GPA-001__R2-002__R1-001__0594,GPA-001__R2-002__R1-001,02_inputs_xml_flat/GPA-001__R2-002__R1-001__0594.xml,PASS,INFO,R1.D01=SI;R1.D02=SI;R2.D01=SI;R2.D02=SI;R2.D03=NO,MUNICIPIO30213,MUNICIPIO_SIN_CN_TRAB,Si,No,30213,,Regla 2 coherente para validaciones implementadas.
GPA-001__R2-002__R1-001__0595,GPA-001__R2-002__R1-001,02_inputs_xml_flat/GPA-001__R2-002__R1-001__0595.xml,PASS,INFO,R1.D01=SI;R1.D02=SI;R2.D01=SI;R2.D02=SI;R2.D03=NO,MUNICIPIO30211,MUNICIPIO_SIN_CN_TRAB,Si,No,30211,,Regla 2 coherente para validaciones implementadas.
GPA-001__R2-002__R1-001__0596,GPA-001__R2-002__R1-001,02_inputs_xml_flat/GPA-001__R2-002__R1-001__0596.xml,PASS,INFO,R1.D01=SI;R1.D02=SI;R2.D01=SI;R2.D02=SI;R2.D03=NO,MUNICIPIO30212,MUNICIPIO_SIN_CN_TRAB,Si,No,30212,,Regla 2 coherente para validaciones implementadas.
GPA-001__R2-002__R1-001__0597,GPA-001__R2-002__R1-001,02_inputs_xml_flat/GPA-001__R2-002__R1-001__0597.xml,PASS,INFO,R1.D01=SI;R1.D02=SI;R2.D01=SI;R2.D02=SI;R2.D03=NO,MUNICIPIO30213,MUNICIPIO_SIN_CN_TRAB,Si,No,30213,,Regla 2 coherente para validaciones implementadas.
GPA-001__R2-002__R1-001__0598,GPA-001__R2-002__R1-001,02_inputs_xml_flat/GPA-001__R2-002__R1-001__0598.xml,PASS,INFO,R1.D01=SI;R1.D02=SI;R2.D01=SI;R2.D02=SI;R2.D03=NO,MUNICIPIO30211,MUNICIPIO_SIN_CN_TRAB,Si,No,30211,,Regla 2 coherente para validaciones implementadas.
GPA-001__R2-002__R1-001__0599,GPA-001__R2-002__R1-001,02_inputs_xml_flat/GPA-001__R2-002__R1-001__0599.xml,PASS,INFO,R1.D01=SI;R1.D02=SI;R2.D01=SI;R2.D02=SI;R2.D03=NO,MUNICIPIO30212,MUNICIPIO_SIN_CN_TRAB,Si,No,30212,,Regla 2 coherente para validaciones implementadas.
GPA-001__R2-002__R1-001__0600,GPA-001__R2-002__R1-001,02_inputs_xml_flat/GPA-001__R2-002__R1-001__0600.xml,PASS,INFO,R1.D01=SI;R1.D02=SI;R2.D01=SI;R2.D02=SI;R2.D03=NO,MUNICIPIO30213,MUNICIPIO_SIN_CN_TRAB,Si,No,30213,,Regla 2 coherente para validaciones implementadas.
GPA-001__R2-002__R1-001__0601,GPA-001__R2-002__R1-001,02_inputs_xml_flat/GPA-001__R2-002__R1-001__0601.xml,PASS,INFO,R1.D01=SI;R1.D02=SI;R2.D01=SI;R2.D02=SI;R2.D03=NO,MUNICIPIO30211,MUNICIPIO_SIN_CN_TRAB,Si,No,30211,,Regla 2 coherente para validaciones implementadas.
GPA-001__R2-002__R1-001__0602,GPA-001__R2-002__R1-001,02_inputs_xml_flat/GPA-001__R2-002__R1-001__0602.xml,PASS,INFO,R1.D01=SI;R1.D02=SI;R2.D01=SI;R2.D02=SI;R2.D03=NO,MUNICIPIO30212,MUNICIPIO_SIN_CN_TRAB,Si,No,30212,,Regla 2 coherente para validaciones implementadas.
GPA-001__R2-002__R1-001__0603,GPA-001__R2-002__R1-001,02_inputs_xml_flat/GPA-001__R2-002__R1-001__0603.xml,PASS,INFO,R1.D01=SI;R1.D02=SI;R2.D01=SI;R2.D02=SI;R2.D03=NO,MUNICIPIO30213,MUNICIPIO_SIN_CN_TRAB,Si,No,30213,,Regla 2 coherente para validaciones implementadas.
GPA-001__R2-002__R1-001__0604,GPA-001__R2-002__R1-001,02_inputs_xml_flat/GPA-001__R2-002__R1-001__0604.xml,PASS,INFO,R1.D01=SI;R1.D02=SI;R2.D01=SI;R2.D02=SI;R2.D03=NO,MUNICIPIO30211,MUNICIPIO_SIN_CN_TRAB,Si,No,30211,,Regla 2 coherente para validaciones implementadas.
GPA-001__R2-002__R1-001__0605,GPA-001__R2-002__R1-001,02_inputs_xml_flat/GPA-001__R2-002__R1-001__0605.xml,PASS,INFO,R1.D01=SI;R1.D02=SI;R2.D01=SI;R2.D02=SI;R2.D03=NO,MUNICIPIO30212,MUNICIPIO_SIN_CN_TRAB,Si,No,30212,,Regla 2 coherente para validaciones implementadas.
GPA-001__R2-002__R1-001__0606,GPA-001__R2-002__R1-001,02_inputs_xml_flat/GPA-001__R2-002__R1-001__0606.xml,PASS,INFO,R1.D01=SI;R1.D02=SI;R2.D01=SI;R2.D02=SI;R2.D03=NO,MUNICIPIO30213,MUNICIPIO_SIN_CN_TRAB,Si,No,30213,,Regla 2 coherente para validaciones implementadas.
GPA-001__R2-002__R1-001__0607,GPA-001__R2-002__R1-001,02_inputs_xml_flat/GPA-001__R2-002__R1-001__0607.xml,PASS,INFO,R1.D01=SI;R1.D02=SI;R2.D01=SI;R2.D02=SI;R2.D03=NO,MUNICIPIO30211,MUNICIPIO_SIN_CN_TRAB,Si,No,30211,,Regla 2 coherente para validaciones implementadas.
GPA-001__R2-002__R1-001__0608,GPA-001__R2-002__R1-001,02_inputs_xml_flat/GPA-001__R2-002__R1-001__0608.xml,PASS,INFO,R1.D01=SI;R1.D02=SI;R2.D01=SI;R2.D02=SI;R2.D03=NO,MUNICIPIO30212,MUNICIPIO_SIN_CN_TRAB,Si,No,30212,,Regla 2 coherente para validaciones implementadas.
GPA-001__R2-002__R1-001__0609,GPA-001__R2-002__R1-001,02_inputs_xml_flat/GPA-001__R2-002__R1-001__0609.xml,PASS,INFO,R1.D01=SI;R1.D02=SI;R2.D01=SI;R2.D02=SI;R2.D03=NO,MUNICIPIO30213,MUNICIPIO_SIN_CN_TRAB,Si,No,30213,,Regla 2 coherente para validaciones implementadas.
GPA-001__R2-002__R1-001__0610,GPA-001__R2-002__R1-001,02_inputs_xml_flat/GPA-001__R2-002__R1-001__0610.xml,PASS,INFO,R1.D01=SI;R1.D02=SI;R2.D01=SI;R2.D02=SI;R2.D03=NO,MUNICIPIO30211,MUNICIPIO_SIN_CN_TRAB,Si,No,30211,,Regla 2 coherente para validaciones implementadas.
GPA-001__R2-002__R1-001__0611,GPA-001__R2-002__R1-001,02_inputs_xml_flat/GPA-001__R2-002__R1-001__0611.xml,PASS,INFO,R1.D01=SI;R1.D02=SI;R2.D01=SI;R2.D02=SI;R2.D03=NO,MUNICIPIO30212,MUNICIPIO_SIN_CN_TRAB,Si,No,30212,,Regla 2 coherente para validaciones implementadas.
GPA-001__R2-002__R1-001__0612,GPA-001__R2-002__R1-001,02_inputs_xml_flat/GPA-001__R2-002__R1-001__0612.xml,PASS,INFO,R1.D01=SI;R1.D02=SI;R2.D01=SI;R2.D02=SI;R2.D03=NO,MUNICIPIO30213,MUNICIPIO_SIN_CN_TRAB,Si,No,30213,,Regla 2 coherente para validaciones implementadas.
GPA-001__R2-002__R1-001__0613,GPA-001__R2-002__R1-001,02_inputs_xml_flat/GPA-001__R2-002__R1-001__0613.xml,PASS,INFO,R1.D01=SI;R1.D02=SI;R2.D01=SI;R2.D02=SI;R2.D03=NO,MUNICIPIO30211,MUNICIPIO_SIN_CN_TRAB,Si,No,30211,,Regla 2 coherente para validaciones implementadas.
GPA-001__R2-002__R1-001__0614,GPA-001__R2-002__R1-001,02_inputs_xml_flat/GPA-001__R2-002__R1-001__0614.xml,PASS,INFO,R1.D01=SI;R1.D02=SI;R2.D01=SI;R2.D02=SI;R2.D03=NO,MUNICIPIO30212,MUNICIPIO_SIN_CN_TRAB,Si,No,30212,,Regla 2 coherente para validaciones implementadas.
GPA-001__R2-002__R1-001__0615,GPA-001__R2-002__R1-001,02_inputs_xml_flat/GPA-001__R2-002__R1-001__0615.xml,PASS,INFO,R1.D01=SI;R1.D02=SI;R2.D01=SI;R2.D02=SI;R2.D03=NO,MUNICIPIO30213,MUNICIPIO_SIN_CN_TRAB,Si,No,30213,,Regla 2 coherente para validaciones implementadas.
GPA-001__R2-002__R1-001__0616,GPA-001__R2-002__R1-001,02_inputs_xml_flat/GPA-001__R2-002__R1-001__0616.xml,PASS,INFO,R1.D01=SI;R1.D02=SI;R2.D01=SI;R2.D02=SI;R2.D03=NO,MUNICIPIO30211,MUNICIPIO_SIN_CN_TRAB,Si,No,30211,,Regla 2 coherente para validaciones implementadas.
GPA-001__R2-002__R1-001__0617,GPA-001__R2-002__R1-001,02_inputs_xml_flat/GPA-001__R2-002__R1-001__0617.xml,PASS,INFO,R1.D01=SI;R1.D02=SI;R2.D01=SI;R2.D02=SI;R2.D03=NO,MUNICIPIO30212,MUNICIPIO_SIN_CN_TRAB,Si,No,30212,,Regla 2 coherente para validaciones implementadas.
GPA-001__R2-002__R1-001__0618,GPA-001__R2-002__R1-001,02_inputs_xml_flat/GPA-001__R2-002__R1-001__0618.xml,PASS,INFO,R1.D01=SI;R1.D02=SI;R2.D01=SI;R2.D02=SI;R2.D03=NO,MUNICIPIO30213,MUNICIPIO_SIN_CN_TRAB,Si,No,30213,,Regla 2 coherente para validaciones implementadas.
GPA-001__R2-002__R1-001__0619,GPA-001__R2-002__R1-001,02_inputs_xml_flat/GPA-001__R2-002__R1-001__0619.xml,PASS,INFO,R1.D01=SI;R1.D02=SI;R2.D01=SI;R2.D02=SI;R2.D03=NO,MUNICIPIO30211,MUNICIPIO_SIN_CN_TRAB,Si,No,30211,,Regla 2 coherente para validaciones implementadas.
GPA-001__R2-002__R1-001__0620,GPA-001__R2-002__R1-001,02_inputs_xml_flat/GPA-001__R2-002__R1-001__0620.xml,PASS,INFO,R1.D01=SI;R1.D02=SI;R2.D01=SI;R2.D02=SI;R2.D03=NO,MUNICIPIO30212,MUNICIPIO_SIN_CN_TRAB,Si,No,30212,,Regla 2 coherente para validaciones implementadas.
GPA-001__R2-002__R1-001__0621,GPA-001__R2-002__R1-001,02_inputs_xml_flat/GPA-001__R2-002__R1-001__0621.xml,PASS,INFO,R1.D01=SI;R1.D02=SI;R2.D01=SI;R2.D02=SI;R2.D03=NO,MUNICIPIO30213,MUNICIPIO_SIN_CN_TRAB,Si,No,30213,,Regla 2 coherente para validaciones implementadas.
GPA-001__R2-002__R1-001__0622,GPA-001__R2-002__R1-001,02_inputs_xml_flat/GPA-001__R2-002__R1-001__0622.xml,PASS,INFO,R1.D01=SI;R1.D02=SI;R2.D01=SI;R2.D02=SI;R2.D03=NO,MUNICIPIO30211,MUNICIPIO_SIN_CN_TRAB,Si,No,30211,,Regla 2 coherente para validaciones implementadas.
GPA-001__R2-002__R1-001__0623,GPA-001__R2-002__R1-001,02_inputs_xml_flat/GPA-001__R2-002__R1-001__0623.xml,PASS,INFO,R1.D01=SI;R1.D02=SI;R2.D01=SI;R2.D02=SI;R2.D03=NO,MUNICIPIO30212,MUNICIPIO_SIN_CN_TRAB,Si,No,30212,,Regla 2 coherente para validaciones implementadas.
GPA-001__R2-002__R1-001__0624,GPA-001__R2-002__R1-001,02_inputs_xml_flat/GPA-001__R2-002__R1-001__0624.xml,PASS,INFO,R1.D01=SI;R1.D02=SI;R2.D01=SI;R2.D02=SI;R2.D03=NO,MUNICIPIO30213,MUNICIPIO_SIN_CN_TRAB,Si,No,30213,,Regla 2 coherente para validaciones implementadas.
GPA-001__R2-002__R1-001__0625,GPA-001__R2-002__R1-001,02_inputs_xml_flat/GPA-001__R2-002__R1-001__0625.xml,PASS,INFO,R1.D01=SI;R1.D02=SI;R2.D01=SI;R2.D02=SI;R2.D03=NO,MUNICIPIO30211,MUNICIPIO_SIN_CN_TRAB,Si,No,30211,,Regla 2 coherente para validaciones implementadas.
GPA-001__R2-002__R1-001__0626,GPA-001__R2-002__R1-001,02_inputs_xml_flat/GPA-001__R2-002__R1-001__0626.xml,PASS,INFO,R1.D01=SI;R1.D02=SI;R2.D01=SI;R2.D02=SI;R2.D03=NO,MUNICIPIO30212,MUNICIPIO_SIN_CN_TRAB,Si,No,30212,,Regla 2 coherente para validaciones implementadas.
GPA-001__R2-002__R1-001__0627,GPA-001__R2-002__R1-001,02_inputs_xml_flat/GPA-001__R2-002__R1-001__0627.xml,PASS,INFO,R1.D01=SI;R1.D02=SI;R2.D01=SI;R2.D02=SI;R2.D03=NO,MUNICIPIO30213,MUNICIPIO_SIN_CN_TRAB,Si,No,30213,,Regla 2 coherente para validaciones implementadas.
GPA-001__R2-002__R1-001__0628,GPA-001__R2-002__R1-001,02_inputs_xml_flat/GPA-001__R2-002__R1-001__0628.xml,PASS,INFO,R1.D01=SI;R1.D02=SI;R2.D01=SI;R2.D02=SI;R2.D03=NO,MUNICIPIO30211,MUNICIPIO_SIN_CN_TRAB,Si,No,30211,,Regla 2 coherente para validaciones implementadas.
GPA-001__R2-002__R1-001__0629,GPA-001__R2-002__R1-001,02_inputs_xml_flat/GPA-001__R2-002__R1-001__0629.xml,PASS,INFO,R1.D01=SI;R1.D02=SI;R2.D01=SI;R2.D02=SI;R2.D03=NO,MUNICIPIO30212,MUNICIPIO_SIN_CN_TRAB,Si,No,30212,,Regla 2 coherente para validaciones implementadas.
GPA-001__R2-002__R1-001__0630,GPA-001__R2-002__R1-001,02_inputs_xml_flat/GPA-001__R2-002__R1-001__0630.xml,PASS,INFO,R1.D01=SI;R1.D02=SI;R2.D01=SI;R2.D02=SI;R2.D03=NO,MUNICIPIO30213,MUNICIPIO_SIN_CN_TRAB,Si,No,30213,,Regla 2 coherente para validaciones implementadas.
GPA-001__R2-002__R1-001__0631,GPA-001__R2-002__R1-001,02_inputs_xml_flat/GPA-001__R2-002__R1-001__0631.xml,PASS,INFO,R1.D01=SI;R1.D02=SI;R2.D01=SI;R2.D02=SI;R2.D03=NO,MUNICIPIO30211,MUNICIPIO_SIN_CN_TRAB,Si,No,30211,,Regla 2 coherente para validaciones implementadas.
GPA-001__R2-002__R1-001__0632,GPA-001__R2-002__R1-001,02_inputs_xml_flat/GPA-001__R2-002__R1-001__0632.xml,PASS,INFO,R1.D01=SI;R1.D02=SI;R2.D01=SI;R2.D02=SI;R2.D03=NO,MUNICIPIO30212,MUNICIPIO_SIN_CN_TRAB,Si,No,30212,,Regla 2 coherente para validaciones implementadas.
GPA-001__R2-002__R1-001__0633,GPA-001__R2-002__R1-001,02_inputs_xml_flat/GPA-001__R2-002__R1-001__0633.xml,PASS,INFO,R1.D01=SI;R1.D02=SI;R2.D01=SI;R2.D02=SI;R2.D03=NO,MUNICIPIO30213,MUNICIPIO_SIN_CN_TRAB,Si,No,30213,,Regla 2 coherente para validaciones implementadas.
GPA-001__R2-002__R1-001__0634,GPA-001__R2-002__R1-001,02_inputs_xml_flat/GPA-001__R2-002__R1-001__0634.xml,PASS,INFO,R1.D01=SI;R1.D02=SI;R2.D01=SI;R2.D02=SI;R2.D03=NO,MUNICIPIO30211,MUNICIPIO_SIN_CN_TRAB,Si,No,30211,,Regla 2 coherente para validaciones implementadas.
GPA-001__R2-002__R1-001__0635,GPA-001__R2-002__R1-001,02_inputs_xml_flat/GPA-001__R2-002__R1-001__0635.xml,PASS,INFO,R1.D01=SI;R1.D02=SI;R2.D01=SI;R2.D02=SI;R2.D03=NO,MUNICIPIO30212,MUNICIPIO_SIN_CN_TRAB,Si,No,30212,,Regla 2 coherente para validaciones implementadas.
GPA-001__R2-002__R1-001__0636,GPA-001__R2-002__R1-001,02_inputs_xml_flat/GPA-001__R2-002__R1-001__0636.xml,PASS,INFO,R1.D01=SI;R1.D02=SI;R2.D01=SI;R2.D02=SI;R2.D03=NO,MUNICIPIO30213,MUNICIPIO_SIN_CN_TRAB,Si,No,30213,,Regla 2 coherente para validaciones implementadas.
GPA-001__R2-002__R1-001__0637,GPA-001__R2-002__R1-001,02_inputs_xml_flat/GPA-001__R2-002__R1-001__0637.xml,PASS,INFO,R1.D01=SI;R1.D02=SI;R2.D01=SI;R2.D02=SI;R2.D03=NO,MUNICIPIO30211,MUNICIPIO_SIN_CN_TRAB,Si,No,30211,,Regla 2 coherente para validaciones implementadas.
GPA-001__R2-002__R1-001__0638,GPA-001__R2-002__R1-001,02_inputs_xml_flat/GPA-001__R2-002__R1-001__0638.xml,PASS,INFO,R1.D01=SI;R1.D02=SI;R2.D01=SI;R2.D02=SI;R2.D03=NO,MUNICIPIO30212,MUNICIPIO_SIN_CN_TRAB,Si,No,30212,,Regla 2 coherente para validaciones implementadas.
GPA-001__R2-002__R1-001__0639,GPA-001__R2-002__R1-001,02_inputs_xml_flat/GPA-001__R2-002__R1-001__0639.xml,PASS,INFO,R1.D01=SI;R1.D02=SI;R2.D01=SI;R2.D02=SI;R2.D03=NO,MUNICIPIO30213,MUNICIPIO_SIN_CN_TRAB,Si,No,30213,,Regla 2 coherente para validaciones implementadas.
GPA-001__R2-002__R1-001__0640,GPA-001__R2-002__R1-001,02_inputs_xml_flat/GPA-001__R2-002__R1-001__0640.xml,PASS,INFO,R1.D01=SI;R1.D02=SI;R2.D01=SI;R2.D02=SI;R2.D03=NO,MUNICIPIO30211,MUNICIPIO_SIN_CN_TRAB,Si,No,30211,,Regla 2 coherente para validaciones implementadas.
GPA-001__R2-002__R1-001__0641,GPA-001__R2-002__R1-001,02_inputs_xml_flat/GPA-001__R2-002__R1-001__0641.xml,PASS,INFO,R1.D01=SI;R1.D02=SI;R2.D01=SI;R2.D02=SI;R2.D03=NO,MUNICIPIO30212,MUNICIPIO_SIN_CN_TRAB,Si,No,30212,,Regla 2 coherente para validaciones implementadas.
GPA-001__R2-002__R1-001__0642,GPA-001__R2-002__R1-001,02_inputs_xml_flat/GPA-001__R2-002__R1-001__0642.xml,PASS,INFO,R1.D01=SI;R1.D02=SI;R2.D01=SI;R2.D02=SI;R2.D03=NO,MUNICIPIO30213,MUNICIPIO_SIN_CN_TRAB,Si,No,30213,,Regla 2 coherente para validaciones implementadas.
GPA-001__R2-002__R1-001__0643,GPA-001__R2-002__R1-001,02_inputs_xml_flat/GPA-001__R2-002__R1-001__0643.xml,PASS,INFO,R1.D01=SI;R1.D02=SI;R2.D01=SI;R2.D02=SI;R2.D03=NO,MUNICIPIO30211,MUNICIPIO_SIN_CN_TRAB,Si,No,30211,,Regla 2 coherente para validaciones implementadas.
GPA-001__R2-002__R1-001__0644,GPA-001__R2-002__R1-001,02_inputs_xml_flat/GPA-001__R2-002__R1-001__0644.xml,PASS,INFO,R1.D01=SI;R1.D02=SI;R2.D01=SI;R2.D02=SI;R2.D03=NO,MUNICIPIO30212,MUNICIPIO_SIN_CN_TRAB,Si,No,30212,,Regla 2 coherente para validaciones implementadas.
GPA-001__R2-002__R1-001__0645,GPA-001__R2-002__R1-001,02_inputs_xml_flat/GPA-001__R2-002__R1-001__0645.xml,PASS,INFO,R1.D01=SI;R1.D02=SI;R2.D01=SI;R2.D02=SI;R2.D03=NO,MUNICIPIO30213,MUNICIPIO_SIN_CN_TRAB,Si,No,30213,,Regla 2 coherente para validaciones implementadas.
GPA-001__R2-002__R1-001__0646,GPA-001__R2-002__R1-001,02_inputs_xml_flat/GPA-001__R2-002__R1-001__0646.xml,PASS,INFO,R1.D01=SI;R1.D02=SI;R2.D01=SI;R2.D02=SI;R2.D03=NO,MUNICIPIO30211,MUNICIPIO_SIN_CN_TRAB,Si,No,30211,,Regla 2 coherente para validaciones implementadas.
GPA-001__R2-002__R1-001__0647,GPA-001__R2-002__R1-001,02_inputs_xml_flat/GPA-001__R2-002__R1-001__0647.xml,PASS,INFO,R1.D01=SI;R1.D02=SI;R2.D01=SI;R2.D02=SI;R2.D03=NO,MUNICIPIO30212,MUNICIPIO_SIN_CN_TRAB,Si,No,30212,,Regla 2 coherente para validaciones implementadas.
GPA-001__R2-002__R1-001__0648,GPA-001__R2-002__R1-001,02_inputs_xml_flat/GPA-001__R2-002__R1-001__0648.xml,PASS,INFO,R1.D01=SI;R1.D02=SI;R2.D01=SI;R2.D02=SI;R2.D03=NO,MUNICIPIO30213,MUNICIPIO_SIN_CN_TRAB,Si,No,30213,,Regla 2 coherente para validaciones implementadas.
GPA-001__R2-002__R1-001__0649,GPA-001__R2-002__R1-001,02_inputs_xml_flat/GPA-001__R2-002__R1-001__0649.xml,PASS,INFO,R1.D01=SI;R1.D02=SI;R2.D01=SI;R2.D02=SI;R2.D03=NO,MUNICIPIO30211,MUNICIPIO_SIN_CN_TRAB,Si,No,30211,,Regla 2 coherente para validaciones implementadas.
GPA-001__R2-002__R1-001__0650,GPA-001__R2-002__R1-001,02_inputs_xml_flat/GPA-001__R2-002__R1-001__0650.xml,PASS,INFO,R1.D01=SI;R1.D02=SI;R2.D01=SI;R2.D02=SI;R2.D03=NO,MUNICIPIO30212,MUNICIPIO_SIN_CN_TRAB,Si,No,30212,,Regla 2 coherente para validaciones implementadas.
GPA-001__R2-002__R1-001__0651,GPA-001__R2-002__R1-001,02_inputs_xml_flat/GPA-001__R2-002__R1-001__0651.xml,PASS,INFO,R1.D01=SI;R1.D02=SI;R2.D01=SI;R2.D02=SI;R2.D03=NO,MUNICIPIO30213,MUNICIPIO_SIN_CN_TRAB,Si,No,30213,,Regla 2 coherente para validaciones implementadas.
GPA-001__R2-002__R1-001__0652,GPA-001__R2-002__R1-001,02_inputs_xml_flat/GPA-001__R2-002__R1-001__0652.xml,PASS,INFO,R1.D01=SI;R1.D02=SI;R2.D01=SI;R2.D02=SI;R2.D03=NO,MUNICIPIO30211,MUNICIPIO_SIN_CN_TRAB,Si,No,30211,,Regla 2 coherente para validaciones implementadas.
GPA-001__R2-002__R1-001__0653,GPA-001__R2-002__R1-001,02_inputs_xml_flat/GPA-001__R2-002__R1-001__0653.xml,PASS,INFO,R1.D01=SI;R1.D02=SI;R2.D01=SI;R2.D02=SI;R2.D03=NO,MUNICIPIO30212,MUNICIPIO_SIN_CN_TRAB,Si,No,30212,,Regla 2 coherente para validaciones implementadas.
GPA-001__R2-002__R1-001__0654,GPA-001__R2-002__R1-001,02_inputs_xml_flat/GPA-001__R2-002__R1-001__0654.xml,PASS,INFO,R1.D01=SI;R1.D02=SI;R2.D01=SI;R2.D02=SI;R2.D03=NO,MUNICIPIO30213,MUNICIPIO_SIN_CN_TRAB,Si,No,30213,,Regla 2 coherente para validaciones implementadas.
GPA-001__R2-002__R1-001__0655,GPA-001__R2-002__R1-001,02_inputs_xml_flat/GPA-001__R2-002__R1-001__0655.xml,PASS,INFO,R1.D01=SI;R1.D02=SI;R2.D01=SI;R2.D02=SI;R2.D03=NO,MUNICIPIO30211,MUNICIPIO_SIN_CN_TRAB,Si,No,30211,,Regla 2 coherente para validaciones implementadas.
GPA-001__R2-002__R1-001__0656,GPA-001__R2-002__R1-001,02_inputs_xml_flat/GPA-001__R2-002__R1-001__0656.xml,PASS,INFO,R1.D01=SI;R1.D02=SI;R2.D01=SI;R2.D02=SI;R2.D03=NO,MUNICIPIO30212,MUNICIPIO_SIN_CN_TRAB,Si,No,30212,,Regla 2 coherente para validaciones implementadas.
GPA-001__R2-002__R1-001__0657,GPA-001__R2-002__R1-001,02_inputs_xml_flat/GPA-001__R2-002__R1-001__0657.xml,PASS,INFO,R1.D01=SI;R1.D02=SI;R2.D01=SI;R2.D02=SI;R2.D03=NO,MUNICIPIO30213,MUNICIPIO_SIN_CN_TRAB,Si,No,30213,,Regla 2 coherente para validaciones implementadas.
GPA-001__R2-002__R1-001__0658,GPA-001__R2-002__R1-001,02_inputs_xml_flat/GPA-001__R2-002__R1-001__0658.xml,PASS,INFO,R1.D01=SI;R1.D02=SI;R2.D01=SI;R2.D02=SI;R2.D03=NO,MUNICIPIO30211,MUNICIPIO_SIN_CN_TRAB,Si,No,30211,,Regla 2 coherente para validaciones implementadas.
GPA-001__R2-002__R1-001__0659,GPA-001__R2-002__R1-001,02_inputs_xml_flat/GPA-001__R2-002__R1-001__0659.xml,PASS,INFO,R1.D01=SI;R1.D02=SI;R2.D01=SI;R2.D02=SI;R2.D03=NO,MUNICIPIO30212,MUNICIPIO_SIN_CN_TRAB,Si,No,30212,,Regla 2 coherente para validaciones implementadas.
GPA-001__R2-002__R1-001__0660,GPA-001__R2-002__R1-001,02_inputs_xml_flat/GPA-001__R2-002__R1-001__0660.xml,PASS,INFO,R1.D01=SI;R1.D02=SI;R2.D01=SI;R2.D02=SI;R2.D03=NO,MUNICIPIO30213,MUNICIPIO_SIN_CN_TRAB,Si,No,30213,,Regla 2 coherente para validaciones implementadas.
GPA-001__R2-002__R1-001__0661,GPA-001__R2-002__R1-001,02_inputs_xml_flat/GPA-001__R2-002__R1-001__0661.xml,PASS,INFO,R1.D01=SI;R1.D02=SI;R2.D01=SI;R2.D02=SI;R2.D03=NO,MUNICIPIO30211,MUNICIPIO_SIN_CN_TRAB,Si,No,30211,,Regla 2 coherente para validaciones implementadas.
GPA-001__R2-002__R1-001__0662,GPA-001__R2-002__R1-001,02_inputs_xml_flat/GPA-001__R2-002__R1-001__0662.xml,PASS,INFO,R1.D01=SI;R1.D02=SI;R2.D01=SI;R2.D02=SI;R2.D03=NO,MUNICIPIO30212,MUNICIPIO_SIN_CN_TRAB,Si,No,30212,,Regla 2 coherente para validaciones implementadas.
GPA-001__R2-002__R1-001__0663,GPA-001__R2-002__R1-001,02_inputs_xml_flat/GPA-001__R2-002__R1-001__0663.xml,PASS,INFO,R1.D01=SI;R1.D02=SI;R2.D01=SI;R2.D02=SI;R2.D03=NO,MUNICIPIO30213,MUNICIPIO_SIN_CN_TRAB,Si,No,30213,,Regla 2 coherente para validaciones implementadas.
GPA-001__R2-002__R1-001__0664,GPA-001__R2-002__R1-001,02_inputs_xml_flat/GPA-001__R2-002__R1-001__0664.xml,PASS,INFO,R1.D01=SI;R1.D02=SI;R2.D01=SI;R2.D02=SI;R2.D03=NO,MUNICIPIO30211,MUNICIPIO_SIN_CN_TRAB,Si,No,30211,,Regla 2 coherente para validaciones implementadas.
GPA-001__R2-002__R1-001__0665,GPA-001__R2-002__R1-001,02_inputs_xml_flat/GPA-001__R2-002__R1-001__0665.xml,PASS,INFO,R1.D01=SI;R1.D02=SI;R2.D01=SI;R2.D02=SI;R2.D03=NO,MUNICIPIO30212,MUNICIPIO_SIN_CN_TRAB,Si,No,30212,,Regla 2 coherente para validaciones implementadas.
GPA-001__R2-002__R1-001__0666,GPA-001__R2-002__R1-001,02_inputs_xml_flat/GPA-001__R2-002__R1-001__0666.xml,PASS,INFO,R1.D01=SI;R1.D02=SI;R2.D01=SI;R2.D02=SI;R2.D03=NO,MUNICIPIO30213,MUNICIPIO_SIN_CN_TRAB,Si,No,30213,,Regla 2 coherente para validaciones implementadas.
GPA-001__R2-002__R1-001__0667,GPA-001__R2-002__R1-001,02_inputs_xml_flat/GPA-001__R2-002__R1-001__0667.xml,PASS,INFO,R1.D01=SI;R1.D02=SI;R2.D01=SI;R2.D02=SI;R2.D03=NO,MUNICIPIO30211,MUNICIPIO_SIN_CN_TRAB,Si,No,30211,,Regla 2 coherente para validaciones implementadas.
GPA-001__R2-002__R1-001__0668,GPA-001__R2-002__R1-001,02_inputs_xml_flat/GPA-001__R2-002__R1-001__0668.xml,PASS,INFO,R1.D01=SI;R1.D02=SI;R2.D01=SI;R2.D02=SI;R2.D03=NO,MUNICIPIO30212,MUNICIPIO_SIN_CN_TRAB,Si,No,30212,,Regla 2 coherente para validaciones implementadas.
GPA-001__R2-002__R1-001__0669,GPA-001__R2-002__R1-001,02_inputs_xml_flat/GPA-001__R2-002__R1-001__0669.xml,PASS,INFO,R1.D01=SI;R1.D02=SI;R2.D01=SI;R2.D02=SI;R2.D03=NO,MUNICIPIO30213,MUNICIPIO_SIN_CN_TRAB,Si,No,30213,,Regla 2 coherente para validaciones implementadas.
GPA-001__R2-002__R1-001__0670,GPA-001__R2-002__R1-001,02_inputs_xml_flat/GPA-001__R2-002__R1-001__0670.xml,PASS,INFO,R1.D01=SI;R1.D02=SI;R2.D01=SI;R2.D02=SI;R2.D03=NO,MUNICIPIO30211,MUNICIPIO_SIN_CN_TRAB,Si,No,30211,,Regla 2 coherente para validaciones implementadas.
GPA-001__R2-002__R1-001__0671,GPA-001__R2-002__R1-001,02_inputs_xml_flat/GPA-001__R2-002__R1-001__0671.xml,PASS,INFO,R1.D01=SI;R1.D02=SI;R2.D01=SI;R2.D02=SI;R2.D03=NO,MUNICIPIO30212,MUNICIPIO_SIN_CN_TRAB,Si,No,30212,,Regla 2 coherente para validaciones implementadas.
GPA-001__R2-002__R1-001__0672,GPA-001__R2-002__R1-001,02_inputs_xml_flat/GPA-001__R2-002__R1-001__0672.xml,PASS,INFO,R1.D01=SI;R1.D02=SI;R2.D01=SI;R2.D02=SI;R2.D03=NO,MUNICIPIO30213,MUNICIPIO_SIN_CN_TRAB,Si,No,30213,,Regla 2 coherente para validaciones implementadas.
GPA-001__R2-002__R1-001__0673,GPA-001__R2-002__R1-001,02_inputs_xml_flat/GPA-001__R2-002__R1-001__0673.xml,PASS,INFO,R1.D01=SI;R1.D02=SI;R2.D01=SI;R2.D02=SI;R2.D03=NO,MUNICIPIO30211,MUNICIPIO_SIN_CN_TRAB,Si,No,30211,,Regla 2 coherente para validaciones implementadas.
GPA-001__R2-002__R1-001__0674,GPA-001__R2-002__R1-001,02_inputs_xml_flat/GPA-001__R2-002__R1-001__0674.xml,PASS,INFO,R1.D01=SI;R1.D02=SI;R2.D01=SI;R2.D02=SI;R2.D03=NO,MUNICIPIO30212,MUNICIPIO_SIN_CN_TRAB,Si,No,30212,,Regla 2 coherente para validaciones implementadas.
GPA-001__R2-002__R1-001__0675,GPA-001__R2-002__R1-001,02_inputs_xml_flat/GPA-001__R2-002__R1-001__0675.xml,PASS,INFO,R1.D01=SI;R1.D02=SI;R2.D01=SI;R2.D02=SI;R2.D03=NO,MUNICIPIO30213,MUNICIPIO_SIN_CN_TRAB,Si,No,30213,,Regla 2 coherente para validaciones implementadas.
GPA-001__R2-002__R1-001__0676,GPA-001__R2-002__R1-001,02_inputs_xml_flat/GPA-001__R2-002__R1-001__0676.xml,PASS,INFO,R1.D01=SI;R1.D02=SI;R2.D01=SI;R2.D02=SI;R2.D03=NO,MUNICIPIO30211,MUNICIPIO_SIN_CN_TRAB,Si,No,30211,,Regla 2 coherente para validaciones implementadas.
GPA-001__R2-002__R1-001__0677,GPA-001__R2-002__R1-001,02_inputs_xml_flat/GPA-001__R2-002__R1-001__0677.xml,PASS,INFO,R1.D01=SI;R1.D02=SI;R2.D01=SI;R2.D02=SI;R2.D03=NO,MUNICIPIO30212,MUNICIPIO_SIN_CN_TRAB,Si,No,30212,,Regla 2 coherente para validaciones implementadas.
GPA-001__R2-002__R1-001__0678,GPA-001__R2-002__R1-001,02_inputs_xml_flat/GPA-001__R2-002__R1-001__0678.xml,PASS,INFO,R1.D01=SI;R1.D02=SI;R2.D01=SI;R2.D02=SI;R2.D03=NO,MUNICIPIO30213,MUNICIPIO_SIN_CN_TRAB,Si,No,30213,,Regla 2 coherente para validaciones implementadas.
GPA-001__R2-002__R1-001__0679,GPA-001__R2-002__R1-001,02_inputs_xml_flat/GPA-001__R2-002__R1-001__0679.xml,PASS,INFO,R1.D01=SI;R1.D02=SI;R2.D01=SI;R2.D02=SI;R2.D03=NO,MUNICIPIO30211,MUNICIPIO_SIN_CN_TRAB,Si,No,30211,,Regla 2 coherente para validaciones implementadas.
GPA-001__R2-002__R1-001__0680,GPA-001__R2-002__R1-001,02_inputs_xml_flat/GPA-001__R2-002__R1-001__0680.xml,PASS,INFO,R1.D01=SI;R1.D02=SI;R2.D01=SI;R2.D02=SI;R2.D03=NO,MUNICIPIO30212,MUNICIPIO_SIN_CN_TRAB,Si,No,30212,,Regla 2 coherente para validaciones implementadas.
GPA-001__R2-002__R1-001__0681,GPA-001__R2-002__R1-001,02_inputs_xml_flat/GPA-001__R2-002__R1-001__0681.xml,PASS,INFO,R1.D01=SI;R1.D02=SI;R2.D01=SI;R2.D02=SI;R2.D03=NO,MUNICIPIO30213,MUNICIPIO_SIN_CN_TRAB,Si,No,30213,,Regla 2 coherente para validaciones implementadas.
GPA-001__R2-002__R1-001__0682,GPA-001__R2-002__R1-001,02_inputs_xml_flat/GPA-001__R2-002__R1-001__0682.xml,PASS,INFO,R1.D01=SI;R1.D02=SI;R2.D01=SI;R2.D02=SI;R2.D03=NO,MUNICIPIO30211,MUNICIPIO_SIN_CN_TRAB,Si,No,30211,,Regla 2 coherente para validaciones implementadas.
GPA-001__R2-002__R1-001__0683,GPA-001__R2-002__R1-001,02_inputs_xml_flat/GPA-001__R2-002__R1-001__0683.xml,PASS,INFO,R1.D01=SI;R1.D02=SI;R2.D01=SI;R2.D02=SI;R2.D03=NO,MUNICIPIO30212,MUNICIPIO_SIN_CN_TRAB,Si,No,30212,,Regla 2 coherente para validaciones implementadas.
GPA-001__R2-002__R1-001__0684,GPA-001__R2-002__R1-001,02_inputs_xml_flat/GPA-001__R2-002__R1-001__0684.xml,PASS,INFO,R1.D01=SI;R1.D02=SI;R2.D01=SI;R2.D02=SI;R2.D03=NO,MUNICIPIO30213,MUNICIPIO_SIN_CN_TRAB,Si,No,30213,,Regla 2 coherente para validaciones implementadas.
GPA-001__R2-002__R1-001__0685,GPA-001__R2-002__R1-001,02_inputs_xml_flat/GPA-001__R2-002__R1-001__0685.xml,PASS,INFO,R1.D01=SI;R1.D02=SI;R2.D01=SI;R2.D02=SI;R2.D03=NO,MUNICIPIO30211,MUNICIPIO_SIN_CN_TRAB,Si,No,30211,,Regla 2 coherente para validaciones implementadas.
GPA-001__R2-002__R1-001__0686,GPA-001__R2-002__R1-001,02_inputs_xml_flat/GPA-001__R2-002__R1-001__0686.xml,PASS,INFO,R1.D01=SI;R1.D02=SI;R2.D01=SI;R2.D02=SI;R2.D03=NO,MUNICIPIO30212,MUNICIPIO_SIN_CN_TRAB,Si,No,30212,,Regla 2 coherente para validaciones implementadas.
GPA-001__R2-002__R1-001__0687,GPA-001__R2-002__R1-001,02_inputs_xml_flat/GPA-001__R2-002__R1-001__0687.xml,PASS,INFO,R1.D01=SI;R1.D02=SI;R2.D01=SI;R2.D02=SI;R2.D03=NO,MUNICIPIO30213,MUNICIPIO_SIN_CN_TRAB,Si,No,30213,,Regla 2 coherente para validaciones implementadas.
GPA-001__R2-002__R1-001__0688,GPA-001__R2-002__R1-001,02_inputs_xml_flat/GPA-001__R2-002__R1-001__0688.xml,PASS,INFO,R1.D01=SI;R1.D02=SI;R2.D01=SI;R2.D02=SI;R2.D03=NO,MUNICIPIO30211,MUNICIPIO_SIN_CN_TRAB,Si,No,30211,,Regla 2 coherente para validaciones implementadas.
GPA-001__R2-002__R1-001__0689,GPA-001__R2-002__R1-001,02_inputs_xml_flat/GPA-001__R2-002__R1-001__0689.xml,PASS,INFO,R1.D01=SI;R1.D02=SI;R2.D01=SI;R2.D02=SI;R2.D03=NO,MUNICIPIO30212,MUNICIPIO_SIN_CN_TRAB,Si,No,30212,,Regla 2 coherente para validaciones implementadas.
GPA-001__R2-002__R1-001__0690,GPA-001__R2-002__R1-001,02_inputs_xml_flat/GPA-001__R2-002__R1-001__0690.xml,PASS,INFO,R1.D01=SI;R1.D02=SI;R2.D01=SI;R2.D02=SI;R2.D03=NO,MUNICIPIO30213,MUNICIPIO_SIN_CN_TRAB,Si,No,30213,,Regla 2 coherente para validaciones implementadas.
GPA-001__R2-002__R1-001__0691,GPA-001__R2-002__R1-001,02_inputs_xml_flat/GPA-001__R2-002__R1-001__0691.xml,PASS,INFO,R1.D01=SI;R1.D02=SI;R2.D01=SI;R2.D02=SI;R2.D03=NO,MUNICIPIO30211,MUNICIPIO_SIN_CN_TRAB,Si,No,30211,,Regla 2 coherente para validaciones implementadas.
GPA-001__R2-002__R1-001__0692,GPA-001__R2-002__R1-001,02_inputs_xml_flat/GPA-001__R2-002__R1-001__0692.xml,PASS,INFO,R1.D01=SI;R1.D02=SI;R2.D01=SI;R2.D02=SI;R2.D03=NO,MUNICIPIO30212,MUNICIPIO_SIN_CN_TRAB,Si,No,30212,,Regla 2 coherente para validaciones implementadas.
GPA-001__R2-002__R1-001__0693,GPA-001__R2-002__R1-001,02_inputs_xml_flat/GPA-001__R2-002__R1-001__0693.xml,PASS,INFO,R1.D01=SI;R1.D02=SI;R2.D01=SI;R2.D02=SI;R2.D03=NO,MUNICIPIO30213,MUNICIPIO_SIN_CN_TRAB,Si,No,30213,,Regla 2 coherente para validaciones implementadas.
GPA-001__R2-002__R1-001__0694,GPA-001__R2-002__R1-001,02_inputs_xml_flat/GPA-001__R2-002__R1-001__0694.xml,PASS,INFO,R1.D01=SI;R1.D02=SI;R2.D01=SI;R2.D02=SI;R2.D03=NO,MUNICIPIO30211,MUNICIPIO_SIN_CN_TRAB,Si,No,30211,,Regla 2 coherente para validaciones implementadas.
GPA-001__R2-002__R1-001__0695,GPA-001__R2-002__R1-001,02_inputs_xml_flat/GPA-001__R2-002__R1-001__0695.xml,PASS,INFO,R1.D01=SI;R1.D02=SI;R2.D01=SI;R2.D02=SI;R2.D03=NO,MUNICIPIO30212,MUNICIPIO_SIN_CN_TRAB,Si,No,30212,,Regla 2 coherente para validaciones implementadas.
GPA-001__R2-002__R1-001__0696,GPA-001__R2-002__R1-001,02_inputs_xml_flat/GPA-001__R2-002__R1-001__0696.xml,PASS,INFO,R1.D01=SI;R1.D02=SI;R2.D01=SI;R2.D02=SI;R2.D03=NO,MUNICIPIO30213,MUNICIPIO_SIN_CN_TRAB,Si,No,30213,,Regla 2 coherente para validaciones implementadas.
GPA-001__R2-002__R1-001__0697,GPA-001__R2-002__R1-001,02_inputs_xml_flat/GPA-001__R2-002__R1-001__0697.xml,PASS,INFO,R1.D01=SI;R1.D02=SI;R2.D01=SI;R2.D02=SI;R2.D03=NO,MUNICIPIO30211,MUNICIPIO_SIN_CN_TRAB,Si,No,30211,,Regla 2 coherente para validaciones implementadas.
GPA-001__R2-002__R1-001__0698,GPA-001__R2-002__R1-001,02_inputs_xml_flat/GPA-001__R2-002__R1-001__0698.xml,PASS,INFO,R1.D01=SI;R1.D02=SI;R2.D01=SI;R2.D02=SI;R2.D03=NO,MUNICIPIO30212,MUNICIPIO_SIN_CN_TRAB,Si,No,30212,,Regla 2 coherente para validaciones implementadas.
GPA-001__R2-002__R1-001__0699,GPA-001__R2-002__R1-001,02_inputs_xml_flat/GPA-001__R2-002__R1-001__0699.xml,PASS,INFO,R1.D01=SI;R1.D02=SI;R2.D01=SI;R2.D02=SI;R2.D03=NO,MUNICIPIO30213,MUNICIPIO_SIN_CN_TRAB,Si,No,30213,,Regla 2 coherente para validaciones implementadas.
GPA-001__R2-002__R1-001__0700,GPA-001__R2-002__R1-001,02_inputs_xml_flat/GPA-001__R2-002__R1-001__0700.xml,PASS,INFO,R1.D01=SI;R1.D02=SI;R2.D01=SI;R2.D02=SI;R2.D03=NO,MUNICIPIO30211,MUNICIPIO_SIN_CN_TRAB,Si,No,30211,,Regla 2 coherente para validaciones implementadas.
GPA-001__R2-002__R1-001__0701,GPA-001__R2-002__R1-001,02_inputs_xml_flat/GPA-001__R2-002__R1-001__0701.xml,PASS,INFO,R1.D01=SI;R1.D02=SI;R2.D01=SI;R2.D02=SI;R2.D03=NO,MUNICIPIO30212,MUNICIPIO_SIN_CN_TRAB,Si,No,30212,,Regla 2 coherente para validaciones implementadas.
GPA-001__R2-002__R1-001__0702,GPA-001__R2-002__R1-001,02_inputs_xml_flat/GPA-001__R2-002__R1-001__0702.xml,PASS,INFO,R1.D01=SI;R1.D02=SI;R2.D01=SI;R2.D02=SI;R2.D03=NO,MUNICIPIO30213,MUNICIPIO_SIN_CN_TRAB,Si,No,30213,,Regla 2 coherente para validaciones implementadas.
GPA-001__R2-002__R1-001__0703,GPA-001__R2-002__R1-001,02_inputs_xml_flat/GPA-001__R2-002__R1-001__0703.xml,PASS,INFO,R1.D01=SI;R1.D02=SI;R2.D01=SI;R2.D02=SI;R2.D03=NO,MUNICIPIO30211,MUNICIPIO_SIN_CN_TRAB,Si,No,30211,,Regla 2 coherente para validaciones implementadas.
GPA-001__R2-002__R1-001__0704,GPA-001__R2-002__R1-001,02_inputs_xml_flat/GPA-001__R2-002__R1-001__0704.xml,PASS,INFO,R1.D01=SI;R1.D02=SI;R2.D01=SI;R2.D02=SI;R2.D03=NO,MUNICIPIO30212,MUNICIPIO_SIN_CN_TRAB,Si,No,30212,,Regla 2 coherente para validaciones implementadas.
GPA-001__R2-002__R1-001__0705,GPA-001__R2-002__R1-001,02_inputs_xml_flat/GPA-001__R2-002__R1-001__0705.xml,PASS,INFO,R1.D01=SI;R1.D02=SI;R2.D01=SI;R2.D02=SI;R2.D03=NO,MUNICIPIO30213,MUNICIPIO_SIN_CN_TRAB,Si,No,30213,,Regla 2 coherente para validaciones implementadas.
GPA-001__R2-002__R1-001__0706,GPA-001__R2-002__R1-001,02_inputs_xml_flat/GPA-001__R2-002__R1-001__0706.xml,PASS,INFO,R1.D01=SI;R1.D02=SI;R2.D01=SI;R2.D02=SI;R2.D03=NO,MUNICIPIO30211,MUNICIPIO_SIN_CN_TRAB,Si,No,30211,,Regla 2 coherente para validaciones implementadas.
GPA-001__R2-002__R1-001__0707,GPA-001__R2-002__R1-001,02_inputs_xml_flat/GPA-001__R2-002__R1-001__0707.xml,PASS,INFO,R1.D01=SI;R1.D02=SI;R2.D01=SI;R2.D02=SI;R2.D03=NO,MUNICIPIO30212,MUNICIPIO_SIN_CN_TRAB,Si,No,30212,,Regla 2 coherente para validaciones implementadas.
GPA-001__R2-002__R1-001__0708,GPA-001__R2-002__R1-001,02_inputs_xml_flat/GPA-001__R2-002__R1-001__0708.xml,PASS,INFO,R1.D01=SI;R1.D02=SI;R2.D01=SI;R2.D02=SI;R2.D03=NO,MUNICIPIO30213,MUNICIPIO_SIN_CN_TRAB,Si,No,30213,,Regla 2 coherente para validaciones implementadas.
GPA-001__R2-002__R1-001__0709,GPA-001__R2-002__R1-001,02_inputs_xml_flat/GPA-001__R2-002__R1-001__0709.xml,PASS,INFO,R1.D01=SI;R1.D02=SI;R2.D01=SI;R2.D02=SI;R2.D03=NO,MUNICIPIO30211,MUNICIPIO_SIN_CN_TRAB,Si,No,30211,,Regla 2 coherente para validaciones implementadas.
GPA-001__R2-002__R1-001__0710,GPA-001__R2-002__R1-001,02_inputs_xml_flat/GPA-001__R2-002__R1-001__0710.xml,PASS,INFO,R1.D01=SI;R1.D02=SI;R2.D01=SI;R2.D02=SI;R2.D03=NO,MUNICIPIO30212,MUNICIPIO_SIN_CN_TRAB,Si,No,30212,,Regla 2 coherente para validaciones implementadas.
GPA-001__R2-002__R1-001__0711,GPA-001__R2-002__R1-001,02_inputs_xml_flat/GPA-001__R2-002__R1-001__0711.xml,PASS,INFO,R1.D01=SI;R1.D02=SI;R2.D01=SI;R2.D02=SI;R2.D03=NO,MUNICIPIO30213,MUNICIPIO_SIN_CN_TRAB,Si,No,30213,,Regla 2 coherente para validaciones implementadas.
GPA-001__R2-002__R1-001__0712,GPA-001__R2-002__R1-001,02_inputs_xml_flat/GPA-001__R2-002__R1-001__0712.xml,PASS,INFO,R1.D01=SI;R1.D02=SI;R2.D01=SI;R2.D02=SI;R2.D03=NO,MUNICIPIO30211,MUNICIPIO_SIN_CN_TRAB,Si,No,30211,,Regla 2 coherente para validaciones implementadas.
GPA-001__R2-002__R1-001__0713,GPA-001__R2-002__R1-001,02_inputs_xml_flat/GPA-001__R2-002__R1-001__0713.xml,PASS,INFO,R1.D01=SI;R1.D02=SI;R2.D01=SI;R2.D02=SI;R2.D03=NO,MUNICIPIO30212,MUNICIPIO_SIN_CN_TRAB,Si,No,30212,,Regla 2 coherente para validaciones implementadas.
GPA-001__R2-002__R1-001__0714,GPA-001__R2-002__R1-001,02_inputs_xml_flat/GPA-001__R2-002__R1-001__0714.xml,PASS,INFO,R1.D01=SI;R1.D02=SI;R2.D01=SI;R2.D02=SI;R2.D03=NO,MUNICIPIO30213,MUNICIPIO_SIN_CN_TRAB,Si,No,30213,,Regla 2 coherente para validaciones implementadas.
GPA-001__R2-002__R1-001__0715,GPA-001__R2-002__R1-001,02_inputs_xml_flat/GPA-001__R2-002__R1-001__0715.xml,PASS,INFO,R1.D01=SI;R1.D02=SI;R2.D01=SI;R2.D02=SI;R2.D03=NO,MUNICIPIO30211,MUNICIPIO_SIN_CN_TRAB,Si,No,30211,,Regla 2 coherente para validaciones implementadas.
GPA-001__R2-002__R1-001__0716,GPA-001__R2-002__R1-001,02_inputs_xml_flat/GPA-001__R2-002__R1-001__0716.xml,PASS,INFO,R1.D01=SI;R1.D02=SI;R2.D01=SI;R2.D02=SI;R2.D03=NO,MUNICIPIO30212,MUNICIPIO_SIN_CN_TRAB,Si,No,30212,,Regla 2 coherente para validaciones implementadas.
GPA-001__R2-002__R1-001__0717,GPA-001__R2-002__R1-001,02_inputs_xml_flat/GPA-001__R2-002__R1-001__0717.xml,PASS,INFO,R1.D01=SI;R1.D02=SI;R2.D01=SI;R2.D02=SI;R2.D03=NO,MUNICIPIO30213,MUNICIPIO_SIN_CN_TRAB,Si,No,30213,,Regla 2 coherente para validaciones implementadas.
GPA-001__R2-002__R1-001__0718,GPA-001__R2-002__R1-001,02_inputs_xml_flat/GPA-001__R2-002__R1-001__0718.xml,PASS,INFO,R1.D01=SI;R1.D02=SI;R2.D01=SI;R2.D02=SI;R2.D03=NO,MUNICIPIO30211,MUNICIPIO_SIN_CN_TRAB,Si,No,30211,,Regla 2 coherente para validaciones implementadas.
GPA-001__R2-002__R1-001__0719,GPA-001__R2-002__R1-001,02_inputs_xml_flat/GPA-001__R2-002__R1-001__0719.xml,PASS,INFO,R1.D01=SI;R1.D02=SI;R2.D01=SI;R2.D02=SI;R2.D03=NO,MUNICIPIO30212,MUNICIPIO_SIN_CN_TRAB,Si,No,30212,,Regla 2 coherente para validaciones implementadas.
GPA-001__R2-002__R1-001__0720,GPA-001__R2-002__R1-001,02_inputs_xml_flat/GPA-001__R2-002__R1-001__0720.xml,PASS,INFO,R1.D01=SI;R1.D02=SI;R2.D01=SI;R2.D02=SI;R2.D03=NO,MUNICIPIO30213,MUNICIPIO_SIN_CN_TRAB,Si,No,30213,,Regla 2 coherente para validaciones implementadas.
GPA-001__R2-002__R1-001__0721,GPA-001__R2-002__R1-001,02_inputs_xml_flat/GPA-001__R2-002__R1-001__0721.xml,PASS,INFO,R1.D01=SI;R1.D02=SI;R2.D01=SI;R2.D02=SI;R2.D03=NO,MUNICIPIO30211,MUNICIPIO_SIN_CN_TRAB,Si,No,30211,,Regla 2 coherente para validaciones implementadas.
GPA-001__R2-002__R1-001__0722,GPA-001__R2-002__R1-001,02_inputs_xml_flat/GPA-001__R2-002__R1-001__0722.xml,PASS,INFO,R1.D01=SI;R1.D02=SI;R2.D01=SI;R2.D02=SI;R2.D03=NO,MUNICIPIO30212,MUNICIPIO_SIN_CN_TRAB,Si,No,30212,,Regla 2 coherente para validaciones implementadas.
GPA-001__R2-002__R1-001__0723,GPA-001__R2-002__R1-001,02_inputs_xml_flat/GPA-001__R2-002__R1-001__0723.xml,PASS,INFO,R1.D01=SI;R1.D02=SI;R2.D01=SI;R2.D02=SI;R2.D03=NO,MUNICIPIO30213,MUNICIPIO_SIN_CN_TRAB,Si,No,30213,,Regla 2 coherente para validaciones implementadas.
GPA-001__R2-002__R1-001__0724,GPA-001__R2-002__R1-001,02_inputs_xml_flat/GPA-001__R2-002__R1-001__0724.xml,PASS,INFO,R1.D01=SI;R1.D02=SI;R2.D01=SI;R2.D02=SI;R2.D03=NO,MUNICIPIO30211,MUNICIPIO_SIN_CN_TRAB,Si,No,30211,,Regla 2 coherente para validaciones implementadas.
GPA-001__R2-002__R1-001__0725,GPA-001__R2-002__R1-001,02_inputs_xml_flat/GPA-001__R2-002__R1-001__0725.xml,PASS,INFO,R1.D01=SI;R1.D02=SI;R2.D01=SI;R2.D02=SI;R2.D03=NO,MUNICIPIO30212,MUNICIPIO_SIN_CN_TRAB,Si,No,30212,,Regla 2 coherente para validaciones implementadas.
GPA-001__R2-002__R1-001__0726,GPA-001__R2-002__R1-001,02_inputs_xml_flat/GPA-001__R2-002__R1-001__0726.xml,PASS,INFO,R1.D01=SI;R1.D02=SI;R2.D01=SI;R2.D02=SI;R2.D03=NO,MUNICIPIO30213,MUNICIPIO_SIN_CN_TRAB,Si,No,30213,,Regla 2 coherente para validaciones implementadas.
GPA-001__R2-002__R1-001__0727,GPA-001__R2-002__R1-001,02_inputs_xml_flat/GPA-001__R2-002__R1-001__0727.xml,PASS,INFO,R1.D01=SI;R1.D02=SI;R2.D01=SI;R2.D02=SI;R2.D03=NO,MUNICIPIO30211,MUNICIPIO_SIN_CN_TRAB,Si,No,30211,,Regla 2 coherente para validaciones implementadas.
GPA-001__R2-002__R1-001__0728,GPA-001__R2-002__R1-001,02_inputs_xml_flat/GPA-001__R2-002__R1-001__0728.xml,PASS,INFO,R1.D01=SI;R1.D02=SI;R2.D01=SI;R2.D02=SI;R2.D03=NO,MUNICIPIO30212,MUNICIPIO_SIN_CN_TRAB,Si,No,30212,,Regla 2 coherente para validaciones implementadas.
GPA-001__R2-002__R1-001__0729,GPA-001__R2-002__R1-001,02_inputs_xml_flat/GPA-001__R2-002__R1-001__0729.xml,PASS,INFO,R1.D01=SI;R1.D02=SI;R2.D01=SI;R2.D02=SI;R2.D03=NO,MUNICIPIO30213,MUNICIPIO_SIN_CN_TRAB,Si,No,30213,,Regla 2 coherente para validaciones implementadas.
GPA-001__R2-002__R1-001__0730,GPA-001__R2-002__R1-001,02_inputs_xml_flat/GPA-001__R2-002__R1-001__0730.xml,PASS,INFO,R1.D01=SI;R1.D02=SI;R2.D01=SI;R2.D02=SI;R2.D03=NO,MUNICIPIO30211,MUNICIPIO_SIN_CN_TRAB,Si,No,30211,,Regla 2 coherente para validaciones implementadas.
GPA-001__R2-002__R1-001__0731,GPA-001__R2-002__R1-001,02_inputs_xml_flat/GPA-001__R2-002__R1-001__0731.xml,PASS,INFO,R1.D01=SI;R1.D02=SI;R2.D01=SI;R2.D02=SI;R2.D03=NO,MUNICIPIO30212,MUNICIPIO_SIN_CN_TRAB,Si,No,30212,,Regla 2 coherente para validaciones implementadas.
GPA-001__R2-002__R1-001__0732,GPA-001__R2-002__R1-001,02_inputs_xml_flat/GPA-001__R2-002__R1-001__0732.xml,PASS,INFO,R1.D01=SI;R1.D02=SI;R2.D01=SI;R2.D02=SI;R2.D03=NO,MUNICIPIO30213,MUNICIPIO_SIN_CN_TRAB,Si,No,30213,,Regla 2 coherente para validaciones implementadas.
GPA-001__R2-002__R1-001__0733,GPA-001__R2-002__R1-001,02_inputs_xml_flat/GPA-001__R2-002__R1-001__0733.xml,PASS,INFO,R1.D01=SI;R1.D02=SI;R2.D01=SI;R2.D02=SI;R2.D03=NO,MUNICIPIO30211,MUNICIPIO_SIN_CN_TRAB,Si,No,30211,,Regla 2 coherente para validaciones implementadas.
GPA-001__R2-002__R1-001__0734,GPA-001__R2-002__R1-001,02_inputs_xml_flat/GPA-001__R2-002__R1-001__0734.xml,PASS,INFO,R1.D01=SI;R1.D02=SI;R2.D01=SI;R2.D02=SI;R2.D03=NO,MUNICIPIO30212,MUNICIPIO_SIN_CN_TRAB,Si,No,30212,,Regla 2 coherente para validaciones implementadas.
GPA-001__R2-002__R1-001__0735,GPA-001__R2-002__R1-001,02_inputs_xml_flat/GPA-001__R2-002__R1-001__0735.xml,PASS,INFO,R1.D01=SI;R1.D02=SI;R2.D01=SI;R2.D02=SI;R2.D03=NO,MUNICIPIO30213,MUNICIPIO_SIN_CN_TRAB,Si,No,30213,,Regla 2 coherente para validaciones implementadas.
GPA-001__R2-002__R1-001__0736,GPA-001__R2-002__R1-001,02_inputs_xml_flat/GPA-001__R2-002__R1-001__0736.xml,PASS,INFO,R1.D01=SI;R1.D02=SI;R2.D01=SI;R2.D02=SI;R2.D03=NO,MUNICIPIO30211,MUNICIPIO_SIN_CN_TRAB,Si,No,30211,,Regla 2 coherente para validaciones implementadas.
GPA-001__R2-002__R1-001__0737,GPA-001__R2-002__R1-001,02_inputs_xml_flat/GPA-001__R2-002__R1-001__0737.xml,PASS,INFO,R1.D01=SI;R1.D02=SI;R2.D01=SI;R2.D02=SI;R2.D03=NO,MUNICIPIO30212,MUNICIPIO_SIN_CN_TRAB,Si,No,30212,,Regla 2 coherente para validaciones implementadas.
GPA-001__R2-002__R1-001__0738,GPA-001__R2-002__R1-001,02_inputs_xml_flat/GPA-001__R2-002__R1-001__0738.xml,PASS,INFO,R1.D01=SI;R1.D02=SI;R2.D01=SI;R2.D02=SI;R2.D03=NO,MUNICIPIO30213,MUNICIPIO_SIN_CN_TRAB,Si,No,30213,,Regla 2 coherente para validaciones implementadas.
GPA-001__R2-002__R1-001__0739,GPA-001__R2-002__R1-001,02_inputs_xml_flat/GPA-001__R2-002__R1-001__0739.xml,PASS,INFO,R1.D01=SI;R1.D02=SI;R2.D01=SI;R2.D02=SI;R2.D03=NO,MUNICIPIO30211,MUNICIPIO_SIN_CN_TRAB,Si,No,30211,,Regla 2 coherente para validaciones implementadas.
GPA-001__R2-002__R1-001__0740,GPA-001__R2-002__R1-001,02_inputs_xml_flat/GPA-001__R2-002__R1-001__0740.xml,PASS,INFO,R1.D01=SI;R1.D02=SI;R2.D01=SI;R2.D02=SI;R2.D03=NO,MUNICIPIO30212,MUNICIPIO_SIN_CN_TRAB,Si,No,30212,,Regla 2 coherente para validaciones implementadas.
GPA-001__R2-002__R1-001__0741,GPA-001__R2-002__R1-001,02_inputs_xml_flat/GPA-001__R2-002__R1-001__0741.xml,PASS,INFO,R1.D01=SI;R1.D02=SI;R2.D01=SI;R2.D02=SI;R2.D03=NO,MUNICIPIO30213,MUNICIPIO_SIN_CN_TRAB,Si,No,30213,,Regla 2 coherente para validaciones implementadas.
GPA-001__R2-002__R1-001__0742,GPA-001__R2-002__R1-001,02_inputs_xml_flat/GPA-001__R2-002__R1-001__0742.xml,PASS,INFO,R1.D01=SI;R1.D02=SI;R2.D01=SI;R2.D02=SI;R2.D03=NO,MUNICIPIO30211,MUNICIPIO_SIN_CN_TRAB,Si,No,30211,,Regla 2 coherente para validaciones implementadas.
GPA-001__R2-002__R1-001__0743,GPA-001__R2-002__R1-001,02_inputs_xml_flat/GPA-001__R2-002__R1-001__0743.xml,PASS,INFO,R1.D01=SI;R1.D02=SI;R2.D01=SI;R2.D02=SI;R2.D03=NO,MUNICIPIO30212,MUNICIPIO_SIN_CN_TRAB,Si,No,30212,,Regla 2 coherente para validaciones implementadas.
GPA-001__R2-002__R1-001__0744,GPA-001__R2-002__R1-001,02_inputs_xml_flat/GPA-001__R2-002__R1-001__0744.xml,PASS,INFO,R1.D01=SI;R1.D02=SI;R2.D01=SI;R2.D02=SI;R2.D03=NO,MUNICIPIO30213,MUNICIPIO_SIN_CN_TRAB,Si,No,30213,,Regla 2 coherente para validaciones implementadas.
GPA-001__R2-002__R1-001__0745,GPA-001__R2-002__R1-001,02_inputs_xml_flat/GPA-001__R2-002__R1-001__0745.xml,PASS,INFO,R1.D01=SI;R1.D02=SI;R2.D01=SI;R2.D02=SI;R2.D03=NO,MUNICIPIO30211,MUNICIPIO_SIN_CN_TRAB,Si,No,30211,,Regla 2 coherente para validaciones implementadas.
GPA-001__R2-002__R1-001__0746,GPA-001__R2-002__R1-001,02_inputs_xml_flat/GPA-001__R2-002__R1-001__0746.xml,PASS,INFO,R1.D01=SI;R1.D02=SI;R2.D01=SI;R2.D02=SI;R2.D03=NO,MUNICIPIO30212,MUNICIPIO_SIN_CN_TRAB,Si,No,30212,,Regla 2 coherente para validaciones implementadas.
GPA-001__R2-002__R1-001__0747,GPA-001__R2-002__R1-001,02_inputs_xml_flat/GPA-001__R2-002__R1-001__0747.xml,PASS,INFO,R1.D01=SI;R1.D02=SI;R2.D01=SI;R2.D02=SI;R2.D03=NO,MUNICIPIO30213,MUNICIPIO_SIN_CN_TRAB,Si,No,30213,,Regla 2 coherente para validaciones implementadas.
GPA-001__R2-002__R1-001__0748,GPA-001__R2-002__R1-001,02_inputs_xml_flat/GPA-001__R2-002__R1-001__0748.xml,PASS,INFO,R1.D01=SI;R1.D02=SI;R2.D01=SI;R2.D02=SI;R2.D03=NO,MUNICIPIO30211,MUNICIPIO_SIN_CN_TRAB,Si,No,30211,,Regla 2 coherente para validaciones implementadas.
GPA-001__R2-002__R1-001__0749,GPA-001__R2-002__R1-001,02_inputs_xml_flat/GPA-001__R2-002__R1-001__0749.xml,PASS,INFO,R1.D01=SI;R1.D02=SI;R2.D01=SI;R2.D02=SI;R2.D03=NO,MUNICIPIO30212,MUNICIPIO_SIN_CN_TRAB,Si,No,30212,,Regla 2 coherente para validaciones implementadas.
GPA-001__R2-002__R1-001__0750,GPA-001__R2-002__R1-001,02_inputs_xml_flat/GPA-001__R2-002__R1-001__0750.xml,PASS,INFO,R1.D01=SI;R1.D02=SI;R2.D01=SI;R2.D02=SI;R2.D03=NO,MUNICIPIO30213,MUNICIPIO_SIN_CN_TRAB,Si,No,30213,,Regla 2 coherente para validaciones implementadas.
GPA-001__R2-002__R1-001__0751,GPA-001__R2-002__R1-001,02_inputs_xml_flat/GPA-001__R2-002__R1-001__0751.xml,PASS,INFO,R1.D01=SI;R1.D02=SI;R2.D01=SI;R2.D02=SI;R2.D03=NO,MUNICIPIO30211,MUNICIPIO_SIN_CN_TRAB,Si,No,30211,,Regla 2 coherente para validaciones implementadas.
GPA-001__R2-002__R1-001__0752,GPA-001__R2-002__R1-001,02_inputs_xml_flat/GPA-001__R2-002__R1-001__0752.xml,PASS,INFO,R1.D01=SI;R1.D02=SI;R2.D01=SI;R2.D02=SI;R2.D03=NO,MUNICIPIO30212,MUNICIPIO_SIN_CN_TRAB,Si,No,30212,,Regla 2 coherente para validaciones implementadas.
GPA-001__R2-002__R1-001__0753,GPA-001__R2-002__R1-001,02_inputs_xml_flat/GPA-001__R2-002__R1-001__0753.xml,PASS,INFO,R1.D01=SI;R1.D02=SI;R2.D01=SI;R2.D02=SI;R2.D03=NO,MUNICIPIO30213,MUNICIPIO_SIN_CN_TRAB,Si,No,30213,,Regla 2 coherente para validaciones implementadas.
GPA-001__R2-002__R1-001__0754,GPA-001__R2-002__R1-001,02_inputs_xml_flat/GPA-001__R2-002__R1-001__0754.xml,PASS,INFO,R1.D01=SI;R1.D02=SI;R2.D01=SI;R2.D02=SI;R2.D03=NO,MUNICIPIO30211,MUNICIPIO_SIN_CN_TRAB,Si,No,30211,,Regla 2 coherente para validaciones implementadas.
GPA-001__R2-002__R1-001__0755,GPA-001__R2-002__R1-001,02_inputs_xml_flat/GPA-001__R2-002__R1-001__0755.xml,PASS,INFO,R1.D01=SI;R1.D02=SI;R2.D01=SI;R2.D02=SI;R2.D03=NO,MUNICIPIO30212,MUNICIPIO_SIN_CN_TRAB,Si,No,30212,,Regla 2 coherente para validaciones implementadas.
GPA-001__R2-002__R1-001__0756,GPA-001__R2-002__R1-001,02_inputs_xml_flat/GPA-001__R2-002__R1-001__0756.xml,PASS,INFO,R1.D01=SI;R1.D02=SI;R2.D01=SI;R2.D02=SI;R2.D03=NO,MUNICIPIO30213,MUNICIPIO_SIN_CN_TRAB,Si,No,30213,,Regla 2 coherente para validaciones implementadas.
GPA-001__R2-002__R1-001__0757,GPA-001__R2-002__R1-001,02_inputs_xml_flat/GPA-001__R2-002__R1-001__0757.xml,PASS,INFO,R1.D01=SI;R1.D02=SI;R2.D01=SI;R2.D02=SI;R2.D03=NO,MUNICIPIO30211,MUNICIPIO_SIN_CN_TRAB,Si,No,30211,,Regla 2 coherente para validaciones implementadas.
GPA-001__R2-002__R1-001__0758,GPA-001__R2-002__R1-001,02_inputs_xml_flat/GPA-001__R2-002__R1-001__0758.xml,PASS,INFO,R1.D01=SI;R1.D02=SI;R2.D01=SI;R2.D02=SI;R2.D03=NO,MUNICIPIO30212,MUNICIPIO_SIN_CN_TRAB,Si,No,30212,,Regla 2 coherente para validaciones implementadas.
GPA-001__R2-002__R1-001__0759,GPA-001__R2-002__R1-001,02_inputs_xml_flat/GPA-001__R2-002__R1-001__0759.xml,PASS,INFO,R1.D01=SI;R1.D02=SI;R2.D01=SI;R2.D02=SI;R2.D03=NO,MUNICIPIO30213,MUNICIPIO_SIN_CN_TRAB,Si,No,30213,,Regla 2 coherente para validaciones implementadas.
GPA-001__R2-002__R1-001__0760,GPA-001__R2-002__R1-001,02_inputs_xml_flat/GPA-001__R2-002__R1-001__0760.xml,PASS,INFO,R1.D01=SI;R1.D02=SI;R2.D01=SI;R2.D02=SI;R2.D03=NO,MUNICIPIO30211,MUNICIPIO_SIN_CN_TRAB,Si,No,30211,,Regla 2 coherente para validaciones implementadas.
GPA-001__R2-002__R1-001__0761,GPA-001__R2-002__R1-001,02_inputs_xml_flat/GPA-001__R2-002__R1-001__0761.xml,PASS,INFO,R1.D01=SI;R1.D02=SI;R2.D01=SI;R2.D02=SI;R2.D03=NO,MUNICIPIO30212,MUNICIPIO_SIN_CN_TRAB,Si,No,30212,,Regla 2 coherente para validaciones implementadas.
GPA-001__R2-002__R1-001__0762,GPA-001__R2-002__R1-001,02_inputs_xml_flat/GPA-001__R2-002__R1-001__0762.xml,PASS,INFO,R1.D01=SI;R1.D02=SI;R2.D01=SI;R2.D02=SI;R2.D03=NO,MUNICIPIO30213,MUNICIPIO_SIN_CN_TRAB,Si,No,30213,,Regla 2 coherente para validaciones implementadas.
GPA-001__R2-002__R1-001__0763,GPA-001__R2-002__R1-001,02_inputs_xml_flat/GPA-001__R2-002__R1-001__0763.xml,PASS,INFO,R1.D01=SI;R1.D02=SI;R2.D01=SI;R2.D02=SI;R2.D03=NO,MUNICIPIO30211,MUNICIPIO_SIN_CN_TRAB,Si,No,30211,,Regla 2 coherente para validaciones implementadas.
GPA-001__R2-002__R1-001__0764,GPA-001__R2-002__R1-001,02_inputs_xml_flat/GPA-001__R2-002__R1-001__0764.xml,PASS,INFO,R1.D01=SI;R1.D02=SI;R2.D01=SI;R2.D02=SI;R2.D03=NO,MUNICIPIO30212,MUNICIPIO_SIN_CN_TRAB,Si,No,30212,,Regla 2 coherente para validaciones implementadas.
GPA-001__R2-002__R1-001__0765,GPA-001__R2-002__R1-001,02_inputs_xml_flat/GPA-001__R2-002__R1-001__0765.xml,PASS,INFO,R1.D01=SI;R1.D02=SI;R2.D01=SI;R2.D02=SI;R2.D03=NO,MUNICIPIO30213,MUNICIPIO_SIN_CN_TRAB,Si,No,30213,,Regla 2 coherente para validaciones implementadas.
GPA-001__R2-002__R1-001__0766,GPA-001__R2-002__R1-001,02_inputs_xml_flat/GPA-001__R2-002__R1-001__0766.xml,PASS,INFO,R1.D01=SI;R1.D02=SI;R2.D01=SI;R2.D02=SI;R2.D03=NO,MUNICIPIO30211,MUNICIPIO_SIN_CN_TRAB,Si,No,30211,,Regla 2 coherente para validaciones implementadas.
GPA-001__R2-002__R1-001__0767,GPA-001__R2-002__R1-001,02_inputs_xml_flat/GPA-001__R2-002__R1-001__0767.xml,PASS,INFO,R1.D01=SI;R1.D02=SI;R2.D01=SI;R2.D02=SI;R2.D03=NO,MUNICIPIO30212,MUNICIPIO_SIN_CN_TRAB,Si,No,30212,,Regla 2 coherente para validaciones implementadas.
GPA-001__R2-002__R1-001__0768,GPA-001__R2-002__R1-001,02_inputs_xml_flat/GPA-001__R2-002__R1-001__0768.xml,PASS,INFO,R1.D01=SI;R1.D02=SI;R2.D01=SI;R2.D02=SI;R2.D03=NO,MUNICIPIO30213,MUNICIPIO_SIN_CN_TRAB,Si,No,30213,,Regla 2 coherente para validaciones implementadas.
GPA-001__R2-002__R1-001__0769,GPA-001__R2-002__R1-001,02_inputs_xml_flat/GPA-001__R2-002__R1-001__0769.xml,PASS,INFO,R1.D01=SI;R1.D02=SI;R2.D01=SI;R2.D02=SI;R2.D03=NO,MUNICIPIO30211,MUNICIPIO_SIN_CN_TRAB,Si,No,30211,,Regla 2 coherente para validaciones implementadas.
GPA-001__R2-002__R1-001__0770,GPA-001__R2-002__R1-001,02_inputs_xml_flat/GPA-001__R2-002__R1-001__0770.xml,PASS,INFO,R1.D01=SI;R1.D02=SI;R2.D01=SI;R2.D02=SI;R2.D03=NO,MUNICIPIO30212,MUNICIPIO_SIN_CN_TRAB,Si,No,30212,,Regla 2 coherente para validaciones implementadas.
GPA-001__R2-002__R1-001__0771,GPA-001__R2-002__R1-001,02_inputs_xml_flat/GPA-001__R2-002__R1-001__0771.xml,PASS,INFO,R1.D01=SI;R1.D02=SI;R2.D01=SI;R2.D02=SI;R2.D03=NO,MUNICIPIO30213,MUNICIPIO_SIN_CN_TRAB,Si,No,30213,,Regla 2 coherente para validaciones implementadas.
GPA-001__R2-002__R1-001__0772,GPA-001__R2-002__R1-001,02_inputs_xml_flat/GPA-001__R2-002__R1-001__0772.xml,PASS,INFO,R1.D01=SI;R1.D02=SI;R2.D01=SI;R2.D02=SI;R2.D03=NO,MUNICIPIO30211,MUNICIPIO_SIN_CN_TRAB,Si,No,30211,,Regla 2 coherente para validaciones implementadas.
GPA-001__R2-002__R1-001__0773,GPA-001__R2-002__R1-001,02_inputs_xml_flat/GPA-001__R2-002__R1-001__0773.xml,PASS,INFO,R1.D01=SI;R1.D02=SI;R2.D01=SI;R2.D02=SI;R2.D03=NO,MUNICIPIO30212,MUNICIPIO_SIN_CN_TRAB,Si,No,30212,,Regla 2 coherente para validaciones implementadas.
GPA-001__R2-002__R1-001__0774,GPA-001__R2-002__R1-001,02_inputs_xml_flat/GPA-001__R2-002__R1-001__0774.xml,PASS,INFO,R1.D01=SI;R1.D02=SI;R2.D01=SI;R2.D02=SI;R2.D03=NO,MUNICIPIO30213,MUNICIPIO_SIN_CN_TRAB,Si,No,30213,,Regla 2 coherente para validaciones implementadas.
GPA-001__R2-002__R1-001__0775,GPA-001__R2-002__R1-001,02_inputs_xml_flat/GPA-001__R2-002__R1-001__0775.xml,PASS,INFO,R1.D01=SI;R1.D02=SI;R2.D01=SI;R2.D02=SI;R2.D03=NO,MUNICIPIO30211,MUNICIPIO_SIN_CN_TRAB,Si,No,30211,,Regla 2 coherente para validaciones implementadas.
GPA-001__R2-002__R1-001__0776,GPA-001__R2-002__R1-001,02_inputs_xml_flat/GPA-001__R2-002__R1-001__0776.xml,PASS,INFO,R1.D01=SI;R1.D02=SI;R2.D01=SI;R2.D02=SI;R2.D03=NO,MUNICIPIO30212,MUNICIPIO_SIN_CN_TRAB,Si,No,30212,,Regla 2 coherente para validaciones implementadas.
GPA-001__R2-002__R1-001__0777,GPA-001__R2-002__R1-001,02_inputs_xml_flat/GPA-001__R2-002__R1-001__0777.xml,PASS,INFO,R1.D01=SI;R1.D02=SI;R2.D01=SI;R2.D02=SI;R2.D03=NO,MUNICIPIO30213,MUNICIPIO_SIN_CN_TRAB,Si,No,30213,,Regla 2 coherente para validaciones implementadas.
GPA-001__R2-002__R1-001__0778,GPA-001__R2-002__R1-001,02_inputs_xml_flat/GPA-001__R2-002__R1-001__0778.xml,PASS,INFO,R1.D01=SI;R1.D02=SI;R2.D01=SI;R2.D02=SI;R2.D03=NO,MUNICIPIO30211,MUNICIPIO_SIN_CN_TRAB,Si,No,30211,,Regla 2 coherente para validaciones implementadas.
GPA-001__R2-002__R1-001__0779,GPA-001__R2-002__R1-001,02_inputs_xml_flat/GPA-001__R2-002__R1-001__0779.xml,PASS,INFO,R1.D01=SI;R1.D02=SI;R2.D01=SI;R2.D02=SI;R2.D03=NO,MUNICIPIO30212,MUNICIPIO_SIN_CN_TRAB,Si,No,30212,,Regla 2 coherente para validaciones implementadas.
GPA-001__R2-002__R1-001__0780,GPA-001__R2-002__R1-001,02_inputs_xml_flat/GPA-001__R2-002__R1-001__0780.xml,PASS,INFO,R1.D01=SI;R1.D02=SI;R2.D01=SI;R2.D02=SI;R2.D03=NO,MUNICIPIO30213,MUNICIPIO_SIN_CN_TRAB,Si,No,30213,,Regla 2 coherente para validaciones implementadas.
GPA-001__R2-002__R1-001__0781,GPA-001__R2-002__R1-001,02_inputs_xml_flat/GPA-001__R2-002__R1-001__0781.xml,PASS,INFO,R1.D01=SI;R1.D02=SI;R2.D01=SI;R2.D02=SI;R2.D03=NO,MUNICIPIO30211,MUNICIPIO_SIN_CN_TRAB,Si,No,30211,,Regla 2 coherente para validaciones implementadas.
GPA-001__R2-002__R1-001__0782,GPA-001__R2-002__R1-001,02_inputs_xml_flat/GPA-001__R2-002__R1-001__0782.xml,PASS,INFO,R1.D01=SI;R1.D02=SI;R2.D01=SI;R2.D02=SI;R2.D03=NO,MUNICIPIO30212,MUNICIPIO_SIN_CN_TRAB,Si,No,30212,,Regla 2 coherente para validaciones implementadas.
GPA-001__R2-002__R1-001__0783,GPA-001__R2-002__R1-001,02_inputs_xml_flat/GPA-001__R2-002__R1-001__0783.xml,PASS,INFO,R1.D01=SI;R1.D02=SI;R2.D01=SI;R2.D02=SI;R2.D03=NO,MUNICIPIO30213,MUNICIPIO_SIN_CN_TRAB,Si,No,30213,,Regla 2 coherente para validaciones implementadas.
GPA-001__R2-002__R1-001__0784,GPA-001__R2-002__R1-001,02_inputs_xml_flat/GPA-001__R2-002__R1-001__0784.xml,PASS,INFO,R1.D01=SI;R1.D02=SI;R2.D01=SI;R2.D02=SI;R2.D03=NO,MUNICIPIO30211,MUNICIPIO_SIN_CN_TRAB,Si,No,30211,,Regla 2 coherente para validaciones implementadas.
GPA-001__R2-002__R1-001__0785,GPA-001__R2-002__R1-001,02_inputs_xml_flat/GPA-001__R2-002__R1-001__0785.xml,PASS,INFO,R1.D01=SI;R1.D02=SI;R2.D01=SI;R2.D02=SI;R2.D03=NO,MUNICIPIO30212,MUNICIPIO_SIN_CN_TRAB,Si,No,30212,,Regla 2 coherente para validaciones implementadas.
GPA-001__R2-002__R1-001__0786,GPA-001__R2-002__R1-001,02_inputs_xml_flat/GPA-001__R2-002__R1-001__0786.xml,PASS,INFO,R1.D01=SI;R1.D02=SI;R2.D01=SI;R2.D02=SI;R2.D03=NO,MUNICIPIO30213,MUNICIPIO_SIN_CN_TRAB,Si,No,30213,,Regla 2 coherente para validaciones implementadas.
GPA-001__R2-002__R1-001__0787,GPA-001__R2-002__R1-001,02_inputs_xml_flat/GPA-001__R2-002__R1-001__0787.xml,PASS,INFO,R1.D01=SI;R1.D02=SI;R2.D01=SI;R2.D02=SI;R2.D03=NO,MUNICIPIO30211,MUNICIPIO_SIN_CN_TRAB,Si,No,30211,,Regla 2 coherente para validaciones implementadas.
GPA-001__R2-002__R1-001__0788,GPA-001__R2-002__R1-001,02_inputs_xml_flat/GPA-001__R2-002__R1-001__0788.xml,PASS,INFO,R1.D01=SI;R1.D02=SI;R2.D01=SI;R2.D02=SI;R2.D03=NO,MUNICIPIO30212,MUNICIPIO_SIN_CN_TRAB,Si,No,30212,,Regla 2 coherente para validaciones implementadas.
GPA-001__R2-002__R1-001__0789,GPA-001__R2-002__R1-001,02_inputs_xml_flat/GPA-001__R2-002__R1-001__0789.xml,PASS,INFO,R1.D01=SI;R1.D02=SI;R2.D01=SI;R2.D02=SI;R2.D03=NO,MUNICIPIO30213,MUNICIPIO_SIN_CN_TRAB,Si,No,30213,,Regla 2 coherente para validaciones implementadas.
GPA-001__R2-002__R1-001__0790,GPA-001__R2-002__R1-001,02_inputs_xml_flat/GPA-001__R2-002__R1-001__0790.xml,PASS,INFO,R1.D01=SI;R1.D02=SI;R2.D01=SI;R2.D02=SI;R2.D03=NO,MUNICIPIO30211,MUNICIPIO_SIN_CN_TRAB,Si,No,30211,,Regla 2 coherente para validaciones implementadas.
GPA-001__R2-002__R1-001__0791,GPA-001__R2-002__R1-001,02_inputs_xml_flat/GPA-001__R2-002__R1-001__0791.xml,PASS,INFO,R1.D01=SI;R1.D02=SI;R2.D01=SI;R2.D02=SI;R2.D03=NO,MUNICIPIO30212,MUNICIPIO_SIN_CN_TRAB,Si,No,30212,,Regla 2 coherente para validaciones implementadas.
GPA-001__R2-002__R1-001__0792,GPA-001__R2-002__R1-001,02_inputs_xml_flat/GPA-001__R2-002__R1-001__0792.xml,PASS,INFO,R1.D01=SI;R1.D02=SI;R2.D01=SI;R2.D02=SI;R2.D03=NO,MUNICIPIO30213,MUNICIPIO_SIN_CN_TRAB,Si,No,30213,,Regla 2 coherente para validaciones implementadas.
GPA-001__R2-002__R1-001__0793,GPA-001__R2-002__R1-001,02_inputs_xml_flat/GPA-001__R2-002__R1-001__0793.xml,PASS,INFO,R1.D01=SI;R1.D02=SI;R2.D01=SI;R2.D02=SI;R2.D03=NO,MUNICIPIO30211,MUNICIPIO_SIN_CN_TRAB,Si,No,30211,,Regla 2 coherente para validaciones implementadas.
GPA-001__R2-002__R1-001__0794,GPA-001__R2-002__R1-001,02_inputs_xml_flat/GPA-001__R2-002__R1-001__0794.xml,PASS,INFO,R1.D01=SI;R1.D02=SI;R2.D01=SI;R2.D02=SI;R2.D03=NO,MUNICIPIO30212,MUNICIPIO_SIN_CN_TRAB,Si,No,30212,,Regla 2 coherente para validaciones implementadas.
GPA-001__R2-002__R1-001__0795,GPA-001__R2-002__R1-001,02_inputs_xml_flat/GPA-001__R2-002__R1-001__0795.xml,PASS,INFO,R1.D01=SI;R1.D02=SI;R2.D01=SI;R2.D02=SI;R2.D03=NO,MUNICIPIO30213,MUNICIPIO_SIN_CN_TRAB,Si,No,30213,,Regla 2 coherente para validaciones implementadas.
GPA-001__R2-002__R1-001__0796,GPA-001__R2-002__R1-001,02_inputs_xml_flat/GPA-001__R2-002__R1-001__0796.xml,PASS,INFO,R1.D01=SI;R1.D02=SI;R2.D01=SI;R2.D02=SI;R2.D03=NO,MUNICIPIO30211,MUNICIPIO_SIN_CN_TRAB,Si,No,30211,,Regla 2 coherente para validaciones implementadas.
GPA-001__R2-002__R1-001__0797,GPA-001__R2-002__R1-001,02_inputs_xml_flat/GPA-001__R2-002__R1-001__0797.xml,PASS,INFO,R1.D01=SI;R1.D02=SI;R2.D01=SI;R2.D02=SI;R2.D03=NO,MUNICIPIO30212,MUNICIPIO_SIN_CN_TRAB,Si,No,30212,,Regla 2 coherente para validaciones implementadas.
GPA-001__R2-002__R1-001__0798,GPA-001__R2-002__R1-001,02_inputs_xml_flat/GPA-001__R2-002__R1-001__0798.xml,PASS,INFO,R1.D01=SI;R1.D02=SI;R2.D01=SI;R2.D02=SI;R2.D03=NO,MUNICIPIO30213,MUNICIPIO_SIN_CN_TRAB,Si,No,30213,,Regla 2 coherente para validaciones implementadas.
GPA-001__R2-002__R1-001__0799,GPA-001__R2-002__R1-001,02_inputs_xml_flat/GPA-001__R2-002__R1-001__0799.xml,PASS,INFO,R1.D01=SI;R1.D02=SI;R2.D01=SI;R2.D02=SI;R2.D03=NO,MUNICIPIO30211,MUNICIPIO_SIN_CN_TRAB,Si,No,30211,,Regla 2 coherente para validaciones implementadas.
GPA-001__R2-002__R1-001__0800,GPA-001__R2-002__R1-001,02_inputs_xml_flat/GPA-001__R2-002__R1-001__0800.xml,PASS,INFO,R1.D01=SI;R1.D02=SI;R2.D01=SI;R2.D02=SI;R2.D03=NO,MUNICIPIO30212,MUNICIPIO_SIN_CN_TRAB,Si,No,30212,,Regla 2 coherente para validaciones implementadas.
GPA-001__R2-002__R1-001__0801,GPA-001__R2-002__R1-001,02_inputs_xml_flat/GPA-001__R2-002__R1-001__0801.xml,PASS,INFO,R1.D01=SI;R1.D02=SI;R2.D01=SI;R2.D02=SI;R2.D03=NO,MUNICIPIO30213,MUNICIPIO_SIN_CN_TRAB,Si,No,30213,,Regla 2 coherente para validaciones implementadas.
GPA-001__R2-002__R1-001__0802,GPA-001__R2-002__R1-001,02_inputs_xml_flat/GPA-001__R2-002__R1-001__0802.xml,PASS,INFO,R1.D01=SI;R1.D02=SI;R2.D01=SI;R2.D02=SI;R2.D03=NO,MUNICIPIO30211,MUNICIPIO_SIN_CN_TRAB,Si,No,30211,,Regla 2 coherente para validaciones implementadas.
GPA-001__R2-002__R1-001__0803,GPA-001__R2-002__R1-001,02_inputs_xml_flat/GPA-001__R2-002__R1-001__0803.xml,PASS,INFO,R1.D01=SI;R1.D02=SI;R2.D01=SI;R2.D02=SI;R2.D03=NO,MUNICIPIO30212,MUNICIPIO_SIN_CN_TRAB,Si,No,30212,,Regla 2 coherente para validaciones implementadas.
GPA-001__R2-002__R1-001__0804,GPA-001__R2-002__R1-001,02_inputs_xml_flat/GPA-001__R2-002__R1-001__0804.xml,PASS,INFO,R1.D01=SI;R1.D02=SI;R2.D01=SI;R2.D02=SI;R2.D03=NO,MUNICIPIO30213,MUNICIPIO_SIN_CN_TRAB,Si,No,30213,,Regla 2 coherente para validaciones implementadas.
GPA-001__R2-002__R1-001__0805,GPA-001__R2-002__R1-001,02_inputs_xml_flat/GPA-001__R2-002__R1-001__0805.xml,PASS,INFO,R1.D01=SI;R1.D02=SI;R2.D01=SI;R2.D02=SI;R2.D03=NO,MUNICIPIO30211,MUNICIPIO_SIN_CN_TRAB,Si,No,30211,,Regla 2 coherente para validaciones implementadas.
GPA-001__R2-002__R1-001__0806,GPA-001__R2-002__R1-001,02_inputs_xml_flat/GPA-001__R2-002__R1-001__0806.xml,PASS,INFO,R1.D01=SI;R1.D02=SI;R2.D01=SI;R2.D02=SI;R2.D03=NO,MUNICIPIO30212,MUNICIPIO_SIN_CN_TRAB,Si,No,30212,,Regla 2 coherente para validaciones implementadas.
GPA-001__R2-002__R1-001__0807,GPA-001__R2-002__R1-001,02_inputs_xml_flat/GPA-001__R2-002__R1-001__0807.xml,PASS,INFO,R1.D01=SI;R1.D02=SI;R2.D01=SI;R2.D02=SI;R2.D03=NO,MUNICIPIO30213,MUNICIPIO_SIN_CN_TRAB,Si,No,30213,,Regla 2 coherente para validaciones implementadas.
GPA-001__R2-002__R1-001__0808,GPA-001__R2-002__R1-001,02_inputs_xml_flat/GPA-001__R2-002__R1-001__0808.xml,PASS,INFO,R1.D01=SI;R1.D02=SI;R2.D01=SI;R2.D02=SI;R2.D03=NO,MUNICIPIO30211,MUNICIPIO_SIN_CN_TRAB,Si,No,30211,,Regla 2 coherente para validaciones implementadas.
GPA-001__R2-002__R1-001__0809,GPA-001__R2-002__R1-001,02_inputs_xml_flat/GPA-001__R2-002__R1-001__0809.xml,PASS,INFO,R1.D01=SI;R1.D02=SI;R2.D01=SI;R2.D02=SI;R2.D03=NO,MUNICIPIO30212,MUNICIPIO_SIN_CN_TRAB,Si,No,30212,,Regla 2 coherente para validaciones implementadas.
GPA-001__R2-002__R1-001__0810,GPA-001__R2-002__R1-001,02_inputs_xml_flat/GPA-001__R2-002__R1-001__0810.xml,PASS,INFO,R1.D01=SI;R1.D02=SI;R2.D01=SI;R2.D02=SI;R2.D03=NO,MUNICIPIO30213,MUNICIPIO_SIN_CN_TRAB,Si,No,30213,,Regla 2 coherente para validaciones implementadas.
GPA-001__R2-002__R1-001__0811,GPA-001__R2-002__R1-001,02_inputs_xml_flat/GPA-001__R2-002__R1-001__0811.xml,PASS,INFO,R1.D01=SI;R1.D02=SI;R2.D01=SI;R2.D02=SI;R2.D03=NO,MUNICIPIO30211,MUNICIPIO_SIN_CN_TRAB,Si,No,30211,,Regla 2 coherente para validaciones implementadas.
GPA-001__R2-002__R1-001__0812,GPA-001__R2-002__R1-001,02_inputs_xml_flat/GPA-001__R2-002__R1-001__0812.xml,PASS,INFO,R1.D01=SI;R1.D02=SI;R2.D01=SI;R2.D02=SI;R2.D03=NO,MUNICIPIO30212,MUNICIPIO_SIN_CN_TRAB,Si,No,30212,,Regla 2 coherente para validaciones implementadas.
GPA-001__R2-002__R1-001__0813,GPA-001__R2-002__R1-001,02_inputs_xml_flat/GPA-001__R2-002__R1-001__0813.xml,PASS,INFO,R1.D01=SI;R1.D02=SI;R2.D01=SI;R2.D02=SI;R2.D03=NO,MUNICIPIO30213,MUNICIPIO_SIN_CN_TRAB,Si,No,30213,,Regla 2 coherente para validaciones implementadas.
GPA-001__R2-002__R1-001__0814,GPA-001__R2-002__R1-001,02_inputs_xml_flat/GPA-001__R2-002__R1-001__0814.xml,PASS,INFO,R1.D01=SI;R1.D02=SI;R2.D01=SI;R2.D02=SI;R2.D03=NO,MUNICIPIO30211,MUNICIPIO_SIN_CN_TRAB,Si,No,30211,,Regla 2 coherente para validaciones implementadas.
GPA-001__R2-002__R1-001__0815,GPA-001__R2-002__R1-001,02_inputs_xml_flat/GPA-001__R2-002__R1-001__0815.xml,PASS,INFO,R1.D01=SI;R1.D02=SI;R2.D01=SI;R2.D02=SI;R2.D03=NO,MUNICIPIO30212,MUNICIPIO_SIN_CN_TRAB,Si,No,30212,,Regla 2 coherente para validaciones implementadas.
GPA-001__R2-002__R1-001__0816,GPA-001__R2-002__R1-001,02_inputs_xml_flat/GPA-001__R2-002__R1-001__0816.xml,PASS,INFO,R1.D01=SI;R1.D02=SI;R2.D01=SI;R2.D02=SI;R2.D03=NO,MUNICIPIO30213,MUNICIPIO_SIN_CN_TRAB,Si,No,30213,,Regla 2 coherente para validaciones implementadas.
GPA-001__R2-002__R1-001__0817,GPA-001__R2-002__R1-001,02_inputs_xml_flat/GPA-001__R2-002__R1-001__0817.xml,PASS,INFO,R1.D01=SI;R1.D02=SI;R2.D01=SI;R2.D02=SI;R2.D03=NO,MUNICIPIO30211,MUNICIPIO_SIN_CN_TRAB,Si,No,30211,,Regla 2 coherente para validaciones implementadas.
GPA-001__R2-002__R1-001__0818,GPA-001__R2-002__R1-001,02_inputs_xml_flat/GPA-001__R2-002__R1-001__0818.xml,PASS,INFO,R1.D01=SI;R1.D02=SI;R2.D01=SI;R2.D02=SI;R2.D03=NO,MUNICIPIO30212,MUNICIPIO_SIN_CN_TRAB,Si,No,30212,,Regla 2 coherente para validaciones implementadas.
GPA-001__R2-002__R1-001__0819,GPA-001__R2-002__R1-001,02_inputs_xml_flat/GPA-001__R2-002__R1-001__0819.xml,PASS,INFO,R1.D01=SI;R1.D02=SI;R2.D01=SI;R2.D02=SI;R2.D03=NO,MUNICIPIO30213,MUNICIPIO_SIN_CN_TRAB,Si,No,30213,,Regla 2 coherente para validaciones implementadas.
GPA-001__R2-002__R1-001__0820,GPA-001__R2-002__R1-001,02_inputs_xml_flat/GPA-001__R2-002__R1-001__0820.xml,PASS,INFO,R1.D01=SI;R1.D02=SI;R2.D01=SI;R2.D02=SI;R2.D03=NO,MUNICIPIO30211,MUNICIPIO_SIN_CN_TRAB,Si,No,30211,,Regla 2 coherente para validaciones implementadas.
GPA-001__R2-002__R1-001__0821,GPA-001__R2-002__R1-001,02_inputs_xml_flat/GPA-001__R2-002__R1-001__0821.xml,PASS,INFO,R1.D01=SI;R1.D02=SI;R2.D01=SI;R2.D02=SI;R2.D03=NO,MUNICIPIO30212,MUNICIPIO_SIN_CN_TRAB,Si,No,30212,,Regla 2 coherente para validaciones implementadas.
GPA-001__R2-002__R1-001__0822,GPA-001__R2-002__R1-001,02_inputs_xml_flat/GPA-001__R2-002__R1-001__0822.xml,PASS,INFO,R1.D01=SI;R1.D02=SI;R2.D01=SI;R2.D02=SI;R2.D03=NO,MUNICIPIO30213,MUNICIPIO_SIN_CN_TRAB,Si,No,30213,,Regla 2 coherente para validaciones implementadas.
GPA-001__R2-002__R1-001__0823,GPA-001__R2-002__R1-001,02_inputs_xml_flat/GPA-001__R2-002__R1-001__0823.xml,PASS,INFO,R1.D01=SI;R1.D02=SI;R2.D01=SI;R2.D02=SI;R2.D03=NO,MUNICIPIO30211,MUNICIPIO_SIN_CN_TRAB,Si,No,30211,,Regla 2 coherente para validaciones implementadas.
GPA-001__R2-002__R1-001__0824,GPA-001__R2-002__R1-001,02_inputs_xml_flat/GPA-001__R2-002__R1-001__0824.xml,PASS,INFO,R1.D01=SI;R1.D02=SI;R2.D01=SI;R2.D02=SI;R2.D03=NO,MUNICIPIO30212,MUNICIPIO_SIN_CN_TRAB,Si,No,30212,,Regla 2 coherente para validaciones implementadas.
GPA-001__R2-002__R1-001__0825,GPA-001__R2-002__R1-001,02_inputs_xml_flat/GPA-001__R2-002__R1-001__0825.xml,PASS,INFO,R1.D01=SI;R1.D02=SI;R2.D01=SI;R2.D02=SI;R2.D03=NO,MUNICIPIO30213,MUNICIPIO_SIN_CN_TRAB,Si,No,30213,,Regla 2 coherente para validaciones implementadas.
GPA-001__R2-002__R1-001__0826,GPA-001__R2-002__R1-001,02_inputs_xml_flat/GPA-001__R2-002__R1-001__0826.xml,PASS,INFO,R1.D01=SI;R1.D02=SI;R2.D01=SI;R2.D02=SI;R2.D03=NO,MUNICIPIO30211,MUNICIPIO_SIN_CN_TRAB,Si,No,30211,,Regla 2 coherente para validaciones implementadas.
GPA-001__R2-002__R1-001__0827,GPA-001__R2-002__R1-001,02_inputs_xml_flat/GPA-001__R2-002__R1-001__0827.xml,PASS,INFO,R1.D01=SI;R1.D02=SI;R2.D01=SI;R2.D02=SI;R2.D03=NO,MUNICIPIO30212,MUNICIPIO_SIN_CN_TRAB,Si,No,30212,,Regla 2 coherente para validaciones implementadas.
GPA-001__R2-002__R1-001__0828,GPA-001__R2-002__R1-001,02_inputs_xml_flat/GPA-001__R2-002__R1-001__0828.xml,PASS,INFO,R1.D01=SI;R1.D02=SI;R2.D01=SI;R2.D02=SI;R2.D03=NO,MUNICIPIO30213,MUNICIPIO_SIN_CN_TRAB,Si,No,30213,,Regla 2 coherente para validaciones implementadas.
GPA-001__R2-002__R1-001__0829,GPA-001__R2-002__R1-001,02_inputs_xml_flat/GPA-001__R2-002__R1-001__0829.xml,PASS,INFO,R1.D01=SI;R1.D02=SI;R2.D01=SI;R2.D02=SI;R2.D03=NO,MUNICIPIO30211,MUNICIPIO_SIN_CN_TRAB,Si,No,30211,,Regla 2 coherente para validaciones implementadas.
GPA-001__R2-002__R1-001__0830,GPA-001__R2-002__R1-001,02_inputs_xml_flat/GPA-001__R2-002__R1-001__0830.xml,PASS,INFO,R1.D01=SI;R1.D02=SI;R2.D01=SI;R2.D02=SI;R2.D03=NO,MUNICIPIO30212,MUNICIPIO_SIN_CN_TRAB,Si,No,30212,,Regla 2 coherente para validaciones implementadas.
GPA-001__R2-002__R1-001__0831,GPA-001__R2-002__R1-001,02_inputs_xml_flat/GPA-001__R2-002__R1-001__0831.xml,PASS,INFO,R1.D01=SI;R1.D02=SI;R2.D01=SI;R2.D02=SI;R2.D03=NO,MUNICIPIO30213,MUNICIPIO_SIN_CN_TRAB,Si,No,30213,,Regla 2 coherente para validaciones implementadas.
GPA-001__R2-002__R1-001__0832,GPA-001__R2-002__R1-001,02_inputs_xml_flat/GPA-001__R2-002__R1-001__0832.xml,PASS,INFO,R1.D01=SI;R1.D02=SI;R2.D01=SI;R2.D02=SI;R2.D03=NO,MUNICIPIO30211,MUNICIPIO_SIN_CN_TRAB,Si,No,30211,,Regla 2 coherente para validaciones implementadas.
GPA-001__R2-002__R1-001__0833,GPA-001__R2-002__R1-001,02_inputs_xml_flat/GPA-001__R2-002__R1-001__0833.xml,PASS,INFO,R1.D01=SI;R1.D02=SI;R2.D01=SI;R2.D02=SI;R2.D03=NO,MUNICIPIO30212,MUNICIPIO_SIN_CN_TRAB,Si,No,30212,,Regla 2 coherente para validaciones implementadas.
GPA-001__R2-002__R1-001__0834,GPA-001__R2-002__R1-001,02_inputs_xml_flat/GPA-001__R2-002__R1-001__0834.xml,PASS,INFO,R1.D01=SI;R1.D02=SI;R2.D01=SI;R2.D02=SI;R2.D03=NO,MUNICIPIO30213,MUNICIPIO_SIN_CN_TRAB,Si,No,30213,,Regla 2 coherente para validaciones implementadas.
GPA-001__R2-002__R1-001__0835,GPA-001__R2-002__R1-001,02_inputs_xml_flat/GPA-001__R2-002__R1-001__0835.xml,PASS,INFO,R1.D01=SI;R1.D02=SI;R2.D01=SI;R2.D02=SI;R2.D03=NO,MUNICIPIO30211,MUNICIPIO_SIN_CN_TRAB,Si,No,30211,,Regla 2 coherente para validaciones implementadas.
GPA-001__R2-002__R1-001__0836,GPA-001__R2-002__R1-001,02_inputs_xml_flat/GPA-001__R2-002__R1-001__0836.xml,PASS,INFO,R1.D01=SI;R1.D02=SI;R2.D01=SI;R2.D02=SI;R2.D03=NO,MUNICIPIO30212,MUNICIPIO_SIN_CN_TRAB,Si,No,30212,,Regla 2 coherente para validaciones implementadas.
GPA-001__R2-002__R1-001__0837,GPA-001__R2-002__R1-001,02_inputs_xml_flat/GPA-001__R2-002__R1-001__0837.xml,PASS,INFO,R1.D01=SI;R1.D02=SI;R2.D01=SI;R2.D02=SI;R2.D03=NO,MUNICIPIO30213,MUNICIPIO_SIN_CN_TRAB,Si,No,30213,,Regla 2 coherente para validaciones implementadas.
GPA-001__R2-002__R1-001__0838,GPA-001__R2-002__R1-001,02_inputs_xml_flat/GPA-001__R2-002__R1-001__0838.xml,PASS,INFO,R1.D01=SI;R1.D02=SI;R2.D01=SI;R2.D02=SI;R2.D03=NO,MUNICIPIO30211,MUNICIPIO_SIN_CN_TRAB,Si,No,30211,,Regla 2 coherente para validaciones implementadas.
GPA-001__R2-002__R1-001__0839,GPA-001__R2-002__R1-001,02_inputs_xml_flat/GPA-001__R2-002__R1-001__0839.xml,PASS,INFO,R1.D01=SI;R1.D02=SI;R2.D01=SI;R2.D02=SI;R2.D03=NO,MUNICIPIO30212,MUNICIPIO_SIN_CN_TRAB,Si,No,30212,,Regla 2 coherente para validaciones implementadas.
GPA-001__R2-002__R1-001__0840,GPA-001__R2-002__R1-001,02_inputs_xml_flat/GPA-001__R2-002__R1-001__0840.xml,PASS,INFO,R1.D01=SI;R1.D02=SI;R2.D01=SI;R2.D02=SI;R2.D03=NO,MUNICIPIO30213,MUNICIPIO_SIN_CN_TRAB,Si,No,30213,,Regla 2 coherente para validaciones implementadas.
GPA-001__R2-002__R1-001__0841,GPA-001__R2-002__R1-001,02_inputs_xml_flat/GPA-001__R2-002__R1-001__0841.xml,PASS,INFO,R1.D01=SI;R1.D02=SI;R2.D01=SI;R2.D02=SI;R2.D03=NO,MUNICIPIO30211,MUNICIPIO_SIN_CN_TRAB,Si,No,30211,,Regla 2 coherente para validaciones implementadas.
GPA-001__R2-002__R1-001__0842,GPA-001__R2-002__R1-001,02_inputs_xml_flat/GPA-001__R2-002__R1-001__0842.xml,PASS,INFO,R1.D01=SI;R1.D02=SI;R2.D01=SI;R2.D02=SI;R2.D03=NO,MUNICIPIO30212,MUNICIPIO_SIN_CN_TRAB,Si,No,30212,,Regla 2 coherente para validaciones implementadas.
GPA-001__R2-002__R1-001__0843,GPA-001__R2-002__R1-001,02_inputs_xml_flat/GPA-001__R2-002__R1-001__0843.xml,PASS,INFO,R1.D01=SI;R1.D02=SI;R2.D01=SI;R2.D02=SI;R2.D03=NO,MUNICIPIO30213,MUNICIPIO_SIN_CN_TRAB,Si,No,30213,,Regla 2 coherente para validaciones implementadas.
GPA-001__R2-002__R1-001__0844,GPA-001__R2-002__R1-001,02_inputs_xml_flat/GPA-001__R2-002__R1-001__0844.xml,PASS,INFO,R1.D01=SI;R1.D02=SI;R2.D01=SI;R2.D02=SI;R2.D03=NO,MUNICIPIO30211,MUNICIPIO_SIN_CN_TRAB,Si,No,30211,,Regla 2 coherente para validaciones implementadas.
GPA-001__R2-002__R1-001__0845,GPA-001__R2-002__R1-001,02_inputs_xml_flat/GPA-001__R2-002__R1-001__0845.xml,PASS,INFO,R1.D01=SI;R1.D02=SI;R2.D01=SI;R2.D02=SI;R2.D03=NO,MUNICIPIO30212,MUNICIPIO_SIN_CN_TRAB,Si,No,30212,,Regla 2 coherente para validaciones implementadas.
GPA-001__R2-002__R1-001__0846,GPA-001__R2-002__R1-001,02_inputs_xml_flat/GPA-001__R2-002__R1-001__0846.xml,PASS,INFO,R1.D01=SI;R1.D02=SI;R2.D01=SI;R2.D02=SI;R2.D03=NO,MUNICIPIO30213,MUNICIPIO_SIN_CN_TRAB,Si,No,30213,,Regla 2 coherente para validaciones implementadas.
GPA-001__R2-002__R1-001__0847,GPA-001__R2-002__R1-001,02_inputs_xml_flat/GPA-001__R2-002__R1-001__0847.xml,PASS,INFO,R1.D01=SI;R1.D02=SI;R2.D01=SI;R2.D02=SI;R2.D03=NO,MUNICIPIO30211,MUNICIPIO_SIN_CN_TRAB,Si,No,30211,,Regla 2 coherente para validaciones implementadas.
GPA-001__R2-002__R1-001__0848,GPA-001__R2-002__R1-001,02_inputs_xml_flat/GPA-001__R2-002__R1-001__0848.xml,PASS,INFO,R1.D01=SI;R1.D02=SI;R2.D01=SI;R2.D02=SI;R2.D03=NO,MUNICIPIO30212,MUNICIPIO_SIN_CN_TRAB,Si,No,30212,,Regla 2 coherente para validaciones implementadas.
GPA-001__R2-002__R1-001__0849,GPA-001__R2-002__R1-001,02_inputs_xml_flat/GPA-001__R2-002__R1-001__0849.xml,PASS,INFO,R1.D01=SI;R1.D02=SI;R2.D01=SI;R2.D02=SI;R2.D03=NO,MUNICIPIO30213,MUNICIPIO_SIN_CN_TRAB,Si,No,30213,,Regla 2 coherente para validaciones implementadas.
GPA-001__R2-002__R1-001__0850,GPA-001__R2-002__R1-001,02_inputs_xml_flat/GPA-001__R2-002__R1-001__0850.xml,PASS,INFO,R1.D01=SI;R1.D02=SI;R2.D01=SI;R2.D02=SI;R2.D03=NO,MUNICIPIO30211,MUNICIPIO_SIN_CN_TRAB,Si,No,30211,,Regla 2 coherente para validaciones implementadas.
GPA-001__R2-002__R1-001__0851,GPA-001__R2-002__R1-001,02_inputs_xml_flat/GPA-001__R2-002__R1-001__0851.xml,PASS,INFO,R1.D01=SI;R1.D02=SI;R2.D01=SI;R2.D02=SI;R2.D03=NO,MUNICIPIO30212,MUNICIPIO_SIN_CN_TRAB,Si,No,30212,,Regla 2 coherente para validaciones implementadas.
GPA-001__R2-002__R1-001__0852,GPA-001__R2-002__R1-001,02_inputs_xml_flat/GPA-001__R2-002__R1-001__0852.xml,PASS,INFO,R1.D01=SI;R1.D02=SI;R2.D01=SI;R2.D02=SI;R2.D03=NO,MUNICIPIO30213,MUNICIPIO_SIN_CN_TRAB,Si,No,30213,,Regla 2 coherente para validaciones implementadas.
GPA-001__R2-002__R1-001__0853,GPA-001__R2-002__R1-001,02_inputs_xml_flat/GPA-001__R2-002__R1-001__0853.xml,PASS,INFO,R1.D01=SI;R1.D02=SI;R2.D01=SI;R2.D02=SI;R2.D03=NO,MUNICIPIO30211,MUNICIPIO_SIN_CN_TRAB,Si,No,30211,,Regla 2 coherente para validaciones implementadas.
GPA-001__R2-002__R1-001__0854,GPA-001__R2-002__R1-001,02_inputs_xml_flat/GPA-001__R2-002__R1-001__0854.xml,PASS,INFO,R1.D01=SI;R1.D02=SI;R2.D01=SI;R2.D02=SI;R2.D03=NO,MUNICIPIO30212,MUNICIPIO_SIN_CN_TRAB,Si,No,30212,,Regla 2 coherente para validaciones implementadas.
GPA-001__R2-002__R1-001__0855,GPA-001__R2-002__R1-001,02_inputs_xml_flat/GPA-001__R2-002__R1-001__0855.xml,PASS,INFO,R1.D01=SI;R1.D02=SI;R2.D01=SI;R2.D02=SI;R2.D03=NO,MUNICIPIO30213,MUNICIPIO_SIN_CN_TRAB,Si,No,30213,,Regla 2 coherente para validaciones implementadas.
GPA-001__R2-002__R1-001__0856,GPA-001__R2-002__R1-001,02_inputs_xml_flat/GPA-001__R2-002__R1-001__0856.xml,PASS,INFO,R1.D01=SI;R1.D02=SI;R2.D01=SI;R2.D02=SI;R2.D03=NO,MUNICIPIO30211,MUNICIPIO_SIN_CN_TRAB,Si,No,30211,,Regla 2 coherente para validaciones implementadas.
GPA-001__R2-002__R1-001__0857,GPA-001__R2-002__R1-001,02_inputs_xml_flat/GPA-001__R2-002__R1-001__0857.xml,PASS,INFO,R1.D01=SI;R1.D02=SI;R2.D01=SI;R2.D02=SI;R2.D03=NO,MUNICIPIO30212,MUNICIPIO_SIN_CN_TRAB,Si,No,30212,,Regla 2 coherente para validaciones implementadas.
GPA-001__R2-002__R1-001__0858,GPA-001__R2-002__R1-001,02_inputs_xml_flat/GPA-001__R2-002__R1-001__0858.xml,PASS,INFO,R1.D01=SI;R1.D02=SI;R2.D01=SI;R2.D02=SI;R2.D03=NO,MUNICIPIO30213,MUNICIPIO_SIN_CN_TRAB,Si,No,30213,,Regla 2 coherente para validaciones implementadas.
GPA-001__R2-002__R1-001__0859,GPA-001__R2-002__R1-001,02_inputs_xml_flat/GPA-001__R2-002__R1-001__0859.xml,PASS,INFO,R1.D01=SI;R1.D02=SI;R2.D01=SI;R2.D02=SI;R2.D03=NO,MUNICIPIO30211,MUNICIPIO_SIN_CN_TRAB,Si,No,30211,,Regla 2 coherente para validaciones implementadas.
GPA-001__R2-002__R1-001__0860,GPA-001__R2-002__R1-001,02_inputs_xml_flat/GPA-001__R2-002__R1-001__0860.xml,PASS,INFO,R1.D01=SI;R1.D02=SI;R2.D01=SI;R2.D02=SI;R2.D03=NO,MUNICIPIO30212,MUNICIPIO_SIN_CN_TRAB,Si,No,30212,,Regla 2 coherente para validaciones implementadas.
GPA-001__R2-002__R1-001__0861,GPA-001__R2-002__R1-001,02_inputs_xml_flat/GPA-001__R2-002__R1-001__0861.xml,PASS,INFO,R1.D01=SI;R1.D02=SI;R2.D01=SI;R2.D02=SI;R2.D03=NO,MUNICIPIO30213,MUNICIPIO_SIN_CN_TRAB,Si,No,30213,,Regla 2 coherente para validaciones implementadas.
GPA-001__R2-002__R1-001__0862,GPA-001__R2-002__R1-001,02_inputs_xml_flat/GPA-001__R2-002__R1-001__0862.xml,PASS,INFO,R1.D01=SI;R1.D02=SI;R2.D01=SI;R2.D02=SI;R2.D03=NO,MUNICIPIO30211,MUNICIPIO_SIN_CN_TRAB,Si,No,30211,,Regla 2 coherente para validaciones implementadas.
GPA-001__R2-002__R1-001__0863,GPA-001__R2-002__R1-001,02_inputs_xml_flat/GPA-001__R2-002__R1-001__0863.xml,PASS,INFO,R1.D01=SI;R1.D02=SI;R2.D01=SI;R2.D02=SI;R2.D03=NO,MUNICIPIO30212,MUNICIPIO_SIN_CN_TRAB,Si,No,30212,,Regla 2 coherente para validaciones implementadas.
GPA-001__R2-002__R1-001__0864,GPA-001__R2-002__R1-001,02_inputs_xml_flat/GPA-001__R2-002__R1-001__0864.xml,PASS,INFO,R1.D01=SI;R1.D02=SI;R2.D01=SI;R2.D02=SI;R2.D03=NO,MUNICIPIO30213,MUNICIPIO_SIN_CN_TRAB,Si,No,30213,,Regla 2 coherente para validaciones implementadas.
GPA-001__R2-002__R1-001__0865,GPA-001__R2-002__R1-001,02_inputs_xml_flat/GPA-001__R2-002__R1-001__0865.xml,PASS,INFO,R1.D01=SI;R1.D02=SI;R2.D01=SI;R2.D02=SI;R2.D03=NO,MUNICIPIO30211,MUNICIPIO_SIN_CN_TRAB,Si,No,30211,,Regla 2 coherente para validaciones implementadas.
GPA-001__R2-002__R1-001__0866,GPA-001__R2-002__R1-001,02_inputs_xml_flat/GPA-001__R2-002__R1-001__0866.xml,PASS,INFO,R1.D01=SI;R1.D02=SI;R2.D01=SI;R2.D02=SI;R2.D03=NO,MUNICIPIO30212,MUNICIPIO_SIN_CN_TRAB,Si,No,30212,,Regla 2 coherente para validaciones implementadas.
GPA-001__R2-002__R1-001__0867,GPA-001__R2-002__R1-001,02_inputs_xml_flat/GPA-001__R2-002__R1-001__0867.xml,PASS,INFO,R1.D01=SI;R1.D02=SI;R2.D01=SI;R2.D02=SI;R2.D03=NO,MUNICIPIO30213,MUNICIPIO_SIN_CN_TRAB,Si,No,30213,,Regla 2 coherente para validaciones implementadas.
GPA-001__R2-002__R1-001__0868,GPA-001__R2-002__R1-001,02_inputs_xml_flat/GPA-001__R2-002__R1-001__0868.xml,PASS,INFO,R1.D01=SI;R1.D02=SI;R2.D01=SI;R2.D02=SI;R2.D03=NO,MUNICIPIO30211,MUNICIPIO_SIN_CN_TRAB,Si,No,30211,,Regla 2 coherente para validaciones implementadas.
GPA-001__R2-002__R1-001__0869,GPA-001__R2-002__R1-001,02_inputs_xml_flat/GPA-001__R2-002__R1-001__0869.xml,PASS,INFO,R1.D01=SI;R1.D02=SI;R2.D01=SI;R2.D02=SI;R2.D03=NO,MUNICIPIO30212,MUNICIPIO_SIN_CN_TRAB,Si,No,30212,,Regla 2 coherente para validaciones implementadas.
GPA-001__R2-002__R1-001__0870,GPA-001__R2-002__R1-001,02_inputs_xml_flat/GPA-001__R2-002__R1-001__0870.xml,PASS,INFO,R1.D01=SI;R1.D02=SI;R2.D01=SI;R2.D02=SI;R2.D03=NO,MUNICIPIO30213,MUNICIPIO_SIN_CN_TRAB,Si,No,30213,,Regla 2 coherente para validaciones implementadas.
GPA-001__R2-002__R1-001__0871,GPA-001__R2-002__R1-001,02_inputs_xml_flat/GPA-001__R2-002__R1-001__0871.xml,PASS,INFO,R1.D01=SI;R1.D02=SI;R2.D01=SI;R2.D02=SI;R2.D03=NO,MUNICIPIO30211,MUNICIPIO_SIN_CN_TRAB,Si,No,30211,,Regla 2 coherente para validaciones implementadas.
GPA-001__R2-002__R1-001__0872,GPA-001__R2-002__R1-001,02_inputs_xml_flat/GPA-001__R2-002__R1-001__0872.xml,PASS,INFO,R1.D01=SI;R1.D02=SI;R2.D01=SI;R2.D02=SI;R2.D03=NO,MUNICIPIO30212,MUNICIPIO_SIN_CN_TRAB,Si,No,30212,,Regla 2 coherente para validaciones implementadas.
GPA-001__R2-002__R1-001__0873,GPA-001__R2-002__R1-001,02_inputs_xml_flat/GPA-001__R2-002__R1-001__0873.xml,PASS,INFO,R1.D01=SI;R1.D02=SI;R2.D01=SI;R2.D02=SI;R2.D03=NO,MUNICIPIO30213,MUNICIPIO_SIN_CN_TRAB,Si,No,30213,,Regla 2 coherente para validaciones implementadas.
GPA-001__R2-002__R1-001__0874,GPA-001__R2-002__R1-001,02_inputs_xml_flat/GPA-001__R2-002__R1-001__0874.xml,PASS,INFO,R1.D01=SI;R1.D02=SI;R2.D01=SI;R2.D02=SI;R2.D03=NO,MUNICIPIO30211,MUNICIPIO_SIN_CN_TRAB,Si,No,30211,,Regla 2 coherente para validaciones implementadas.
GPA-001__R2-002__R1-001__0875,GPA-001__R2-002__R1-001,02_inputs_xml_flat/GPA-001__R2-002__R1-001__0875.xml,PASS,INFO,R1.D01=SI;R1.D02=SI;R2.D01=SI;R2.D02=SI;R2.D03=NO,MUNICIPIO30212,MUNICIPIO_SIN_CN_TRAB,Si,No,30212,,Regla 2 coherente para validaciones implementadas.
GPA-001__R2-002__R1-001__0876,GPA-001__R2-002__R1-001,02_inputs_xml_flat/GPA-001__R2-002__R1-001__0876.xml,PASS,INFO,R1.D01=SI;R1.D02=SI;R2.D01=SI;R2.D02=SI;R2.D03=NO,MUNICIPIO30213,MUNICIPIO_SIN_CN_TRAB,Si,No,30213,,Regla 2 coherente para validaciones implementadas.
GPA-001__R2-002__R1-001__0877,GPA-001__R2-002__R1-001,02_inputs_xml_flat/GPA-001__R2-002__R1-001__0877.xml,PASS,INFO,R1.D01=SI;R1.D02=SI;R2.D01=SI;R2.D02=SI;R2.D03=NO,MUNICIPIO30211,MUNICIPIO_SIN_CN_TRAB,Si,No,30211,,Regla 2 coherente para validaciones implementadas.
GPA-001__R2-002__R1-001__0878,GPA-001__R2-002__R1-001,02_inputs_xml_flat/GPA-001__R2-002__R1-001__0878.xml,PASS,INFO,R1.D01=SI;R1.D02=SI;R2.D01=SI;R2.D02=SI;R2.D03=NO,MUNICIPIO30212,MUNICIPIO_SIN_CN_TRAB,Si,No,30212,,Regla 2 coherente para validaciones implementadas.
GPA-001__R2-002__R1-001__0879,GPA-001__R2-002__R1-001,02_inputs_xml_flat/GPA-001__R2-002__R1-001__0879.xml,PASS,INFO,R1.D01=SI;R1.D02=SI;R2.D01=SI;R2.D02=SI;R2.D03=NO,MUNICIPIO30213,MUNICIPIO_SIN_CN_TRAB,Si,No,30213,,Regla 2 coherente para validaciones implementadas.
GPA-001__R2-002__R1-001__0880,GPA-001__R2-002__R1-001,02_inputs_xml_flat/GPA-001__R2-002__R1-001__0880.xml,PASS,INFO,R1.D01=SI;R1.D02=SI;R2.D01=SI;R2.D02=SI;R2.D03=NO,MUNICIPIO30211,MUNICIPIO_SIN_CN_TRAB,Si,No,30211,,Regla 2 coherente para validaciones implementadas.
GPA-001__R2-002__R1-001__0881,GPA-001__R2-002__R1-001,02_inputs_xml_flat/GPA-001__R2-002__R1-001__0881.xml,PASS,INFO,R1.D01=SI;R1.D02=SI;R2.D01=SI;R2.D02=SI;R2.D03=NO,MUNICIPIO30212,MUNICIPIO_SIN_CN_TRAB,Si,No,30212,,Regla 2 coherente para validaciones implementadas.
GPA-001__R2-002__R1-001__0882,GPA-001__R2-002__R1-001,02_inputs_xml_flat/GPA-001__R2-002__R1-001__0882.xml,PASS,INFO,R1.D01=SI;R1.D02=SI;R2.D01=SI;R2.D02=SI;R2.D03=NO,MUNICIPIO30213,MUNICIPIO_SIN_CN_TRAB,Si,No,30213,,Regla 2 coherente para validaciones implementadas.
GPA-001__R2-002__R1-001__0883,GPA-001__R2-002__R1-001,02_inputs_xml_flat/GPA-001__R2-002__R1-001__0883.xml,PASS,INFO,R1.D01=SI;R1.D02=SI;R2.D01=SI;R2.D02=SI;R2.D03=NO,MUNICIPIO30211,MUNICIPIO_SIN_CN_TRAB,Si,No,30211,,Regla 2 coherente para validaciones implementadas.
GPA-001__R2-002__R1-001__0884,GPA-001__R2-002__R1-001,02_inputs_xml_flat/GPA-001__R2-002__R1-001__0884.xml,PASS,INFO,R1.D01=SI;R1.D02=SI;R2.D01=SI;R2.D02=SI;R2.D03=NO,MUNICIPIO30212,MUNICIPIO_SIN_CN_TRAB,Si,No,30212,,Regla 2 coherente para validaciones implementadas.
GPA-001__R2-002__R1-001__0885,GPA-001__R2-002__R1-001,02_inputs_xml_flat/GPA-001__R2-002__R1-001__0885.xml,PASS,INFO,R1.D01=SI;R1.D02=SI;R2.D01=SI;R2.D02=SI;R2.D03=NO,MUNICIPIO30213,MUNICIPIO_SIN_CN_TRAB,Si,No,30213,,Regla 2 coherente para validaciones implementadas.
GPA-001__R2-002__R1-001__0886,GPA-001__R2-002__R1-001,02_inputs_xml_flat/GPA-001__R2-002__R1-001__0886.xml,PASS,INFO,R1.D01=SI;R1.D02=SI;R2.D01=SI;R2.D02=SI;R2.D03=NO,MUNICIPIO30211,MUNICIPIO_SIN_CN_TRAB,Si,No,30211,,Regla 2 coherente para validaciones implementadas.
GPA-001__R2-002__R1-001__0887,GPA-001__R2-002__R1-001,02_inputs_xml_flat/GPA-001__R2-002__R1-001__0887.xml,PASS,INFO,R1.D01=SI;R1.D02=SI;R2.D01=SI;R2.D02=SI;R2.D03=NO,MUNICIPIO30212,MUNICIPIO_SIN_CN_TRAB,Si,No,30212,,Regla 2 coherente para validaciones implementadas.
GPA-001__R2-002__R1-001__0888,GPA-001__R2-002__R1-001,02_inputs_xml_flat/GPA-001__R2-002__R1-001__0888.xml,PASS,INFO,R1.D01=SI;R1.D02=SI;R2.D01=SI;R2.D02=SI;R2.D03=NO,MUNICIPIO30213,MUNICIPIO_SIN_CN_TRAB,Si,No,30213,,Regla 2 coherente para validaciones implementadas.
GPA-001__R2-002__R1-001__0889,GPA-001__R2-002__R1-001,02_inputs_xml_flat/GPA-001__R2-002__R1-001__0889.xml,PASS,INFO,R1.D01=SI;R1.D02=SI;R2.D01=SI;R2.D02=SI;R2.D03=NO,MUNICIPIO30211,MUNICIPIO_SIN_CN_TRAB,Si,No,30211,,Regla 2 coherente para validaciones implementadas.
GPA-001__R2-002__R1-001__0890,GPA-001__R2-002__R1-001,02_inputs_xml_flat/GPA-001__R2-002__R1-001__0890.xml,PASS,INFO,R1.D01=SI;R1.D02=SI;R2.D01=SI;R2.D02=SI;R2.D03=NO,MUNICIPIO30212,MUNICIPIO_SIN_CN_TRAB,Si,No,30212,,Regla 2 coherente para validaciones implementadas.
GPA-001__R2-002__R1-001__0891,GPA-001__R2-002__R1-001,02_inputs_xml_flat/GPA-001__R2-002__R1-001__0891.xml,PASS,INFO,R1.D01=SI;R1.D02=SI;R2.D01=SI;R2.D02=SI;R2.D03=NO,MUNICIPIO30213,MUNICIPIO_SIN_CN_TRAB,Si,No,30213,,Regla 2 coherente para validaciones implementadas.
GPA-001__R2-002__R1-001__0892,GPA-001__R2-002__R1-001,02_inputs_xml_flat/GPA-001__R2-002__R1-001__0892.xml,PASS,INFO,R1.D01=SI;R1.D02=SI;R2.D01=SI;R2.D02=SI;R2.D03=NO,MUNICIPIO30211,MUNICIPIO_SIN_CN_TRAB,Si,No,30211,,Regla 2 coherente para validaciones implementadas.
GPA-001__R2-002__R1-001__0893,GPA-001__R2-002__R1-001,02_inputs_xml_flat/GPA-001__R2-002__R1-001__0893.xml,PASS,INFO,R1.D01=SI;R1.D02=SI;R2.D01=SI;R2.D02=SI;R2.D03=NO,MUNICIPIO30212,MUNICIPIO_SIN_CN_TRAB,Si,No,30212,,Regla 2 coherente para validaciones implementadas.
GPA-001__R2-002__R1-001__0894,GPA-001__R2-002__R1-001,02_inputs_xml_flat/GPA-001__R2-002__R1-001__0894.xml,PASS,INFO,R1.D01=SI;R1.D02=SI;R2.D01=SI;R2.D02=SI;R2.D03=NO,MUNICIPIO30213,MUNICIPIO_SIN_CN_TRAB,Si,No,30213,,Regla 2 coherente para validaciones implementadas.
GPA-001__R2-002__R1-001__0895,GPA-001__R2-002__R1-001,02_inputs_xml_flat/GPA-001__R2-002__R1-001__0895.xml,PASS,INFO,R1.D01=SI;R1.D02=SI;R2.D01=SI;R2.D02=SI;R2.D03=NO,MUNICIPIO30211,MUNICIPIO_SIN_CN_TRAB,Si,No,30211,,Regla 2 coherente para validaciones implementadas.
GPA-001__R2-002__R1-001__0896,GPA-001__R2-002__R1-001,02_inputs_xml_flat/GPA-001__R2-002__R1-001__0896.xml,PASS,INFO,R1.D01=SI;R1.D02=SI;R2.D01=SI;R2.D02=SI;R2.D03=NO,MUNICIPIO30212,MUNICIPIO_SIN_CN_TRAB,Si,No,30212,,Regla 2 coherente para validaciones implementadas.
GPA-001__R2-002__R1-001__0897,GPA-001__R2-002__R1-001,02_inputs_xml_flat/GPA-001__R2-002__R1-001__0897.xml,PASS,INFO,R1.D01=SI;R1.D02=SI;R2.D01=SI;R2.D02=SI;R2.D03=NO,MUNICIPIO30213,MUNICIPIO_SIN_CN_TRAB,Si,No,30213,,Regla 2 coherente para validaciones implementadas.
GPA-001__R2-002__R1-001__0898,GPA-001__R2-002__R1-001,02_inputs_xml_flat/GPA-001__R2-002__R1-001__0898.xml,PASS,INFO,R1.D01=SI;R1.D02=SI;R2.D01=SI;R2.D02=SI;R2.D03=NO,MUNICIPIO30211,MUNICIPIO_SIN_CN_TRAB,Si,No,30211,,Regla 2 coherente para validaciones implementadas.
GPA-001__R2-002__R1-001__0899,GPA-001__R2-002__R1-001,02_inputs_xml_flat/GPA-001__R2-002__R1-001__0899.xml,PASS,INFO,R1.D01=SI;R1.D02=SI;R2.D01=SI;R2.D02=SI;R2.D03=NO,MUNICIPIO30212,MUNICIPIO_SIN_CN_TRAB,Si,No,30212,,Regla 2 coherente para validaciones implementadas.
GPA-001__R2-002__R1-001__0900,GPA-001__R2-002__R1-001,02_inputs_xml_flat/GPA-001__R2-002__R1-001__0900.xml,PASS,INFO,R1.D01=SI;R1.D02=SI;R2.D01=SI;R2.D02=SI;R2.D03=NO,MUNICIPIO30213,MUNICIPIO_SIN_CN_TRAB,Si,No,30213,,Regla 2 coherente para validaciones implementadas.
GPA-001__R2-002__R1-001__0901,GPA-001__R2-002__R1-001,02_inputs_xml_flat/GPA-001__R2-002__R1-001__0901.xml,PASS,INFO,R1.D01=SI;R1.D02=SI;R2.D01=SI;R2.D02=SI;R2.D03=NO,MUNICIPIO30211,MUNICIPIO_SIN_CN_TRAB,Si,No,30211,,Regla 2 coherente para validaciones implementadas.
GPA-001__R2-002__R1-001__0902,GPA-001__R2-002__R1-001,02_inputs_xml_flat/GPA-001__R2-002__R1-001__0902.xml,PASS,INFO,R1.D01=SI;R1.D02=SI;R2.D01=SI;R2.D02=SI;R2.D03=NO,MUNICIPIO30212,MUNICIPIO_SIN_CN_TRAB,Si,No,30212,,Regla 2 coherente para validaciones implementadas.
GPA-001__R2-002__R1-001__0903,GPA-001__R2-002__R1-001,02_inputs_xml_flat/GPA-001__R2-002__R1-001__0903.xml,PASS,INFO,R1.D01=SI;R1.D02=SI;R2.D01=SI;R2.D02=SI;R2.D03=NO,MUNICIPIO30213,MUNICIPIO_SIN_CN_TRAB,Si,No,30213,,Regla 2 coherente para validaciones implementadas.
GPA-001__R2-002__R1-001__0904,GPA-001__R2-002__R1-001,02_inputs_xml_flat/GPA-001__R2-002__R1-001__0904.xml,PASS,INFO,R1.D01=SI;R1.D02=SI;R2.D01=SI;R2.D02=SI;R2.D03=NO,MUNICIPIO30211,MUNICIPIO_SIN_CN_TRAB,Si,No,30211,,Regla 2 coherente para validaciones implementadas.
GPA-001__R2-002__R1-001__0905,GPA-001__R2-002__R1-001,02_inputs_xml_flat/GPA-001__R2-002__R1-001__0905.xml,PASS,INFO,R1.D01=SI;R1.D02=SI;R2.D01=SI;R2.D02=SI;R2.D03=NO,MUNICIPIO30212,MUNICIPIO_SIN_CN_TRAB,Si,No,30212,,Regla 2 coherente para validaciones implementadas.
GPA-001__R2-002__R1-001__0906,GPA-001__R2-002__R1-001,02_inputs_xml_flat/GPA-001__R2-002__R1-001__0906.xml,PASS,INFO,R1.D01=SI;R1.D02=SI;R2.D01=SI;R2.D02=SI;R2.D03=NO,MUNICIPIO30213,MUNICIPIO_SIN_CN_TRAB,Si,No,30213,,Regla 2 coherente para validaciones implementadas.
GPA-001__R2-002__R1-001__0907,GPA-001__R2-002__R1-001,02_inputs_xml_flat/GPA-001__R2-002__R1-001__0907.xml,PASS,INFO,R1.D01=SI;R1.D02=SI;R2.D01=SI;R2.D02=SI;R2.D03=NO,MUNICIPIO30211,MUNICIPIO_SIN_CN_TRAB,Si,No,30211,,Regla 2 coherente para validaciones implementadas.
GPA-001__R2-002__R1-001__0908,GPA-001__R2-002__R1-001,02_inputs_xml_flat/GPA-001__R2-002__R1-001__0908.xml,PASS,INFO,R1.D01=SI;R1.D02=SI;R2.D01=SI;R2.D02=SI;R2.D03=NO,MUNICIPIO30212,MUNICIPIO_SIN_CN_TRAB,Si,No,30212,,Regla 2 coherente para validaciones implementadas.
GPA-001__R2-002__R1-001__0909,GPA-001__R2-002__R1-001,02_inputs_xml_flat/GPA-001__R2-002__R1-001__0909.xml,PASS,INFO,R1.D01=SI;R1.D02=SI;R2.D01=SI;R2.D02=SI;R2.D03=NO,MUNICIPIO30213,MUNICIPIO_SIN_CN_TRAB,Si,No,30213,,Regla 2 coherente para validaciones implementadas.
GPA-001__R2-002__R1-001__0910,GPA-001__R2-002__R1-001,02_inputs_xml_flat/GPA-001__R2-002__R1-001__0910.xml,PASS,INFO,R1.D01=SI;R1.D02=SI;R2.D01=SI;R2.D02=SI;R2.D03=NO,MUNICIPIO30211,MUNICIPIO_SIN_CN_TRAB,Si,No,30211,,Regla 2 coherente para validaciones implementadas.
GPA-001__R2-002__R1-001__0911,GPA-001__R2-002__R1-001,02_inputs_xml_flat/GPA-001__R2-002__R1-001__0911.xml,PASS,INFO,R1.D01=SI;R1.D02=SI;R2.D01=SI;R2.D02=SI;R2.D03=NO,MUNICIPIO30212,MUNICIPIO_SIN_CN_TRAB,Si,No,30212,,Regla 2 coherente para validaciones implementadas.
GPA-001__R2-002__R1-001__0912,GPA-001__R2-002__R1-001,02_inputs_xml_flat/GPA-001__R2-002__R1-001__0912.xml,PASS,INFO,R1.D01=SI;R1.D02=SI;R2.D01=SI;R2.D02=SI;R2.D03=NO,MUNICIPIO30213,MUNICIPIO_SIN_CN_TRAB,Si,No,30213,,Regla 2 coherente para validaciones implementadas.
GPA-001__R2-002__R1-001__0913,GPA-001__R2-002__R1-001,02_inputs_xml_flat/GPA-001__R2-002__R1-001__0913.xml,PASS,INFO,R1.D01=SI;R1.D02=SI;R2.D01=SI;R2.D02=SI;R2.D03=NO,MUNICIPIO30211,MUNICIPIO_SIN_CN_TRAB,Si,No,30211,,Regla 2 coherente para validaciones implementadas.
GPA-001__R2-002__R1-001__0914,GPA-001__R2-002__R1-001,02_inputs_xml_flat/GPA-001__R2-002__R1-001__0914.xml,PASS,INFO,R1.D01=SI;R1.D02=SI;R2.D01=SI;R2.D02=SI;R2.D03=NO,MUNICIPIO30212,MUNICIPIO_SIN_CN_TRAB,Si,No,30212,,Regla 2 coherente para validaciones implementadas.
GPA-001__R2-002__R1-001__0915,GPA-001__R2-002__R1-001,02_inputs_xml_flat/GPA-001__R2-002__R1-001__0915.xml,PASS,INFO,R1.D01=SI;R1.D02=SI;R2.D01=SI;R2.D02=SI;R2.D03=NO,MUNICIPIO30213,MUNICIPIO_SIN_CN_TRAB,Si,No,30213,,Regla 2 coherente para validaciones implementadas.
GPA-001__R2-002__R1-001__0916,GPA-001__R2-002__R1-001,02_inputs_xml_flat/GPA-001__R2-002__R1-001__0916.xml,PASS,INFO,R1.D01=SI;R1.D02=SI;R2.D01=SI;R2.D02=SI;R2.D03=NO,MUNICIPIO30211,MUNICIPIO_SIN_CN_TRAB,Si,No,30211,,Regla 2 coherente para validaciones implementadas.
GPA-001__R2-002__R1-001__0917,GPA-001__R2-002__R1-001,02_inputs_xml_flat/GPA-001__R2-002__R1-001__0917.xml,PASS,INFO,R1.D01=SI;R1.D02=SI;R2.D01=SI;R2.D02=SI;R2.D03=NO,MUNICIPIO30212,MUNICIPIO_SIN_CN_TRAB,Si,No,30212,,Regla 2 coherente para validaciones implementadas.
GPA-001__R2-002__R1-001__0918,GPA-001__R2-002__R1-001,02_inputs_xml_flat/GPA-001__R2-002__R1-001__0918.xml,PASS,INFO,R1.D01=SI;R1.D02=SI;R2.D01=SI;R2.D02=SI;R2.D03=NO,MUNICIPIO30213,MUNICIPIO_SIN_CN_TRAB,Si,No,30213,,Regla 2 coherente para validaciones implementadas.
GPA-001__R2-002__R1-001__0919,GPA-001__R2-002__R1-001,02_inputs_xml_flat/GPA-001__R2-002__R1-001__0919.xml,PASS,INFO,R1.D01=SI;R1.D02=SI;R2.D01=SI;R2.D02=SI;R2.D03=NO,MUNICIPIO30211,MUNICIPIO_SIN_CN_TRAB,Si,No,30211,,Regla 2 coherente para validaciones implementadas.
GPA-001__R2-002__R1-001__0920,GPA-001__R2-002__R1-001,02_inputs_xml_flat/GPA-001__R2-002__R1-001__0920.xml,PASS,INFO,R1.D01=SI;R1.D02=SI;R2.D01=SI;R2.D02=SI;R2.D03=NO,MUNICIPIO30212,MUNICIPIO_SIN_CN_TRAB,Si,No,30212,,Regla 2 coherente para validaciones implementadas.
GPA-001__R2-002__R1-001__0921,GPA-001__R2-002__R1-001,02_inputs_xml_flat/GPA-001__R2-002__R1-001__0921.xml,PASS,INFO,R1.D01=SI;R1.D02=SI;R2.D01=SI;R2.D02=SI;R2.D03=NO,MUNICIPIO30213,MUNICIPIO_SIN_CN_TRAB,Si,No,30213,,Regla 2 coherente para validaciones implementadas.
GPA-001__R2-002__R1-001__0922,GPA-001__R2-002__R1-001,02_inputs_xml_flat/GPA-001__R2-002__R1-001__0922.xml,PASS,INFO,R1.D01=SI;R1.D02=SI;R2.D01=SI;R2.D02=SI;R2.D03=NO,MUNICIPIO30211,MUNICIPIO_SIN_CN_TRAB,Si,No,30211,,Regla 2 coherente para validaciones implementadas.
GPA-001__R2-002__R1-001__0923,GPA-001__R2-002__R1-001,02_inputs_xml_flat/GPA-001__R2-002__R1-001__0923.xml,PASS,INFO,R1.D01=SI;R1.D02=SI;R2.D01=SI;R2.D02=SI;R2.D03=NO,MUNICIPIO30212,MUNICIPIO_SIN_CN_TRAB,Si,No,30212,,Regla 2 coherente para validaciones implementadas.
GPA-001__R2-002__R1-001__0924,GPA-001__R2-002__R1-001,02_inputs_xml_flat/GPA-001__R2-002__R1-001__0924.xml,PASS,INFO,R1.D01=SI;R1.D02=SI;R2.D01=SI;R2.D02=SI;R2.D03=NO,MUNICIPIO30213,MUNICIPIO_SIN_CN_TRAB,Si,No,30213,,Regla 2 coherente para validaciones implementadas.
GPA-001__R2-002__R1-001__0925,GPA-001__R2-002__R1-001,02_inputs_xml_flat/GPA-001__R2-002__R1-001__0925.xml,PASS,INFO,R1.D01=SI;R1.D02=SI;R2.D01=SI;R2.D02=SI;R2.D03=NO,MUNICIPIO30211,MUNICIPIO_SIN_CN_TRAB,Si,No,30211,,Regla 2 coherente para validaciones implementadas.
GPA-001__R2-002__R1-001__0926,GPA-001__R2-002__R1-001,02_inputs_xml_flat/GPA-001__R2-002__R1-001__0926.xml,PASS,INFO,R1.D01=SI;R1.D02=SI;R2.D01=SI;R2.D02=SI;R2.D03=NO,MUNICIPIO30212,MUNICIPIO_SIN_CN_TRAB,Si,No,30212,,Regla 2 coherente para validaciones implementadas.
GPA-001__R2-002__R1-001__0927,GPA-001__R2-002__R1-001,02_inputs_xml_flat/GPA-001__R2-002__R1-001__0927.xml,PASS,INFO,R1.D01=SI;R1.D02=SI;R2.D01=SI;R2.D02=SI;R2.D03=NO,MUNICIPIO30213,MUNICIPIO_SIN_CN_TRAB,Si,No,30213,,Regla 2 coherente para validaciones implementadas.
GPA-001__R2-002__R1-001__0928,GPA-001__R2-002__R1-001,02_inputs_xml_flat/GPA-001__R2-002__R1-001__0928.xml,PASS,INFO,R1.D01=SI;R1.D02=SI;R2.D01=SI;R2.D02=SI;R2.D03=NO,MUNICIPIO30211,MUNICIPIO_SIN_CN_TRAB,Si,No,30211,,Regla 2 coherente para validaciones implementadas.
GPA-001__R2-002__R1-001__0929,GPA-001__R2-002__R1-001,02_inputs_xml_flat/GPA-001__R2-002__R1-001__0929.xml,PASS,INFO,R1.D01=SI;R1.D02=SI;R2.D01=SI;R2.D02=SI;R2.D03=NO,MUNICIPIO30212,MUNICIPIO_SIN_CN_TRAB,Si,No,30212,,Regla 2 coherente para validaciones implementadas.
GPA-001__R2-002__R1-001__0930,GPA-001__R2-002__R1-001,02_inputs_xml_flat/GPA-001__R2-002__R1-001__0930.xml,PASS,INFO,R1.D01=SI;R1.D02=SI;R2.D01=SI;R2.D02=SI;R2.D03=NO,MUNICIPIO30213,MUNICIPIO_SIN_CN_TRAB,Si,No,30213,,Regla 2 coherente para validaciones implementadas.
GPA-001__R2-002__R1-001__0931,GPA-001__R2-002__R1-001,02_inputs_xml_flat/GPA-001__R2-002__R1-001__0931.xml,PASS,INFO,R1.D01=SI;R1.D02=SI;R2.D01=SI;R2.D02=SI;R2.D03=NO,MUNICIPIO30211,MUNICIPIO_SIN_CN_TRAB,Si,No,30211,,Regla 2 coherente para validaciones implementadas.
GPA-001__R2-002__R1-001__0932,GPA-001__R2-002__R1-001,02_inputs_xml_flat/GPA-001__R2-002__R1-001__0932.xml,PASS,INFO,R1.D01=SI;R1.D02=SI;R2.D01=SI;R2.D02=SI;R2.D03=NO,MUNICIPIO30212,MUNICIPIO_SIN_CN_TRAB,Si,No,30212,,Regla 2 coherente para validaciones implementadas.
GPA-001__R2-002__R1-001__0933,GPA-001__R2-002__R1-001,02_inputs_xml_flat/GPA-001__R2-002__R1-001__0933.xml,PASS,INFO,R1.D01=SI;R1.D02=SI;R2.D01=SI;R2.D02=SI;R2.D03=NO,MUNICIPIO30213,MUNICIPIO_SIN_CN_TRAB,Si,No,30213,,Regla 2 coherente para validaciones implementadas.
GPA-001__R2-002__R1-001__0934,GPA-001__R2-002__R1-001,02_inputs_xml_flat/GPA-001__R2-002__R1-001__0934.xml,PASS,INFO,R1.D01=SI;R1.D02=SI;R2.D01=SI;R2.D02=SI;R2.D03=NO,MUNICIPIO30211,MUNICIPIO_SIN_CN_TRAB,Si,No,30211,,Regla 2 coherente para validaciones implementadas.
GPA-001__R2-002__R1-001__0935,GPA-001__R2-002__R1-001,02_inputs_xml_flat/GPA-001__R2-002__R1-001__0935.xml,PASS,INFO,R1.D01=SI;R1.D02=SI;R2.D01=SI;R2.D02=SI;R2.D03=NO,MUNICIPIO30212,MUNICIPIO_SIN_CN_TRAB,Si,No,30212,,Regla 2 coherente para validaciones implementadas.
GPA-001__R2-002__R1-001__0936,GPA-001__R2-002__R1-001,02_inputs_xml_flat/GPA-001__R2-002__R1-001__0936.xml,PASS,INFO,R1.D01=SI;R1.D02=SI;R2.D01=SI;R2.D02=SI;R2.D03=NO,MUNICIPIO30213,MUNICIPIO_SIN_CN_TRAB,Si,No,30213,,Regla 2 coherente para validaciones implementadas.
GPA-001__R2-002__R1-001__0937,GPA-001__R2-002__R1-001,02_inputs_xml_flat/GPA-001__R2-002__R1-001__0937.xml,PASS,INFO,R1.D01=SI;R1.D02=SI;R2.D01=SI;R2.D02=SI;R2.D03=NO,MUNICIPIO30211,MUNICIPIO_SIN_CN_TRAB,Si,No,30211,,Regla 2 coherente para validaciones implementadas.
GPA-001__R2-002__R1-001__0938,GPA-001__R2-002__R1-001,02_inputs_xml_flat/GPA-001__R2-002__R1-001__0938.xml,PASS,INFO,R1.D01=SI;R1.D02=SI;R2.D01=SI;R2.D02=SI;R2.D03=NO,MUNICIPIO30212,MUNICIPIO_SIN_CN_TRAB,Si,No,30212,,Regla 2 coherente para validaciones implementadas.
GPA-001__R2-002__R1-001__0939,GPA-001__R2-002__R1-001,02_inputs_xml_flat/GPA-001__R2-002__R1-001__0939.xml,PASS,INFO,R1.D01=SI;R1.D02=SI;R2.D01=SI;R2.D02=SI;R2.D03=NO,MUNICIPIO30213,MUNICIPIO_SIN_CN_TRAB,Si,No,30213,,Regla 2 coherente para validaciones implementadas.
GPA-001__R2-002__R1-001__0940,GPA-001__R2-002__R1-001,02_inputs_xml_flat/GPA-001__R2-002__R1-001__0940.xml,PASS,INFO,R1.D01=SI;R1.D02=SI;R2.D01=SI;R2.D02=SI;R2.D03=NO,MUNICIPIO30211,MUNICIPIO_SIN_CN_TRAB,Si,No,30211,,Regla 2 coherente para validaciones implementadas.
GPA-001__R2-002__R1-001__0941,GPA-001__R2-002__R1-001,02_inputs_xml_flat/GPA-001__R2-002__R1-001__0941.xml,PASS,INFO,R1.D01=SI;R1.D02=SI;R2.D01=SI;R2.D02=SI;R2.D03=NO,MUNICIPIO30212,MUNICIPIO_SIN_CN_TRAB,Si,No,30212,,Regla 2 coherente para validaciones implementadas.
GPA-001__R2-002__R1-001__0942,GPA-001__R2-002__R1-001,02_inputs_xml_flat/GPA-001__R2-002__R1-001__0942.xml,PASS,INFO,R1.D01=SI;R1.D02=SI;R2.D01=SI;R2.D02=SI;R2.D03=NO,MUNICIPIO30213,MUNICIPIO_SIN_CN_TRAB,Si,No,30213,,Regla 2 coherente para validaciones implementadas.
GPA-001__R2-002__R1-001__0943,GPA-001__R2-002__R1-001,02_inputs_xml_flat/GPA-001__R2-002__R1-001__0943.xml,PASS,INFO,R1.D01=SI;R1.D02=SI;R2.D01=SI;R2.D02=SI;R2.D03=NO,MUNICIPIO30211,MUNICIPIO_SIN_CN_TRAB,Si,No,30211,,Regla 2 coherente para validaciones implementadas.
GPA-001__R2-002__R1-001__0944,GPA-001__R2-002__R1-001,02_inputs_xml_flat/GPA-001__R2-002__R1-001__0944.xml,PASS,INFO,R1.D01=SI;R1.D02=SI;R2.D01=SI;R2.D02=SI;R2.D03=NO,MUNICIPIO30212,MUNICIPIO_SIN_CN_TRAB,Si,No,30212,,Regla 2 coherente para validaciones implementadas.
GPA-001__R2-002__R1-001__0945,GPA-001__R2-002__R1-001,02_inputs_xml_flat/GPA-001__R2-002__R1-001__0945.xml,PASS,INFO,R1.D01=SI;R1.D02=SI;R2.D01=SI;R2.D02=SI;R2.D03=NO,MUNICIPIO30213,MUNICIPIO_SIN_CN_TRAB,Si,No,30213,,Regla 2 coherente para validaciones implementadas.
GPA-001__R2-002__R1-001__0946,GPA-001__R2-002__R1-001,02_inputs_xml_flat/GPA-001__R2-002__R1-001__0946.xml,PASS,INFO,R1.D01=SI;R1.D02=SI;R2.D01=SI;R2.D02=SI;R2.D03=NO,MUNICIPIO30211,MUNICIPIO_SIN_CN_TRAB,Si,No,30211,,Regla 2 coherente para validaciones implementadas.
GPA-001__R2-002__R1-001__0947,GPA-001__R2-002__R1-001,02_inputs_xml_flat/GPA-001__R2-002__R1-001__0947.xml,PASS,INFO,R1.D01=SI;R1.D02=SI;R2.D01=SI;R2.D02=SI;R2.D03=NO,MUNICIPIO30212,MUNICIPIO_SIN_CN_TRAB,Si,No,30212,,Regla 2 coherente para validaciones implementadas.
GPA-001__R2-002__R1-001__0948,GPA-001__R2-002__R1-001,02_inputs_xml_flat/GPA-001__R2-002__R1-001__0948.xml,PASS,INFO,R1.D01=SI;R1.D02=SI;R2.D01=SI;R2.D02=SI;R2.D03=NO,MUNICIPIO30213,MUNICIPIO_SIN_CN_TRAB,Si,No,30213,,Regla 2 coherente para validaciones implementadas.
GPA-001__R2-002__R1-001__0949,GPA-001__R2-002__R1-001,02_inputs_xml_flat/GPA-001__R2-002__R1-001__0949.xml,PASS,INFO,R1.D01=SI;R1.D02=SI;R2.D01=SI;R2.D02=SI;R2.D03=NO,MUNICIPIO30211,MUNICIPIO_SIN_CN_TRAB,Si,No,30211,,Regla 2 coherente para validaciones implementadas.
GPA-001__R2-002__R1-001__0950,GPA-001__R2-002__R1-001,02_inputs_xml_flat/GPA-001__R2-002__R1-001__0950.xml,PASS,INFO,R1.D01=SI;R1.D02=SI;R2.D01=SI;R2.D02=SI;R2.D03=NO,MUNICIPIO30212,MUNICIPIO_SIN_CN_TRAB,Si,No,30212,,Regla 2 coherente para validaciones implementadas.
GPA-001__R2-002__R1-001__0951,GPA-001__R2-002__R1-001,02_inputs_xml_flat/GPA-001__R2-002__R1-001__0951.xml,PASS,INFO,R1.D01=SI;R1.D02=SI;R2.D01=SI;R2.D02=SI;R2.D03=NO,MUNICIPIO30213,MUNICIPIO_SIN_CN_TRAB,Si,No,30213,,Regla 2 coherente para validaciones implementadas.
GPA-001__R2-002__R1-001__0952,GPA-001__R2-002__R1-001,02_inputs_xml_flat/GPA-001__R2-002__R1-001__0952.xml,PASS,INFO,R1.D01=SI;R1.D02=SI;R2.D01=SI;R2.D02=SI;R2.D03=NO,MUNICIPIO30211,MUNICIPIO_SIN_CN_TRAB,Si,No,30211,,Regla 2 coherente para validaciones implementadas.
GPA-001__R2-002__R1-001__0953,GPA-001__R2-002__R1-001,02_inputs_xml_flat/GPA-001__R2-002__R1-001__0953.xml,PASS,INFO,R1.D01=SI;R1.D02=SI;R2.D01=SI;R2.D02=SI;R2.D03=NO,MUNICIPIO30212,MUNICIPIO_SIN_CN_TRAB,Si,No,30212,,Regla 2 coherente para validaciones implementadas.
GPA-001__R2-002__R1-001__0954,GPA-001__R2-002__R1-001,02_inputs_xml_flat/GPA-001__R2-002__R1-001__0954.xml,PASS,INFO,R1.D01=SI;R1.D02=SI;R2.D01=SI;R2.D02=SI;R2.D03=NO,MUNICIPIO30213,MUNICIPIO_SIN_CN_TRAB,Si,No,30213,,Regla 2 coherente para validaciones implementadas.
GPA-001__R2-002__R1-001__0955,GPA-001__R2-002__R1-001,02_inputs_xml_flat/GPA-001__R2-002__R1-001__0955.xml,PASS,INFO,R1.D01=SI;R1.D02=SI;R2.D01=SI;R2.D02=SI;R2.D03=NO,MUNICIPIO30211,MUNICIPIO_SIN_CN_TRAB,Si,No,30211,,Regla 2 coherente para validaciones implementadas.
GPA-001__R2-002__R1-001__0956,GPA-001__R2-002__R1-001,02_inputs_xml_flat/GPA-001__R2-002__R1-001__0956.xml,PASS,INFO,R1.D01=SI;R1.D02=SI;R2.D01=SI;R2.D02=SI;R2.D03=NO,MUNICIPIO30212,MUNICIPIO_SIN_CN_TRAB,Si,No,30212,,Regla 2 coherente para validaciones implementadas.
GPA-001__R2-002__R1-001__0957,GPA-001__R2-002__R1-001,02_inputs_xml_flat/GPA-001__R2-002__R1-001__0957.xml,PASS,INFO,R1.D01=SI;R1.D02=SI;R2.D01=SI;R2.D02=SI;R2.D03=NO,MUNICIPIO30213,MUNICIPIO_SIN_CN_TRAB,Si,No,30213,,Regla 2 coherente para validaciones implementadas.
GPA-001__R2-002__R1-001__0958,GPA-001__R2-002__R1-001,02_inputs_xml_flat/GPA-001__R2-002__R1-001__0958.xml,PASS,INFO,R1.D01=SI;R1.D02=SI;R2.D01=SI;R2.D02=SI;R2.D03=NO,MUNICIPIO30211,MUNICIPIO_SIN_CN_TRAB,Si,No,30211,,Regla 2 coherente para validaciones implementadas.
GPA-001__R2-002__R1-001__0959,GPA-001__R2-002__R1-001,02_inputs_xml_flat/GPA-001__R2-002__R1-001__0959.xml,PASS,INFO,R1.D01=SI;R1.D02=SI;R2.D01=SI;R2.D02=SI;R2.D03=NO,MUNICIPIO30212,MUNICIPIO_SIN_CN_TRAB,Si,No,30212,,Regla 2 coherente para validaciones implementadas.
GPA-001__R2-002__R1-001__0960,GPA-001__R2-002__R1-001,02_inputs_xml_flat/GPA-001__R2-002__R1-001__0960.xml,PASS,INFO,R1.D01=SI;R1.D02=SI;R2.D01=SI;R2.D02=SI;R2.D03=NO,MUNICIPIO30213,MUNICIPIO_SIN_CN_TRAB,Si,No,30213,,Regla 2 coherente para validaciones implementadas.
GPA-001__R2-002__R1-001__0961,GPA-001__R2-002__R1-001,02_inputs_xml_flat/GPA-001__R2-002__R1-001__0961.xml,PASS,INFO,R1.D01=SI;R1.D02=SI;R2.D01=SI;R2.D02=SI;R2.D03=NO,MUNICIPIO30211,MUNICIPIO_SIN_CN_TRAB,Si,No,30211,,Regla 2 coherente para validaciones implementadas.
GPA-001__R2-002__R1-001__0962,GPA-001__R2-002__R1-001,02_inputs_xml_flat/GPA-001__R2-002__R1-001__0962.xml,PASS,INFO,R1.D01=SI;R1.D02=SI;R2.D01=SI;R2.D02=SI;R2.D03=NO,MUNICIPIO30212,MUNICIPIO_SIN_CN_TRAB,Si,No,30212,,Regla 2 coherente para validaciones implementadas.
GPA-001__R2-002__R1-001__0963,GPA-001__R2-002__R1-001,02_inputs_xml_flat/GPA-001__R2-002__R1-001__0963.xml,PASS,INFO,R1.D01=SI;R1.D02=SI;R2.D01=SI;R2.D02=SI;R2.D03=NO,MUNICIPIO30213,MUNICIPIO_SIN_CN_TRAB,Si,No,30213,,Regla 2 coherente para validaciones implementadas.
GPA-001__R2-002__R1-001__0964,GPA-001__R2-002__R1-001,02_inputs_xml_flat/GPA-001__R2-002__R1-001__0964.xml,PASS,INFO,R1.D01=SI;R1.D02=SI;R2.D01=SI;R2.D02=SI;R2.D03=NO,MUNICIPIO30211,MUNICIPIO_SIN_CN_TRAB,Si,No,30211,,Regla 2 coherente para validaciones implementadas.
GPA-001__R2-002__R1-001__0965,GPA-001__R2-002__R1-001,02_inputs_xml_flat/GPA-001__R2-002__R1-001__0965.xml,PASS,INFO,R1.D01=SI;R1.D02=SI;R2.D01=SI;R2.D02=SI;R2.D03=NO,MUNICIPIO30212,MUNICIPIO_SIN_CN_TRAB,Si,No,30212,,Regla 2 coherente para validaciones implementadas.
GPA-001__R2-002__R1-001__0966,GPA-001__R2-002__R1-001,02_inputs_xml_flat/GPA-001__R2-002__R1-001__0966.xml,PASS,INFO,R1.D01=SI;R1.D02=SI;R2.D01=SI;R2.D02=SI;R2.D03=NO,MUNICIPIO30213,MUNICIPIO_SIN_CN_TRAB,Si,No,30213,,Regla 2 coherente para validaciones implementadas.
GPA-001__R2-002__R1-001__0967,GPA-001__R2-002__R1-001,02_inputs_xml_flat/GPA-001__R2-002__R1-001__0967.xml,PASS,INFO,R1.D01=SI;R1.D02=SI;R2.D01=SI;R2.D02=SI;R2.D03=NO,MUNICIPIO30211,MUNICIPIO_SIN_CN_TRAB,Si,No,30211,,Regla 2 coherente para validaciones implementadas.
GPA-001__R2-002__R1-001__0968,GPA-001__R2-002__R1-001,02_inputs_xml_flat/GPA-001__R2-002__R1-001__0968.xml,PASS,INFO,R1.D01=SI;R1.D02=SI;R2.D01=SI;R2.D02=SI;R2.D03=NO,MUNICIPIO30212,MUNICIPIO_SIN_CN_TRAB,Si,No,30212,,Regla 2 coherente para validaciones implementadas.
GPA-001__R2-002__R1-001__0969,GPA-001__R2-002__R1-001,02_inputs_xml_flat/GPA-001__R2-002__R1-001__0969.xml,PASS,INFO,R1.D01=SI;R1.D02=SI;R2.D01=SI;R2.D02=SI;R2.D03=NO,MUNICIPIO30213,MUNICIPIO_SIN_CN_TRAB,Si,No,30213,,Regla 2 coherente para validaciones implementadas.
GPA-001__R2-002__R1-001__0970,GPA-001__R2-002__R1-001,02_inputs_xml_flat/GPA-001__R2-002__R1-001__0970.xml,PASS,INFO,R1.D01=SI;R1.D02=SI;R2.D01=SI;R2.D02=SI;R2.D03=NO,MUNICIPIO30211,MUNICIPIO_SIN_CN_TRAB,Si,No,30211,,Regla 2 coherente para validaciones implementadas.
GPA-001__R2-002__R1-001__0971,GPA-001__R2-002__R1-001,02_inputs_xml_flat/GPA-001__R2-002__R1-001__0971.xml,PASS,INFO,R1.D01=SI;R1.D02=SI;R2.D01=SI;R2.D02=SI;R2.D03=NO,MUNICIPIO30212,MUNICIPIO_SIN_CN_TRAB,Si,No,30212,,Regla 2 coherente para validaciones implementadas.
GPA-001__R2-002__R1-001__0972,GPA-001__R2-002__R1-001,02_inputs_xml_flat/GPA-001__R2-002__R1-001__0972.xml,PASS,INFO,R1.D01=SI;R1.D02=SI;R2.D01=SI;R2.D02=SI;R2.D03=NO,MUNICIPIO30213,MUNICIPIO_SIN_CN_TRAB,Si,No,30213,,Regla 2 coherente para validaciones implementadas.
GPA-001__R2-002__R1-001__0973,GPA-001__R2-002__R1-001,02_inputs_xml_flat/GPA-001__R2-002__R1-001__0973.xml,PASS,INFO,R1.D01=SI;R1.D02=SI;R2.D01=SI;R2.D02=SI;R2.D03=NO,MUNICIPIO30211,MUNICIPIO_SIN_CN_TRAB,Si,No,30211,,Regla 2 coherente para validaciones implementadas.
GPA-001__R2-002__R1-001__0974,GPA-001__R2-002__R1-001,02_inputs_xml_flat/GPA-001__R2-002__R1-001__0974.xml,PASS,INFO,R1.D01=SI;R1.D02=SI;R2.D01=SI;R2.D02=SI;R2.D03=NO,MUNICIPIO30212,MUNICIPIO_SIN_CN_TRAB,Si,No,30212,,Regla 2 coherente para validaciones implementadas.
GPA-001__R2-002__R1-001__0975,GPA-001__R2-002__R1-001,02_inputs_xml_flat/GPA-001__R2-002__R1-001__0975.xml,PASS,INFO,R1.D01=SI;R1.D02=SI;R2.D01=SI;R2.D02=SI;R2.D03=NO,MUNICIPIO30213,MUNICIPIO_SIN_CN_TRAB,Si,No,30213,,Regla 2 coherente para validaciones implementadas.
GPA-001__R2-002__R1-001__0976,GPA-001__R2-002__R1-001,02_inputs_xml_flat/GPA-001__R2-002__R1-001__0976.xml,PASS,INFO,R1.D01=SI;R1.D02=SI;R2.D01=SI;R2.D02=SI;R2.D03=NO,MUNICIPIO30211,MUNICIPIO_SIN_CN_TRAB,Si,No,30211,,Regla 2 coherente para validaciones implementadas.
GPA-001__R2-002__R1-001__0977,GPA-001__R2-002__R1-001,02_inputs_xml_flat/GPA-001__R2-002__R1-001__0977.xml,PASS,INFO,R1.D01=SI;R1.D02=SI;R2.D01=SI;R2.D02=SI;R2.D03=NO,MUNICIPIO30212,MUNICIPIO_SIN_CN_TRAB,Si,No,30212,,Regla 2 coherente para validaciones implementadas.
GPA-001__R2-002__R1-001__0978,GPA-001__R2-002__R1-001,02_inputs_xml_flat/GPA-001__R2-002__R1-001__0978.xml,PASS,INFO,R1.D01=SI;R1.D02=SI;R2.D01=SI;R2.D02=SI;R2.D03=NO,MUNICIPIO30213,MUNICIPIO_SIN_CN_TRAB,Si,No,30213,,Regla 2 coherente para validaciones implementadas.
GPA-001__R2-002__R1-001__0979,GPA-001__R2-002__R1-001,02_inputs_xml_flat/GPA-001__R2-002__R1-001__0979.xml,PASS,INFO,R1.D01=SI;R1.D02=SI;R2.D01=SI;R2.D02=SI;R2.D03=NO,MUNICIPIO30211,MUNICIPIO_SIN_CN_TRAB,Si,No,30211,,Regla 2 coherente para validaciones implementadas.
GPA-001__R2-002__R1-001__0980,GPA-001__R2-002__R1-001,02_inputs_xml_flat/GPA-001__R2-002__R1-001__0980.xml,PASS,INFO,R1.D01=SI;R1.D02=SI;R2.D01=SI;R2.D02=SI;R2.D03=NO,MUNICIPIO30212,MUNICIPIO_SIN_CN_TRAB,Si,No,30212,,Regla 2 coherente para validaciones implementadas.
GPA-001__R2-002__R1-001__0981,GPA-001__R2-002__R1-001,02_inputs_xml_flat/GPA-001__R2-002__R1-001__0981.xml,PASS,INFO,R1.D01=SI;R1.D02=SI;R2.D01=SI;R2.D02=SI;R2.D03=NO,MUNICIPIO30213,MUNICIPIO_SIN_CN_TRAB,Si,No,30213,,Regla 2 coherente para validaciones implementadas.
GPA-001__R2-002__R1-001__0982,GPA-001__R2-002__R1-001,02_inputs_xml_flat/GPA-001__R2-002__R1-001__0982.xml,PASS,INFO,R1.D01=SI;R1.D02=SI;R2.D01=SI;R2.D02=SI;R2.D03=NO,MUNICIPIO30211,MUNICIPIO_SIN_CN_TRAB,Si,No,30211,,Regla 2 coherente para validaciones implementadas.
GPA-001__R2-002__R1-001__0983,GPA-001__R2-002__R1-001,02_inputs_xml_flat/GPA-001__R2-002__R1-001__0983.xml,PASS,INFO,R1.D01=SI;R1.D02=SI;R2.D01=SI;R2.D02=SI;R2.D03=NO,MUNICIPIO30212,MUNICIPIO_SIN_CN_TRAB,Si,No,30212,,Regla 2 coherente para validaciones implementadas.
GPA-001__R2-002__R1-001__0984,GPA-001__R2-002__R1-001,02_inputs_xml_flat/GPA-001__R2-002__R1-001__0984.xml,PASS,INFO,R1.D01=SI;R1.D02=SI;R2.D01=SI;R2.D02=SI;R2.D03=NO,MUNICIPIO30213,MUNICIPIO_SIN_CN_TRAB,Si,No,30213,,Regla 2 coherente para validaciones implementadas.
GPA-001__R2-002__R1-001__0985,GPA-001__R2-002__R1-001,02_inputs_xml_flat/GPA-001__R2-002__R1-001__0985.xml,PASS,INFO,R1.D01=SI;R1.D02=SI;R2.D01=SI;R2.D02=SI;R2.D03=NO,MUNICIPIO30211,MUNICIPIO_SIN_CN_TRAB,Si,No,30211,,Regla 2 coherente para validaciones implementadas.
GPA-001__R2-002__R1-001__0986,GPA-001__R2-002__R1-001,02_inputs_xml_flat/GPA-001__R2-002__R1-001__0986.xml,PASS,INFO,R1.D01=SI;R1.D02=SI;R2.D01=SI;R2.D02=SI;R2.D03=NO,MUNICIPIO30212,MUNICIPIO_SIN_CN_TRAB,Si,No,30212,,Regla 2 coherente para validaciones implementadas.
GPA-001__R2-002__R1-001__0987,GPA-001__R2-002__R1-001,02_inputs_xml_flat/GPA-001__R2-002__R1-001__0987.xml,PASS,INFO,R1.D01=SI;R1.D02=SI;R2.D01=SI;R2.D02=SI;R2.D03=NO,MUNICIPIO30213,MUNICIPIO_SIN_CN_TRAB,Si,No,30213,,Regla 2 coherente para validaciones implementadas.
GPA-001__R2-002__R1-001__0988,GPA-001__R2-002__R1-001,02_inputs_xml_flat/GPA-001__R2-002__R1-001__0988.xml,PASS,INFO,R1.D01=SI;R1.D02=SI;R2.D01=SI;R2.D02=SI;R2.D03=NO,MUNICIPIO30211,MUNICIPIO_SIN_CN_TRAB,Si,No,30211,,Regla 2 coherente para validaciones implementadas.
GPA-001__R2-002__R1-001__0989,GPA-001__R2-002__R1-001,02_inputs_xml_flat/GPA-001__R2-002__R1-001__0989.xml,PASS,INFO,R1.D01=SI;R1.D02=SI;R2.D01=SI;R2.D02=SI;R2.D03=NO,MUNICIPIO30212,MUNICIPIO_SIN_CN_TRAB,Si,No,30212,,Regla 2 coherente para validaciones implementadas.
GPA-001__R2-002__R1-001__0990,GPA-001__R2-002__R1-001,02_inputs_xml_flat/GPA-001__R2-002__R1-001__0990.xml,PASS,INFO,R1.D01=SI;R1.D02=SI;R2.D01=SI;R2.D02=SI;R2.D03=NO,MUNICIPIO30213,MUNICIPIO_SIN_CN_TRAB,Si,No,30213,,Regla 2 coherente para validaciones implementadas.
GPA-001__R2-002__R1-001__0991,GPA-001__R2-002__R1-001,02_inputs_xml_flat/GPA-001__R2-002__R1-001__0991.xml,PASS,INFO,R1.D01=SI;R1.D02=SI;R2.D01=SI;R2.D02=SI;R2.D03=NO,MUNICIPIO30211,MUNICIPIO_SIN_CN_TRAB,Si,No,30211,,Regla 2 coherente para validaciones implementadas.
GPA-001__R2-002__R1-001__0992,GPA-001__R2-002__R1-001,02_inputs_xml_flat/GPA-001__R2-002__R1-001__0992.xml,PASS,INFO,R1.D01=SI;R1.D02=SI;R2.D01=SI;R2.D02=SI;R2.D03=NO,MUNICIPIO30212,MUNICIPIO_SIN_CN_TRAB,Si,No,30212,,Regla 2 coherente para validaciones implementadas.
GPA-001__R2-002__R1-001__0993,GPA-001__R2-002__R1-001,02_inputs_xml_flat/GPA-001__R2-002__R1-001__0993.xml,PASS,INFO,R1.D01=SI;R1.D02=SI;R2.D01=SI;R2.D02=SI;R2.D03=NO,MUNICIPIO30213,MUNICIPIO_SIN_CN_TRAB,Si,No,30213,,Regla 2 coherente para validaciones implementadas.
GPA-001__R2-002__R1-001__0994,GPA-001__R2-002__R1-001,02_inputs_xml_flat/GPA-001__R2-002__R1-001__0994.xml,PASS,INFO,R1.D01=SI;R1.D02=SI;R2.D01=SI;R2.D02=SI;R2.D03=NO,MUNICIPIO30211,MUNICIPIO_SIN_CN_TRAB,Si,No,30211,,Regla 2 coherente para validaciones implementadas.
GPA-001__R2-002__R1-001__0995,GPA-001__R2-002__R1-001,02_inputs_xml_flat/GPA-001__R2-002__R1-001__0995.xml,PASS,INFO,R1.D01=SI;R1.D02=SI;R2.D01=SI;R2.D02=SI;R2.D03=NO,MUNICIPIO30212,MUNICIPIO_SIN_CN_TRAB,Si,No,30212,,Regla 2 coherente para validaciones implementadas.
GPA-001__R2-002__R1-001__0996,GPA-001__R2-002__R1-001,02_inputs_xml_flat/GPA-001__R2-002__R1-001__0996.xml,PASS,INFO,R1.D01=SI;R1.D02=SI;R2.D01=SI;R2.D02=SI;R2.D03=NO,MUNICIPIO30213,MUNICIPIO_SIN_CN_TRAB,Si,No,30213,,Regla 2 coherente para validaciones implementadas.
GPA-001__R2-002__R1-001__0997,GPA-001__R2-002__R1-001,02_inputs_xml_flat/GPA-001__R2-002__R1-001__0997.xml,PASS,INFO,R1.D01=SI;R1.D02=SI;R2.D01=SI;R2.D02=SI;R2.D03=NO,MUNICIPIO30211,MUNICIPIO_SIN_CN_TRAB,Si,No,30211,,Regla 2 coherente para validaciones implementadas.
GPA-001__R2-002__R1-001__0998,GPA-001__R2-002__R1-001,02_inputs_xml_flat/GPA-001__R2-002__R1-001__0998.xml,PASS,INFO,R1.D01=SI;R1.D02=SI;R2.D01=SI;R2.D02=SI;R2.D03=NO,MUNICIPIO30212,MUNICIPIO_SIN_CN_TRAB,Si,No,30212,,Regla 2 coherente para validaciones implementadas.
GPA-001__R2-002__R1-001__0999,GPA-001__R2-002__R1-001,02_inputs_xml_flat/GPA-001__R2-002__R1-001__0999.xml,PASS,INFO,R1.D01=SI;R1.D02=SI;R2.D01=SI;R2.D02=SI;R2.D03=NO,MUNICIPIO30213,MUNICIPIO_SIN_CN_TRAB,Si,No,30213,,Regla 2 coherente para validaciones implementadas.
GPA-001__R2-002__R1-001__1000,GPA-001__R2-002__R1-001,02_inputs_xml_flat/GPA-001__R2-002__R1-001__1000.xml,PASS,INFO,R1.D01=SI;R1.D02=SI;R2.D01=SI;R2.D02=SI;R2.D03=NO,MUNICIPIO30211,MUNICIPIO_SIN_CN_TRAB,Si,No,30211,,Regla 2 coherente para validaciones implementadas.
GPA-001__R2-002__R1-002__0001,GPA-001__R2-002__R1-002,02_inputs_xml_flat/GPA-001__R2-002__R1-002__0001.xml,PASS,INFO,R1.D01=SI;R1.D02=NO;R2.D01=SI;R2.D02=SI;R2.D03=NO,MUNICIPIO30221,MUNICIPIO_SIN_CN_TRAB,Si,No,30221,,Regla 2 coherente para validaciones implementadas.
GPA-001__R2-002__R1-002__0002,GPA-001__R2-002__R1-002,02_inputs_xml_flat/GPA-001__R2-002__R1-002__0002.xml,PASS,INFO,R1.D01=SI;R1.D02=NO;R2.D01=SI;R2.D02=SI;R2.D03=NO,MUNICIPIO30222,MUNICIPIO_SIN_CN_TRAB,Si,No,30222,,Regla 2 coherente para validaciones implementadas.
GPA-001__R2-002__R1-002__0003,GPA-001__R2-002__R1-002,02_inputs_xml_flat/GPA-001__R2-002__R1-002__0003.xml,PASS,INFO,R1.D01=SI;R1.D02=NO;R2.D01=SI;R2.D02=SI;R2.D03=NO,MUNICIPIO30223,MUNICIPIO_SIN_CN_TRAB,Si,No,30223,,Regla 2 coherente para validaciones implementadas.
GPA-001__R2-002__R1-002__0004,GPA-001__R2-002__R1-002,02_inputs_xml_flat/GPA-001__R2-002__R1-002__0004.xml,PASS,INFO,R1.D01=SI;R1.D02=NO;R2.D01=SI;R2.D02=SI;R2.D03=NO,MUNICIPIO30221,MUNICIPIO_SIN_CN_TRAB,Si,No,30221,,Regla 2 coherente para validaciones implementadas.
GPA-001__R2-002__R1-002__0005,GPA-001__R2-002__R1-002,02_inputs_xml_flat/GPA-001__R2-002__R1-002__0005.xml,PASS,INFO,R1.D01=SI;R1.D02=NO;R2.D01=SI;R2.D02=SI;R2.D03=NO,MUNICIPIO30222,MUNICIPIO_SIN_CN_TRAB,Si,No,30222,,Regla 2 coherente para validaciones implementadas.
GPA-001__R2-002__R1-002__0006,GPA-001__R2-002__R1-002,02_inputs_xml_flat/GPA-001__R2-002__R1-002__0006.xml,PASS,INFO,R1.D01=SI;R1.D02=NO;R2.D01=SI;R2.D02=SI;R2.D03=NO,MUNICIPIO30223,MUNICIPIO_SIN_CN_TRAB,Si,No,30223,,Regla 2 coherente para validaciones implementadas.
GPA-001__R2-002__R1-002__0007,GPA-001__R2-002__R1-002,02_inputs_xml_flat/GPA-001__R2-002__R1-002__0007.xml,PASS,INFO,R1.D01=SI;R1.D02=NO;R2.D01=SI;R2.D02=SI;R2.D03=NO,MUNICIPIO30221,MUNICIPIO_SIN_CN_TRAB,Si,No,30221,,Regla 2 coherente para validaciones implementadas.
GPA-001__R2-002__R1-002__0008,GPA-001__R2-002__R1-002,02_inputs_xml_flat/GPA-001__R2-002__R1-002__0008.xml,PASS,INFO,R1.D01=SI;R1.D02=NO;R2.D01=SI;R2.D02=SI;R2.D03=NO,MUNICIPIO30222,MUNICIPIO_SIN_CN_TRAB,Si,No,30222,,Regla 2 coherente para validaciones implementadas.
GPA-001__R2-002__R1-002__0009,GPA-001__R2-002__R1-002,02_inputs_xml_flat/GPA-001__R2-002__R1-002__0009.xml,PASS,INFO,R1.D01=SI;R1.D02=NO;R2.D01=SI;R2.D02=SI;R2.D03=NO,MUNICIPIO30223,MUNICIPIO_SIN_CN_TRAB,Si,No,30223,,Regla 2 coherente para validaciones implementadas.
GPA-001__R2-002__R1-002__0010,GPA-001__R2-002__R1-002,02_inputs_xml_flat/GPA-001__R2-002__R1-002__0010.xml,PASS,INFO,R1.D01=SI;R1.D02=NO;R2.D01=SI;R2.D02=SI;R2.D03=NO,MUNICIPIO30221,MUNICIPIO_SIN_CN_TRAB,Si,No,30221,,Regla 2 coherente para validaciones implementadas.
GPA-001__R2-002__R1-002__0011,GPA-001__R2-002__R1-002,02_inputs_xml_flat/GPA-001__R2-002__R1-002__0011.xml,PASS,INFO,R1.D01=SI;R1.D02=NO;R2.D01=SI;R2.D02=SI;R2.D03=NO,MUNICIPIO30222,MUNICIPIO_SIN_CN_TRAB,Si,No,30222,,Regla 2 coherente para validaciones implementadas.
GPA-001__R2-002__R1-002__0012,GPA-001__R2-002__R1-002,02_inputs_xml_flat/GPA-001__R2-002__R1-002__0012.xml,PASS,INFO,R1.D01=SI;R1.D02=NO;R2.D01=SI;R2.D02=SI;R2.D03=NO,MUNICIPIO30223,MUNICIPIO_SIN_CN_TRAB,Si,No,30223,,Regla 2 coherente para validaciones implementadas.
GPA-001__R2-002__R1-002__0013,GPA-001__R2-002__R1-002,02_inputs_xml_flat/GPA-001__R2-002__R1-002__0013.xml,PASS,INFO,R1.D01=SI;R1.D02=NO;R2.D01=SI;R2.D02=SI;R2.D03=NO,MUNICIPIO30221,MUNICIPIO_SIN_CN_TRAB,Si,No,30221,,Regla 2 coherente para validaciones implementadas.
GPA-001__R2-002__R1-002__0014,GPA-001__R2-002__R1-002,02_inputs_xml_flat/GPA-001__R2-002__R1-002__0014.xml,PASS,INFO,R1.D01=SI;R1.D02=NO;R2.D01=SI;R2.D02=SI;R2.D03=NO,MUNICIPIO30222,MUNICIPIO_SIN_CN_TRAB,Si,No,30222,,Regla 2 coherente para validaciones implementadas.
GPA-001__R2-002__R1-002__0015,GPA-001__R2-002__R1-002,02_inputs_xml_flat/GPA-001__R2-002__R1-002__0015.xml,PASS,INFO,R1.D01=SI;R1.D02=NO;R2.D01=SI;R2.D02=SI;R2.D03=NO,MUNICIPIO30223,MUNICIPIO_SIN_CN_TRAB,Si,No,30223,,Regla 2 coherente para validaciones implementadas.
GPA-001__R2-002__R1-002__0016,GPA-001__R2-002__R1-002,02_inputs_xml_flat/GPA-001__R2-002__R1-002__0016.xml,PASS,INFO,R1.D01=SI;R1.D02=NO;R2.D01=SI;R2.D02=SI;R2.D03=NO,MUNICIPIO30221,MUNICIPIO_SIN_CN_TRAB,Si,No,30221,,Regla 2 coherente para validaciones implementadas.
GPA-001__R2-002__R1-002__0017,GPA-001__R2-002__R1-002,02_inputs_xml_flat/GPA-001__R2-002__R1-002__0017.xml,PASS,INFO,R1.D01=SI;R1.D02=NO;R2.D01=SI;R2.D02=SI;R2.D03=NO,MUNICIPIO30222,MUNICIPIO_SIN_CN_TRAB,Si,No,30222,,Regla 2 coherente para validaciones implementadas.
GPA-001__R2-002__R1-002__0018,GPA-001__R2-002__R1-002,02_inputs_xml_flat/GPA-001__R2-002__R1-002__0018.xml,PASS,INFO,R1.D01=SI;R1.D02=NO;R2.D01=SI;R2.D02=SI;R2.D03=NO,MUNICIPIO30223,MUNICIPIO_SIN_CN_TRAB,Si,No,30223,,Regla 2 coherente para validaciones implementadas.
GPA-001__R2-002__R1-002__0019,GPA-001__R2-002__R1-002,02_inputs_xml_flat/GPA-001__R2-002__R1-002__0019.xml,PASS,INFO,R1.D01=SI;R1.D02=NO;R2.D01=SI;R2.D02=SI;R2.D03=NO,MUNICIPIO30221,MUNICIPIO_SIN_CN_TRAB,Si,No,30221,,Regla 2 coherente para validaciones implementadas.
GPA-001__R2-002__R1-002__0020,GPA-001__R2-002__R1-002,02_inputs_xml_flat/GPA-001__R2-002__R1-002__0020.xml,PASS,INFO,R1.D01=SI;R1.D02=NO;R2.D01=SI;R2.D02=SI;R2.D03=NO,MUNICIPIO30222,MUNICIPIO_SIN_CN_TRAB,Si,No,30222,,Regla 2 coherente para validaciones implementadas.
GPA-001__R2-002__R1-002__0021,GPA-001__R2-002__R1-002,02_inputs_xml_flat/GPA-001__R2-002__R1-002__0021.xml,PASS,INFO,R1.D01=SI;R1.D02=NO;R2.D01=SI;R2.D02=SI;R2.D03=NO,MUNICIPIO30223,MUNICIPIO_SIN_CN_TRAB,Si,No,30223,,Regla 2 coherente para validaciones implementadas.
GPA-001__R2-002__R1-002__0022,GPA-001__R2-002__R1-002,02_inputs_xml_flat/GPA-001__R2-002__R1-002__0022.xml,PASS,INFO,R1.D01=SI;R1.D02=NO;R2.D01=SI;R2.D02=SI;R2.D03=NO,MUNICIPIO30221,MUNICIPIO_SIN_CN_TRAB,Si,No,30221,,Regla 2 coherente para validaciones implementadas.
GPA-001__R2-002__R1-002__0023,GPA-001__R2-002__R1-002,02_inputs_xml_flat/GPA-001__R2-002__R1-002__0023.xml,PASS,INFO,R1.D01=SI;R1.D02=NO;R2.D01=SI;R2.D02=SI;R2.D03=NO,MUNICIPIO30222,MUNICIPIO_SIN_CN_TRAB,Si,No,30222,,Regla 2 coherente para validaciones implementadas.
GPA-001__R2-002__R1-002__0024,GPA-001__R2-002__R1-002,02_inputs_xml_flat/GPA-001__R2-002__R1-002__0024.xml,PASS,INFO,R1.D01=SI;R1.D02=NO;R2.D01=SI;R2.D02=SI;R2.D03=NO,MUNICIPIO30223,MUNICIPIO_SIN_CN_TRAB,Si,No,30223,,Regla 2 coherente para validaciones implementadas.
GPA-001__R2-002__R1-002__0025,GPA-001__R2-002__R1-002,02_inputs_xml_flat/GPA-001__R2-002__R1-002__0025.xml,PASS,INFO,R1.D01=SI;R1.D02=NO;R2.D01=SI;R2.D02=SI;R2.D03=NO,MUNICIPIO30221,MUNICIPIO_SIN_CN_TRAB,Si,No,30221,,Regla 2 coherente para validaciones implementadas.
GPA-001__R2-002__R1-002__0026,GPA-001__R2-002__R1-002,02_inputs_xml_flat/GPA-001__R2-002__R1-002__0026.xml,PASS,INFO,R1.D01=SI;R1.D02=NO;R2.D01=SI;R2.D02=SI;R2.D03=NO,MUNICIPIO30222,MUNICIPIO_SIN_CN_TRAB,Si,No,30222,,Regla 2 coherente para validaciones implementadas.
GPA-001__R2-002__R1-002__0027,GPA-001__R2-002__R1-002,02_inputs_xml_flat/GPA-001__R2-002__R1-002__0027.xml,PASS,INFO,R1.D01=SI;R1.D02=NO;R2.D01=SI;R2.D02=SI;R2.D03=NO,MUNICIPIO30223,MUNICIPIO_SIN_CN_TRAB,Si,No,30223,,Regla 2 coherente para validaciones implementadas.
GPA-001__R2-002__R1-002__0028,GPA-001__R2-002__R1-002,02_inputs_xml_flat/GPA-001__R2-002__R1-002__0028.xml,PASS,INFO,R1.D01=SI;R1.D02=NO;R2.D01=SI;R2.D02=SI;R2.D03=NO,MUNICIPIO30221,MUNICIPIO_SIN_CN_TRAB,Si,No,30221,,Regla 2 coherente para validaciones implementadas.
GPA-001__R2-002__R1-002__0029,GPA-001__R2-002__R1-002,02_inputs_xml_flat/GPA-001__R2-002__R1-002__0029.xml,PASS,INFO,R1.D01=SI;R1.D02=NO;R2.D01=SI;R2.D02=SI;R2.D03=NO,MUNICIPIO30222,MUNICIPIO_SIN_CN_TRAB,Si,No,30222,,Regla 2 coherente para validaciones implementadas.
GPA-001__R2-002__R1-002__0030,GPA-001__R2-002__R1-002,02_inputs_xml_flat/GPA-001__R2-002__R1-002__0030.xml,PASS,INFO,R1.D01=SI;R1.D02=NO;R2.D01=SI;R2.D02=SI;R2.D03=NO,MUNICIPIO30223,MUNICIPIO_SIN_CN_TRAB,Si,No,30223,,Regla 2 coherente para validaciones implementadas.
GPA-001__R2-002__R1-002__0031,GPA-001__R2-002__R1-002,02_inputs_xml_flat/GPA-001__R2-002__R1-002__0031.xml,PASS,INFO,R1.D01=SI;R1.D02=NO;R2.D01=SI;R2.D02=SI;R2.D03=NO,MUNICIPIO30221,MUNICIPIO_SIN_CN_TRAB,Si,No,30221,,Regla 2 coherente para validaciones implementadas.
GPA-001__R2-002__R1-002__0032,GPA-001__R2-002__R1-002,02_inputs_xml_flat/GPA-001__R2-002__R1-002__0032.xml,PASS,INFO,R1.D01=SI;R1.D02=NO;R2.D01=SI;R2.D02=SI;R2.D03=NO,MUNICIPIO30222,MUNICIPIO_SIN_CN_TRAB,Si,No,30222,,Regla 2 coherente para validaciones implementadas.
GPA-001__R2-002__R1-002__0033,GPA-001__R2-002__R1-002,02_inputs_xml_flat/GPA-001__R2-002__R1-002__0033.xml,PASS,INFO,R1.D01=SI;R1.D02=NO;R2.D01=SI;R2.D02=SI;R2.D03=NO,MUNICIPIO30223,MUNICIPIO_SIN_CN_TRAB,Si,No,30223,,Regla 2 coherente para validaciones implementadas.
GPA-001__R2-002__R1-002__0034,GPA-001__R2-002__R1-002,02_inputs_xml_flat/GPA-001__R2-002__R1-002__0034.xml,PASS,INFO,R1.D01=SI;R1.D02=NO;R2.D01=SI;R2.D02=SI;R2.D03=NO,MUNICIPIO30221,MUNICIPIO_SIN_CN_TRAB,Si,No,30221,,Regla 2 coherente para validaciones implementadas.
GPA-001__R2-002__R1-002__0035,GPA-001__R2-002__R1-002,02_inputs_xml_flat/GPA-001__R2-002__R1-002__0035.xml,PASS,INFO,R1.D01=SI;R1.D02=NO;R2.D01=SI;R2.D02=SI;R2.D03=NO,MUNICIPIO30222,MUNICIPIO_SIN_CN_TRAB,Si,No,30222,,Regla 2 coherente para validaciones implementadas.
GPA-001__R2-002__R1-002__0036,GPA-001__R2-002__R1-002,02_inputs_xml_flat/GPA-001__R2-002__R1-002__0036.xml,PASS,INFO,R1.D01=SI;R1.D02=NO;R2.D01=SI;R2.D02=SI;R2.D03=NO,MUNICIPIO30223,MUNICIPIO_SIN_CN_TRAB,Si,No,30223,,Regla 2 coherente para validaciones implementadas.
GPA-001__R2-002__R1-002__0037,GPA-001__R2-002__R1-002,02_inputs_xml_flat/GPA-001__R2-002__R1-002__0037.xml,PASS,INFO,R1.D01=SI;R1.D02=NO;R2.D01=SI;R2.D02=SI;R2.D03=NO,MUNICIPIO30221,MUNICIPIO_SIN_CN_TRAB,Si,No,30221,,Regla 2 coherente para validaciones implementadas.
GPA-001__R2-002__R1-002__0038,GPA-001__R2-002__R1-002,02_inputs_xml_flat/GPA-001__R2-002__R1-002__0038.xml,PASS,INFO,R1.D01=SI;R1.D02=NO;R2.D01=SI;R2.D02=SI;R2.D03=NO,MUNICIPIO30222,MUNICIPIO_SIN_CN_TRAB,Si,No,30222,,Regla 2 coherente para validaciones implementadas.
GPA-001__R2-002__R1-002__0039,GPA-001__R2-002__R1-002,02_inputs_xml_flat/GPA-001__R2-002__R1-002__0039.xml,PASS,INFO,R1.D01=SI;R1.D02=NO;R2.D01=SI;R2.D02=SI;R2.D03=NO,MUNICIPIO30223,MUNICIPIO_SIN_CN_TRAB,Si,No,30223,,Regla 2 coherente para validaciones implementadas.
GPA-001__R2-002__R1-002__0040,GPA-001__R2-002__R1-002,02_inputs_xml_flat/GPA-001__R2-002__R1-002__0040.xml,PASS,INFO,R1.D01=SI;R1.D02=NO;R2.D01=SI;R2.D02=SI;R2.D03=NO,MUNICIPIO30221,MUNICIPIO_SIN_CN_TRAB,Si,No,30221,,Regla 2 coherente para validaciones implementadas.
GPA-001__R2-002__R1-002__0041,GPA-001__R2-002__R1-002,02_inputs_xml_flat/GPA-001__R2-002__R1-002__0041.xml,PASS,INFO,R1.D01=SI;R1.D02=NO;R2.D01=SI;R2.D02=SI;R2.D03=NO,MUNICIPIO30222,MUNICIPIO_SIN_CN_TRAB,Si,No,30222,,Regla 2 coherente para validaciones implementadas.
GPA-001__R2-002__R1-002__0042,GPA-001__R2-002__R1-002,02_inputs_xml_flat/GPA-001__R2-002__R1-002__0042.xml,PASS,INFO,R1.D01=SI;R1.D02=NO;R2.D01=SI;R2.D02=SI;R2.D03=NO,MUNICIPIO30223,MUNICIPIO_SIN_CN_TRAB,Si,No,30223,,Regla 2 coherente para validaciones implementadas.
GPA-001__R2-002__R1-002__0043,GPA-001__R2-002__R1-002,02_inputs_xml_flat/GPA-001__R2-002__R1-002__0043.xml,PASS,INFO,R1.D01=SI;R1.D02=NO;R2.D01=SI;R2.D02=SI;R2.D03=NO,MUNICIPIO30221,MUNICIPIO_SIN_CN_TRAB,Si,No,30221,,Regla 2 coherente para validaciones implementadas.
GPA-001__R2-002__R1-002__0044,GPA-001__R2-002__R1-002,02_inputs_xml_flat/GPA-001__R2-002__R1-002__0044.xml,PASS,INFO,R1.D01=SI;R1.D02=NO;R2.D01=SI;R2.D02=SI;R2.D03=NO,MUNICIPIO30222,MUNICIPIO_SIN_CN_TRAB,Si,No,30222,,Regla 2 coherente para validaciones implementadas.
GPA-001__R2-002__R1-002__0045,GPA-001__R2-002__R1-002,02_inputs_xml_flat/GPA-001__R2-002__R1-002__0045.xml,PASS,INFO,R1.D01=SI;R1.D02=NO;R2.D01=SI;R2.D02=SI;R2.D03=NO,MUNICIPIO30223,MUNICIPIO_SIN_CN_TRAB,Si,No,30223,,Regla 2 coherente para validaciones implementadas.
GPA-001__R2-002__R1-002__0046,GPA-001__R2-002__R1-002,02_inputs_xml_flat/GPA-001__R2-002__R1-002__0046.xml,PASS,INFO,R1.D01=SI;R1.D02=NO;R2.D01=SI;R2.D02=SI;R2.D03=NO,MUNICIPIO30221,MUNICIPIO_SIN_CN_TRAB,Si,No,30221,,Regla 2 coherente para validaciones implementadas.
GPA-001__R2-002__R1-002__0047,GPA-001__R2-002__R1-002,02_inputs_xml_flat/GPA-001__R2-002__R1-002__0047.xml,PASS,INFO,R1.D01=SI;R1.D02=NO;R2.D01=SI;R2.D02=SI;R2.D03=NO,MUNICIPIO30222,MUNICIPIO_SIN_CN_TRAB,Si,No,30222,,Regla 2 coherente para validaciones implementadas.
GPA-001__R2-002__R1-002__0048,GPA-001__R2-002__R1-002,02_inputs_xml_flat/GPA-001__R2-002__R1-002__0048.xml,PASS,INFO,R1.D01=SI;R1.D02=NO;R2.D01=SI;R2.D02=SI;R2.D03=NO,MUNICIPIO30223,MUNICIPIO_SIN_CN_TRAB,Si,No,30223,,Regla 2 coherente para validaciones implementadas.
GPA-001__R2-002__R1-002__0049,GPA-001__R2-002__R1-002,02_inputs_xml_flat/GPA-001__R2-002__R1-002__0049.xml,PASS,INFO,R1.D01=SI;R1.D02=NO;R2.D01=SI;R2.D02=SI;R2.D03=NO,MUNICIPIO30221,MUNICIPIO_SIN_CN_TRAB,Si,No,30221,,Regla 2 coherente para validaciones implementadas.
GPA-001__R2-002__R1-002__0050,GPA-001__R2-002__R1-002,02_inputs_xml_flat/GPA-001__R2-002__R1-002__0050.xml,PASS,INFO,R1.D01=SI;R1.D02=NO;R2.D01=SI;R2.D02=SI;R2.D03=NO,MUNICIPIO30222,MUNICIPIO_SIN_CN_TRAB,Si,No,30222,,Regla 2 coherente para validaciones implementadas.
GPA-001__R2-002__R1-002__0051,GPA-001__R2-002__R1-002,02_inputs_xml_flat/GPA-001__R2-002__R1-002__0051.xml,PASS,INFO,R1.D01=SI;R1.D02=NO;R2.D01=SI;R2.D02=SI;R2.D03=NO,MUNICIPIO30223,MUNICIPIO_SIN_CN_TRAB,Si,No,30223,,Regla 2 coherente para validaciones implementadas.
GPA-001__R2-002__R1-002__0052,GPA-001__R2-002__R1-002,02_inputs_xml_flat/GPA-001__R2-002__R1-002__0052.xml,PASS,INFO,R1.D01=SI;R1.D02=NO;R2.D01=SI;R2.D02=SI;R2.D03=NO,MUNICIPIO30221,MUNICIPIO_SIN_CN_TRAB,Si,No,30221,,Regla 2 coherente para validaciones implementadas.
GPA-001__R2-002__R1-002__0053,GPA-001__R2-002__R1-002,02_inputs_xml_flat/GPA-001__R2-002__R1-002__0053.xml,PASS,INFO,R1.D01=SI;R1.D02=NO;R2.D01=SI;R2.D02=SI;R2.D03=NO,MUNICIPIO30222,MUNICIPIO_SIN_CN_TRAB,Si,No,30222,,Regla 2 coherente para validaciones implementadas.
GPA-001__R2-002__R1-002__0054,GPA-001__R2-002__R1-002,02_inputs_xml_flat/GPA-001__R2-002__R1-002__0054.xml,PASS,INFO,R1.D01=SI;R1.D02=NO;R2.D01=SI;R2.D02=SI;R2.D03=NO,MUNICIPIO30223,MUNICIPIO_SIN_CN_TRAB,Si,No,30223,,Regla 2 coherente para validaciones implementadas.
GPA-001__R2-002__R1-002__0055,GPA-001__R2-002__R1-002,02_inputs_xml_flat/GPA-001__R2-002__R1-002__0055.xml,PASS,INFO,R1.D01=SI;R1.D02=NO;R2.D01=SI;R2.D02=SI;R2.D03=NO,MUNICIPIO30221,MUNICIPIO_SIN_CN_TRAB,Si,No,30221,,Regla 2 coherente para validaciones implementadas.
GPA-001__R2-002__R1-002__0056,GPA-001__R2-002__R1-002,02_inputs_xml_flat/GPA-001__R2-002__R1-002__0056.xml,PASS,INFO,R1.D01=SI;R1.D02=NO;R2.D01=SI;R2.D02=SI;R2.D03=NO,MUNICIPIO30222,MUNICIPIO_SIN_CN_TRAB,Si,No,30222,,Regla 2 coherente para validaciones implementadas.
GPA-001__R2-002__R1-002__0057,GPA-001__R2-002__R1-002,02_inputs_xml_flat/GPA-001__R2-002__R1-002__0057.xml,PASS,INFO,R1.D01=SI;R1.D02=NO;R2.D01=SI;R2.D02=SI;R2.D03=NO,MUNICIPIO30223,MUNICIPIO_SIN_CN_TRAB,Si,No,30223,,Regla 2 coherente para validaciones implementadas.
GPA-001__R2-002__R1-002__0058,GPA-001__R2-002__R1-002,02_inputs_xml_flat/GPA-001__R2-002__R1-002__0058.xml,PASS,INFO,R1.D01=SI;R1.D02=NO;R2.D01=SI;R2.D02=SI;R2.D03=NO,MUNICIPIO30221,MUNICIPIO_SIN_CN_TRAB,Si,No,30221,,Regla 2 coherente para validaciones implementadas.
GPA-001__R2-002__R1-002__0059,GPA-001__R2-002__R1-002,02_inputs_xml_flat/GPA-001__R2-002__R1-002__0059.xml,PASS,INFO,R1.D01=SI;R1.D02=NO;R2.D01=SI;R2.D02=SI;R2.D03=NO,MUNICIPIO30222,MUNICIPIO_SIN_CN_TRAB,Si,No,30222,,Regla 2 coherente para validaciones implementadas.
GPA-001__R2-002__R1-002__0060,GPA-001__R2-002__R1-002,02_inputs_xml_flat/GPA-001__R2-002__R1-002__0060.xml,PASS,INFO,R1.D01=SI;R1.D02=NO;R2.D01=SI;R2.D02=SI;R2.D03=NO,MUNICIPIO30223,MUNICIPIO_SIN_CN_TRAB,Si,No,30223,,Regla 2 coherente para validaciones implementadas.
GPA-001__R2-002__R1-002__0061,GPA-001__R2-002__R1-002,02_inputs_xml_flat/GPA-001__R2-002__R1-002__0061.xml,PASS,INFO,R1.D01=SI;R1.D02=NO;R2.D01=SI;R2.D02=SI;R2.D03=NO,MUNICIPIO30221,MUNICIPIO_SIN_CN_TRAB,Si,No,30221,,Regla 2 coherente para validaciones implementadas.
GPA-001__R2-002__R1-002__0062,GPA-001__R2-002__R1-002,02_inputs_xml_flat/GPA-001__R2-002__R1-002__0062.xml,PASS,INFO,R1.D01=SI;R1.D02=NO;R2.D01=SI;R2.D02=SI;R2.D03=NO,MUNICIPIO30222,MUNICIPIO_SIN_CN_TRAB,Si,No,30222,,Regla 2 coherente para validaciones implementadas.
GPA-001__R2-002__R1-002__0063,GPA-001__R2-002__R1-002,02_inputs_xml_flat/GPA-001__R2-002__R1-002__0063.xml,PASS,INFO,R1.D01=SI;R1.D02=NO;R2.D01=SI;R2.D02=SI;R2.D03=NO,MUNICIPIO30223,MUNICIPIO_SIN_CN_TRAB,Si,No,30223,,Regla 2 coherente para validaciones implementadas.
GPA-001__R2-002__R1-002__0064,GPA-001__R2-002__R1-002,02_inputs_xml_flat/GPA-001__R2-002__R1-002__0064.xml,PASS,INFO,R1.D01=SI;R1.D02=NO;R2.D01=SI;R2.D02=SI;R2.D03=NO,MUNICIPIO30221,MUNICIPIO_SIN_CN_TRAB,Si,No,30221,,Regla 2 coherente para validaciones implementadas.
GPA-001__R2-002__R1-002__0065,GPA-001__R2-002__R1-002,02_inputs_xml_flat/GPA-001__R2-002__R1-002__0065.xml,PASS,INFO,R1.D01=SI;R1.D02=NO;R2.D01=SI;R2.D02=SI;R2.D03=NO,MUNICIPIO30222,MUNICIPIO_SIN_CN_TRAB,Si,No,30222,,Regla 2 coherente para validaciones implementadas.
GPA-001__R2-002__R1-002__0066,GPA-001__R2-002__R1-002,02_inputs_xml_flat/GPA-001__R2-002__R1-002__0066.xml,PASS,INFO,R1.D01=SI;R1.D02=NO;R2.D01=SI;R2.D02=SI;R2.D03=NO,MUNICIPIO30223,MUNICIPIO_SIN_CN_TRAB,Si,No,30223,,Regla 2 coherente para validaciones implementadas.
GPA-001__R2-002__R1-002__0067,GPA-001__R2-002__R1-002,02_inputs_xml_flat/GPA-001__R2-002__R1-002__0067.xml,PASS,INFO,R1.D01=SI;R1.D02=NO;R2.D01=SI;R2.D02=SI;R2.D03=NO,MUNICIPIO30221,MUNICIPIO_SIN_CN_TRAB,Si,No,30221,,Regla 2 coherente para validaciones implementadas.
GPA-001__R2-002__R1-002__0068,GPA-001__R2-002__R1-002,02_inputs_xml_flat/GPA-001__R2-002__R1-002__0068.xml,PASS,INFO,R1.D01=SI;R1.D02=NO;R2.D01=SI;R2.D02=SI;R2.D03=NO,MUNICIPIO30222,MUNICIPIO_SIN_CN_TRAB,Si,No,30222,,Regla 2 coherente para validaciones implementadas.
GPA-001__R2-002__R1-002__0069,GPA-001__R2-002__R1-002,02_inputs_xml_flat/GPA-001__R2-002__R1-002__0069.xml,PASS,INFO,R1.D01=SI;R1.D02=NO;R2.D01=SI;R2.D02=SI;R2.D03=NO,MUNICIPIO30223,MUNICIPIO_SIN_CN_TRAB,Si,No,30223,,Regla 2 coherente para validaciones implementadas.
GPA-001__R2-002__R1-002__0070,GPA-001__R2-002__R1-002,02_inputs_xml_flat/GPA-001__R2-002__R1-002__0070.xml,PASS,INFO,R1.D01=SI;R1.D02=NO;R2.D01=SI;R2.D02=SI;R2.D03=NO,MUNICIPIO30221,MUNICIPIO_SIN_CN_TRAB,Si,No,30221,,Regla 2 coherente para validaciones implementadas.
GPA-001__R2-002__R1-002__0071,GPA-001__R2-002__R1-002,02_inputs_xml_flat/GPA-001__R2-002__R1-002__0071.xml,PASS,INFO,R1.D01=SI;R1.D02=NO;R2.D01=SI;R2.D02=SI;R2.D03=NO,MUNICIPIO30222,MUNICIPIO_SIN_CN_TRAB,Si,No,30222,,Regla 2 coherente para validaciones implementadas.
GPA-001__R2-002__R1-002__0072,GPA-001__R2-002__R1-002,02_inputs_xml_flat/GPA-001__R2-002__R1-002__0072.xml,PASS,INFO,R1.D01=SI;R1.D02=NO;R2.D01=SI;R2.D02=SI;R2.D03=NO,MUNICIPIO30223,MUNICIPIO_SIN_CN_TRAB,Si,No,30223,,Regla 2 coherente para validaciones implementadas.
GPA-001__R2-002__R1-002__0073,GPA-001__R2-002__R1-002,02_inputs_xml_flat/GPA-001__R2-002__R1-002__0073.xml,PASS,INFO,R1.D01=SI;R1.D02=NO;R2.D01=SI;R2.D02=SI;R2.D03=NO,MUNICIPIO30221,MUNICIPIO_SIN_CN_TRAB,Si,No,30221,,Regla 2 coherente para validaciones implementadas.
GPA-001__R2-002__R1-002__0074,GPA-001__R2-002__R1-002,02_inputs_xml_flat/GPA-001__R2-002__R1-002__0074.xml,PASS,INFO,R1.D01=SI;R1.D02=NO;R2.D01=SI;R2.D02=SI;R2.D03=NO,MUNICIPIO30222,MUNICIPIO_SIN_CN_TRAB,Si,No,30222,,Regla 2 coherente para validaciones implementadas.
GPA-001__R2-002__R1-002__0075,GPA-001__R2-002__R1-002,02_inputs_xml_flat/GPA-001__R2-002__R1-002__0075.xml,PASS,INFO,R1.D01=SI;R1.D02=NO;R2.D01=SI;R2.D02=SI;R2.D03=NO,MUNICIPIO30223,MUNICIPIO_SIN_CN_TRAB,Si,No,30223,,Regla 2 coherente para validaciones implementadas.
GPA-001__R2-002__R1-002__0076,GPA-001__R2-002__R1-002,02_inputs_xml_flat/GPA-001__R2-002__R1-002__0076.xml,PASS,INFO,R1.D01=SI;R1.D02=NO;R2.D01=SI;R2.D02=SI;R2.D03=NO,MUNICIPIO30221,MUNICIPIO_SIN_CN_TRAB,Si,No,30221,,Regla 2 coherente para validaciones implementadas.
GPA-001__R2-002__R1-002__0077,GPA-001__R2-002__R1-002,02_inputs_xml_flat/GPA-001__R2-002__R1-002__0077.xml,PASS,INFO,R1.D01=SI;R1.D02=NO;R2.D01=SI;R2.D02=SI;R2.D03=NO,MUNICIPIO30222,MUNICIPIO_SIN_CN_TRAB,Si,No,30222,,Regla 2 coherente para validaciones implementadas.
GPA-001__R2-002__R1-002__0078,GPA-001__R2-002__R1-002,02_inputs_xml_flat/GPA-001__R2-002__R1-002__0078.xml,PASS,INFO,R1.D01=SI;R1.D02=NO;R2.D01=SI;R2.D02=SI;R2.D03=NO,MUNICIPIO30223,MUNICIPIO_SIN_CN_TRAB,Si,No,30223,,Regla 2 coherente para validaciones implementadas.
GPA-001__R2-002__R1-002__0079,GPA-001__R2-002__R1-002,02_inputs_xml_flat/GPA-001__R2-002__R1-002__0079.xml,PASS,INFO,R1.D01=SI;R1.D02=NO;R2.D01=SI;R2.D02=SI;R2.D03=NO,MUNICIPIO30221,MUNICIPIO_SIN_CN_TRAB,Si,No,30221,,Regla 2 coherente para validaciones implementadas.
GPA-001__R2-002__R1-002__0080,GPA-001__R2-002__R1-002,02_inputs_xml_flat/GPA-001__R2-002__R1-002__0080.xml,PASS,INFO,R1.D01=SI;R1.D02=NO;R2.D01=SI;R2.D02=SI;R2.D03=NO,MUNICIPIO30222,MUNICIPIO_SIN_CN_TRAB,Si,No,30222,,Regla 2 coherente para validaciones implementadas.
GPA-001__R2-002__R1-002__0081,GPA-001__R2-002__R1-002,02_inputs_xml_flat/GPA-001__R2-002__R1-002__0081.xml,PASS,INFO,R1.D01=SI;R1.D02=NO;R2.D01=SI;R2.D02=SI;R2.D03=NO,MUNICIPIO30223,MUNICIPIO_SIN_CN_TRAB,Si,No,30223,,Regla 2 coherente para validaciones implementadas.
GPA-001__R2-002__R1-002__0082,GPA-001__R2-002__R1-002,02_inputs_xml_flat/GPA-001__R2-002__R1-002__0082.xml,PASS,INFO,R1.D01=SI;R1.D02=NO;R2.D01=SI;R2.D02=SI;R2.D03=NO,MUNICIPIO30221,MUNICIPIO_SIN_CN_TRAB,Si,No,30221,,Regla 2 coherente para validaciones implementadas.
GPA-001__R2-002__R1-002__0083,GPA-001__R2-002__R1-002,02_inputs_xml_flat/GPA-001__R2-002__R1-002__0083.xml,PASS,INFO,R1.D01=SI;R1.D02=NO;R2.D01=SI;R2.D02=SI;R2.D03=NO,MUNICIPIO30222,MUNICIPIO_SIN_CN_TRAB,Si,No,30222,,Regla 2 coherente para validaciones implementadas.
GPA-001__R2-002__R1-002__0084,GPA-001__R2-002__R1-002,02_inputs_xml_flat/GPA-001__R2-002__R1-002__0084.xml,PASS,INFO,R1.D01=SI;R1.D02=NO;R2.D01=SI;R2.D02=SI;R2.D03=NO,MUNICIPIO30223,MUNICIPIO_SIN_CN_TRAB,Si,No,30223,,Regla 2 coherente para validaciones implementadas.
GPA-001__R2-002__R1-002__0085,GPA-001__R2-002__R1-002,02_inputs_xml_flat/GPA-001__R2-002__R1-002__0085.xml,PASS,INFO,R1.D01=SI;R1.D02=NO;R2.D01=SI;R2.D02=SI;R2.D03=NO,MUNICIPIO30221,MUNICIPIO_SIN_CN_TRAB,Si,No,30221,,Regla 2 coherente para validaciones implementadas.
GPA-001__R2-002__R1-002__0086,GPA-001__R2-002__R1-002,02_inputs_xml_flat/GPA-001__R2-002__R1-002__0086.xml,PASS,INFO,R1.D01=SI;R1.D02=NO;R2.D01=SI;R2.D02=SI;R2.D03=NO,MUNICIPIO30222,MUNICIPIO_SIN_CN_TRAB,Si,No,30222,,Regla 2 coherente para validaciones implementadas.
GPA-001__R2-002__R1-002__0087,GPA-001__R2-002__R1-002,02_inputs_xml_flat/GPA-001__R2-002__R1-002__0087.xml,PASS,INFO,R1.D01=SI;R1.D02=NO;R2.D01=SI;R2.D02=SI;R2.D03=NO,MUNICIPIO30223,MUNICIPIO_SIN_CN_TRAB,Si,No,30223,,Regla 2 coherente para validaciones implementadas.
GPA-001__R2-002__R1-002__0088,GPA-001__R2-002__R1-002,02_inputs_xml_flat/GPA-001__R2-002__R1-002__0088.xml,PASS,INFO,R1.D01=SI;R1.D02=NO;R2.D01=SI;R2.D02=SI;R2.D03=NO,MUNICIPIO30221,MUNICIPIO_SIN_CN_TRAB,Si,No,30221,,Regla 2 coherente para validaciones implementadas.
GPA-001__R2-002__R1-002__0089,GPA-001__R2-002__R1-002,02_inputs_xml_flat/GPA-001__R2-002__R1-002__0089.xml,PASS,INFO,R1.D01=SI;R1.D02=NO;R2.D01=SI;R2.D02=SI;R2.D03=NO,MUNICIPIO30222,MUNICIPIO_SIN_CN_TRAB,Si,No,30222,,Regla 2 coherente para validaciones implementadas.
GPA-001__R2-002__R1-002__0090,GPA-001__R2-002__R1-002,02_inputs_xml_flat/GPA-001__R2-002__R1-002__0090.xml,PASS,INFO,R1.D01=SI;R1.D02=NO;R2.D01=SI;R2.D02=SI;R2.D03=NO,MUNICIPIO30223,MUNICIPIO_SIN_CN_TRAB,Si,No,30223,,Regla 2 coherente para validaciones implementadas.
GPA-001__R2-002__R1-002__0091,GPA-001__R2-002__R1-002,02_inputs_xml_flat/GPA-001__R2-002__R1-002__0091.xml,PASS,INFO,R1.D01=SI;R1.D02=NO;R2.D01=SI;R2.D02=SI;R2.D03=NO,MUNICIPIO30221,MUNICIPIO_SIN_CN_TRAB,Si,No,30221,,Regla 2 coherente para validaciones implementadas.
GPA-001__R2-002__R1-002__0092,GPA-001__R2-002__R1-002,02_inputs_xml_flat/GPA-001__R2-002__R1-002__0092.xml,PASS,INFO,R1.D01=SI;R1.D02=NO;R2.D01=SI;R2.D02=SI;R2.D03=NO,MUNICIPIO30222,MUNICIPIO_SIN_CN_TRAB,Si,No,30222,,Regla 2 coherente para validaciones implementadas.
GPA-001__R2-002__R1-002__0093,GPA-001__R2-002__R1-002,02_inputs_xml_flat/GPA-001__R2-002__R1-002__0093.xml,PASS,INFO,R1.D01=SI;R1.D02=NO;R2.D01=SI;R2.D02=SI;R2.D03=NO,MUNICIPIO30223,MUNICIPIO_SIN_CN_TRAB,Si,No,30223,,Regla 2 coherente para validaciones implementadas.
GPA-001__R2-002__R1-002__0094,GPA-001__R2-002__R1-002,02_inputs_xml_flat/GPA-001__R2-002__R1-002__0094.xml,PASS,INFO,R1.D01=SI;R1.D02=NO;R2.D01=SI;R2.D02=SI;R2.D03=NO,MUNICIPIO30221,MUNICIPIO_SIN_CN_TRAB,Si,No,30221,,Regla 2 coherente para validaciones implementadas.
GPA-001__R2-002__R1-002__0095,GPA-001__R2-002__R1-002,02_inputs_xml_flat/GPA-001__R2-002__R1-002__0095.xml,PASS,INFO,R1.D01=SI;R1.D02=NO;R2.D01=SI;R2.D02=SI;R2.D03=NO,MUNICIPIO30222,MUNICIPIO_SIN_CN_TRAB,Si,No,30222,,Regla 2 coherente para validaciones implementadas.
GPA-001__R2-002__R1-002__0096,GPA-001__R2-002__R1-002,02_inputs_xml_flat/GPA-001__R2-002__R1-002__0096.xml,PASS,INFO,R1.D01=SI;R1.D02=NO;R2.D01=SI;R2.D02=SI;R2.D03=NO,MUNICIPIO30223,MUNICIPIO_SIN_CN_TRAB,Si,No,30223,,Regla 2 coherente para validaciones implementadas.
GPA-001__R2-002__R1-002__0097,GPA-001__R2-002__R1-002,02_inputs_xml_flat/GPA-001__R2-002__R1-002__0097.xml,PASS,INFO,R1.D01=SI;R1.D02=NO;R2.D01=SI;R2.D02=SI;R2.D03=NO,MUNICIPIO30221,MUNICIPIO_SIN_CN_TRAB,Si,No,30221,,Regla 2 coherente para validaciones implementadas.
GPA-001__R2-002__R1-002__0098,GPA-001__R2-002__R1-002,02_inputs_xml_flat/GPA-001__R2-002__R1-002__0098.xml,PASS,INFO,R1.D01=SI;R1.D02=NO;R2.D01=SI;R2.D02=SI;R2.D03=NO,MUNICIPIO30222,MUNICIPIO_SIN_CN_TRAB,Si,No,30222,,Regla 2 coherente para validaciones implementadas.
GPA-001__R2-002__R1-002__0099,GPA-001__R2-002__R1-002,02_inputs_xml_flat/GPA-001__R2-002__R1-002__0099.xml,PASS,INFO,R1.D01=SI;R1.D02=NO;R2.D01=SI;R2.D02=SI;R2.D03=NO,MUNICIPIO30223,MUNICIPIO_SIN_CN_TRAB,Si,No,30223,,Regla 2 coherente para validaciones implementadas.
GPA-001__R2-002__R1-002__0100,GPA-001__R2-002__R1-002,02_inputs_xml_flat/GPA-001__R2-002__R1-002__0100.xml,PASS,INFO,R1.D01=SI;R1.D02=NO;R2.D01=SI;R2.D02=SI;R2.D03=NO,MUNICIPIO30221,MUNICIPIO_SIN_CN_TRAB,Si,No,30221,,Regla 2 coherente para validaciones implementadas.
GPA-001__R2-002__R1-002__0101,GPA-001__R2-002__R1-002,02_inputs_xml_flat/GPA-001__R2-002__R1-002__0101.xml,PASS,INFO,R1.D01=SI;R1.D02=NO;R2.D01=SI;R2.D02=SI;R2.D03=NO,MUNICIPIO30222,MUNICIPIO_SIN_CN_TRAB,Si,No,30222,,Regla 2 coherente para validaciones implementadas.
GPA-001__R2-002__R1-002__0102,GPA-001__R2-002__R1-002,02_inputs_xml_flat/GPA-001__R2-002__R1-002__0102.xml,PASS,INFO,R1.D01=SI;R1.D02=NO;R2.D01=SI;R2.D02=SI;R2.D03=NO,MUNICIPIO30223,MUNICIPIO_SIN_CN_TRAB,Si,No,30223,,Regla 2 coherente para validaciones implementadas.
GPA-001__R2-002__R1-002__0103,GPA-001__R2-002__R1-002,02_inputs_xml_flat/GPA-001__R2-002__R1-002__0103.xml,PASS,INFO,R1.D01=SI;R1.D02=NO;R2.D01=SI;R2.D02=SI;R2.D03=NO,MUNICIPIO30221,MUNICIPIO_SIN_CN_TRAB,Si,No,30221,,Regla 2 coherente para validaciones implementadas.
GPA-001__R2-002__R1-002__0104,GPA-001__R2-002__R1-002,02_inputs_xml_flat/GPA-001__R2-002__R1-002__0104.xml,PASS,INFO,R1.D01=SI;R1.D02=NO;R2.D01=SI;R2.D02=SI;R2.D03=NO,MUNICIPIO30222,MUNICIPIO_SIN_CN_TRAB,Si,No,30222,,Regla 2 coherente para validaciones implementadas.
GPA-001__R2-002__R1-002__0105,GPA-001__R2-002__R1-002,02_inputs_xml_flat/GPA-001__R2-002__R1-002__0105.xml,PASS,INFO,R1.D01=SI;R1.D02=NO;R2.D01=SI;R2.D02=SI;R2.D03=NO,MUNICIPIO30223,MUNICIPIO_SIN_CN_TRAB,Si,No,30223,,Regla 2 coherente para validaciones implementadas.
GPA-001__R2-002__R1-002__0106,GPA-001__R2-002__R1-002,02_inputs_xml_flat/GPA-001__R2-002__R1-002__0106.xml,PASS,INFO,R1.D01=SI;R1.D02=NO;R2.D01=SI;R2.D02=SI;R2.D03=NO,MUNICIPIO30221,MUNICIPIO_SIN_CN_TRAB,Si,No,30221,,Regla 2 coherente para validaciones implementadas.
GPA-001__R2-002__R1-002__0107,GPA-001__R2-002__R1-002,02_inputs_xml_flat/GPA-001__R2-002__R1-002__0107.xml,PASS,INFO,R1.D01=SI;R1.D02=NO;R2.D01=SI;R2.D02=SI;R2.D03=NO,MUNICIPIO30222,MUNICIPIO_SIN_CN_TRAB,Si,No,30222,,Regla 2 coherente para validaciones implementadas.
GPA-001__R2-002__R1-002__0108,GPA-001__R2-002__R1-002,02_inputs_xml_flat/GPA-001__R2-002__R1-002__0108.xml,PASS,INFO,R1.D01=SI;R1.D02=NO;R2.D01=SI;R2.D02=SI;R2.D03=NO,MUNICIPIO30223,MUNICIPIO_SIN_CN_TRAB,Si,No,30223,,Regla 2 coherente para validaciones implementadas.
GPA-001__R2-002__R1-002__0109,GPA-001__R2-002__R1-002,02_inputs_xml_flat/GPA-001__R2-002__R1-002__0109.xml,PASS,INFO,R1.D01=SI;R1.D02=NO;R2.D01=SI;R2.D02=SI;R2.D03=NO,MUNICIPIO30221,MUNICIPIO_SIN_CN_TRAB,Si,No,30221,,Regla 2 coherente para validaciones implementadas.
GPA-001__R2-002__R1-002__0110,GPA-001__R2-002__R1-002,02_inputs_xml_flat/GPA-001__R2-002__R1-002__0110.xml,PASS,INFO,R1.D01=SI;R1.D02=NO;R2.D01=SI;R2.D02=SI;R2.D03=NO,MUNICIPIO30222,MUNICIPIO_SIN_CN_TRAB,Si,No,30222,,Regla 2 coherente para validaciones implementadas.
GPA-001__R2-002__R1-002__0111,GPA-001__R2-002__R1-002,02_inputs_xml_flat/GPA-001__R2-002__R1-002__0111.xml,PASS,INFO,R1.D01=SI;R1.D02=NO;R2.D01=SI;R2.D02=SI;R2.D03=NO,MUNICIPIO30223,MUNICIPIO_SIN_CN_TRAB,Si,No,30223,,Regla 2 coherente para validaciones implementadas.
GPA-001__R2-002__R1-002__0112,GPA-001__R2-002__R1-002,02_inputs_xml_flat/GPA-001__R2-002__R1-002__0112.xml,PASS,INFO,R1.D01=SI;R1.D02=NO;R2.D01=SI;R2.D02=SI;R2.D03=NO,MUNICIPIO30221,MUNICIPIO_SIN_CN_TRAB,Si,No,30221,,Regla 2 coherente para validaciones implementadas.
GPA-001__R2-002__R1-002__0113,GPA-001__R2-002__R1-002,02_inputs_xml_flat/GPA-001__R2-002__R1-002__0113.xml,PASS,INFO,R1.D01=SI;R1.D02=NO;R2.D01=SI;R2.D02=SI;R2.D03=NO,MUNICIPIO30222,MUNICIPIO_SIN_CN_TRAB,Si,No,30222,,Regla 2 coherente para validaciones implementadas.
GPA-001__R2-002__R1-002__0114,GPA-001__R2-002__R1-002,02_inputs_xml_flat/GPA-001__R2-002__R1-002__0114.xml,PASS,INFO,R1.D01=SI;R1.D02=NO;R2.D01=SI;R2.D02=SI;R2.D03=NO,MUNICIPIO30223,MUNICIPIO_SIN_CN_TRAB,Si,No,30223,,Regla 2 coherente para validaciones implementadas.
GPA-001__R2-002__R1-002__0115,GPA-001__R2-002__R1-002,02_inputs_xml_flat/GPA-001__R2-002__R1-002__0115.xml,PASS,INFO,R1.D01=SI;R1.D02=NO;R2.D01=SI;R2.D02=SI;R2.D03=NO,MUNICIPIO30221,MUNICIPIO_SIN_CN_TRAB,Si,No,30221,,Regla 2 coherente para validaciones implementadas.
GPA-001__R2-002__R1-002__0116,GPA-001__R2-002__R1-002,02_inputs_xml_flat/GPA-001__R2-002__R1-002__0116.xml,PASS,INFO,R1.D01=SI;R1.D02=NO;R2.D01=SI;R2.D02=SI;R2.D03=NO,MUNICIPIO30222,MUNICIPIO_SIN_CN_TRAB,Si,No,30222,,Regla 2 coherente para validaciones implementadas.
GPA-001__R2-002__R1-002__0117,GPA-001__R2-002__R1-002,02_inputs_xml_flat/GPA-001__R2-002__R1-002__0117.xml,PASS,INFO,R1.D01=SI;R1.D02=NO;R2.D01=SI;R2.D02=SI;R2.D03=NO,MUNICIPIO30223,MUNICIPIO_SIN_CN_TRAB,Si,No,30223,,Regla 2 coherente para validaciones implementadas.
GPA-001__R2-002__R1-002__0118,GPA-001__R2-002__R1-002,02_inputs_xml_flat/GPA-001__R2-002__R1-002__0118.xml,PASS,INFO,R1.D01=SI;R1.D02=NO;R2.D01=SI;R2.D02=SI;R2.D03=NO,MUNICIPIO30221,MUNICIPIO_SIN_CN_TRAB,Si,No,30221,,Regla 2 coherente para validaciones implementadas.
GPA-001__R2-002__R1-002__0119,GPA-001__R2-002__R1-002,02_inputs_xml_flat/GPA-001__R2-002__R1-002__0119.xml,PASS,INFO,R1.D01=SI;R1.D02=NO;R2.D01=SI;R2.D02=SI;R2.D03=NO,MUNICIPIO30222,MUNICIPIO_SIN_CN_TRAB,Si,No,30222,,Regla 2 coherente para validaciones implementadas.
GPA-001__R2-002__R1-002__0120,GPA-001__R2-002__R1-002,02_inputs_xml_flat/GPA-001__R2-002__R1-002__0120.xml,PASS,INFO,R1.D01=SI;R1.D02=NO;R2.D01=SI;R2.D02=SI;R2.D03=NO,MUNICIPIO30223,MUNICIPIO_SIN_CN_TRAB,Si,No,30223,,Regla 2 coherente para validaciones implementadas.
GPA-001__R2-002__R1-002__0121,GPA-001__R2-002__R1-002,02_inputs_xml_flat/GPA-001__R2-002__R1-002__0121.xml,PASS,INFO,R1.D01=SI;R1.D02=NO;R2.D01=SI;R2.D02=SI;R2.D03=NO,MUNICIPIO30221,MUNICIPIO_SIN_CN_TRAB,Si,No,30221,,Regla 2 coherente para validaciones implementadas.
GPA-001__R2-002__R1-002__0122,GPA-001__R2-002__R1-002,02_inputs_xml_flat/GPA-001__R2-002__R1-002__0122.xml,PASS,INFO,R1.D01=SI;R1.D02=NO;R2.D01=SI;R2.D02=SI;R2.D03=NO,MUNICIPIO30222,MUNICIPIO_SIN_CN_TRAB,Si,No,30222,,Regla 2 coherente para validaciones implementadas.
GPA-001__R2-002__R1-002__0123,GPA-001__R2-002__R1-002,02_inputs_xml_flat/GPA-001__R2-002__R1-002__0123.xml,PASS,INFO,R1.D01=SI;R1.D02=NO;R2.D01=SI;R2.D02=SI;R2.D03=NO,MUNICIPIO30223,MUNICIPIO_SIN_CN_TRAB,Si,No,30223,,Regla 2 coherente para validaciones implementadas.
GPA-001__R2-002__R1-002__0124,GPA-001__R2-002__R1-002,02_inputs_xml_flat/GPA-001__R2-002__R1-002__0124.xml,PASS,INFO,R1.D01=SI;R1.D02=NO;R2.D01=SI;R2.D02=SI;R2.D03=NO,MUNICIPIO30221,MUNICIPIO_SIN_CN_TRAB,Si,No,30221,,Regla 2 coherente para validaciones implementadas.
GPA-001__R2-002__R1-002__0125,GPA-001__R2-002__R1-002,02_inputs_xml_flat/GPA-001__R2-002__R1-002__0125.xml,PASS,INFO,R1.D01=SI;R1.D02=NO;R2.D01=SI;R2.D02=SI;R2.D03=NO,MUNICIPIO30222,MUNICIPIO_SIN_CN_TRAB,Si,No,30222,,Regla 2 coherente para validaciones implementadas.
GPA-001__R2-002__R1-002__0126,GPA-001__R2-002__R1-002,02_inputs_xml_flat/GPA-001__R2-002__R1-002__0126.xml,PASS,INFO,R1.D01=SI;R1.D02=NO;R2.D01=SI;R2.D02=SI;R2.D03=NO,MUNICIPIO30223,MUNICIPIO_SIN_CN_TRAB,Si,No,30223,,Regla 2 coherente para validaciones implementadas.
GPA-001__R2-002__R1-002__0127,GPA-001__R2-002__R1-002,02_inputs_xml_flat/GPA-001__R2-002__R1-002__0127.xml,PASS,INFO,R1.D01=SI;R1.D02=NO;R2.D01=SI;R2.D02=SI;R2.D03=NO,MUNICIPIO30221,MUNICIPIO_SIN_CN_TRAB,Si,No,30221,,Regla 2 coherente para validaciones implementadas.
GPA-001__R2-002__R1-002__0128,GPA-001__R2-002__R1-002,02_inputs_xml_flat/GPA-001__R2-002__R1-002__0128.xml,PASS,INFO,R1.D01=SI;R1.D02=NO;R2.D01=SI;R2.D02=SI;R2.D03=NO,MUNICIPIO30222,MUNICIPIO_SIN_CN_TRAB,Si,No,30222,,Regla 2 coherente para validaciones implementadas.
GPA-001__R2-002__R1-002__0129,GPA-001__R2-002__R1-002,02_inputs_xml_flat/GPA-001__R2-002__R1-002__0129.xml,PASS,INFO,R1.D01=SI;R1.D02=NO;R2.D01=SI;R2.D02=SI;R2.D03=NO,MUNICIPIO30223,MUNICIPIO_SIN_CN_TRAB,Si,No,30223,,Regla 2 coherente para validaciones implementadas.
GPA-001__R2-002__R1-002__0130,GPA-001__R2-002__R1-002,02_inputs_xml_flat/GPA-001__R2-002__R1-002__0130.xml,PASS,INFO,R1.D01=SI;R1.D02=NO;R2.D01=SI;R2.D02=SI;R2.D03=NO,MUNICIPIO30221,MUNICIPIO_SIN_CN_TRAB,Si,No,30221,,Regla 2 coherente para validaciones implementadas.
GPA-001__R2-002__R1-002__0131,GPA-001__R2-002__R1-002,02_inputs_xml_flat/GPA-001__R2-002__R1-002__0131.xml,PASS,INFO,R1.D01=SI;R1.D02=NO;R2.D01=SI;R2.D02=SI;R2.D03=NO,MUNICIPIO30222,MUNICIPIO_SIN_CN_TRAB,Si,No,30222,,Regla 2 coherente para validaciones implementadas.
GPA-001__R2-002__R1-002__0132,GPA-001__R2-002__R1-002,02_inputs_xml_flat/GPA-001__R2-002__R1-002__0132.xml,PASS,INFO,R1.D01=SI;R1.D02=NO;R2.D01=SI;R2.D02=SI;R2.D03=NO,MUNICIPIO30223,MUNICIPIO_SIN_CN_TRAB,Si,No,30223,,Regla 2 coherente para validaciones implementadas.
GPA-001__R2-002__R1-002__0133,GPA-001__R2-002__R1-002,02_inputs_xml_flat/GPA-001__R2-002__R1-002__0133.xml,PASS,INFO,R1.D01=SI;R1.D02=NO;R2.D01=SI;R2.D02=SI;R2.D03=NO,MUNICIPIO30221,MUNICIPIO_SIN_CN_TRAB,Si,No,30221,,Regla 2 coherente para validaciones implementadas.
GPA-001__R2-002__R1-002__0134,GPA-001__R2-002__R1-002,02_inputs_xml_flat/GPA-001__R2-002__R1-002__0134.xml,PASS,INFO,R1.D01=SI;R1.D02=NO;R2.D01=SI;R2.D02=SI;R2.D03=NO,MUNICIPIO30222,MUNICIPIO_SIN_CN_TRAB,Si,No,30222,,Regla 2 coherente para validaciones implementadas.
GPA-001__R2-002__R1-002__0135,GPA-001__R2-002__R1-002,02_inputs_xml_flat/GPA-001__R2-002__R1-002__0135.xml,PASS,INFO,R1.D01=SI;R1.D02=NO;R2.D01=SI;R2.D02=SI;R2.D03=NO,MUNICIPIO30223,MUNICIPIO_SIN_CN_TRAB,Si,No,30223,,Regla 2 coherente para validaciones implementadas.
GPA-001__R2-002__R1-002__0136,GPA-001__R2-002__R1-002,02_inputs_xml_flat/GPA-001__R2-002__R1-002__0136.xml,PASS,INFO,R1.D01=SI;R1.D02=NO;R2.D01=SI;R2.D02=SI;R2.D03=NO,MUNICIPIO30221,MUNICIPIO_SIN_CN_TRAB,Si,No,30221,,Regla 2 coherente para validaciones implementadas.
GPA-001__R2-002__R1-002__0137,GPA-001__R2-002__R1-002,02_inputs_xml_flat/GPA-001__R2-002__R1-002__0137.xml,PASS,INFO,R1.D01=SI;R1.D02=NO;R2.D01=SI;R2.D02=SI;R2.D03=NO,MUNICIPIO30222,MUNICIPIO_SIN_CN_TRAB,Si,No,30222,,Regla 2 coherente para validaciones implementadas.
GPA-001__R2-002__R1-002__0138,GPA-001__R2-002__R1-002,02_inputs_xml_flat/GPA-001__R2-002__R1-002__0138.xml,PASS,INFO,R1.D01=SI;R1.D02=NO;R2.D01=SI;R2.D02=SI;R2.D03=NO,MUNICIPIO30223,MUNICIPIO_SIN_CN_TRAB,Si,No,30223,,Regla 2 coherente para validaciones implementadas.
GPA-001__R2-002__R1-002__0139,GPA-001__R2-002__R1-002,02_inputs_xml_flat/GPA-001__R2-002__R1-002__0139.xml,PASS,INFO,R1.D01=SI;R1.D02=NO;R2.D01=SI;R2.D02=SI;R2.D03=NO,MUNICIPIO30221,MUNICIPIO_SIN_CN_TRAB,Si,No,30221,,Regla 2 coherente para validaciones implementadas.
GPA-001__R2-002__R1-002__0140,GPA-001__R2-002__R1-002,02_inputs_xml_flat/GPA-001__R2-002__R1-002__0140.xml,PASS,INFO,R1.D01=SI;R1.D02=NO;R2.D01=SI;R2.D02=SI;R2.D03=NO,MUNICIPIO30222,MUNICIPIO_SIN_CN_TRAB,Si,No,30222,,Regla 2 coherente para validaciones implementadas.
GPA-001__R2-002__R1-002__0141,GPA-001__R2-002__R1-002,02_inputs_xml_flat/GPA-001__R2-002__R1-002__0141.xml,PASS,INFO,R1.D01=SI;R1.D02=NO;R2.D01=SI;R2.D02=SI;R2.D03=NO,MUNICIPIO30223,MUNICIPIO_SIN_CN_TRAB,Si,No,30223,,Regla 2 coherente para validaciones implementadas.
GPA-001__R2-002__R1-002__0142,GPA-001__R2-002__R1-002,02_inputs_xml_flat/GPA-001__R2-002__R1-002__0142.xml,PASS,INFO,R1.D01=SI;R1.D02=NO;R2.D01=SI;R2.D02=SI;R2.D03=NO,MUNICIPIO30221,MUNICIPIO_SIN_CN_TRAB,Si,No,30221,,Regla 2 coherente para validaciones implementadas.
GPA-001__R2-002__R1-002__0143,GPA-001__R2-002__R1-002,02_inputs_xml_flat/GPA-001__R2-002__R1-002__0143.xml,PASS,INFO,R1.D01=SI;R1.D02=NO;R2.D01=SI;R2.D02=SI;R2.D03=NO,MUNICIPIO30222,MUNICIPIO_SIN_CN_TRAB,Si,No,30222,,Regla 2 coherente para validaciones implementadas.
GPA-001__R2-002__R1-002__0144,GPA-001__R2-002__R1-002,02_inputs_xml_flat/GPA-001__R2-002__R1-002__0144.xml,PASS,INFO,R1.D01=SI;R1.D02=NO;R2.D01=SI;R2.D02=SI;R2.D03=NO,MUNICIPIO30223,MUNICIPIO_SIN_CN_TRAB,Si,No,30223,,Regla 2 coherente para validaciones implementadas.
GPA-001__R2-002__R1-002__0145,GPA-001__R2-002__R1-002,02_inputs_xml_flat/GPA-001__R2-002__R1-002__0145.xml,PASS,INFO,R1.D01=SI;R1.D02=NO;R2.D01=SI;R2.D02=SI;R2.D03=NO,MUNICIPIO30221,MUNICIPIO_SIN_CN_TRAB,Si,No,30221,,Regla 2 coherente para validaciones implementadas.
GPA-001__R2-002__R1-002__0146,GPA-001__R2-002__R1-002,02_inputs_xml_flat/GPA-001__R2-002__R1-002__0146.xml,PASS,INFO,R1.D01=SI;R1.D02=NO;R2.D01=SI;R2.D02=SI;R2.D03=NO,MUNICIPIO30222,MUNICIPIO_SIN_CN_TRAB,Si,No,30222,,Regla 2 coherente para validaciones implementadas.
GPA-001__R2-002__R1-002__0147,GPA-001__R2-002__R1-002,02_inputs_xml_flat/GPA-001__R2-002__R1-002__0147.xml,PASS,INFO,R1.D01=SI;R1.D02=NO;R2.D01=SI;R2.D02=SI;R2.D03=NO,MUNICIPIO30223,MUNICIPIO_SIN_CN_TRAB,Si,No,30223,,Regla 2 coherente para validaciones implementadas.
GPA-001__R2-002__R1-002__0148,GPA-001__R2-002__R1-002,02_inputs_xml_flat/GPA-001__R2-002__R1-002__0148.xml,PASS,INFO,R1.D01=SI;R1.D02=NO;R2.D01=SI;R2.D02=SI;R2.D03=NO,MUNICIPIO30221,MUNICIPIO_SIN_CN_TRAB,Si,No,30221,,Regla 2 coherente para validaciones implementadas.
GPA-001__R2-002__R1-002__0149,GPA-001__R2-002__R1-002,02_inputs_xml_flat/GPA-001__R2-002__R1-002__0149.xml,PASS,INFO,R1.D01=SI;R1.D02=NO;R2.D01=SI;R2.D02=SI;R2.D03=NO,MUNICIPIO30222,MUNICIPIO_SIN_CN_TRAB,Si,No,30222,,Regla 2 coherente para validaciones implementadas.
GPA-001__R2-002__R1-002__0150,GPA-001__R2-002__R1-002,02_inputs_xml_flat/GPA-001__R2-002__R1-002__0150.xml,PASS,INFO,R1.D01=SI;R1.D02=NO;R2.D01=SI;R2.D02=SI;R2.D03=NO,MUNICIPIO30223,MUNICIPIO_SIN_CN_TRAB,Si,No,30223,,Regla 2 coherente para validaciones implementadas.
GPA-001__R2-002__R1-002__0151,GPA-001__R2-002__R1-002,02_inputs_xml_flat/GPA-001__R2-002__R1-002__0151.xml,PASS,INFO,R1.D01=SI;R1.D02=NO;R2.D01=SI;R2.D02=SI;R2.D03=NO,MUNICIPIO30221,MUNICIPIO_SIN_CN_TRAB,Si,No,30221,,Regla 2 coherente para validaciones implementadas.
GPA-001__R2-002__R1-002__0152,GPA-001__R2-002__R1-002,02_inputs_xml_flat/GPA-001__R2-002__R1-002__0152.xml,PASS,INFO,R1.D01=SI;R1.D02=NO;R2.D01=SI;R2.D02=SI;R2.D03=NO,MUNICIPIO30222,MUNICIPIO_SIN_CN_TRAB,Si,No,30222,,Regla 2 coherente para validaciones implementadas.
GPA-001__R2-002__R1-002__0153,GPA-001__R2-002__R1-002,02_inputs_xml_flat/GPA-001__R2-002__R1-002__0153.xml,PASS,INFO,R1.D01=SI;R1.D02=NO;R2.D01=SI;R2.D02=SI;R2.D03=NO,MUNICIPIO30223,MUNICIPIO_SIN_CN_TRAB,Si,No,30223,,Regla 2 coherente para validaciones implementadas.
GPA-001__R2-002__R1-002__0154,GPA-001__R2-002__R1-002,02_inputs_xml_flat/GPA-001__R2-002__R1-002__0154.xml,PASS,INFO,R1.D01=SI;R1.D02=NO;R2.D01=SI;R2.D02=SI;R2.D03=NO,MUNICIPIO30221,MUNICIPIO_SIN_CN_TRAB,Si,No,30221,,Regla 2 coherente para validaciones implementadas.
GPA-001__R2-002__R1-002__0155,GPA-001__R2-002__R1-002,02_inputs_xml_flat/GPA-001__R2-002__R1-002__0155.xml,PASS,INFO,R1.D01=SI;R1.D02=NO;R2.D01=SI;R2.D02=SI;R2.D03=NO,MUNICIPIO30222,MUNICIPIO_SIN_CN_TRAB,Si,No,30222,,Regla 2 coherente para validaciones implementadas.
GPA-001__R2-002__R1-002__0156,GPA-001__R2-002__R1-002,02_inputs_xml_flat/GPA-001__R2-002__R1-002__0156.xml,PASS,INFO,R1.D01=SI;R1.D02=NO;R2.D01=SI;R2.D02=SI;R2.D03=NO,MUNICIPIO30223,MUNICIPIO_SIN_CN_TRAB,Si,No,30223,,Regla 2 coherente para validaciones implementadas.
GPA-001__R2-002__R1-002__0157,GPA-001__R2-002__R1-002,02_inputs_xml_flat/GPA-001__R2-002__R1-002__0157.xml,PASS,INFO,R1.D01=SI;R1.D02=NO;R2.D01=SI;R2.D02=SI;R2.D03=NO,MUNICIPIO30221,MUNICIPIO_SIN_CN_TRAB,Si,No,30221,,Regla 2 coherente para validaciones implementadas.
GPA-001__R2-002__R1-002__0158,GPA-001__R2-002__R1-002,02_inputs_xml_flat/GPA-001__R2-002__R1-002__0158.xml,PASS,INFO,R1.D01=SI;R1.D02=NO;R2.D01=SI;R2.D02=SI;R2.D03=NO,MUNICIPIO30222,MUNICIPIO_SIN_CN_TRAB,Si,No,30222,,Regla 2 coherente para validaciones implementadas.
GPA-001__R2-002__R1-002__0159,GPA-001__R2-002__R1-002,02_inputs_xml_flat/GPA-001__R2-002__R1-002__0159.xml,PASS,INFO,R1.D01=SI;R1.D02=NO;R2.D01=SI;R2.D02=SI;R2.D03=NO,MUNICIPIO30223,MUNICIPIO_SIN_CN_TRAB,Si,No,30223,,Regla 2 coherente para validaciones implementadas.
GPA-001__R2-002__R1-002__0160,GPA-001__R2-002__R1-002,02_inputs_xml_flat/GPA-001__R2-002__R1-002__0160.xml,PASS,INFO,R1.D01=SI;R1.D02=NO;R2.D01=SI;R2.D02=SI;R2.D03=NO,MUNICIPIO30221,MUNICIPIO_SIN_CN_TRAB,Si,No,30221,,Regla 2 coherente para validaciones implementadas.
GPA-001__R2-002__R1-002__0161,GPA-001__R2-002__R1-002,02_inputs_xml_flat/GPA-001__R2-002__R1-002__0161.xml,PASS,INFO,R1.D01=SI;R1.D02=NO;R2.D01=SI;R2.D02=SI;R2.D03=NO,MUNICIPIO30222,MUNICIPIO_SIN_CN_TRAB,Si,No,30222,,Regla 2 coherente para validaciones implementadas.
GPA-001__R2-002__R1-002__0162,GPA-001__R2-002__R1-002,02_inputs_xml_flat/GPA-001__R2-002__R1-002__0162.xml,PASS,INFO,R1.D01=SI;R1.D02=NO;R2.D01=SI;R2.D02=SI;R2.D03=NO,MUNICIPIO30223,MUNICIPIO_SIN_CN_TRAB,Si,No,30223,,Regla 2 coherente para validaciones implementadas.
GPA-001__R2-002__R1-002__0163,GPA-001__R2-002__R1-002,02_inputs_xml_flat/GPA-001__R2-002__R1-002__0163.xml,PASS,INFO,R1.D01=SI;R1.D02=NO;R2.D01=SI;R2.D02=SI;R2.D03=NO,MUNICIPIO30221,MUNICIPIO_SIN_CN_TRAB,Si,No,30221,,Regla 2 coherente para validaciones implementadas.
GPA-001__R2-002__R1-002__0164,GPA-001__R2-002__R1-002,02_inputs_xml_flat/GPA-001__R2-002__R1-002__0164.xml,PASS,INFO,R1.D01=SI;R1.D02=NO;R2.D01=SI;R2.D02=SI;R2.D03=NO,MUNICIPIO30222,MUNICIPIO_SIN_CN_TRAB,Si,No,30222,,Regla 2 coherente para validaciones implementadas.
GPA-001__R2-002__R1-002__0165,GPA-001__R2-002__R1-002,02_inputs_xml_flat/GPA-001__R2-002__R1-002__0165.xml,PASS,INFO,R1.D01=SI;R1.D02=NO;R2.D01=SI;R2.D02=SI;R2.D03=NO,MUNICIPIO30223,MUNICIPIO_SIN_CN_TRAB,Si,No,30223,,Regla 2 coherente para validaciones implementadas.
GPA-001__R2-002__R1-002__0166,GPA-001__R2-002__R1-002,02_inputs_xml_flat/GPA-001__R2-002__R1-002__0166.xml,PASS,INFO,R1.D01=SI;R1.D02=NO;R2.D01=SI;R2.D02=SI;R2.D03=NO,MUNICIPIO30221,MUNICIPIO_SIN_CN_TRAB,Si,No,30221,,Regla 2 coherente para validaciones implementadas.
GPA-001__R2-002__R1-002__0167,GPA-001__R2-002__R1-002,02_inputs_xml_flat/GPA-001__R2-002__R1-002__0167.xml,PASS,INFO,R1.D01=SI;R1.D02=NO;R2.D01=SI;R2.D02=SI;R2.D03=NO,MUNICIPIO30222,MUNICIPIO_SIN_CN_TRAB,Si,No,30222,,Regla 2 coherente para validaciones implementadas.
GPA-001__R2-002__R1-002__0168,GPA-001__R2-002__R1-002,02_inputs_xml_flat/GPA-001__R2-002__R1-002__0168.xml,PASS,INFO,R1.D01=SI;R1.D02=NO;R2.D01=SI;R2.D02=SI;R2.D03=NO,MUNICIPIO30223,MUNICIPIO_SIN_CN_TRAB,Si,No,30223,,Regla 2 coherente para validaciones implementadas.
GPA-001__R2-002__R1-002__0169,GPA-001__R2-002__R1-002,02_inputs_xml_flat/GPA-001__R2-002__R1-002__0169.xml,PASS,INFO,R1.D01=SI;R1.D02=NO;R2.D01=SI;R2.D02=SI;R2.D03=NO,MUNICIPIO30221,MUNICIPIO_SIN_CN_TRAB,Si,No,30221,,Regla 2 coherente para validaciones implementadas.
GPA-001__R2-002__R1-002__0170,GPA-001__R2-002__R1-002,02_inputs_xml_flat/GPA-001__R2-002__R1-002__0170.xml,PASS,INFO,R1.D01=SI;R1.D02=NO;R2.D01=SI;R2.D02=SI;R2.D03=NO,MUNICIPIO30222,MUNICIPIO_SIN_CN_TRAB,Si,No,30222,,Regla 2 coherente para validaciones implementadas.
GPA-001__R2-002__R1-002__0171,GPA-001__R2-002__R1-002,02_inputs_xml_flat/GPA-001__R2-002__R1-002__0171.xml,PASS,INFO,R1.D01=SI;R1.D02=NO;R2.D01=SI;R2.D02=SI;R2.D03=NO,MUNICIPIO30223,MUNICIPIO_SIN_CN_TRAB,Si,No,30223,,Regla 2 coherente para validaciones implementadas.
GPA-001__R2-002__R1-002__0172,GPA-001__R2-002__R1-002,02_inputs_xml_flat/GPA-001__R2-002__R1-002__0172.xml,PASS,INFO,R1.D01=SI;R1.D02=NO;R2.D01=SI;R2.D02=SI;R2.D03=NO,MUNICIPIO30221,MUNICIPIO_SIN_CN_TRAB,Si,No,30221,,Regla 2 coherente para validaciones implementadas.
GPA-001__R2-002__R1-002__0173,GPA-001__R2-002__R1-002,02_inputs_xml_flat/GPA-001__R2-002__R1-002__0173.xml,PASS,INFO,R1.D01=SI;R1.D02=NO;R2.D01=SI;R2.D02=SI;R2.D03=NO,MUNICIPIO30222,MUNICIPIO_SIN_CN_TRAB,Si,No,30222,,Regla 2 coherente para validaciones implementadas.
GPA-001__R2-002__R1-002__0174,GPA-001__R2-002__R1-002,02_inputs_xml_flat/GPA-001__R2-002__R1-002__0174.xml,PASS,INFO,R1.D01=SI;R1.D02=NO;R2.D01=SI;R2.D02=SI;R2.D03=NO,MUNICIPIO30223,MUNICIPIO_SIN_CN_TRAB,Si,No,30223,,Regla 2 coherente para validaciones implementadas.
GPA-001__R2-002__R1-002__0175,GPA-001__R2-002__R1-002,02_inputs_xml_flat/GPA-001__R2-002__R1-002__0175.xml,PASS,INFO,R1.D01=SI;R1.D02=NO;R2.D01=SI;R2.D02=SI;R2.D03=NO,MUNICIPIO30221,MUNICIPIO_SIN_CN_TRAB,Si,No,30221,,Regla 2 coherente para validaciones implementadas.
GPA-001__R2-002__R1-002__0176,GPA-001__R2-002__R1-002,02_inputs_xml_flat/GPA-001__R2-002__R1-002__0176.xml,PASS,INFO,R1.D01=SI;R1.D02=NO;R2.D01=SI;R2.D02=SI;R2.D03=NO,MUNICIPIO30222,MUNICIPIO_SIN_CN_TRAB,Si,No,30222,,Regla 2 coherente para validaciones implementadas.
GPA-001__R2-002__R1-002__0177,GPA-001__R2-002__R1-002,02_inputs_xml_flat/GPA-001__R2-002__R1-002__0177.xml,PASS,INFO,R1.D01=SI;R1.D02=NO;R2.D01=SI;R2.D02=SI;R2.D03=NO,MUNICIPIO30223,MUNICIPIO_SIN_CN_TRAB,Si,No,30223,,Regla 2 coherente para validaciones implementadas.
GPA-001__R2-002__R1-002__0178,GPA-001__R2-002__R1-002,02_inputs_xml_flat/GPA-001__R2-002__R1-002__0178.xml,PASS,INFO,R1.D01=SI;R1.D02=NO;R2.D01=SI;R2.D02=SI;R2.D03=NO,MUNICIPIO30221,MUNICIPIO_SIN_CN_TRAB,Si,No,30221,,Regla 2 coherente para validaciones implementadas.
GPA-001__R2-002__R1-002__0179,GPA-001__R2-002__R1-002,02_inputs_xml_flat/GPA-001__R2-002__R1-002__0179.xml,PASS,INFO,R1.D01=SI;R1.D02=NO;R2.D01=SI;R2.D02=SI;R2.D03=NO,MUNICIPIO30222,MUNICIPIO_SIN_CN_TRAB,Si,No,30222,,Regla 2 coherente para validaciones implementadas.
GPA-001__R2-002__R1-002__0180,GPA-001__R2-002__R1-002,02_inputs_xml_flat/GPA-001__R2-002__R1-002__0180.xml,PASS,INFO,R1.D01=SI;R1.D02=NO;R2.D01=SI;R2.D02=SI;R2.D03=NO,MUNICIPIO30223,MUNICIPIO_SIN_CN_TRAB,Si,No,30223,,Regla 2 coherente para validaciones implementadas.
GPA-001__R2-002__R1-002__0181,GPA-001__R2-002__R1-002,02_inputs_xml_flat/GPA-001__R2-002__R1-002__0181.xml,PASS,INFO,R1.D01=SI;R1.D02=NO;R2.D01=SI;R2.D02=SI;R2.D03=NO,MUNICIPIO30221,MUNICIPIO_SIN_CN_TRAB,Si,No,30221,,Regla 2 coherente para validaciones implementadas.
GPA-001__R2-002__R1-002__0182,GPA-001__R2-002__R1-002,02_inputs_xml_flat/GPA-001__R2-002__R1-002__0182.xml,PASS,INFO,R1.D01=SI;R1.D02=NO;R2.D01=SI;R2.D02=SI;R2.D03=NO,MUNICIPIO30222,MUNICIPIO_SIN_CN_TRAB,Si,No,30222,,Regla 2 coherente para validaciones implementadas.
GPA-001__R2-002__R1-002__0183,GPA-001__R2-002__R1-002,02_inputs_xml_flat/GPA-001__R2-002__R1-002__0183.xml,PASS,INFO,R1.D01=SI;R1.D02=NO;R2.D01=SI;R2.D02=SI;R2.D03=NO,MUNICIPIO30223,MUNICIPIO_SIN_CN_TRAB,Si,No,30223,,Regla 2 coherente para validaciones implementadas.
GPA-001__R2-002__R1-002__0184,GPA-001__R2-002__R1-002,02_inputs_xml_flat/GPA-001__R2-002__R1-002__0184.xml,PASS,INFO,R1.D01=SI;R1.D02=NO;R2.D01=SI;R2.D02=SI;R2.D03=NO,MUNICIPIO30221,MUNICIPIO_SIN_CN_TRAB,Si,No,30221,,Regla 2 coherente para validaciones implementadas.
GPA-001__R2-002__R1-002__0185,GPA-001__R2-002__R1-002,02_inputs_xml_flat/GPA-001__R2-002__R1-002__0185.xml,PASS,INFO,R1.D01=SI;R1.D02=NO;R2.D01=SI;R2.D02=SI;R2.D03=NO,MUNICIPIO30222,MUNICIPIO_SIN_CN_TRAB,Si,No,30222,,Regla 2 coherente para validaciones implementadas.
GPA-001__R2-002__R1-002__0186,GPA-001__R2-002__R1-002,02_inputs_xml_flat/GPA-001__R2-002__R1-002__0186.xml,PASS,INFO,R1.D01=SI;R1.D02=NO;R2.D01=SI;R2.D02=SI;R2.D03=NO,MUNICIPIO30223,MUNICIPIO_SIN_CN_TRAB,Si,No,30223,,Regla 2 coherente para validaciones implementadas.
GPA-001__R2-002__R1-002__0187,GPA-001__R2-002__R1-002,02_inputs_xml_flat/GPA-001__R2-002__R1-002__0187.xml,PASS,INFO,R1.D01=SI;R1.D02=NO;R2.D01=SI;R2.D02=SI;R2.D03=NO,MUNICIPIO30221,MUNICIPIO_SIN_CN_TRAB,Si,No,30221,,Regla 2 coherente para validaciones implementadas.
GPA-001__R2-002__R1-002__0188,GPA-001__R2-002__R1-002,02_inputs_xml_flat/GPA-001__R2-002__R1-002__0188.xml,PASS,INFO,R1.D01=SI;R1.D02=NO;R2.D01=SI;R2.D02=SI;R2.D03=NO,MUNICIPIO30222,MUNICIPIO_SIN_CN_TRAB,Si,No,30222,,Regla 2 coherente para validaciones implementadas.
GPA-001__R2-002__R1-002__0189,GPA-001__R2-002__R1-002,02_inputs_xml_flat/GPA-001__R2-002__R1-002__0189.xml,PASS,INFO,R1.D01=SI;R1.D02=NO;R2.D01=SI;R2.D02=SI;R2.D03=NO,MUNICIPIO30223,MUNICIPIO_SIN_CN_TRAB,Si,No,30223,,Regla 2 coherente para validaciones implementadas.
GPA-001__R2-002__R1-002__0190,GPA-001__R2-002__R1-002,02_inputs_xml_flat/GPA-001__R2-002__R1-002__0190.xml,PASS,INFO,R1.D01=SI;R1.D02=NO;R2.D01=SI;R2.D02=SI;R2.D03=NO,MUNICIPIO30221,MUNICIPIO_SIN_CN_TRAB,Si,No,30221,,Regla 2 coherente para validaciones implementadas.
GPA-001__R2-002__R1-002__0191,GPA-001__R2-002__R1-002,02_inputs_xml_flat/GPA-001__R2-002__R1-002__0191.xml,PASS,INFO,R1.D01=SI;R1.D02=NO;R2.D01=SI;R2.D02=SI;R2.D03=NO,MUNICIPIO30222,MUNICIPIO_SIN_CN_TRAB,Si,No,30222,,Regla 2 coherente para validaciones implementadas.
GPA-001__R2-002__R1-002__0192,GPA-001__R2-002__R1-002,02_inputs_xml_flat/GPA-001__R2-002__R1-002__0192.xml,PASS,INFO,R1.D01=SI;R1.D02=NO;R2.D01=SI;R2.D02=SI;R2.D03=NO,MUNICIPIO30223,MUNICIPIO_SIN_CN_TRAB,Si,No,30223,,Regla 2 coherente para validaciones implementadas.
GPA-001__R2-002__R1-002__0193,GPA-001__R2-002__R1-002,02_inputs_xml_flat/GPA-001__R2-002__R1-002__0193.xml,PASS,INFO,R1.D01=SI;R1.D02=NO;R2.D01=SI;R2.D02=SI;R2.D03=NO,MUNICIPIO30221,MUNICIPIO_SIN_CN_TRAB,Si,No,30221,,Regla 2 coherente para validaciones implementadas.
GPA-001__R2-002__R1-002__0194,GPA-001__R2-002__R1-002,02_inputs_xml_flat/GPA-001__R2-002__R1-002__0194.xml,PASS,INFO,R1.D01=SI;R1.D02=NO;R2.D01=SI;R2.D02=SI;R2.D03=NO,MUNICIPIO30222,MUNICIPIO_SIN_CN_TRAB,Si,No,30222,,Regla 2 coherente para validaciones implementadas.
GPA-001__R2-002__R1-002__0195,GPA-001__R2-002__R1-002,02_inputs_xml_flat/GPA-001__R2-002__R1-002__0195.xml,PASS,INFO,R1.D01=SI;R1.D02=NO;R2.D01=SI;R2.D02=SI;R2.D03=NO,MUNICIPIO30223,MUNICIPIO_SIN_CN_TRAB,Si,No,30223,,Regla 2 coherente para validaciones implementadas.
GPA-001__R2-002__R1-002__0196,GPA-001__R2-002__R1-002,02_inputs_xml_flat/GPA-001__R2-002__R1-002__0196.xml,PASS,INFO,R1.D01=SI;R1.D02=NO;R2.D01=SI;R2.D02=SI;R2.D03=NO,MUNICIPIO30221,MUNICIPIO_SIN_CN_TRAB,Si,No,30221,,Regla 2 coherente para validaciones implementadas.
GPA-001__R2-002__R1-002__0197,GPA-001__R2-002__R1-002,02_inputs_xml_flat/GPA-001__R2-002__R1-002__0197.xml,PASS,INFO,R1.D01=SI;R1.D02=NO;R2.D01=SI;R2.D02=SI;R2.D03=NO,MUNICIPIO30222,MUNICIPIO_SIN_CN_TRAB,Si,No,30222,,Regla 2 coherente para validaciones implementadas.
GPA-001__R2-002__R1-002__0198,GPA-001__R2-002__R1-002,02_inputs_xml_flat/GPA-001__R2-002__R1-002__0198.xml,PASS,INFO,R1.D01=SI;R1.D02=NO;R2.D01=SI;R2.D02=SI;R2.D03=NO,MUNICIPIO30223,MUNICIPIO_SIN_CN_TRAB,Si,No,30223,,Regla 2 coherente para validaciones implementadas.
GPA-001__R2-002__R1-002__0199,GPA-001__R2-002__R1-002,02_inputs_xml_flat/GPA-001__R2-002__R1-002__0199.xml,PASS,INFO,R1.D01=SI;R1.D02=NO;R2.D01=SI;R2.D02=SI;R2.D03=NO,MUNICIPIO30221,MUNICIPIO_SIN_CN_TRAB,Si,No,30221,,Regla 2 coherente para validaciones implementadas.
GPA-001__R2-002__R1-002__0200,GPA-001__R2-002__R1-002,02_inputs_xml_flat/GPA-001__R2-002__R1-002__0200.xml,PASS,INFO,R1.D01=SI;R1.D02=NO;R2.D01=SI;R2.D02=SI;R2.D03=NO,MUNICIPIO30222,MUNICIPIO_SIN_CN_TRAB,Si,No,30222,,Regla 2 coherente para validaciones implementadas.
GPA-001__R2-002__R1-002__0201,GPA-001__R2-002__R1-002,02_inputs_xml_flat/GPA-001__R2-002__R1-002__0201.xml,PASS,INFO,R1.D01=SI;R1.D02=NO;R2.D01=SI;R2.D02=SI;R2.D03=NO,MUNICIPIO30223,MUNICIPIO_SIN_CN_TRAB,Si,No,30223,,Regla 2 coherente para validaciones implementadas.
GPA-001__R2-002__R1-002__0202,GPA-001__R2-002__R1-002,02_inputs_xml_flat/GPA-001__R2-002__R1-002__0202.xml,PASS,INFO,R1.D01=SI;R1.D02=NO;R2.D01=SI;R2.D02=SI;R2.D03=NO,MUNICIPIO30221,MUNICIPIO_SIN_CN_TRAB,Si,No,30221,,Regla 2 coherente para validaciones implementadas.
GPA-001__R2-002__R1-002__0203,GPA-001__R2-002__R1-002,02_inputs_xml_flat/GPA-001__R2-002__R1-002__0203.xml,PASS,INFO,R1.D01=SI;R1.D02=NO;R2.D01=SI;R2.D02=SI;R2.D03=NO,MUNICIPIO30222,MUNICIPIO_SIN_CN_TRAB,Si,No,30222,,Regla 2 coherente para validaciones implementadas.
GPA-001__R2-002__R1-002__0204,GPA-001__R2-002__R1-002,02_inputs_xml_flat/GPA-001__R2-002__R1-002__0204.xml,PASS,INFO,R1.D01=SI;R1.D02=NO;R2.D01=SI;R2.D02=SI;R2.D03=NO,MUNICIPIO30223,MUNICIPIO_SIN_CN_TRAB,Si,No,30223,,Regla 2 coherente para validaciones implementadas.
GPA-001__R2-002__R1-002__0205,GPA-001__R2-002__R1-002,02_inputs_xml_flat/GPA-001__R2-002__R1-002__0205.xml,PASS,INFO,R1.D01=SI;R1.D02=NO;R2.D01=SI;R2.D02=SI;R2.D03=NO,MUNICIPIO30221,MUNICIPIO_SIN_CN_TRAB,Si,No,30221,,Regla 2 coherente para validaciones implementadas.
GPA-001__R2-002__R1-002__0206,GPA-001__R2-002__R1-002,02_inputs_xml_flat/GPA-001__R2-002__R1-002__0206.xml,PASS,INFO,R1.D01=SI;R1.D02=NO;R2.D01=SI;R2.D02=SI;R2.D03=NO,MUNICIPIO30222,MUNICIPIO_SIN_CN_TRAB,Si,No,30222,,Regla 2 coherente para validaciones implementadas.
GPA-001__R2-002__R1-002__0207,GPA-001__R2-002__R1-002,02_inputs_xml_flat/GPA-001__R2-002__R1-002__0207.xml,PASS,INFO,R1.D01=SI;R1.D02=NO;R2.D01=SI;R2.D02=SI;R2.D03=NO,MUNICIPIO30223,MUNICIPIO_SIN_CN_TRAB,Si,No,30223,,Regla 2 coherente para validaciones implementadas.
GPA-001__R2-002__R1-002__0208,GPA-001__R2-002__R1-002,02_inputs_xml_flat/GPA-001__R2-002__R1-002__0208.xml,PASS,INFO,R1.D01=SI;R1.D02=NO;R2.D01=SI;R2.D02=SI;R2.D03=NO,MUNICIPIO30221,MUNICIPIO_SIN_CN_TRAB,Si,No,30221,,Regla 2 coherente para validaciones implementadas.
GPA-001__R2-002__R1-002__0209,GPA-001__R2-002__R1-002,02_inputs_xml_flat/GPA-001__R2-002__R1-002__0209.xml,PASS,INFO,R1.D01=SI;R1.D02=NO;R2.D01=SI;R2.D02=SI;R2.D03=NO,MUNICIPIO30222,MUNICIPIO_SIN_CN_TRAB,Si,No,30222,,Regla 2 coherente para validaciones implementadas.
GPA-001__R2-002__R1-002__0210,GPA-001__R2-002__R1-002,02_inputs_xml_flat/GPA-001__R2-002__R1-002__0210.xml,PASS,INFO,R1.D01=SI;R1.D02=NO;R2.D01=SI;R2.D02=SI;R2.D03=NO,MUNICIPIO30223,MUNICIPIO_SIN_CN_TRAB,Si,No,30223,,Regla 2 coherente para validaciones implementadas.
GPA-001__R2-002__R1-002__0211,GPA-001__R2-002__R1-002,02_inputs_xml_flat/GPA-001__R2-002__R1-002__0211.xml,PASS,INFO,R1.D01=SI;R1.D02=NO;R2.D01=SI;R2.D02=SI;R2.D03=NO,MUNICIPIO30221,MUNICIPIO_SIN_CN_TRAB,Si,No,30221,,Regla 2 coherente para validaciones implementadas.
GPA-001__R2-002__R1-002__0212,GPA-001__R2-002__R1-002,02_inputs_xml_flat/GPA-001__R2-002__R1-002__0212.xml,PASS,INFO,R1.D01=SI;R1.D02=NO;R2.D01=SI;R2.D02=SI;R2.D03=NO,MUNICIPIO30222,MUNICIPIO_SIN_CN_TRAB,Si,No,30222,,Regla 2 coherente para validaciones implementadas.
GPA-001__R2-002__R1-002__0213,GPA-001__R2-002__R1-002,02_inputs_xml_flat/GPA-001__R2-002__R1-002__0213.xml,PASS,INFO,R1.D01=SI;R1.D02=NO;R2.D01=SI;R2.D02=SI;R2.D03=NO,MUNICIPIO30223,MUNICIPIO_SIN_CN_TRAB,Si,No,30223,,Regla 2 coherente para validaciones implementadas.
GPA-001__R2-002__R1-002__0214,GPA-001__R2-002__R1-002,02_inputs_xml_flat/GPA-001__R2-002__R1-002__0214.xml,PASS,INFO,R1.D01=SI;R1.D02=NO;R2.D01=SI;R2.D02=SI;R2.D03=NO,MUNICIPIO30221,MUNICIPIO_SIN_CN_TRAB,Si,No,30221,,Regla 2 coherente para validaciones implementadas.
GPA-001__R2-002__R1-002__0215,GPA-001__R2-002__R1-002,02_inputs_xml_flat/GPA-001__R2-002__R1-002__0215.xml,PASS,INFO,R1.D01=SI;R1.D02=NO;R2.D01=SI;R2.D02=SI;R2.D03=NO,MUNICIPIO30222,MUNICIPIO_SIN_CN_TRAB,Si,No,30222,,Regla 2 coherente para validaciones implementadas.
GPA-001__R2-002__R1-002__0216,GPA-001__R2-002__R1-002,02_inputs_xml_flat/GPA-001__R2-002__R1-002__0216.xml,PASS,INFO,R1.D01=SI;R1.D02=NO;R2.D01=SI;R2.D02=SI;R2.D03=NO,MUNICIPIO30223,MUNICIPIO_SIN_CN_TRAB,Si,No,30223,,Regla 2 coherente para validaciones implementadas.
GPA-001__R2-002__R1-002__0217,GPA-001__R2-002__R1-002,02_inputs_xml_flat/GPA-001__R2-002__R1-002__0217.xml,PASS,INFO,R1.D01=SI;R1.D02=NO;R2.D01=SI;R2.D02=SI;R2.D03=NO,MUNICIPIO30221,MUNICIPIO_SIN_CN_TRAB,Si,No,30221,,Regla 2 coherente para validaciones implementadas.
GPA-001__R2-002__R1-002__0218,GPA-001__R2-002__R1-002,02_inputs_xml_flat/GPA-001__R2-002__R1-002__0218.xml,PASS,INFO,R1.D01=SI;R1.D02=NO;R2.D01=SI;R2.D02=SI;R2.D03=NO,MUNICIPIO30222,MUNICIPIO_SIN_CN_TRAB,Si,No,30222,,Regla 2 coherente para validaciones implementadas.
GPA-001__R2-002__R1-002__0219,GPA-001__R2-002__R1-002,02_inputs_xml_flat/GPA-001__R2-002__R1-002__0219.xml,PASS,INFO,R1.D01=SI;R1.D02=NO;R2.D01=SI;R2.D02=SI;R2.D03=NO,MUNICIPIO30223,MUNICIPIO_SIN_CN_TRAB,Si,No,30223,,Regla 2 coherente para validaciones implementadas.
GPA-001__R2-002__R1-002__0220,GPA-001__R2-002__R1-002,02_inputs_xml_flat/GPA-001__R2-002__R1-002__0220.xml,PASS,INFO,R1.D01=SI;R1.D02=NO;R2.D01=SI;R2.D02=SI;R2.D03=NO,MUNICIPIO30221,MUNICIPIO_SIN_CN_TRAB,Si,No,30221,,Regla 2 coherente para validaciones implementadas.
GPA-001__R2-002__R1-002__0221,GPA-001__R2-002__R1-002,02_inputs_xml_flat/GPA-001__R2-002__R1-002__0221.xml,PASS,INFO,R1.D01=SI;R1.D02=NO;R2.D01=SI;R2.D02=SI;R2.D03=NO,MUNICIPIO30222,MUNICIPIO_SIN_CN_TRAB,Si,No,30222,,Regla 2 coherente para validaciones implementadas.
GPA-001__R2-002__R1-002__0222,GPA-001__R2-002__R1-002,02_inputs_xml_flat/GPA-001__R2-002__R1-002__0222.xml,PASS,INFO,R1.D01=SI;R1.D02=NO;R2.D01=SI;R2.D02=SI;R2.D03=NO,MUNICIPIO30223,MUNICIPIO_SIN_CN_TRAB,Si,No,30223,,Regla 2 coherente para validaciones implementadas.
GPA-001__R2-002__R1-002__0223,GPA-001__R2-002__R1-002,02_inputs_xml_flat/GPA-001__R2-002__R1-002__0223.xml,PASS,INFO,R1.D01=SI;R1.D02=NO;R2.D01=SI;R2.D02=SI;R2.D03=NO,MUNICIPIO30221,MUNICIPIO_SIN_CN_TRAB,Si,No,30221,,Regla 2 coherente para validaciones implementadas.
GPA-001__R2-002__R1-002__0224,GPA-001__R2-002__R1-002,02_inputs_xml_flat/GPA-001__R2-002__R1-002__0224.xml,PASS,INFO,R1.D01=SI;R1.D02=NO;R2.D01=SI;R2.D02=SI;R2.D03=NO,MUNICIPIO30222,MUNICIPIO_SIN_CN_TRAB,Si,No,30222,,Regla 2 coherente para validaciones implementadas.
GPA-001__R2-002__R1-002__0225,GPA-001__R2-002__R1-002,02_inputs_xml_flat/GPA-001__R2-002__R1-002__0225.xml,PASS,INFO,R1.D01=SI;R1.D02=NO;R2.D01=SI;R2.D02=SI;R2.D03=NO,MUNICIPIO30223,MUNICIPIO_SIN_CN_TRAB,Si,No,30223,,Regla 2 coherente para validaciones implementadas.
GPA-001__R2-002__R1-002__0226,GPA-001__R2-002__R1-002,02_inputs_xml_flat/GPA-001__R2-002__R1-002__0226.xml,PASS,INFO,R1.D01=SI;R1.D02=NO;R2.D01=SI;R2.D02=SI;R2.D03=NO,MUNICIPIO30221,MUNICIPIO_SIN_CN_TRAB,Si,No,30221,,Regla 2 coherente para validaciones implementadas.
GPA-001__R2-002__R1-002__0227,GPA-001__R2-002__R1-002,02_inputs_xml_flat/GPA-001__R2-002__R1-002__0227.xml,PASS,INFO,R1.D01=SI;R1.D02=NO;R2.D01=SI;R2.D02=SI;R2.D03=NO,MUNICIPIO30222,MUNICIPIO_SIN_CN_TRAB,Si,No,30222,,Regla 2 coherente para validaciones implementadas.
GPA-001__R2-002__R1-002__0228,GPA-001__R2-002__R1-002,02_inputs_xml_flat/GPA-001__R2-002__R1-002__0228.xml,PASS,INFO,R1.D01=SI;R1.D02=NO;R2.D01=SI;R2.D02=SI;R2.D03=NO,MUNICIPIO30223,MUNICIPIO_SIN_CN_TRAB,Si,No,30223,,Regla 2 coherente para validaciones implementadas.
GPA-001__R2-002__R1-002__0229,GPA-001__R2-002__R1-002,02_inputs_xml_flat/GPA-001__R2-002__R1-002__0229.xml,PASS,INFO,R1.D01=SI;R1.D02=NO;R2.D01=SI;R2.D02=SI;R2.D03=NO,MUNICIPIO30221,MUNICIPIO_SIN_CN_TRAB,Si,No,30221,,Regla 2 coherente para validaciones implementadas.
GPA-001__R2-002__R1-002__0230,GPA-001__R2-002__R1-002,02_inputs_xml_flat/GPA-001__R2-002__R1-002__0230.xml,PASS,INFO,R1.D01=SI;R1.D02=NO;R2.D01=SI;R2.D02=SI;R2.D03=NO,MUNICIPIO30222,MUNICIPIO_SIN_CN_TRAB,Si,No,30222,,Regla 2 coherente para validaciones implementadas.
GPA-001__R2-002__R1-002__0231,GPA-001__R2-002__R1-002,02_inputs_xml_flat/GPA-001__R2-002__R1-002__0231.xml,PASS,INFO,R1.D01=SI;R1.D02=NO;R2.D01=SI;R2.D02=SI;R2.D03=NO,MUNICIPIO30223,MUNICIPIO_SIN_CN_TRAB,Si,No,30223,,Regla 2 coherente para validaciones implementadas.
GPA-001__R2-002__R1-002__0232,GPA-001__R2-002__R1-002,02_inputs_xml_flat/GPA-001__R2-002__R1-002__0232.xml,PASS,INFO,R1.D01=SI;R1.D02=NO;R2.D01=SI;R2.D02=SI;R2.D03=NO,MUNICIPIO30221,MUNICIPIO_SIN_CN_TRAB,Si,No,30221,,Regla 2 coherente para validaciones implementadas.
GPA-001__R2-002__R1-002__0233,GPA-001__R2-002__R1-002,02_inputs_xml_flat/GPA-001__R2-002__R1-002__0233.xml,PASS,INFO,R1.D01=SI;R1.D02=NO;R2.D01=SI;R2.D02=SI;R2.D03=NO,MUNICIPIO30222,MUNICIPIO_SIN_CN_TRAB,Si,No,30222,,Regla 2 coherente para validaciones implementadas.
GPA-001__R2-002__R1-002__0234,GPA-001__R2-002__R1-002,02_inputs_xml_flat/GPA-001__R2-002__R1-002__0234.xml,PASS,INFO,R1.D01=SI;R1.D02=NO;R2.D01=SI;R2.D02=SI;R2.D03=NO,MUNICIPIO30223,MUNICIPIO_SIN_CN_TRAB,Si,No,30223,,Regla 2 coherente para validaciones implementadas.
GPA-001__R2-002__R1-002__0235,GPA-001__R2-002__R1-002,02_inputs_xml_flat/GPA-001__R2-002__R1-002__0235.xml,PASS,INFO,R1.D01=SI;R1.D02=NO;R2.D01=SI;R2.D02=SI;R2.D03=NO,MUNICIPIO30221,MUNICIPIO_SIN_CN_TRAB,Si,No,30221,,Regla 2 coherente para validaciones implementadas.
GPA-001__R2-002__R1-002__0236,GPA-001__R2-002__R1-002,02_inputs_xml_flat/GPA-001__R2-002__R1-002__0236.xml,PASS,INFO,R1.D01=SI;R1.D02=NO;R2.D01=SI;R2.D02=SI;R2.D03=NO,MUNICIPIO30222,MUNICIPIO_SIN_CN_TRAB,Si,No,30222,,Regla 2 coherente para validaciones implementadas.
GPA-001__R2-002__R1-002__0237,GPA-001__R2-002__R1-002,02_inputs_xml_flat/GPA-001__R2-002__R1-002__0237.xml,PASS,INFO,R1.D01=SI;R1.D02=NO;R2.D01=SI;R2.D02=SI;R2.D03=NO,MUNICIPIO30223,MUNICIPIO_SIN_CN_TRAB,Si,No,30223,,Regla 2 coherente para validaciones implementadas.
GPA-001__R2-002__R1-002__0238,GPA-001__R2-002__R1-002,02_inputs_xml_flat/GPA-001__R2-002__R1-002__0238.xml,PASS,INFO,R1.D01=SI;R1.D02=NO;R2.D01=SI;R2.D02=SI;R2.D03=NO,MUNICIPIO30221,MUNICIPIO_SIN_CN_TRAB,Si,No,30221,,Regla 2 coherente para validaciones implementadas.
GPA-001__R2-002__R1-002__0239,GPA-001__R2-002__R1-002,02_inputs_xml_flat/GPA-001__R2-002__R1-002__0239.xml,PASS,INFO,R1.D01=SI;R1.D02=NO;R2.D01=SI;R2.D02=SI;R2.D03=NO,MUNICIPIO30222,MUNICIPIO_SIN_CN_TRAB,Si,No,30222,,Regla 2 coherente para validaciones implementadas.
GPA-001__R2-002__R1-002__0240,GPA-001__R2-002__R1-002,02_inputs_xml_flat/GPA-001__R2-002__R1-002__0240.xml,PASS,INFO,R1.D01=SI;R1.D02=NO;R2.D01=SI;R2.D02=SI;R2.D03=NO,MUNICIPIO30223,MUNICIPIO_SIN_CN_TRAB,Si,No,30223,,Regla 2 coherente para validaciones implementadas.
GPA-001__R2-002__R1-002__0241,GPA-001__R2-002__R1-002,02_inputs_xml_flat/GPA-001__R2-002__R1-002__0241.xml,PASS,INFO,R1.D01=SI;R1.D02=NO;R2.D01=SI;R2.D02=SI;R2.D03=NO,MUNICIPIO30221,MUNICIPIO_SIN_CN_TRAB,Si,No,30221,,Regla 2 coherente para validaciones implementadas.
GPA-001__R2-002__R1-002__0242,GPA-001__R2-002__R1-002,02_inputs_xml_flat/GPA-001__R2-002__R1-002__0242.xml,PASS,INFO,R1.D01=SI;R1.D02=NO;R2.D01=SI;R2.D02=SI;R2.D03=NO,MUNICIPIO30222,MUNICIPIO_SIN_CN_TRAB,Si,No,30222,,Regla 2 coherente para validaciones implementadas.
GPA-001__R2-002__R1-002__0243,GPA-001__R2-002__R1-002,02_inputs_xml_flat/GPA-001__R2-002__R1-002__0243.xml,PASS,INFO,R1.D01=SI;R1.D02=NO;R2.D01=SI;R2.D02=SI;R2.D03=NO,MUNICIPIO30223,MUNICIPIO_SIN_CN_TRAB,Si,No,30223,,Regla 2 coherente para validaciones implementadas.
GPA-001__R2-002__R1-002__0244,GPA-001__R2-002__R1-002,02_inputs_xml_flat/GPA-001__R2-002__R1-002__0244.xml,PASS,INFO,R1.D01=SI;R1.D02=NO;R2.D01=SI;R2.D02=SI;R2.D03=NO,MUNICIPIO30221,MUNICIPIO_SIN_CN_TRAB,Si,No,30221,,Regla 2 coherente para validaciones implementadas.
GPA-001__R2-002__R1-002__0245,GPA-001__R2-002__R1-002,02_inputs_xml_flat/GPA-001__R2-002__R1-002__0245.xml,PASS,INFO,R1.D01=SI;R1.D02=NO;R2.D01=SI;R2.D02=SI;R2.D03=NO,MUNICIPIO30222,MUNICIPIO_SIN_CN_TRAB,Si,No,30222,,Regla 2 coherente para validaciones implementadas.
GPA-001__R2-002__R1-002__0246,GPA-001__R2-002__R1-002,02_inputs_xml_flat/GPA-001__R2-002__R1-002__0246.xml,PASS,INFO,R1.D01=SI;R1.D02=NO;R2.D01=SI;R2.D02=SI;R2.D03=NO,MUNICIPIO30223,MUNICIPIO_SIN_CN_TRAB,Si,No,30223,,Regla 2 coherente para validaciones implementadas.
GPA-001__R2-002__R1-002__0247,GPA-001__R2-002__R1-002,02_inputs_xml_flat/GPA-001__R2-002__R1-002__0247.xml,PASS,INFO,R1.D01=SI;R1.D02=NO;R2.D01=SI;R2.D02=SI;R2.D03=NO,MUNICIPIO30221,MUNICIPIO_SIN_CN_TRAB,Si,No,30221,,Regla 2 coherente para validaciones implementadas.
GPA-001__R2-002__R1-002__0248,GPA-001__R2-002__R1-002,02_inputs_xml_flat/GPA-001__R2-002__R1-002__0248.xml,PASS,INFO,R1.D01=SI;R1.D02=NO;R2.D01=SI;R2.D02=SI;R2.D03=NO,MUNICIPIO30222,MUNICIPIO_SIN_CN_TRAB,Si,No,30222,,Regla 2 coherente para validaciones implementadas.
GPA-001__R2-002__R1-002__0249,GPA-001__R2-002__R1-002,02_inputs_xml_flat/GPA-001__R2-002__R1-002__0249.xml,PASS,INFO,R1.D01=SI;R1.D02=NO;R2.D01=SI;R2.D02=SI;R2.D03=NO,MUNICIPIO30223,MUNICIPIO_SIN_CN_TRAB,Si,No,30223,,Regla 2 coherente para validaciones implementadas.
GPA-001__R2-002__R1-002__0250,GPA-001__R2-002__R1-002,02_inputs_xml_flat/GPA-001__R2-002__R1-002__0250.xml,PASS,INFO,R1.D01=SI;R1.D02=NO;R2.D01=SI;R2.D02=SI;R2.D03=NO,MUNICIPIO30221,MUNICIPIO_SIN_CN_TRAB,Si,No,30221,,Regla 2 coherente para validaciones implementadas.
GPA-001__R2-002__R1-002__0251,GPA-001__R2-002__R1-002,02_inputs_xml_flat/GPA-001__R2-002__R1-002__0251.xml,PASS,INFO,R1.D01=SI;R1.D02=NO;R2.D01=SI;R2.D02=SI;R2.D03=NO,MUNICIPIO30222,MUNICIPIO_SIN_CN_TRAB,Si,No,30222,,Regla 2 coherente para validaciones implementadas.
GPA-001__R2-002__R1-002__0252,GPA-001__R2-002__R1-002,02_inputs_xml_flat/GPA-001__R2-002__R1-002__0252.xml,PASS,INFO,R1.D01=SI;R1.D02=NO;R2.D01=SI;R2.D02=SI;R2.D03=NO,MUNICIPIO30223,MUNICIPIO_SIN_CN_TRAB,Si,No,30223,,Regla 2 coherente para validaciones implementadas.
GPA-001__R2-002__R1-002__0253,GPA-001__R2-002__R1-002,02_inputs_xml_flat/GPA-001__R2-002__R1-002__0253.xml,PASS,INFO,R1.D01=SI;R1.D02=NO;R2.D01=SI;R2.D02=SI;R2.D03=NO,MUNICIPIO30221,MUNICIPIO_SIN_CN_TRAB,Si,No,30221,,Regla 2 coherente para validaciones implementadas.
GPA-001__R2-002__R1-002__0254,GPA-001__R2-002__R1-002,02_inputs_xml_flat/GPA-001__R2-002__R1-002__0254.xml,PASS,INFO,R1.D01=SI;R1.D02=NO;R2.D01=SI;R2.D02=SI;R2.D03=NO,MUNICIPIO30222,MUNICIPIO_SIN_CN_TRAB,Si,No,30222,,Regla 2 coherente para validaciones implementadas.
GPA-001__R2-002__R1-002__0255,GPA-001__R2-002__R1-002,02_inputs_xml_flat/GPA-001__R2-002__R1-002__0255.xml,PASS,INFO,R1.D01=SI;R1.D02=NO;R2.D01=SI;R2.D02=SI;R2.D03=NO,MUNICIPIO30223,MUNICIPIO_SIN_CN_TRAB,Si,No,30223,,Regla 2 coherente para validaciones implementadas.
GPA-001__R2-002__R1-002__0256,GPA-001__R2-002__R1-002,02_inputs_xml_flat/GPA-001__R2-002__R1-002__0256.xml,PASS,INFO,R1.D01=SI;R1.D02=NO;R2.D01=SI;R2.D02=SI;R2.D03=NO,MUNICIPIO30221,MUNICIPIO_SIN_CN_TRAB,Si,No,30221,,Regla 2 coherente para validaciones implementadas.
GPA-001__R2-002__R1-002__0257,GPA-001__R2-002__R1-002,02_inputs_xml_flat/GPA-001__R2-002__R1-002__0257.xml,PASS,INFO,R1.D01=SI;R1.D02=NO;R2.D01=SI;R2.D02=SI;R2.D03=NO,MUNICIPIO30222,MUNICIPIO_SIN_CN_TRAB,Si,No,30222,,Regla 2 coherente para validaciones implementadas.
GPA-001__R2-002__R1-002__0258,GPA-001__R2-002__R1-002,02_inputs_xml_flat/GPA-001__R2-002__R1-002__0258.xml,PASS,INFO,R1.D01=SI;R1.D02=NO;R2.D01=SI;R2.D02=SI;R2.D03=NO,MUNICIPIO30223,MUNICIPIO_SIN_CN_TRAB,Si,No,30223,,Regla 2 coherente para validaciones implementadas.
GPA-001__R2-002__R1-002__0259,GPA-001__R2-002__R1-002,02_inputs_xml_flat/GPA-001__R2-002__R1-002__0259.xml,PASS,INFO,R1.D01=SI;R1.D02=NO;R2.D01=SI;R2.D02=SI;R2.D03=NO,MUNICIPIO30221,MUNICIPIO_SIN_CN_TRAB,Si,No,30221,,Regla 2 coherente para validaciones implementadas.
GPA-001__R2-002__R1-002__0260,GPA-001__R2-002__R1-002,02_inputs_xml_flat/GPA-001__R2-002__R1-002__0260.xml,PASS,INFO,R1.D01=SI;R1.D02=NO;R2.D01=SI;R2.D02=SI;R2.D03=NO,MUNICIPIO30222,MUNICIPIO_SIN_CN_TRAB,Si,No,30222,,Regla 2 coherente para validaciones implementadas.
GPA-001__R2-002__R1-002__0261,GPA-001__R2-002__R1-002,02_inputs_xml_flat/GPA-001__R2-002__R1-002__0261.xml,PASS,INFO,R1.D01=SI;R1.D02=NO;R2.D01=SI;R2.D02=SI;R2.D03=NO,MUNICIPIO30223,MUNICIPIO_SIN_CN_TRAB,Si,No,30223,,Regla 2 coherente para validaciones implementadas.
GPA-001__R2-002__R1-002__0262,GPA-001__R2-002__R1-002,02_inputs_xml_flat/GPA-001__R2-002__R1-002__0262.xml,PASS,INFO,R1.D01=SI;R1.D02=NO;R2.D01=SI;R2.D02=SI;R2.D03=NO,MUNICIPIO30221,MUNICIPIO_SIN_CN_TRAB,Si,No,30221,,Regla 2 coherente para validaciones implementadas.
GPA-001__R2-002__R1-002__0263,GPA-001__R2-002__R1-002,02_inputs_xml_flat/GPA-001__R2-002__R1-002__0263.xml,PASS,INFO,R1.D01=SI;R1.D02=NO;R2.D01=SI;R2.D02=SI;R2.D03=NO,MUNICIPIO30222,MUNICIPIO_SIN_CN_TRAB,Si,No,30222,,Regla 2 coherente para validaciones implementadas.
GPA-001__R2-002__R1-002__0264,GPA-001__R2-002__R1-002,02_inputs_xml_flat/GPA-001__R2-002__R1-002__0264.xml,PASS,INFO,R1.D01=SI;R1.D02=NO;R2.D01=SI;R2.D02=SI;R2.D03=NO,MUNICIPIO30223,MUNICIPIO_SIN_CN_TRAB,Si,No,30223,,Regla 2 coherente para validaciones implementadas.
GPA-001__R2-002__R1-002__0265,GPA-001__R2-002__R1-002,02_inputs_xml_flat/GPA-001__R2-002__R1-002__0265.xml,PASS,INFO,R1.D01=SI;R1.D02=NO;R2.D01=SI;R2.D02=SI;R2.D03=NO,MUNICIPIO30221,MUNICIPIO_SIN_CN_TRAB,Si,No,30221,,Regla 2 coherente para validaciones implementadas.
GPA-001__R2-002__R1-002__0266,GPA-001__R2-002__R1-002,02_inputs_xml_flat/GPA-001__R2-002__R1-002__0266.xml,PASS,INFO,R1.D01=SI;R1.D02=NO;R2.D01=SI;R2.D02=SI;R2.D03=NO,MUNICIPIO30222,MUNICIPIO_SIN_CN_TRAB,Si,No,30222,,Regla 2 coherente para validaciones implementadas.
GPA-001__R2-002__R1-002__0267,GPA-001__R2-002__R1-002,02_inputs_xml_flat/GPA-001__R2-002__R1-002__0267.xml,PASS,INFO,R1.D01=SI;R1.D02=NO;R2.D01=SI;R2.D02=SI;R2.D03=NO,MUNICIPIO30223,MUNICIPIO_SIN_CN_TRAB,Si,No,30223,,Regla 2 coherente para validaciones implementadas.
GPA-001__R2-002__R1-002__0268,GPA-001__R2-002__R1-002,02_inputs_xml_flat/GPA-001__R2-002__R1-002__0268.xml,PASS,INFO,R1.D01=SI;R1.D02=NO;R2.D01=SI;R2.D02=SI;R2.D03=NO,MUNICIPIO30221,MUNICIPIO_SIN_CN_TRAB,Si,No,30221,,Regla 2 coherente para validaciones implementadas.
GPA-001__R2-002__R1-002__0269,GPA-001__R2-002__R1-002,02_inputs_xml_flat/GPA-001__R2-002__R1-002__0269.xml,PASS,INFO,R1.D01=SI;R1.D02=NO;R2.D01=SI;R2.D02=SI;R2.D03=NO,MUNICIPIO30222,MUNICIPIO_SIN_CN_TRAB,Si,No,30222,,Regla 2 coherente para validaciones implementadas.
GPA-001__R2-002__R1-002__0270,GPA-001__R2-002__R1-002,02_inputs_xml_flat/GPA-001__R2-002__R1-002__0270.xml,PASS,INFO,R1.D01=SI;R1.D02=NO;R2.D01=SI;R2.D02=SI;R2.D03=NO,MUNICIPIO30223,MUNICIPIO_SIN_CN_TRAB,Si,No,30223,,Regla 2 coherente para validaciones implementadas.
GPA-001__R2-002__R1-002__0271,GPA-001__R2-002__R1-002,02_inputs_xml_flat/GPA-001__R2-002__R1-002__0271.xml,PASS,INFO,R1.D01=SI;R1.D02=NO;R2.D01=SI;R2.D02=SI;R2.D03=NO,MUNICIPIO30221,MUNICIPIO_SIN_CN_TRAB,Si,No,30221,,Regla 2 coherente para validaciones implementadas.
GPA-001__R2-002__R1-002__0272,GPA-001__R2-002__R1-002,02_inputs_xml_flat/GPA-001__R2-002__R1-002__0272.xml,PASS,INFO,R1.D01=SI;R1.D02=NO;R2.D01=SI;R2.D02=SI;R2.D03=NO,MUNICIPIO30222,MUNICIPIO_SIN_CN_TRAB,Si,No,30222,,Regla 2 coherente para validaciones implementadas.
GPA-001__R2-002__R1-002__0273,GPA-001__R2-002__R1-002,02_inputs_xml_flat/GPA-001__R2-002__R1-002__0273.xml,PASS,INFO,R1.D01=SI;R1.D02=NO;R2.D01=SI;R2.D02=SI;R2.D03=NO,MUNICIPIO30223,MUNICIPIO_SIN_CN_TRAB,Si,No,30223,,Regla 2 coherente para validaciones implementadas.
GPA-001__R2-002__R1-002__0274,GPA-001__R2-002__R1-002,02_inputs_xml_flat/GPA-001__R2-002__R1-002__0274.xml,PASS,INFO,R1.D01=SI;R1.D02=NO;R2.D01=SI;R2.D02=SI;R2.D03=NO,MUNICIPIO30221,MUNICIPIO_SIN_CN_TRAB,Si,No,30221,,Regla 2 coherente para validaciones implementadas.
GPA-001__R2-002__R1-002__0275,GPA-001__R2-002__R1-002,02_inputs_xml_flat/GPA-001__R2-002__R1-002__0275.xml,PASS,INFO,R1.D01=SI;R1.D02=NO;R2.D01=SI;R2.D02=SI;R2.D03=NO,MUNICIPIO30222,MUNICIPIO_SIN_CN_TRAB,Si,No,30222,,Regla 2 coherente para validaciones implementadas.
GPA-001__R2-002__R1-002__0276,GPA-001__R2-002__R1-002,02_inputs_xml_flat/GPA-001__R2-002__R1-002__0276.xml,PASS,INFO,R1.D01=SI;R1.D02=NO;R2.D01=SI;R2.D02=SI;R2.D03=NO,MUNICIPIO30223,MUNICIPIO_SIN_CN_TRAB,Si,No,30223,,Regla 2 coherente para validaciones implementadas.
GPA-001__R2-002__R1-002__0277,GPA-001__R2-002__R1-002,02_inputs_xml_flat/GPA-001__R2-002__R1-002__0277.xml,PASS,INFO,R1.D01=SI;R1.D02=NO;R2.D01=SI;R2.D02=SI;R2.D03=NO,MUNICIPIO30221,MUNICIPIO_SIN_CN_TRAB,Si,No,30221,,Regla 2 coherente para validaciones implementadas.
GPA-001__R2-002__R1-002__0278,GPA-001__R2-002__R1-002,02_inputs_xml_flat/GPA-001__R2-002__R1-002__0278.xml,PASS,INFO,R1.D01=SI;R1.D02=NO;R2.D01=SI;R2.D02=SI;R2.D03=NO,MUNICIPIO30222,MUNICIPIO_SIN_CN_TRAB,Si,No,30222,,Regla 2 coherente para validaciones implementadas.
GPA-001__R2-002__R1-002__0279,GPA-001__R2-002__R1-002,02_inputs_xml_flat/GPA-001__R2-002__R1-002__0279.xml,PASS,INFO,R1.D01=SI;R1.D02=NO;R2.D01=SI;R2.D02=SI;R2.D03=NO,MUNICIPIO30223,MUNICIPIO_SIN_CN_TRAB,Si,No,30223,,Regla 2 coherente para validaciones implementadas.
GPA-001__R2-002__R1-002__0280,GPA-001__R2-002__R1-002,02_inputs_xml_flat/GPA-001__R2-002__R1-002__0280.xml,PASS,INFO,R1.D01=SI;R1.D02=NO;R2.D01=SI;R2.D02=SI;R2.D03=NO,MUNICIPIO30221,MUNICIPIO_SIN_CN_TRAB,Si,No,30221,,Regla 2 coherente para validaciones implementadas.
GPA-001__R2-002__R1-002__0281,GPA-001__R2-002__R1-002,02_inputs_xml_flat/GPA-001__R2-002__R1-002__0281.xml,PASS,INFO,R1.D01=SI;R1.D02=NO;R2.D01=SI;R2.D02=SI;R2.D03=NO,MUNICIPIO30222,MUNICIPIO_SIN_CN_TRAB,Si,No,30222,,Regla 2 coherente para validaciones implementadas.
GPA-001__R2-002__R1-002__0282,GPA-001__R2-002__R1-002,02_inputs_xml_flat/GPA-001__R2-002__R1-002__0282.xml,PASS,INFO,R1.D01=SI;R1.D02=NO;R2.D01=SI;R2.D02=SI;R2.D03=NO,MUNICIPIO30223,MUNICIPIO_SIN_CN_TRAB,Si,No,30223,,Regla 2 coherente para validaciones implementadas.
GPA-001__R2-002__R1-002__0283,GPA-001__R2-002__R1-002,02_inputs_xml_flat/GPA-001__R2-002__R1-002__0283.xml,PASS,INFO,R1.D01=SI;R1.D02=NO;R2.D01=SI;R2.D02=SI;R2.D03=NO,MUNICIPIO30221,MUNICIPIO_SIN_CN_TRAB,Si,No,30221,,Regla 2 coherente para validaciones implementadas.
GPA-001__R2-002__R1-002__0284,GPA-001__R2-002__R1-002,02_inputs_xml_flat/GPA-001__R2-002__R1-002__0284.xml,PASS,INFO,R1.D01=SI;R1.D02=NO;R2.D01=SI;R2.D02=SI;R2.D03=NO,MUNICIPIO30222,MUNICIPIO_SIN_CN_TRAB,Si,No,30222,,Regla 2 coherente para validaciones implementadas.
GPA-001__R2-002__R1-002__0285,GPA-001__R2-002__R1-002,02_inputs_xml_flat/GPA-001__R2-002__R1-002__0285.xml,PASS,INFO,R1.D01=SI;R1.D02=NO;R2.D01=SI;R2.D02=SI;R2.D03=NO,MUNICIPIO30223,MUNICIPIO_SIN_CN_TRAB,Si,No,30223,,Regla 2 coherente para validaciones implementadas.
GPA-001__R2-002__R1-002__0286,GPA-001__R2-002__R1-002,02_inputs_xml_flat/GPA-001__R2-002__R1-002__0286.xml,PASS,INFO,R1.D01=SI;R1.D02=NO;R2.D01=SI;R2.D02=SI;R2.D03=NO,MUNICIPIO30221,MUNICIPIO_SIN_CN_TRAB,Si,No,30221,,Regla 2 coherente para validaciones implementadas.
GPA-001__R2-002__R1-002__0287,GPA-001__R2-002__R1-002,02_inputs_xml_flat/GPA-001__R2-002__R1-002__0287.xml,PASS,INFO,R1.D01=SI;R1.D02=NO;R2.D01=SI;R2.D02=SI;R2.D03=NO,MUNICIPIO30222,MUNICIPIO_SIN_CN_TRAB,Si,No,30222,,Regla 2 coherente para validaciones implementadas.
GPA-001__R2-002__R1-002__0288,GPA-001__R2-002__R1-002,02_inputs_xml_flat/GPA-001__R2-002__R1-002__0288.xml,PASS,INFO,R1.D01=SI;R1.D02=NO;R2.D01=SI;R2.D02=SI;R2.D03=NO,MUNICIPIO30223,MUNICIPIO_SIN_CN_TRAB,Si,No,30223,,Regla 2 coherente para validaciones implementadas.
GPA-001__R2-002__R1-002__0289,GPA-001__R2-002__R1-002,02_inputs_xml_flat/GPA-001__R2-002__R1-002__0289.xml,PASS,INFO,R1.D01=SI;R1.D02=NO;R2.D01=SI;R2.D02=SI;R2.D03=NO,MUNICIPIO30221,MUNICIPIO_SIN_CN_TRAB,Si,No,30221,,Regla 2 coherente para validaciones implementadas.
GPA-001__R2-002__R1-002__0290,GPA-001__R2-002__R1-002,02_inputs_xml_flat/GPA-001__R2-002__R1-002__0290.xml,PASS,INFO,R1.D01=SI;R1.D02=NO;R2.D01=SI;R2.D02=SI;R2.D03=NO,MUNICIPIO30222,MUNICIPIO_SIN_CN_TRAB,Si,No,30222,,Regla 2 coherente para validaciones implementadas.
GPA-001__R2-002__R1-002__0291,GPA-001__R2-002__R1-002,02_inputs_xml_flat/GPA-001__R2-002__R1-002__0291.xml,PASS,INFO,R1.D01=SI;R1.D02=NO;R2.D01=SI;R2.D02=SI;R2.D03=NO,MUNICIPIO30223,MUNICIPIO_SIN_CN_TRAB,Si,No,30223,,Regla 2 coherente para validaciones implementadas.
GPA-001__R2-002__R1-002__0292,GPA-001__R2-002__R1-002,02_inputs_xml_flat/GPA-001__R2-002__R1-002__0292.xml,PASS,INFO,R1.D01=SI;R1.D02=NO;R2.D01=SI;R2.D02=SI;R2.D03=NO,MUNICIPIO30221,MUNICIPIO_SIN_CN_TRAB,Si,No,30221,,Regla 2 coherente para validaciones implementadas.
GPA-001__R2-002__R1-002__0293,GPA-001__R2-002__R1-002,02_inputs_xml_flat/GPA-001__R2-002__R1-002__0293.xml,PASS,INFO,R1.D01=SI;R1.D02=NO;R2.D01=SI;R2.D02=SI;R2.D03=NO,MUNICIPIO30222,MUNICIPIO_SIN_CN_TRAB,Si,No,30222,,Regla 2 coherente para validaciones implementadas.
GPA-001__R2-002__R1-002__0294,GPA-001__R2-002__R1-002,02_inputs_xml_flat/GPA-001__R2-002__R1-002__0294.xml,PASS,INFO,R1.D01=SI;R1.D02=NO;R2.D01=SI;R2.D02=SI;R2.D03=NO,MUNICIPIO30223,MUNICIPIO_SIN_CN_TRAB,Si,No,30223,,Regla 2 coherente para validaciones implementadas.
GPA-001__R2-002__R1-002__0295,GPA-001__R2-002__R1-002,02_inputs_xml_flat/GPA-001__R2-002__R1-002__0295.xml,PASS,INFO,R1.D01=SI;R1.D02=NO;R2.D01=SI;R2.D02=SI;R2.D03=NO,MUNICIPIO30221,MUNICIPIO_SIN_CN_TRAB,Si,No,30221,,Regla 2 coherente para validaciones implementadas.
GPA-001__R2-002__R1-002__0296,GPA-001__R2-002__R1-002,02_inputs_xml_flat/GPA-001__R2-002__R1-002__0296.xml,PASS,INFO,R1.D01=SI;R1.D02=NO;R2.D01=SI;R2.D02=SI;R2.D03=NO,MUNICIPIO30222,MUNICIPIO_SIN_CN_TRAB,Si,No,30222,,Regla 2 coherente para validaciones implementadas.
GPA-001__R2-002__R1-002__0297,GPA-001__R2-002__R1-002,02_inputs_xml_flat/GPA-001__R2-002__R1-002__0297.xml,PASS,INFO,R1.D01=SI;R1.D02=NO;R2.D01=SI;R2.D02=SI;R2.D03=NO,MUNICIPIO30223,MUNICIPIO_SIN_CN_TRAB,Si,No,30223,,Regla 2 coherente para validaciones implementadas.
GPA-001__R2-002__R1-002__0298,GPA-001__R2-002__R1-002,02_inputs_xml_flat/GPA-001__R2-002__R1-002__0298.xml,PASS,INFO,R1.D01=SI;R1.D02=NO;R2.D01=SI;R2.D02=SI;R2.D03=NO,MUNICIPIO30221,MUNICIPIO_SIN_CN_TRAB,Si,No,30221,,Regla 2 coherente para validaciones implementadas.
GPA-001__R2-002__R1-002__0299,GPA-001__R2-002__R1-002,02_inputs_xml_flat/GPA-001__R2-002__R1-002__0299.xml,PASS,INFO,R1.D01=SI;R1.D02=NO;R2.D01=SI;R2.D02=SI;R2.D03=NO,MUNICIPIO30222,MUNICIPIO_SIN_CN_TRAB,Si,No,30222,,Regla 2 coherente para validaciones implementadas.
GPA-001__R2-002__R1-002__0300,GPA-001__R2-002__R1-002,02_inputs_xml_flat/GPA-001__R2-002__R1-002__0300.xml,PASS,INFO,R1.D01=SI;R1.D02=NO;R2.D01=SI;R2.D02=SI;R2.D03=NO,MUNICIPIO30223,MUNICIPIO_SIN_CN_TRAB,Si,No,30223,,Regla 2 coherente para validaciones implementadas.
GPA-001__R2-002__R1-002__0301,GPA-001__R2-002__R1-002,02_inputs_xml_flat/GPA-001__R2-002__R1-002__0301.xml,PASS,INFO,R1.D01=SI;R1.D02=NO;R2.D01=SI;R2.D02=SI;R2.D03=NO,MUNICIPIO30221,MUNICIPIO_SIN_CN_TRAB,Si,No,30221,,Regla 2 coherente para validaciones implementadas.
GPA-001__R2-002__R1-002__0302,GPA-001__R2-002__R1-002,02_inputs_xml_flat/GPA-001__R2-002__R1-002__0302.xml,PASS,INFO,R1.D01=SI;R1.D02=NO;R2.D01=SI;R2.D02=SI;R2.D03=NO,MUNICIPIO30222,MUNICIPIO_SIN_CN_TRAB,Si,No,30222,,Regla 2 coherente para validaciones implementadas.
GPA-001__R2-002__R1-002__0303,GPA-001__R2-002__R1-002,02_inputs_xml_flat/GPA-001__R2-002__R1-002__0303.xml,PASS,INFO,R1.D01=SI;R1.D02=NO;R2.D01=SI;R2.D02=SI;R2.D03=NO,MUNICIPIO30223,MUNICIPIO_SIN_CN_TRAB,Si,No,30223,,Regla 2 coherente para validaciones implementadas.
GPA-001__R2-002__R1-002__0304,GPA-001__R2-002__R1-002,02_inputs_xml_flat/GPA-001__R2-002__R1-002__0304.xml,PASS,INFO,R1.D01=SI;R1.D02=NO;R2.D01=SI;R2.D02=SI;R2.D03=NO,MUNICIPIO30221,MUNICIPIO_SIN_CN_TRAB,Si,No,30221,,Regla 2 coherente para validaciones implementadas.
GPA-001__R2-002__R1-002__0305,GPA-001__R2-002__R1-002,02_inputs_xml_flat/GPA-001__R2-002__R1-002__0305.xml,PASS,INFO,R1.D01=SI;R1.D02=NO;R2.D01=SI;R2.D02=SI;R2.D03=NO,MUNICIPIO30222,MUNICIPIO_SIN_CN_TRAB,Si,No,30222,,Regla 2 coherente para validaciones implementadas.
GPA-001__R2-002__R1-002__0306,GPA-001__R2-002__R1-002,02_inputs_xml_flat/GPA-001__R2-002__R1-002__0306.xml,PASS,INFO,R1.D01=SI;R1.D02=NO;R2.D01=SI;R2.D02=SI;R2.D03=NO,MUNICIPIO30223,MUNICIPIO_SIN_CN_TRAB,Si,No,30223,,Regla 2 coherente para validaciones implementadas.
GPA-001__R2-002__R1-002__0307,GPA-001__R2-002__R1-002,02_inputs_xml_flat/GPA-001__R2-002__R1-002__0307.xml,PASS,INFO,R1.D01=SI;R1.D02=NO;R2.D01=SI;R2.D02=SI;R2.D03=NO,MUNICIPIO30221,MUNICIPIO_SIN_CN_TRAB,Si,No,30221,,Regla 2 coherente para validaciones implementadas.
GPA-001__R2-002__R1-002__0308,GPA-001__R2-002__R1-002,02_inputs_xml_flat/GPA-001__R2-002__R1-002__0308.xml,PASS,INFO,R1.D01=SI;R1.D02=NO;R2.D01=SI;R2.D02=SI;R2.D03=NO,MUNICIPIO30222,MUNICIPIO_SIN_CN_TRAB,Si,No,30222,,Regla 2 coherente para validaciones implementadas.
GPA-001__R2-002__R1-002__0309,GPA-001__R2-002__R1-002,02_inputs_xml_flat/GPA-001__R2-002__R1-002__0309.xml,PASS,INFO,R1.D01=SI;R1.D02=NO;R2.D01=SI;R2.D02=SI;R2.D03=NO,MUNICIPIO30223,MUNICIPIO_SIN_CN_TRAB,Si,No,30223,,Regla 2 coherente para validaciones implementadas.
GPA-001__R2-002__R1-002__0310,GPA-001__R2-002__R1-002,02_inputs_xml_flat/GPA-001__R2-002__R1-002__0310.xml,PASS,INFO,R1.D01=SI;R1.D02=NO;R2.D01=SI;R2.D02=SI;R2.D03=NO,MUNICIPIO30221,MUNICIPIO_SIN_CN_TRAB,Si,No,30221,,Regla 2 coherente para validaciones implementadas.
GPA-001__R2-002__R1-002__0311,GPA-001__R2-002__R1-002,02_inputs_xml_flat/GPA-001__R2-002__R1-002__0311.xml,PASS,INFO,R1.D01=SI;R1.D02=NO;R2.D01=SI;R2.D02=SI;R2.D03=NO,MUNICIPIO30222,MUNICIPIO_SIN_CN_TRAB,Si,No,30222,,Regla 2 coherente para validaciones implementadas.
GPA-001__R2-002__R1-002__0312,GPA-001__R2-002__R1-002,02_inputs_xml_flat/GPA-001__R2-002__R1-002__0312.xml,PASS,INFO,R1.D01=SI;R1.D02=NO;R2.D01=SI;R2.D02=SI;R2.D03=NO,MUNICIPIO30223,MUNICIPIO_SIN_CN_TRAB,Si,No,30223,,Regla 2 coherente para validaciones implementadas.
GPA-001__R2-002__R1-002__0313,GPA-001__R2-002__R1-002,02_inputs_xml_flat/GPA-001__R2-002__R1-002__0313.xml,PASS,INFO,R1.D01=SI;R1.D02=NO;R2.D01=SI;R2.D02=SI;R2.D03=NO,MUNICIPIO30221,MUNICIPIO_SIN_CN_TRAB,Si,No,30221,,Regla 2 coherente para validaciones implementadas.
GPA-001__R2-002__R1-002__0314,GPA-001__R2-002__R1-002,02_inputs_xml_flat/GPA-001__R2-002__R1-002__0314.xml,PASS,INFO,R1.D01=SI;R1.D02=NO;R2.D01=SI;R2.D02=SI;R2.D03=NO,MUNICIPIO30222,MUNICIPIO_SIN_CN_TRAB,Si,No,30222,,Regla 2 coherente para validaciones implementadas.
GPA-001__R2-002__R1-002__0315,GPA-001__R2-002__R1-002,02_inputs_xml_flat/GPA-001__R2-002__R1-002__0315.xml,PASS,INFO,R1.D01=SI;R1.D02=NO;R2.D01=SI;R2.D02=SI;R2.D03=NO,MUNICIPIO30223,MUNICIPIO_SIN_CN_TRAB,Si,No,30223,,Regla 2 coherente para validaciones implementadas.
GPA-001__R2-002__R1-002__0316,GPA-001__R2-002__R1-002,02_inputs_xml_flat/GPA-001__R2-002__R1-002__0316.xml,PASS,INFO,R1.D01=SI;R1.D02=NO;R2.D01=SI;R2.D02=SI;R2.D03=NO,MUNICIPIO30221,MUNICIPIO_SIN_CN_TRAB,Si,No,30221,,Regla 2 coherente para validaciones implementadas.
GPA-001__R2-002__R1-002__0317,GPA-001__R2-002__R1-002,02_inputs_xml_flat/GPA-001__R2-002__R1-002__0317.xml,PASS,INFO,R1.D01=SI;R1.D02=NO;R2.D01=SI;R2.D02=SI;R2.D03=NO,MUNICIPIO30222,MUNICIPIO_SIN_CN_TRAB,Si,No,30222,,Regla 2 coherente para validaciones implementadas.
GPA-001__R2-002__R1-002__0318,GPA-001__R2-002__R1-002,02_inputs_xml_flat/GPA-001__R2-002__R1-002__0318.xml,PASS,INFO,R1.D01=SI;R1.D02=NO;R2.D01=SI;R2.D02=SI;R2.D03=NO,MUNICIPIO30223,MUNICIPIO_SIN_CN_TRAB,Si,No,30223,,Regla 2 coherente para validaciones implementadas.
GPA-001__R2-002__R1-002__0319,GPA-001__R2-002__R1-002,02_inputs_xml_flat/GPA-001__R2-002__R1-002__0319.xml,PASS,INFO,R1.D01=SI;R1.D02=NO;R2.D01=SI;R2.D02=SI;R2.D03=NO,MUNICIPIO30221,MUNICIPIO_SIN_CN_TRAB,Si,No,30221,,Regla 2 coherente para validaciones implementadas.
GPA-001__R2-002__R1-002__0320,GPA-001__R2-002__R1-002,02_inputs_xml_flat/GPA-001__R2-002__R1-002__0320.xml,PASS,INFO,R1.D01=SI;R1.D02=NO;R2.D01=SI;R2.D02=SI;R2.D03=NO,MUNICIPIO30222,MUNICIPIO_SIN_CN_TRAB,Si,No,30222,,Regla 2 coherente para validaciones implementadas.
GPA-001__R2-002__R1-002__0321,GPA-001__R2-002__R1-002,02_inputs_xml_flat/GPA-001__R2-002__R1-002__0321.xml,PASS,INFO,R1.D01=SI;R1.D02=NO;R2.D01=SI;R2.D02=SI;R2.D03=NO,MUNICIPIO30223,MUNICIPIO_SIN_CN_TRAB,Si,No,30223,,Regla 2 coherente para validaciones implementadas.
GPA-001__R2-002__R1-002__0322,GPA-001__R2-002__R1-002,02_inputs_xml_flat/GPA-001__R2-002__R1-002__0322.xml,PASS,INFO,R1.D01=SI;R1.D02=NO;R2.D01=SI;R2.D02=SI;R2.D03=NO,MUNICIPIO30221,MUNICIPIO_SIN_CN_TRAB,Si,No,30221,,Regla 2 coherente para validaciones implementadas.
GPA-001__R2-002__R1-002__0323,GPA-001__R2-002__R1-002,02_inputs_xml_flat/GPA-001__R2-002__R1-002__0323.xml,PASS,INFO,R1.D01=SI;R1.D02=NO;R2.D01=SI;R2.D02=SI;R2.D03=NO,MUNICIPIO30222,MUNICIPIO_SIN_CN_TRAB,Si,No,30222,,Regla 2 coherente para validaciones implementadas.
GPA-001__R2-002__R1-002__0324,GPA-001__R2-002__R1-002,02_inputs_xml_flat/GPA-001__R2-002__R1-002__0324.xml,PASS,INFO,R1.D01=SI;R1.D02=NO;R2.D01=SI;R2.D02=SI;R2.D03=NO,MUNICIPIO30223,MUNICIPIO_SIN_CN_TRAB,Si,No,30223,,Regla 2 coherente para validaciones implementadas.
GPA-001__R2-002__R1-002__0325,GPA-001__R2-002__R1-002,02_inputs_xml_flat/GPA-001__R2-002__R1-002__0325.xml,PASS,INFO,R1.D01=SI;R1.D02=NO;R2.D01=SI;R2.D02=SI;R2.D03=NO,MUNICIPIO30221,MUNICIPIO_SIN_CN_TRAB,Si,No,30221,,Regla 2 coherente para validaciones implementadas.
GPA-001__R2-002__R1-002__0326,GPA-001__R2-002__R1-002,02_inputs_xml_flat/GPA-001__R2-002__R1-002__0326.xml,PASS,INFO,R1.D01=SI;R1.D02=NO;R2.D01=SI;R2.D02=SI;R2.D03=NO,MUNICIPIO30222,MUNICIPIO_SIN_CN_TRAB,Si,No,30222,,Regla 2 coherente para validaciones implementadas.
GPA-001__R2-002__R1-002__0327,GPA-001__R2-002__R1-002,02_inputs_xml_flat/GPA-001__R2-002__R1-002__0327.xml,PASS,INFO,R1.D01=SI;R1.D02=NO;R2.D01=SI;R2.D02=SI;R2.D03=NO,MUNICIPIO30223,MUNICIPIO_SIN_CN_TRAB,Si,No,30223,,Regla 2 coherente para validaciones implementadas.
GPA-001__R2-002__R1-002__0328,GPA-001__R2-002__R1-002,02_inputs_xml_flat/GPA-001__R2-002__R1-002__0328.xml,PASS,INFO,R1.D01=SI;R1.D02=NO;R2.D01=SI;R2.D02=SI;R2.D03=NO,MUNICIPIO30221,MUNICIPIO_SIN_CN_TRAB,Si,No,30221,,Regla 2 coherente para validaciones implementadas.
GPA-001__R2-002__R1-002__0329,GPA-001__R2-002__R1-002,02_inputs_xml_flat/GPA-001__R2-002__R1-002__0329.xml,PASS,INFO,R1.D01=SI;R1.D02=NO;R2.D01=SI;R2.D02=SI;R2.D03=NO,MUNICIPIO30222,MUNICIPIO_SIN_CN_TRAB,Si,No,30222,,Regla 2 coherente para validaciones implementadas.
GPA-001__R2-002__R1-002__0330,GPA-001__R2-002__R1-002,02_inputs_xml_flat/GPA-001__R2-002__R1-002__0330.xml,PASS,INFO,R1.D01=SI;R1.D02=NO;R2.D01=SI;R2.D02=SI;R2.D03=NO,MUNICIPIO30223,MUNICIPIO_SIN_CN_TRAB,Si,No,30223,,Regla 2 coherente para validaciones implementadas.
GPA-001__R2-002__R1-002__0331,GPA-001__R2-002__R1-002,02_inputs_xml_flat/GPA-001__R2-002__R1-002__0331.xml,PASS,INFO,R1.D01=SI;R1.D02=NO;R2.D01=SI;R2.D02=SI;R2.D03=NO,MUNICIPIO30221,MUNICIPIO_SIN_CN_TRAB,Si,No,30221,,Regla 2 coherente para validaciones implementadas.
GPA-001__R2-002__R1-002__0332,GPA-001__R2-002__R1-002,02_inputs_xml_flat/GPA-001__R2-002__R1-002__0332.xml,PASS,INFO,R1.D01=SI;R1.D02=NO;R2.D01=SI;R2.D02=SI;R2.D03=NO,MUNICIPIO30222,MUNICIPIO_SIN_CN_TRAB,Si,No,30222,,Regla 2 coherente para validaciones implementadas.
GPA-001__R2-002__R1-002__0333,GPA-001__R2-002__R1-002,02_inputs_xml_flat/GPA-001__R2-002__R1-002__0333.xml,PASS,INFO,R1.D01=SI;R1.D02=NO;R2.D01=SI;R2.D02=SI;R2.D03=NO,MUNICIPIO30223,MUNICIPIO_SIN_CN_TRAB,Si,No,30223,,Regla 2 coherente para validaciones implementadas.
GPA-001__R2-002__R1-002__0334,GPA-001__R2-002__R1-002,02_inputs_xml_flat/GPA-001__R2-002__R1-002__0334.xml,PASS,INFO,R1.D01=SI;R1.D02=NO;R2.D01=SI;R2.D02=SI;R2.D03=NO,MUNICIPIO30221,MUNICIPIO_SIN_CN_TRAB,Si,No,30221,,Regla 2 coherente para validaciones implementadas.
GPA-001__R2-002__R1-002__0335,GPA-001__R2-002__R1-002,02_inputs_xml_flat/GPA-001__R2-002__R1-002__0335.xml,PASS,INFO,R1.D01=SI;R1.D02=NO;R2.D01=SI;R2.D02=SI;R2.D03=NO,MUNICIPIO30222,MUNICIPIO_SIN_CN_TRAB,Si,No,30222,,Regla 2 coherente para validaciones implementadas.
GPA-001__R2-002__R1-002__0336,GPA-001__R2-002__R1-002,02_inputs_xml_flat/GPA-001__R2-002__R1-002__0336.xml,PASS,INFO,R1.D01=SI;R1.D02=NO;R2.D01=SI;R2.D02=SI;R2.D03=NO,MUNICIPIO30223,MUNICIPIO_SIN_CN_TRAB,Si,No,30223,,Regla 2 coherente para validaciones implementadas.
GPA-001__R2-002__R1-002__0337,GPA-001__R2-002__R1-002,02_inputs_xml_flat/GPA-001__R2-002__R1-002__0337.xml,PASS,INFO,R1.D01=SI;R1.D02=NO;R2.D01=SI;R2.D02=SI;R2.D03=NO,MUNICIPIO30221,MUNICIPIO_SIN_CN_TRAB,Si,No,30221,,Regla 2 coherente para validaciones implementadas.
GPA-001__R2-002__R1-002__0338,GPA-001__R2-002__R1-002,02_inputs_xml_flat/GPA-001__R2-002__R1-002__0338.xml,PASS,INFO,R1.D01=SI;R1.D02=NO;R2.D01=SI;R2.D02=SI;R2.D03=NO,MUNICIPIO30222,MUNICIPIO_SIN_CN_TRAB,Si,No,30222,,Regla 2 coherente para validaciones implementadas.
GPA-001__R2-002__R1-002__0339,GPA-001__R2-002__R1-002,02_inputs_xml_flat/GPA-001__R2-002__R1-002__0339.xml,PASS,INFO,R1.D01=SI;R1.D02=NO;R2.D01=SI;R2.D02=SI;R2.D03=NO,MUNICIPIO30223,MUNICIPIO_SIN_CN_TRAB,Si,No,30223,,Regla 2 coherente para validaciones implementadas.
GPA-001__R2-002__R1-002__0340,GPA-001__R2-002__R1-002,02_inputs_xml_flat/GPA-001__R2-002__R1-002__0340.xml,PASS,INFO,R1.D01=SI;R1.D02=NO;R2.D01=SI;R2.D02=SI;R2.D03=NO,MUNICIPIO30221,MUNICIPIO_SIN_CN_TRAB,Si,No,30221,,Regla 2 coherente para validaciones implementadas.
GPA-001__R2-002__R1-002__0341,GPA-001__R2-002__R1-002,02_inputs_xml_flat/GPA-001__R2-002__R1-002__0341.xml,PASS,INFO,R1.D01=SI;R1.D02=NO;R2.D01=SI;R2.D02=SI;R2.D03=NO,MUNICIPIO30222,MUNICIPIO_SIN_CN_TRAB,Si,No,30222,,Regla 2 coherente para validaciones implementadas.
GPA-001__R2-002__R1-002__0342,GPA-001__R2-002__R1-002,02_inputs_xml_flat/GPA-001__R2-002__R1-002__0342.xml,PASS,INFO,R1.D01=SI;R1.D02=NO;R2.D01=SI;R2.D02=SI;R2.D03=NO,MUNICIPIO30223,MUNICIPIO_SIN_CN_TRAB,Si,No,30223,,Regla 2 coherente para validaciones implementadas.
GPA-001__R2-002__R1-002__0343,GPA-001__R2-002__R1-002,02_inputs_xml_flat/GPA-001__R2-002__R1-002__0343.xml,PASS,INFO,R1.D01=SI;R1.D02=NO;R2.D01=SI;R2.D02=SI;R2.D03=NO,MUNICIPIO30221,MUNICIPIO_SIN_CN_TRAB,Si,No,30221,,Regla 2 coherente para validaciones implementadas.
GPA-001__R2-002__R1-002__0344,GPA-001__R2-002__R1-002,02_inputs_xml_flat/GPA-001__R2-002__R1-002__0344.xml,PASS,INFO,R1.D01=SI;R1.D02=NO;R2.D01=SI;R2.D02=SI;R2.D03=NO,MUNICIPIO30222,MUNICIPIO_SIN_CN_TRAB,Si,No,30222,,Regla 2 coherente para validaciones implementadas.
GPA-001__R2-002__R1-002__0345,GPA-001__R2-002__R1-002,02_inputs_xml_flat/GPA-001__R2-002__R1-002__0345.xml,PASS,INFO,R1.D01=SI;R1.D02=NO;R2.D01=SI;R2.D02=SI;R2.D03=NO,MUNICIPIO30223,MUNICIPIO_SIN_CN_TRAB,Si,No,30223,,Regla 2 coherente para validaciones implementadas.
GPA-001__R2-002__R1-002__0346,GPA-001__R2-002__R1-002,02_inputs_xml_flat/GPA-001__R2-002__R1-002__0346.xml,PASS,INFO,R1.D01=SI;R1.D02=NO;R2.D01=SI;R2.D02=SI;R2.D03=NO,MUNICIPIO30221,MUNICIPIO_SIN_CN_TRAB,Si,No,30221,,Regla 2 coherente para validaciones implementadas.
GPA-001__R2-002__R1-002__0347,GPA-001__R2-002__R1-002,02_inputs_xml_flat/GPA-001__R2-002__R1-002__0347.xml,PASS,INFO,R1.D01=SI;R1.D02=NO;R2.D01=SI;R2.D02=SI;R2.D03=NO,MUNICIPIO30222,MUNICIPIO_SIN_CN_TRAB,Si,No,30222,,Regla 2 coherente para validaciones implementadas.
GPA-001__R2-002__R1-002__0348,GPA-001__R2-002__R1-002,02_inputs_xml_flat/GPA-001__R2-002__R1-002__0348.xml,PASS,INFO,R1.D01=SI;R1.D02=NO;R2.D01=SI;R2.D02=SI;R2.D03=NO,MUNICIPIO30223,MUNICIPIO_SIN_CN_TRAB,Si,No,30223,,Regla 2 coherente para validaciones implementadas.
GPA-001__R2-002__R1-002__0349,GPA-001__R2-002__R1-002,02_inputs_xml_flat/GPA-001__R2-002__R1-002__0349.xml,PASS,INFO,R1.D01=SI;R1.D02=NO;R2.D01=SI;R2.D02=SI;R2.D03=NO,MUNICIPIO30221,MUNICIPIO_SIN_CN_TRAB,Si,No,30221,,Regla 2 coherente para validaciones implementadas.
GPA-001__R2-002__R1-002__0350,GPA-001__R2-002__R1-002,02_inputs_xml_flat/GPA-001__R2-002__R1-002__0350.xml,PASS,INFO,R1.D01=SI;R1.D02=NO;R2.D01=SI;R2.D02=SI;R2.D03=NO,MUNICIPIO30222,MUNICIPIO_SIN_CN_TRAB,Si,No,30222,,Regla 2 coherente para validaciones implementadas.
GPA-001__R2-002__R1-002__0351,GPA-001__R2-002__R1-002,02_inputs_xml_flat/GPA-001__R2-002__R1-002__0351.xml,PASS,INFO,R1.D01=SI;R1.D02=NO;R2.D01=SI;R2.D02=SI;R2.D03=NO,MUNICIPIO30223,MUNICIPIO_SIN_CN_TRAB,Si,No,30223,,Regla 2 coherente para validaciones implementadas.
GPA-001__R2-002__R1-002__0352,GPA-001__R2-002__R1-002,02_inputs_xml_flat/GPA-001__R2-002__R1-002__0352.xml,PASS,INFO,R1.D01=SI;R1.D02=NO;R2.D01=SI;R2.D02=SI;R2.D03=NO,MUNICIPIO30221,MUNICIPIO_SIN_CN_TRAB,Si,No,30221,,Regla 2 coherente para validaciones implementadas.
GPA-001__R2-002__R1-002__0353,GPA-001__R2-002__R1-002,02_inputs_xml_flat/GPA-001__R2-002__R1-002__0353.xml,PASS,INFO,R1.D01=SI;R1.D02=NO;R2.D01=SI;R2.D02=SI;R2.D03=NO,MUNICIPIO30222,MUNICIPIO_SIN_CN_TRAB,Si,No,30222,,Regla 2 coherente para validaciones implementadas.
GPA-001__R2-002__R1-002__0354,GPA-001__R2-002__R1-002,02_inputs_xml_flat/GPA-001__R2-002__R1-002__0354.xml,PASS,INFO,R1.D01=SI;R1.D02=NO;R2.D01=SI;R2.D02=SI;R2.D03=NO,MUNICIPIO30223,MUNICIPIO_SIN_CN_TRAB,Si,No,30223,,Regla 2 coherente para validaciones implementadas.
GPA-001__R2-002__R1-002__0355,GPA-001__R2-002__R1-002,02_inputs_xml_flat/GPA-001__R2-002__R1-002__0355.xml,PASS,INFO,R1.D01=SI;R1.D02=NO;R2.D01=SI;R2.D02=SI;R2.D03=NO,MUNICIPIO30221,MUNICIPIO_SIN_CN_TRAB,Si,No,30221,,Regla 2 coherente para validaciones implementadas.
GPA-001__R2-002__R1-002__0356,GPA-001__R2-002__R1-002,02_inputs_xml_flat/GPA-001__R2-002__R1-002__0356.xml,PASS,INFO,R1.D01=SI;R1.D02=NO;R2.D01=SI;R2.D02=SI;R2.D03=NO,MUNICIPIO30222,MUNICIPIO_SIN_CN_TRAB,Si,No,30222,,Regla 2 coherente para validaciones implementadas.
GPA-001__R2-002__R1-002__0357,GPA-001__R2-002__R1-002,02_inputs_xml_flat/GPA-001__R2-002__R1-002__0357.xml,PASS,INFO,R1.D01=SI;R1.D02=NO;R2.D01=SI;R2.D02=SI;R2.D03=NO,MUNICIPIO30223,MUNICIPIO_SIN_CN_TRAB,Si,No,30223,,Regla 2 coherente para validaciones implementadas.
GPA-001__R2-002__R1-002__0358,GPA-001__R2-002__R1-002,02_inputs_xml_flat/GPA-001__R2-002__R1-002__0358.xml,PASS,INFO,R1.D01=SI;R1.D02=NO;R2.D01=SI;R2.D02=SI;R2.D03=NO,MUNICIPIO30221,MUNICIPIO_SIN_CN_TRAB,Si,No,30221,,Regla 2 coherente para validaciones implementadas.
GPA-001__R2-002__R1-002__0359,GPA-001__R2-002__R1-002,02_inputs_xml_flat/GPA-001__R2-002__R1-002__0359.xml,PASS,INFO,R1.D01=SI;R1.D02=NO;R2.D01=SI;R2.D02=SI;R2.D03=NO,MUNICIPIO30222,MUNICIPIO_SIN_CN_TRAB,Si,No,30222,,Regla 2 coherente para validaciones implementadas.
GPA-001__R2-002__R1-002__0360,GPA-001__R2-002__R1-002,02_inputs_xml_flat/GPA-001__R2-002__R1-002__0360.xml,PASS,INFO,R1.D01=SI;R1.D02=NO;R2.D01=SI;R2.D02=SI;R2.D03=NO,MUNICIPIO30223,MUNICIPIO_SIN_CN_TRAB,Si,No,30223,,Regla 2 coherente para validaciones implementadas.
GPA-001__R2-002__R1-002__0361,GPA-001__R2-002__R1-002,02_inputs_xml_flat/GPA-001__R2-002__R1-002__0361.xml,PASS,INFO,R1.D01=SI;R1.D02=NO;R2.D01=SI;R2.D02=SI;R2.D03=NO,MUNICIPIO30221,MUNICIPIO_SIN_CN_TRAB,Si,No,30221,,Regla 2 coherente para validaciones implementadas.
GPA-001__R2-002__R1-002__0362,GPA-001__R2-002__R1-002,02_inputs_xml_flat/GPA-001__R2-002__R1-002__0362.xml,PASS,INFO,R1.D01=SI;R1.D02=NO;R2.D01=SI;R2.D02=SI;R2.D03=NO,MUNICIPIO30222,MUNICIPIO_SIN_CN_TRAB,Si,No,30222,,Regla 2 coherente para validaciones implementadas.
GPA-001__R2-002__R1-002__0363,GPA-001__R2-002__R1-002,02_inputs_xml_flat/GPA-001__R2-002__R1-002__0363.xml,PASS,INFO,R1.D01=SI;R1.D02=NO;R2.D01=SI;R2.D02=SI;R2.D03=NO,MUNICIPIO30223,MUNICIPIO_SIN_CN_TRAB,Si,No,30223,,Regla 2 coherente para validaciones implementadas.
GPA-001__R2-002__R1-002__0364,GPA-001__R2-002__R1-002,02_inputs_xml_flat/GPA-001__R2-002__R1-002__0364.xml,PASS,INFO,R1.D01=SI;R1.D02=NO;R2.D01=SI;R2.D02=SI;R2.D03=NO,MUNICIPIO30221,MUNICIPIO_SIN_CN_TRAB,Si,No,30221,,Regla 2 coherente para validaciones implementadas.
GPA-001__R2-002__R1-002__0365,GPA-001__R2-002__R1-002,02_inputs_xml_flat/GPA-001__R2-002__R1-002__0365.xml,PASS,INFO,R1.D01=SI;R1.D02=NO;R2.D01=SI;R2.D02=SI;R2.D03=NO,MUNICIPIO30222,MUNICIPIO_SIN_CN_TRAB,Si,No,30222,,Regla 2 coherente para validaciones implementadas.
GPA-001__R2-002__R1-002__0366,GPA-001__R2-002__R1-002,02_inputs_xml_flat/GPA-001__R2-002__R1-002__0366.xml,PASS,INFO,R1.D01=SI;R1.D02=NO;R2.D01=SI;R2.D02=SI;R2.D03=NO,MUNICIPIO30223,MUNICIPIO_SIN_CN_TRAB,Si,No,30223,,Regla 2 coherente para validaciones implementadas.
GPA-001__R2-002__R1-002__0367,GPA-001__R2-002__R1-002,02_inputs_xml_flat/GPA-001__R2-002__R1-002__0367.xml,PASS,INFO,R1.D01=SI;R1.D02=NO;R2.D01=SI;R2.D02=SI;R2.D03=NO,MUNICIPIO30221,MUNICIPIO_SIN_CN_TRAB,Si,No,30221,,Regla 2 coherente para validaciones implementadas.
GPA-001__R2-002__R1-002__0368,GPA-001__R2-002__R1-002,02_inputs_xml_flat/GPA-001__R2-002__R1-002__0368.xml,PASS,INFO,R1.D01=SI;R1.D02=NO;R2.D01=SI;R2.D02=SI;R2.D03=NO,MUNICIPIO30222,MUNICIPIO_SIN_CN_TRAB,Si,No,30222,,Regla 2 coherente para validaciones implementadas.
GPA-001__R2-002__R1-002__0369,GPA-001__R2-002__R1-002,02_inputs_xml_flat/GPA-001__R2-002__R1-002__0369.xml,PASS,INFO,R1.D01=SI;R1.D02=NO;R2.D01=SI;R2.D02=SI;R2.D03=NO,MUNICIPIO30223,MUNICIPIO_SIN_CN_TRAB,Si,No,30223,,Regla 2 coherente para validaciones implementadas.
GPA-001__R2-002__R1-002__0370,GPA-001__R2-002__R1-002,02_inputs_xml_flat/GPA-001__R2-002__R1-002__0370.xml,PASS,INFO,R1.D01=SI;R1.D02=NO;R2.D01=SI;R2.D02=SI;R2.D03=NO,MUNICIPIO30221,MUNICIPIO_SIN_CN_TRAB,Si,No,30221,,Regla 2 coherente para validaciones implementadas.
GPA-001__R2-002__R1-002__0371,GPA-001__R2-002__R1-002,02_inputs_xml_flat/GPA-001__R2-002__R1-002__0371.xml,PASS,INFO,R1.D01=SI;R1.D02=NO;R2.D01=SI;R2.D02=SI;R2.D03=NO,MUNICIPIO30222,MUNICIPIO_SIN_CN_TRAB,Si,No,30222,,Regla 2 coherente para validaciones implementadas.
GPA-001__R2-002__R1-002__0372,GPA-001__R2-002__R1-002,02_inputs_xml_flat/GPA-001__R2-002__R1-002__0372.xml,PASS,INFO,R1.D01=SI;R1.D02=NO;R2.D01=SI;R2.D02=SI;R2.D03=NO,MUNICIPIO30223,MUNICIPIO_SIN_CN_TRAB,Si,No,30223,,Regla 2 coherente para validaciones implementadas.
GPA-001__R2-002__R1-002__0373,GPA-001__R2-002__R1-002,02_inputs_xml_flat/GPA-001__R2-002__R1-002__0373.xml,PASS,INFO,R1.D01=SI;R1.D02=NO;R2.D01=SI;R2.D02=SI;R2.D03=NO,MUNICIPIO30221,MUNICIPIO_SIN_CN_TRAB,Si,No,30221,,Regla 2 coherente para validaciones implementadas.
GPA-001__R2-002__R1-002__0374,GPA-001__R2-002__R1-002,02_inputs_xml_flat/GPA-001__R2-002__R1-002__0374.xml,PASS,INFO,R1.D01=SI;R1.D02=NO;R2.D01=SI;R2.D02=SI;R2.D03=NO,MUNICIPIO30222,MUNICIPIO_SIN_CN_TRAB,Si,No,30222,,Regla 2 coherente para validaciones implementadas.
GPA-001__R2-002__R1-002__0375,GPA-001__R2-002__R1-002,02_inputs_xml_flat/GPA-001__R2-002__R1-002__0375.xml,PASS,INFO,R1.D01=SI;R1.D02=NO;R2.D01=SI;R2.D02=SI;R2.D03=NO,MUNICIPIO30223,MUNICIPIO_SIN_CN_TRAB,Si,No,30223,,Regla 2 coherente para validaciones implementadas.
GPA-001__R2-002__R1-002__0376,GPA-001__R2-002__R1-002,02_inputs_xml_flat/GPA-001__R2-002__R1-002__0376.xml,PASS,INFO,R1.D01=SI;R1.D02=NO;R2.D01=SI;R2.D02=SI;R2.D03=NO,MUNICIPIO30221,MUNICIPIO_SIN_CN_TRAB,Si,No,30221,,Regla 2 coherente para validaciones implementadas.
GPA-001__R2-002__R1-002__0377,GPA-001__R2-002__R1-002,02_inputs_xml_flat/GPA-001__R2-002__R1-002__0377.xml,PASS,INFO,R1.D01=SI;R1.D02=NO;R2.D01=SI;R2.D02=SI;R2.D03=NO,MUNICIPIO30222,MUNICIPIO_SIN_CN_TRAB,Si,No,30222,,Regla 2 coherente para validaciones implementadas.
GPA-001__R2-002__R1-002__0378,GPA-001__R2-002__R1-002,02_inputs_xml_flat/GPA-001__R2-002__R1-002__0378.xml,PASS,INFO,R1.D01=SI;R1.D02=NO;R2.D01=SI;R2.D02=SI;R2.D03=NO,MUNICIPIO30223,MUNICIPIO_SIN_CN_TRAB,Si,No,30223,,Regla 2 coherente para validaciones implementadas.
GPA-001__R2-002__R1-002__0379,GPA-001__R2-002__R1-002,02_inputs_xml_flat/GPA-001__R2-002__R1-002__0379.xml,PASS,INFO,R1.D01=SI;R1.D02=NO;R2.D01=SI;R2.D02=SI;R2.D03=NO,MUNICIPIO30221,MUNICIPIO_SIN_CN_TRAB,Si,No,30221,,Regla 2 coherente para validaciones implementadas.
GPA-001__R2-002__R1-002__0380,GPA-001__R2-002__R1-002,02_inputs_xml_flat/GPA-001__R2-002__R1-002__0380.xml,PASS,INFO,R1.D01=SI;R1.D02=NO;R2.D01=SI;R2.D02=SI;R2.D03=NO,MUNICIPIO30222,MUNICIPIO_SIN_CN_TRAB,Si,No,30222,,Regla 2 coherente para validaciones implementadas.
GPA-001__R2-002__R1-002__0381,GPA-001__R2-002__R1-002,02_inputs_xml_flat/GPA-001__R2-002__R1-002__0381.xml,PASS,INFO,R1.D01=SI;R1.D02=NO;R2.D01=SI;R2.D02=SI;R2.D03=NO,MUNICIPIO30223,MUNICIPIO_SIN_CN_TRAB,Si,No,30223,,Regla 2 coherente para validaciones implementadas.
GPA-001__R2-002__R1-002__0382,GPA-001__R2-002__R1-002,02_inputs_xml_flat/GPA-001__R2-002__R1-002__0382.xml,PASS,INFO,R1.D01=SI;R1.D02=NO;R2.D01=SI;R2.D02=SI;R2.D03=NO,MUNICIPIO30221,MUNICIPIO_SIN_CN_TRAB,Si,No,30221,,Regla 2 coherente para validaciones implementadas.
GPA-001__R2-002__R1-002__0383,GPA-001__R2-002__R1-002,02_inputs_xml_flat/GPA-001__R2-002__R1-002__0383.xml,PASS,INFO,R1.D01=SI;R1.D02=NO;R2.D01=SI;R2.D02=SI;R2.D03=NO,MUNICIPIO30222,MUNICIPIO_SIN_CN_TRAB,Si,No,30222,,Regla 2 coherente para validaciones implementadas.
GPA-001__R2-002__R1-002__0384,GPA-001__R2-002__R1-002,02_inputs_xml_flat/GPA-001__R2-002__R1-002__0384.xml,PASS,INFO,R1.D01=SI;R1.D02=NO;R2.D01=SI;R2.D02=SI;R2.D03=NO,MUNICIPIO30223,MUNICIPIO_SIN_CN_TRAB,Si,No,30223,,Regla 2 coherente para validaciones implementadas.
GPA-001__R2-002__R1-002__0385,GPA-001__R2-002__R1-002,02_inputs_xml_flat/GPA-001__R2-002__R1-002__0385.xml,PASS,INFO,R1.D01=SI;R1.D02=NO;R2.D01=SI;R2.D02=SI;R2.D03=NO,MUNICIPIO30221,MUNICIPIO_SIN_CN_TRAB,Si,No,30221,,Regla 2 coherente para validaciones implementadas.
GPA-001__R2-002__R1-002__0386,GPA-001__R2-002__R1-002,02_inputs_xml_flat/GPA-001__R2-002__R1-002__0386.xml,PASS,INFO,R1.D01=SI;R1.D02=NO;R2.D01=SI;R2.D02=SI;R2.D03=NO,MUNICIPIO30222,MUNICIPIO_SIN_CN_TRAB,Si,No,30222,,Regla 2 coherente para validaciones implementadas.
GPA-001__R2-002__R1-002__0387,GPA-001__R2-002__R1-002,02_inputs_xml_flat/GPA-001__R2-002__R1-002__0387.xml,PASS,INFO,R1.D01=SI;R1.D02=NO;R2.D01=SI;R2.D02=SI;R2.D03=NO,MUNICIPIO30223,MUNICIPIO_SIN_CN_TRAB,Si,No,30223,,Regla 2 coherente para validaciones implementadas.
GPA-001__R2-002__R1-002__0388,GPA-001__R2-002__R1-002,02_inputs_xml_flat/GPA-001__R2-002__R1-002__0388.xml,PASS,INFO,R1.D01=SI;R1.D02=NO;R2.D01=SI;R2.D02=SI;R2.D03=NO,MUNICIPIO30221,MUNICIPIO_SIN_CN_TRAB,Si,No,30221,,Regla 2 coherente para validaciones implementadas.
GPA-001__R2-002__R1-002__0389,GPA-001__R2-002__R1-002,02_inputs_xml_flat/GPA-001__R2-002__R1-002__0389.xml,PASS,INFO,R1.D01=SI;R1.D02=NO;R2.D01=SI;R2.D02=SI;R2.D03=NO,MUNICIPIO30222,MUNICIPIO_SIN_CN_TRAB,Si,No,30222,,Regla 2 coherente para validaciones implementadas.
GPA-001__R2-002__R1-002__0390,GPA-001__R2-002__R1-002,02_inputs_xml_flat/GPA-001__R2-002__R1-002__0390.xml,PASS,INFO,R1.D01=SI;R1.D02=NO;R2.D01=SI;R2.D02=SI;R2.D03=NO,MUNICIPIO30223,MUNICIPIO_SIN_CN_TRAB,Si,No,30223,,Regla 2 coherente para validaciones implementadas.
GPA-001__R2-002__R1-002__0391,GPA-001__R2-002__R1-002,02_inputs_xml_flat/GPA-001__R2-002__R1-002__0391.xml,PASS,INFO,R1.D01=SI;R1.D02=NO;R2.D01=SI;R2.D02=SI;R2.D03=NO,MUNICIPIO30221,MUNICIPIO_SIN_CN_TRAB,Si,No,30221,,Regla 2 coherente para validaciones implementadas.
GPA-001__R2-002__R1-002__0392,GPA-001__R2-002__R1-002,02_inputs_xml_flat/GPA-001__R2-002__R1-002__0392.xml,PASS,INFO,R1.D01=SI;R1.D02=NO;R2.D01=SI;R2.D02=SI;R2.D03=NO,MUNICIPIO30222,MUNICIPIO_SIN_CN_TRAB,Si,No,30222,,Regla 2 coherente para validaciones implementadas.
GPA-001__R2-002__R1-002__0393,GPA-001__R2-002__R1-002,02_inputs_xml_flat/GPA-001__R2-002__R1-002__0393.xml,PASS,INFO,R1.D01=SI;R1.D02=NO;R2.D01=SI;R2.D02=SI;R2.D03=NO,MUNICIPIO30223,MUNICIPIO_SIN_CN_TRAB,Si,No,30223,,Regla 2 coherente para validaciones implementadas.
GPA-001__R2-002__R1-002__0394,GPA-001__R2-002__R1-002,02_inputs_xml_flat/GPA-001__R2-002__R1-002__0394.xml,PASS,INFO,R1.D01=SI;R1.D02=NO;R2.D01=SI;R2.D02=SI;R2.D03=NO,MUNICIPIO30221,MUNICIPIO_SIN_CN_TRAB,Si,No,30221,,Regla 2 coherente para validaciones implementadas.
GPA-001__R2-002__R1-002__0395,GPA-001__R2-002__R1-002,02_inputs_xml_flat/GPA-001__R2-002__R1-002__0395.xml,PASS,INFO,R1.D01=SI;R1.D02=NO;R2.D01=SI;R2.D02=SI;R2.D03=NO,MUNICIPIO30222,MUNICIPIO_SIN_CN_TRAB,Si,No,30222,,Regla 2 coherente para validaciones implementadas.
GPA-001__R2-002__R1-002__0396,GPA-001__R2-002__R1-002,02_inputs_xml_flat/GPA-001__R2-002__R1-002__0396.xml,PASS,INFO,R1.D01=SI;R1.D02=NO;R2.D01=SI;R2.D02=SI;R2.D03=NO,MUNICIPIO30223,MUNICIPIO_SIN_CN_TRAB,Si,No,30223,,Regla 2 coherente para validaciones implementadas.
GPA-001__R2-002__R1-002__0397,GPA-001__R2-002__R1-002,02_inputs_xml_flat/GPA-001__R2-002__R1-002__0397.xml,PASS,INFO,R1.D01=SI;R1.D02=NO;R2.D01=SI;R2.D02=SI;R2.D03=NO,MUNICIPIO30221,MUNICIPIO_SIN_CN_TRAB,Si,No,30221,,Regla 2 coherente para validaciones implementadas.
GPA-001__R2-002__R1-002__0398,GPA-001__R2-002__R1-002,02_inputs_xml_flat/GPA-001__R2-002__R1-002__0398.xml,PASS,INFO,R1.D01=SI;R1.D02=NO;R2.D01=SI;R2.D02=SI;R2.D03=NO,MUNICIPIO30222,MUNICIPIO_SIN_CN_TRAB,Si,No,30222,,Regla 2 coherente para validaciones implementadas.
GPA-001__R2-002__R1-002__0399,GPA-001__R2-002__R1-002,02_inputs_xml_flat/GPA-001__R2-002__R1-002__0399.xml,PASS,INFO,R1.D01=SI;R1.D02=NO;R2.D01=SI;R2.D02=SI;R2.D03=NO,MUNICIPIO30223,MUNICIPIO_SIN_CN_TRAB,Si,No,30223,,Regla 2 coherente para validaciones implementadas.
GPA-001__R2-002__R1-002__0400,GPA-001__R2-002__R1-002,02_inputs_xml_flat/GPA-001__R2-002__R1-002__0400.xml,PASS,INFO,R1.D01=SI;R1.D02=NO;R2.D01=SI;R2.D02=SI;R2.D03=NO,MUNICIPIO30221,MUNICIPIO_SIN_CN_TRAB,Si,No,30221,,Regla 2 coherente para validaciones implementadas.
GPA-001__R2-002__R1-002__0401,GPA-001__R2-002__R1-002,02_inputs_xml_flat/GPA-001__R2-002__R1-002__0401.xml,PASS,INFO,R1.D01=SI;R1.D02=NO;R2.D01=SI;R2.D02=SI;R2.D03=NO,MUNICIPIO30222,MUNICIPIO_SIN_CN_TRAB,Si,No,30222,,Regla 2 coherente para validaciones implementadas.
GPA-001__R2-002__R1-002__0402,GPA-001__R2-002__R1-002,02_inputs_xml_flat/GPA-001__R2-002__R1-002__0402.xml,PASS,INFO,R1.D01=SI;R1.D02=NO;R2.D01=SI;R2.D02=SI;R2.D03=NO,MUNICIPIO30223,MUNICIPIO_SIN_CN_TRAB,Si,No,30223,,Regla 2 coherente para validaciones implementadas.
GPA-001__R2-002__R1-002__0403,GPA-001__R2-002__R1-002,02_inputs_xml_flat/GPA-001__R2-002__R1-002__0403.xml,PASS,INFO,R1.D01=SI;R1.D02=NO;R2.D01=SI;R2.D02=SI;R2.D03=NO,MUNICIPIO30221,MUNICIPIO_SIN_CN_TRAB,Si,No,30221,,Regla 2 coherente para validaciones implementadas.
GPA-001__R2-002__R1-002__0404,GPA-001__R2-002__R1-002,02_inputs_xml_flat/GPA-001__R2-002__R1-002__0404.xml,PASS,INFO,R1.D01=SI;R1.D02=NO;R2.D01=SI;R2.D02=SI;R2.D03=NO,MUNICIPIO30222,MUNICIPIO_SIN_CN_TRAB,Si,No,30222,,Regla 2 coherente para validaciones implementadas.
GPA-001__R2-002__R1-002__0405,GPA-001__R2-002__R1-002,02_inputs_xml_flat/GPA-001__R2-002__R1-002__0405.xml,PASS,INFO,R1.D01=SI;R1.D02=NO;R2.D01=SI;R2.D02=SI;R2.D03=NO,MUNICIPIO30223,MUNICIPIO_SIN_CN_TRAB,Si,No,30223,,Regla 2 coherente para validaciones implementadas.
GPA-001__R2-002__R1-002__0406,GPA-001__R2-002__R1-002,02_inputs_xml_flat/GPA-001__R2-002__R1-002__0406.xml,PASS,INFO,R1.D01=SI;R1.D02=NO;R2.D01=SI;R2.D02=SI;R2.D03=NO,MUNICIPIO30221,MUNICIPIO_SIN_CN_TRAB,Si,No,30221,,Regla 2 coherente para validaciones implementadas.
GPA-001__R2-002__R1-002__0407,GPA-001__R2-002__R1-002,02_inputs_xml_flat/GPA-001__R2-002__R1-002__0407.xml,PASS,INFO,R1.D01=SI;R1.D02=NO;R2.D01=SI;R2.D02=SI;R2.D03=NO,MUNICIPIO30222,MUNICIPIO_SIN_CN_TRAB,Si,No,30222,,Regla 2 coherente para validaciones implementadas.
GPA-001__R2-002__R1-002__0408,GPA-001__R2-002__R1-002,02_inputs_xml_flat/GPA-001__R2-002__R1-002__0408.xml,PASS,INFO,R1.D01=SI;R1.D02=NO;R2.D01=SI;R2.D02=SI;R2.D03=NO,MUNICIPIO30223,MUNICIPIO_SIN_CN_TRAB,Si,No,30223,,Regla 2 coherente para validaciones implementadas.
GPA-001__R2-002__R1-002__0409,GPA-001__R2-002__R1-002,02_inputs_xml_flat/GPA-001__R2-002__R1-002__0409.xml,PASS,INFO,R1.D01=SI;R1.D02=NO;R2.D01=SI;R2.D02=SI;R2.D03=NO,MUNICIPIO30221,MUNICIPIO_SIN_CN_TRAB,Si,No,30221,,Regla 2 coherente para validaciones implementadas.
GPA-001__R2-002__R1-002__0410,GPA-001__R2-002__R1-002,02_inputs_xml_flat/GPA-001__R2-002__R1-002__0410.xml,PASS,INFO,R1.D01=SI;R1.D02=NO;R2.D01=SI;R2.D02=SI;R2.D03=NO,MUNICIPIO30222,MUNICIPIO_SIN_CN_TRAB,Si,No,30222,,Regla 2 coherente para validaciones implementadas.
GPA-001__R2-002__R1-002__0411,GPA-001__R2-002__R1-002,02_inputs_xml_flat/GPA-001__R2-002__R1-002__0411.xml,PASS,INFO,R1.D01=SI;R1.D02=NO;R2.D01=SI;R2.D02=SI;R2.D03=NO,MUNICIPIO30223,MUNICIPIO_SIN_CN_TRAB,Si,No,30223,,Regla 2 coherente para validaciones implementadas.
GPA-001__R2-002__R1-002__0412,GPA-001__R2-002__R1-002,02_inputs_xml_flat/GPA-001__R2-002__R1-002__0412.xml,PASS,INFO,R1.D01=SI;R1.D02=NO;R2.D01=SI;R2.D02=SI;R2.D03=NO,MUNICIPIO30221,MUNICIPIO_SIN_CN_TRAB,Si,No,30221,,Regla 2 coherente para validaciones implementadas.
GPA-001__R2-002__R1-002__0413,GPA-001__R2-002__R1-002,02_inputs_xml_flat/GPA-001__R2-002__R1-002__0413.xml,PASS,INFO,R1.D01=SI;R1.D02=NO;R2.D01=SI;R2.D02=SI;R2.D03=NO,MUNICIPIO30222,MUNICIPIO_SIN_CN_TRAB,Si,No,30222,,Regla 2 coherente para validaciones implementadas.
GPA-001__R2-002__R1-002__0414,GPA-001__R2-002__R1-002,02_inputs_xml_flat/GPA-001__R2-002__R1-002__0414.xml,PASS,INFO,R1.D01=SI;R1.D02=NO;R2.D01=SI;R2.D02=SI;R2.D03=NO,MUNICIPIO30223,MUNICIPIO_SIN_CN_TRAB,Si,No,30223,,Regla 2 coherente para validaciones implementadas.
GPA-001__R2-002__R1-002__0415,GPA-001__R2-002__R1-002,02_inputs_xml_flat/GPA-001__R2-002__R1-002__0415.xml,PASS,INFO,R1.D01=SI;R1.D02=NO;R2.D01=SI;R2.D02=SI;R2.D03=NO,MUNICIPIO30221,MUNICIPIO_SIN_CN_TRAB,Si,No,30221,,Regla 2 coherente para validaciones implementadas.
GPA-001__R2-002__R1-002__0416,GPA-001__R2-002__R1-002,02_inputs_xml_flat/GPA-001__R2-002__R1-002__0416.xml,PASS,INFO,R1.D01=SI;R1.D02=NO;R2.D01=SI;R2.D02=SI;R2.D03=NO,MUNICIPIO30222,MUNICIPIO_SIN_CN_TRAB,Si,No,30222,,Regla 2 coherente para validaciones implementadas.
GPA-001__R2-002__R1-002__0417,GPA-001__R2-002__R1-002,02_inputs_xml_flat/GPA-001__R2-002__R1-002__0417.xml,PASS,INFO,R1.D01=SI;R1.D02=NO;R2.D01=SI;R2.D02=SI;R2.D03=NO,MUNICIPIO30223,MUNICIPIO_SIN_CN_TRAB,Si,No,30223,,Regla 2 coherente para validaciones implementadas.
GPA-001__R2-002__R1-002__0418,GPA-001__R2-002__R1-002,02_inputs_xml_flat/GPA-001__R2-002__R1-002__0418.xml,PASS,INFO,R1.D01=SI;R1.D02=NO;R2.D01=SI;R2.D02=SI;R2.D03=NO,MUNICIPIO30221,MUNICIPIO_SIN_CN_TRAB,Si,No,30221,,Regla 2 coherente para validaciones implementadas.
GPA-001__R2-002__R1-002__0419,GPA-001__R2-002__R1-002,02_inputs_xml_flat/GPA-001__R2-002__R1-002__0419.xml,PASS,INFO,R1.D01=SI;R1.D02=NO;R2.D01=SI;R2.D02=SI;R2.D03=NO,MUNICIPIO30222,MUNICIPIO_SIN_CN_TRAB,Si,No,30222,,Regla 2 coherente para validaciones implementadas.
GPA-001__R2-002__R1-002__0420,GPA-001__R2-002__R1-002,02_inputs_xml_flat/GPA-001__R2-002__R1-002__0420.xml,PASS,INFO,R1.D01=SI;R1.D02=NO;R2.D01=SI;R2.D02=SI;R2.D03=NO,MUNICIPIO30223,MUNICIPIO_SIN_CN_TRAB,Si,No,30223,,Regla 2 coherente para validaciones implementadas.
GPA-001__R2-002__R1-002__0421,GPA-001__R2-002__R1-002,02_inputs_xml_flat/GPA-001__R2-002__R1-002__0421.xml,PASS,INFO,R1.D01=SI;R1.D02=NO;R2.D01=SI;R2.D02=SI;R2.D03=NO,MUNICIPIO30221,MUNICIPIO_SIN_CN_TRAB,Si,No,30221,,Regla 2 coherente para validaciones implementadas.
GPA-001__R2-002__R1-002__0422,GPA-001__R2-002__R1-002,02_inputs_xml_flat/GPA-001__R2-002__R1-002__0422.xml,PASS,INFO,R1.D01=SI;R1.D02=NO;R2.D01=SI;R2.D02=SI;R2.D03=NO,MUNICIPIO30222,MUNICIPIO_SIN_CN_TRAB,Si,No,30222,,Regla 2 coherente para validaciones implementadas.
GPA-001__R2-002__R1-002__0423,GPA-001__R2-002__R1-002,02_inputs_xml_flat/GPA-001__R2-002__R1-002__0423.xml,PASS,INFO,R1.D01=SI;R1.D02=NO;R2.D01=SI;R2.D02=SI;R2.D03=NO,MUNICIPIO30223,MUNICIPIO_SIN_CN_TRAB,Si,No,30223,,Regla 2 coherente para validaciones implementadas.
GPA-001__R2-002__R1-002__0424,GPA-001__R2-002__R1-002,02_inputs_xml_flat/GPA-001__R2-002__R1-002__0424.xml,PASS,INFO,R1.D01=SI;R1.D02=NO;R2.D01=SI;R2.D02=SI;R2.D03=NO,MUNICIPIO30221,MUNICIPIO_SIN_CN_TRAB,Si,No,30221,,Regla 2 coherente para validaciones implementadas.
GPA-001__R2-002__R1-002__0425,GPA-001__R2-002__R1-002,02_inputs_xml_flat/GPA-001__R2-002__R1-002__0425.xml,PASS,INFO,R1.D01=SI;R1.D02=NO;R2.D01=SI;R2.D02=SI;R2.D03=NO,MUNICIPIO30222,MUNICIPIO_SIN_CN_TRAB,Si,No,30222,,Regla 2 coherente para validaciones implementadas.
GPA-001__R2-002__R1-002__0426,GPA-001__R2-002__R1-002,02_inputs_xml_flat/GPA-001__R2-002__R1-002__0426.xml,PASS,INFO,R1.D01=SI;R1.D02=NO;R2.D01=SI;R2.D02=SI;R2.D03=NO,MUNICIPIO30223,MUNICIPIO_SIN_CN_TRAB,Si,No,30223,,Regla 2 coherente para validaciones implementadas.
GPA-001__R2-002__R1-002__0427,GPA-001__R2-002__R1-002,02_inputs_xml_flat/GPA-001__R2-002__R1-002__0427.xml,PASS,INFO,R1.D01=SI;R1.D02=NO;R2.D01=SI;R2.D02=SI;R2.D03=NO,MUNICIPIO30221,MUNICIPIO_SIN_CN_TRAB,Si,No,30221,,Regla 2 coherente para validaciones implementadas.
GPA-001__R2-002__R1-002__0428,GPA-001__R2-002__R1-002,02_inputs_xml_flat/GPA-001__R2-002__R1-002__0428.xml,PASS,INFO,R1.D01=SI;R1.D02=NO;R2.D01=SI;R2.D02=SI;R2.D03=NO,MUNICIPIO30222,MUNICIPIO_SIN_CN_TRAB,Si,No,30222,,Regla 2 coherente para validaciones implementadas.
GPA-001__R2-002__R1-002__0429,GPA-001__R2-002__R1-002,02_inputs_xml_flat/GPA-001__R2-002__R1-002__0429.xml,PASS,INFO,R1.D01=SI;R1.D02=NO;R2.D01=SI;R2.D02=SI;R2.D03=NO,MUNICIPIO30223,MUNICIPIO_SIN_CN_TRAB,Si,No,30223,,Regla 2 coherente para validaciones implementadas.
GPA-001__R2-002__R1-002__0430,GPA-001__R2-002__R1-002,02_inputs_xml_flat/GPA-001__R2-002__R1-002__0430.xml,PASS,INFO,R1.D01=SI;R1.D02=NO;R2.D01=SI;R2.D02=SI;R2.D03=NO,MUNICIPIO30221,MUNICIPIO_SIN_CN_TRAB,Si,No,30221,,Regla 2 coherente para validaciones implementadas.
GPA-001__R2-002__R1-002__0431,GPA-001__R2-002__R1-002,02_inputs_xml_flat/GPA-001__R2-002__R1-002__0431.xml,PASS,INFO,R1.D01=SI;R1.D02=NO;R2.D01=SI;R2.D02=SI;R2.D03=NO,MUNICIPIO30222,MUNICIPIO_SIN_CN_TRAB,Si,No,30222,,Regla 2 coherente para validaciones implementadas.
GPA-001__R2-002__R1-002__0432,GPA-001__R2-002__R1-002,02_inputs_xml_flat/GPA-001__R2-002__R1-002__0432.xml,PASS,INFO,R1.D01=SI;R1.D02=NO;R2.D01=SI;R2.D02=SI;R2.D03=NO,MUNICIPIO30223,MUNICIPIO_SIN_CN_TRAB,Si,No,30223,,Regla 2 coherente para validaciones implementadas.
GPA-001__R2-002__R1-002__0433,GPA-001__R2-002__R1-002,02_inputs_xml_flat/GPA-001__R2-002__R1-002__0433.xml,PASS,INFO,R1.D01=SI;R1.D02=NO;R2.D01=SI;R2.D02=SI;R2.D03=NO,MUNICIPIO30221,MUNICIPIO_SIN_CN_TRAB,Si,No,30221,,Regla 2 coherente para validaciones implementadas.
GPA-001__R2-002__R1-002__0434,GPA-001__R2-002__R1-002,02_inputs_xml_flat/GPA-001__R2-002__R1-002__0434.xml,PASS,INFO,R1.D01=SI;R1.D02=NO;R2.D01=SI;R2.D02=SI;R2.D03=NO,MUNICIPIO30222,MUNICIPIO_SIN_CN_TRAB,Si,No,30222,,Regla 2 coherente para validaciones implementadas.
GPA-001__R2-002__R1-002__0435,GPA-001__R2-002__R1-002,02_inputs_xml_flat/GPA-001__R2-002__R1-002__0435.xml,PASS,INFO,R1.D01=SI;R1.D02=NO;R2.D01=SI;R2.D02=SI;R2.D03=NO,MUNICIPIO30223,MUNICIPIO_SIN_CN_TRAB,Si,No,30223,,Regla 2 coherente para validaciones implementadas.
GPA-001__R2-002__R1-002__0436,GPA-001__R2-002__R1-002,02_inputs_xml_flat/GPA-001__R2-002__R1-002__0436.xml,PASS,INFO,R1.D01=SI;R1.D02=NO;R2.D01=SI;R2.D02=SI;R2.D03=NO,MUNICIPIO30221,MUNICIPIO_SIN_CN_TRAB,Si,No,30221,,Regla 2 coherente para validaciones implementadas.
GPA-001__R2-002__R1-002__0437,GPA-001__R2-002__R1-002,02_inputs_xml_flat/GPA-001__R2-002__R1-002__0437.xml,PASS,INFO,R1.D01=SI;R1.D02=NO;R2.D01=SI;R2.D02=SI;R2.D03=NO,MUNICIPIO30222,MUNICIPIO_SIN_CN_TRAB,Si,No,30222,,Regla 2 coherente para validaciones implementadas.
GPA-001__R2-002__R1-002__0438,GPA-001__R2-002__R1-002,02_inputs_xml_flat/GPA-001__R2-002__R1-002__0438.xml,PASS,INFO,R1.D01=SI;R1.D02=NO;R2.D01=SI;R2.D02=SI;R2.D03=NO,MUNICIPIO30223,MUNICIPIO_SIN_CN_TRAB,Si,No,30223,,Regla 2 coherente para validaciones implementadas.
GPA-001__R2-002__R1-002__0439,GPA-001__R2-002__R1-002,02_inputs_xml_flat/GPA-001__R2-002__R1-002__0439.xml,PASS,INFO,R1.D01=SI;R1.D02=NO;R2.D01=SI;R2.D02=SI;R2.D03=NO,MUNICIPIO30221,MUNICIPIO_SIN_CN_TRAB,Si,No,30221,,Regla 2 coherente para validaciones implementadas.
GPA-001__R2-002__R1-002__0440,GPA-001__R2-002__R1-002,02_inputs_xml_flat/GPA-001__R2-002__R1-002__0440.xml,PASS,INFO,R1.D01=SI;R1.D02=NO;R2.D01=SI;R2.D02=SI;R2.D03=NO,MUNICIPIO30222,MUNICIPIO_SIN_CN_TRAB,Si,No,30222,,Regla 2 coherente para validaciones implementadas.
GPA-001__R2-002__R1-002__0441,GPA-001__R2-002__R1-002,02_inputs_xml_flat/GPA-001__R2-002__R1-002__0441.xml,PASS,INFO,R1.D01=SI;R1.D02=NO;R2.D01=SI;R2.D02=SI;R2.D03=NO,MUNICIPIO30223,MUNICIPIO_SIN_CN_TRAB,Si,No,30223,,Regla 2 coherente para validaciones implementadas.
GPA-001__R2-002__R1-002__0442,GPA-001__R2-002__R1-002,02_inputs_xml_flat/GPA-001__R2-002__R1-002__0442.xml,PASS,INFO,R1.D01=SI;R1.D02=NO;R2.D01=SI;R2.D02=SI;R2.D03=NO,MUNICIPIO30221,MUNICIPIO_SIN_CN_TRAB,Si,No,30221,,Regla 2 coherente para validaciones implementadas.
GPA-001__R2-002__R1-002__0443,GPA-001__R2-002__R1-002,02_inputs_xml_flat/GPA-001__R2-002__R1-002__0443.xml,PASS,INFO,R1.D01=SI;R1.D02=NO;R2.D01=SI;R2.D02=SI;R2.D03=NO,MUNICIPIO30222,MUNICIPIO_SIN_CN_TRAB,Si,No,30222,,Regla 2 coherente para validaciones implementadas.
GPA-001__R2-002__R1-002__0444,GPA-001__R2-002__R1-002,02_inputs_xml_flat/GPA-001__R2-002__R1-002__0444.xml,PASS,INFO,R1.D01=SI;R1.D02=NO;R2.D01=SI;R2.D02=SI;R2.D03=NO,MUNICIPIO30223,MUNICIPIO_SIN_CN_TRAB,Si,No,30223,,Regla 2 coherente para validaciones implementadas.
GPA-001__R2-002__R1-002__0445,GPA-001__R2-002__R1-002,02_inputs_xml_flat/GPA-001__R2-002__R1-002__0445.xml,PASS,INFO,R1.D01=SI;R1.D02=NO;R2.D01=SI;R2.D02=SI;R2.D03=NO,MUNICIPIO30221,MUNICIPIO_SIN_CN_TRAB,Si,No,30221,,Regla 2 coherente para validaciones implementadas.
GPA-001__R2-002__R1-002__0446,GPA-001__R2-002__R1-002,02_inputs_xml_flat/GPA-001__R2-002__R1-002__0446.xml,PASS,INFO,R1.D01=SI;R1.D02=NO;R2.D01=SI;R2.D02=SI;R2.D03=NO,MUNICIPIO30222,MUNICIPIO_SIN_CN_TRAB,Si,No,30222,,Regla 2 coherente para validaciones implementadas.
GPA-001__R2-002__R1-002__0447,GPA-001__R2-002__R1-002,02_inputs_xml_flat/GPA-001__R2-002__R1-002__0447.xml,PASS,INFO,R1.D01=SI;R1.D02=NO;R2.D01=SI;R2.D02=SI;R2.D03=NO,MUNICIPIO30223,MUNICIPIO_SIN_CN_TRAB,Si,No,30223,,Regla 2 coherente para validaciones implementadas.
GPA-001__R2-002__R1-002__0448,GPA-001__R2-002__R1-002,02_inputs_xml_flat/GPA-001__R2-002__R1-002__0448.xml,PASS,INFO,R1.D01=SI;R1.D02=NO;R2.D01=SI;R2.D02=SI;R2.D03=NO,MUNICIPIO30221,MUNICIPIO_SIN_CN_TRAB,Si,No,30221,,Regla 2 coherente para validaciones implementadas.
GPA-001__R2-002__R1-002__0449,GPA-001__R2-002__R1-002,02_inputs_xml_flat/GPA-001__R2-002__R1-002__0449.xml,PASS,INFO,R1.D01=SI;R1.D02=NO;R2.D01=SI;R2.D02=SI;R2.D03=NO,MUNICIPIO30222,MUNICIPIO_SIN_CN_TRAB,Si,No,30222,,Regla 2 coherente para validaciones implementadas.
GPA-001__R2-002__R1-002__0450,GPA-001__R2-002__R1-002,02_inputs_xml_flat/GPA-001__R2-002__R1-002__0450.xml,PASS,INFO,R1.D01=SI;R1.D02=NO;R2.D01=SI;R2.D02=SI;R2.D03=NO,MUNICIPIO30223,MUNICIPIO_SIN_CN_TRAB,Si,No,30223,,Regla 2 coherente para validaciones implementadas.
GPA-001__R2-002__R1-002__0451,GPA-001__R2-002__R1-002,02_inputs_xml_flat/GPA-001__R2-002__R1-002__0451.xml,PASS,INFO,R1.D01=SI;R1.D02=NO;R2.D01=SI;R2.D02=SI;R2.D03=NO,MUNICIPIO30221,MUNICIPIO_SIN_CN_TRAB,Si,No,30221,,Regla 2 coherente para validaciones implementadas.
GPA-001__R2-002__R1-002__0452,GPA-001__R2-002__R1-002,02_inputs_xml_flat/GPA-001__R2-002__R1-002__0452.xml,PASS,INFO,R1.D01=SI;R1.D02=NO;R2.D01=SI;R2.D02=SI;R2.D03=NO,MUNICIPIO30222,MUNICIPIO_SIN_CN_TRAB,Si,No,30222,,Regla 2 coherente para validaciones implementadas.
GPA-001__R2-002__R1-002__0453,GPA-001__R2-002__R1-002,02_inputs_xml_flat/GPA-001__R2-002__R1-002__0453.xml,PASS,INFO,R1.D01=SI;R1.D02=NO;R2.D01=SI;R2.D02=SI;R2.D03=NO,MUNICIPIO30223,MUNICIPIO_SIN_CN_TRAB,Si,No,30223,,Regla 2 coherente para validaciones implementadas.
GPA-001__R2-002__R1-002__0454,GPA-001__R2-002__R1-002,02_inputs_xml_flat/GPA-001__R2-002__R1-002__0454.xml,PASS,INFO,R1.D01=SI;R1.D02=NO;R2.D01=SI;R2.D02=SI;R2.D03=NO,MUNICIPIO30221,MUNICIPIO_SIN_CN_TRAB,Si,No,30221,,Regla 2 coherente para validaciones implementadas.
GPA-001__R2-002__R1-002__0455,GPA-001__R2-002__R1-002,02_inputs_xml_flat/GPA-001__R2-002__R1-002__0455.xml,PASS,INFO,R1.D01=SI;R1.D02=NO;R2.D01=SI;R2.D02=SI;R2.D03=NO,MUNICIPIO30222,MUNICIPIO_SIN_CN_TRAB,Si,No,30222,,Regla 2 coherente para validaciones implementadas.
GPA-001__R2-002__R1-002__0456,GPA-001__R2-002__R1-002,02_inputs_xml_flat/GPA-001__R2-002__R1-002__0456.xml,PASS,INFO,R1.D01=SI;R1.D02=NO;R2.D01=SI;R2.D02=SI;R2.D03=NO,MUNICIPIO30223,MUNICIPIO_SIN_CN_TRAB,Si,No,30223,,Regla 2 coherente para validaciones implementadas.
GPA-001__R2-002__R1-002__0457,GPA-001__R2-002__R1-002,02_inputs_xml_flat/GPA-001__R2-002__R1-002__0457.xml,PASS,INFO,R1.D01=SI;R1.D02=NO;R2.D01=SI;R2.D02=SI;R2.D03=NO,MUNICIPIO30221,MUNICIPIO_SIN_CN_TRAB,Si,No,30221,,Regla 2 coherente para validaciones implementadas.
GPA-001__R2-002__R1-002__0458,GPA-001__R2-002__R1-002,02_inputs_xml_flat/GPA-001__R2-002__R1-002__0458.xml,PASS,INFO,R1.D01=SI;R1.D02=NO;R2.D01=SI;R2.D02=SI;R2.D03=NO,MUNICIPIO30222,MUNICIPIO_SIN_CN_TRAB,Si,No,30222,,Regla 2 coherente para validaciones implementadas.
GPA-001__R2-002__R1-002__0459,GPA-001__R2-002__R1-002,02_inputs_xml_flat/GPA-001__R2-002__R1-002__0459.xml,PASS,INFO,R1.D01=SI;R1.D02=NO;R2.D01=SI;R2.D02=SI;R2.D03=NO,MUNICIPIO30223,MUNICIPIO_SIN_CN_TRAB,Si,No,30223,,Regla 2 coherente para validaciones implementadas.
GPA-001__R2-002__R1-002__0460,GPA-001__R2-002__R1-002,02_inputs_xml_flat/GPA-001__R2-002__R1-002__0460.xml,PASS,INFO,R1.D01=SI;R1.D02=NO;R2.D01=SI;R2.D02=SI;R2.D03=NO,MUNICIPIO30221,MUNICIPIO_SIN_CN_TRAB,Si,No,30221,,Regla 2 coherente para validaciones implementadas.
GPA-001__R2-002__R1-002__0461,GPA-001__R2-002__R1-002,02_inputs_xml_flat/GPA-001__R2-002__R1-002__0461.xml,PASS,INFO,R1.D01=SI;R1.D02=NO;R2.D01=SI;R2.D02=SI;R2.D03=NO,MUNICIPIO30222,MUNICIPIO_SIN_CN_TRAB,Si,No,30222,,Regla 2 coherente para validaciones implementadas.
GPA-001__R2-002__R1-002__0462,GPA-001__R2-002__R1-002,02_inputs_xml_flat/GPA-001__R2-002__R1-002__0462.xml,PASS,INFO,R1.D01=SI;R1.D02=NO;R2.D01=SI;R2.D02=SI;R2.D03=NO,MUNICIPIO30223,MUNICIPIO_SIN_CN_TRAB,Si,No,30223,,Regla 2 coherente para validaciones implementadas.
GPA-001__R2-002__R1-002__0463,GPA-001__R2-002__R1-002,02_inputs_xml_flat/GPA-001__R2-002__R1-002__0463.xml,PASS,INFO,R1.D01=SI;R1.D02=NO;R2.D01=SI;R2.D02=SI;R2.D03=NO,MUNICIPIO30221,MUNICIPIO_SIN_CN_TRAB,Si,No,30221,,Regla 2 coherente para validaciones implementadas.
GPA-001__R2-002__R1-002__0464,GPA-001__R2-002__R1-002,02_inputs_xml_flat/GPA-001__R2-002__R1-002__0464.xml,PASS,INFO,R1.D01=SI;R1.D02=NO;R2.D01=SI;R2.D02=SI;R2.D03=NO,MUNICIPIO30222,MUNICIPIO_SIN_CN_TRAB,Si,No,30222,,Regla 2 coherente para validaciones implementadas.
GPA-001__R2-002__R1-002__0465,GPA-001__R2-002__R1-002,02_inputs_xml_flat/GPA-001__R2-002__R1-002__0465.xml,PASS,INFO,R1.D01=SI;R1.D02=NO;R2.D01=SI;R2.D02=SI;R2.D03=NO,MUNICIPIO30223,MUNICIPIO_SIN_CN_TRAB,Si,No,30223,,Regla 2 coherente para validaciones implementadas.
GPA-001__R2-002__R1-002__0466,GPA-001__R2-002__R1-002,02_inputs_xml_flat/GPA-001__R2-002__R1-002__0466.xml,PASS,INFO,R1.D01=SI;R1.D02=NO;R2.D01=SI;R2.D02=SI;R2.D03=NO,MUNICIPIO30221,MUNICIPIO_SIN_CN_TRAB,Si,No,30221,,Regla 2 coherente para validaciones implementadas.
GPA-001__R2-002__R1-002__0467,GPA-001__R2-002__R1-002,02_inputs_xml_flat/GPA-001__R2-002__R1-002__0467.xml,PASS,INFO,R1.D01=SI;R1.D02=NO;R2.D01=SI;R2.D02=SI;R2.D03=NO,MUNICIPIO30222,MUNICIPIO_SIN_CN_TRAB,Si,No,30222,,Regla 2 coherente para validaciones implementadas.
GPA-001__R2-002__R1-002__0468,GPA-001__R2-002__R1-002,02_inputs_xml_flat/GPA-001__R2-002__R1-002__0468.xml,PASS,INFO,R1.D01=SI;R1.D02=NO;R2.D01=SI;R2.D02=SI;R2.D03=NO,MUNICIPIO30223,MUNICIPIO_SIN_CN_TRAB,Si,No,30223,,Regla 2 coherente para validaciones implementadas.
GPA-001__R2-002__R1-002__0469,GPA-001__R2-002__R1-002,02_inputs_xml_flat/GPA-001__R2-002__R1-002__0469.xml,PASS,INFO,R1.D01=SI;R1.D02=NO;R2.D01=SI;R2.D02=SI;R2.D03=NO,MUNICIPIO30221,MUNICIPIO_SIN_CN_TRAB,Si,No,30221,,Regla 2 coherente para validaciones implementadas.
GPA-001__R2-002__R1-002__0470,GPA-001__R2-002__R1-002,02_inputs_xml_flat/GPA-001__R2-002__R1-002__0470.xml,PASS,INFO,R1.D01=SI;R1.D02=NO;R2.D01=SI;R2.D02=SI;R2.D03=NO,MUNICIPIO30222,MUNICIPIO_SIN_CN_TRAB,Si,No,30222,,Regla 2 coherente para validaciones implementadas.
GPA-001__R2-002__R1-002__0471,GPA-001__R2-002__R1-002,02_inputs_xml_flat/GPA-001__R2-002__R1-002__0471.xml,PASS,INFO,R1.D01=SI;R1.D02=NO;R2.D01=SI;R2.D02=SI;R2.D03=NO,MUNICIPIO30223,MUNICIPIO_SIN_CN_TRAB,Si,No,30223,,Regla 2 coherente para validaciones implementadas.
GPA-001__R2-002__R1-002__0472,GPA-001__R2-002__R1-002,02_inputs_xml_flat/GPA-001__R2-002__R1-002__0472.xml,PASS,INFO,R1.D01=SI;R1.D02=NO;R2.D01=SI;R2.D02=SI;R2.D03=NO,MUNICIPIO30221,MUNICIPIO_SIN_CN_TRAB,Si,No,30221,,Regla 2 coherente para validaciones implementadas.
GPA-001__R2-002__R1-002__0473,GPA-001__R2-002__R1-002,02_inputs_xml_flat/GPA-001__R2-002__R1-002__0473.xml,PASS,INFO,R1.D01=SI;R1.D02=NO;R2.D01=SI;R2.D02=SI;R2.D03=NO,MUNICIPIO30222,MUNICIPIO_SIN_CN_TRAB,Si,No,30222,,Regla 2 coherente para validaciones implementadas.
GPA-001__R2-002__R1-002__0474,GPA-001__R2-002__R1-002,02_inputs_xml_flat/GPA-001__R2-002__R1-002__0474.xml,PASS,INFO,R1.D01=SI;R1.D02=NO;R2.D01=SI;R2.D02=SI;R2.D03=NO,MUNICIPIO30223,MUNICIPIO_SIN_CN_TRAB,Si,No,30223,,Regla 2 coherente para validaciones implementadas.
GPA-001__R2-002__R1-002__0475,GPA-001__R2-002__R1-002,02_inputs_xml_flat/GPA-001__R2-002__R1-002__0475.xml,PASS,INFO,R1.D01=SI;R1.D02=NO;R2.D01=SI;R2.D02=SI;R2.D03=NO,MUNICIPIO30221,MUNICIPIO_SIN_CN_TRAB,Si,No,30221,,Regla 2 coherente para validaciones implementadas.
GPA-001__R2-002__R1-002__0476,GPA-001__R2-002__R1-002,02_inputs_xml_flat/GPA-001__R2-002__R1-002__0476.xml,PASS,INFO,R1.D01=SI;R1.D02=NO;R2.D01=SI;R2.D02=SI;R2.D03=NO,MUNICIPIO30222,MUNICIPIO_SIN_CN_TRAB,Si,No,30222,,Regla 2 coherente para validaciones implementadas.
GPA-001__R2-002__R1-002__0477,GPA-001__R2-002__R1-002,02_inputs_xml_flat/GPA-001__R2-002__R1-002__0477.xml,PASS,INFO,R1.D01=SI;R1.D02=NO;R2.D01=SI;R2.D02=SI;R2.D03=NO,MUNICIPIO30223,MUNICIPIO_SIN_CN_TRAB,Si,No,30223,,Regla 2 coherente para validaciones implementadas.
GPA-001__R2-002__R1-002__0478,GPA-001__R2-002__R1-002,02_inputs_xml_flat/GPA-001__R2-002__R1-002__0478.xml,PASS,INFO,R1.D01=SI;R1.D02=NO;R2.D01=SI;R2.D02=SI;R2.D03=NO,MUNICIPIO30221,MUNICIPIO_SIN_CN_TRAB,Si,No,30221,,Regla 2 coherente para validaciones implementadas.
GPA-001__R2-002__R1-002__0479,GPA-001__R2-002__R1-002,02_inputs_xml_flat/GPA-001__R2-002__R1-002__0479.xml,PASS,INFO,R1.D01=SI;R1.D02=NO;R2.D01=SI;R2.D02=SI;R2.D03=NO,MUNICIPIO30222,MUNICIPIO_SIN_CN_TRAB,Si,No,30222,,Regla 2 coherente para validaciones implementadas.
GPA-001__R2-002__R1-002__0480,GPA-001__R2-002__R1-002,02_inputs_xml_flat/GPA-001__R2-002__R1-002__0480.xml,PASS,INFO,R1.D01=SI;R1.D02=NO;R2.D01=SI;R2.D02=SI;R2.D03=NO,MUNICIPIO30223,MUNICIPIO_SIN_CN_TRAB,Si,No,30223,,Regla 2 coherente para validaciones implementadas.
GPA-001__R2-002__R1-002__0481,GPA-001__R2-002__R1-002,02_inputs_xml_flat/GPA-001__R2-002__R1-002__0481.xml,PASS,INFO,R1.D01=SI;R1.D02=NO;R2.D01=SI;R2.D02=SI;R2.D03=NO,MUNICIPIO30221,MUNICIPIO_SIN_CN_TRAB,Si,No,30221,,Regla 2 coherente para validaciones implementadas.
GPA-001__R2-002__R1-002__0482,GPA-001__R2-002__R1-002,02_inputs_xml_flat/GPA-001__R2-002__R1-002__0482.xml,PASS,INFO,R1.D01=SI;R1.D02=NO;R2.D01=SI;R2.D02=SI;R2.D03=NO,MUNICIPIO30222,MUNICIPIO_SIN_CN_TRAB,Si,No,30222,,Regla 2 coherente para validaciones implementadas.
GPA-001__R2-002__R1-002__0483,GPA-001__R2-002__R1-002,02_inputs_xml_flat/GPA-001__R2-002__R1-002__0483.xml,PASS,INFO,R1.D01=SI;R1.D02=NO;R2.D01=SI;R2.D02=SI;R2.D03=NO,MUNICIPIO30223,MUNICIPIO_SIN_CN_TRAB,Si,No,30223,,Regla 2 coherente para validaciones implementadas.
GPA-001__R2-002__R1-002__0484,GPA-001__R2-002__R1-002,02_inputs_xml_flat/GPA-001__R2-002__R1-002__0484.xml,PASS,INFO,R1.D01=SI;R1.D02=NO;R2.D01=SI;R2.D02=SI;R2.D03=NO,MUNICIPIO30221,MUNICIPIO_SIN_CN_TRAB,Si,No,30221,,Regla 2 coherente para validaciones implementadas.
GPA-001__R2-002__R1-002__0485,GPA-001__R2-002__R1-002,02_inputs_xml_flat/GPA-001__R2-002__R1-002__0485.xml,PASS,INFO,R1.D01=SI;R1.D02=NO;R2.D01=SI;R2.D02=SI;R2.D03=NO,MUNICIPIO30222,MUNICIPIO_SIN_CN_TRAB,Si,No,30222,,Regla 2 coherente para validaciones implementadas.
GPA-001__R2-002__R1-002__0486,GPA-001__R2-002__R1-002,02_inputs_xml_flat/GPA-001__R2-002__R1-002__0486.xml,PASS,INFO,R1.D01=SI;R1.D02=NO;R2.D01=SI;R2.D02=SI;R2.D03=NO,MUNICIPIO30223,MUNICIPIO_SIN_CN_TRAB,Si,No,30223,,Regla 2 coherente para validaciones implementadas.
GPA-001__R2-002__R1-002__0487,GPA-001__R2-002__R1-002,02_inputs_xml_flat/GPA-001__R2-002__R1-002__0487.xml,PASS,INFO,R1.D01=SI;R1.D02=NO;R2.D01=SI;R2.D02=SI;R2.D03=NO,MUNICIPIO30221,MUNICIPIO_SIN_CN_TRAB,Si,No,30221,,Regla 2 coherente para validaciones implementadas.
GPA-001__R2-002__R1-002__0488,GPA-001__R2-002__R1-002,02_inputs_xml_flat/GPA-001__R2-002__R1-002__0488.xml,PASS,INFO,R1.D01=SI;R1.D02=NO;R2.D01=SI;R2.D02=SI;R2.D03=NO,MUNICIPIO30222,MUNICIPIO_SIN_CN_TRAB,Si,No,30222,,Regla 2 coherente para validaciones implementadas.
GPA-001__R2-002__R1-002__0489,GPA-001__R2-002__R1-002,02_inputs_xml_flat/GPA-001__R2-002__R1-002__0489.xml,PASS,INFO,R1.D01=SI;R1.D02=NO;R2.D01=SI;R2.D02=SI;R2.D03=NO,MUNICIPIO30223,MUNICIPIO_SIN_CN_TRAB,Si,No,30223,,Regla 2 coherente para validaciones implementadas.
GPA-001__R2-002__R1-002__0490,GPA-001__R2-002__R1-002,02_inputs_xml_flat/GPA-001__R2-002__R1-002__0490.xml,PASS,INFO,R1.D01=SI;R1.D02=NO;R2.D01=SI;R2.D02=SI;R2.D03=NO,MUNICIPIO30221,MUNICIPIO_SIN_CN_TRAB,Si,No,30221,,Regla 2 coherente para validaciones implementadas.
GPA-001__R2-002__R1-002__0491,GPA-001__R2-002__R1-002,02_inputs_xml_flat/GPA-001__R2-002__R1-002__0491.xml,PASS,INFO,R1.D01=SI;R1.D02=NO;R2.D01=SI;R2.D02=SI;R2.D03=NO,MUNICIPIO30222,MUNICIPIO_SIN_CN_TRAB,Si,No,30222,,Regla 2 coherente para validaciones implementadas.
GPA-001__R2-002__R1-002__0492,GPA-001__R2-002__R1-002,02_inputs_xml_flat/GPA-001__R2-002__R1-002__0492.xml,PASS,INFO,R1.D01=SI;R1.D02=NO;R2.D01=SI;R2.D02=SI;R2.D03=NO,MUNICIPIO30223,MUNICIPIO_SIN_CN_TRAB,Si,No,30223,,Regla 2 coherente para validaciones implementadas.
GPA-001__R2-002__R1-002__0493,GPA-001__R2-002__R1-002,02_inputs_xml_flat/GPA-001__R2-002__R1-002__0493.xml,PASS,INFO,R1.D01=SI;R1.D02=NO;R2.D01=SI;R2.D02=SI;R2.D03=NO,MUNICIPIO30221,MUNICIPIO_SIN_CN_TRAB,Si,No,30221,,Regla 2 coherente para validaciones implementadas.
GPA-001__R2-002__R1-002__0494,GPA-001__R2-002__R1-002,02_inputs_xml_flat/GPA-001__R2-002__R1-002__0494.xml,PASS,INFO,R1.D01=SI;R1.D02=NO;R2.D01=SI;R2.D02=SI;R2.D03=NO,MUNICIPIO30222,MUNICIPIO_SIN_CN_TRAB,Si,No,30222,,Regla 2 coherente para validaciones implementadas.
GPA-001__R2-002__R1-002__0495,GPA-001__R2-002__R1-002,02_inputs_xml_flat/GPA-001__R2-002__R1-002__0495.xml,PASS,INFO,R1.D01=SI;R1.D02=NO;R2.D01=SI;R2.D02=SI;R2.D03=NO,MUNICIPIO30223,MUNICIPIO_SIN_CN_TRAB,Si,No,30223,,Regla 2 coherente para validaciones implementadas.
GPA-001__R2-002__R1-002__0496,GPA-001__R2-002__R1-002,02_inputs_xml_flat/GPA-001__R2-002__R1-002__0496.xml,PASS,INFO,R1.D01=SI;R1.D02=NO;R2.D01=SI;R2.D02=SI;R2.D03=NO,MUNICIPIO30221,MUNICIPIO_SIN_CN_TRAB,Si,No,30221,,Regla 2 coherente para validaciones implementadas.
GPA-001__R2-002__R1-002__0497,GPA-001__R2-002__R1-002,02_inputs_xml_flat/GPA-001__R2-002__R1-002__0497.xml,PASS,INFO,R1.D01=SI;R1.D02=NO;R2.D01=SI;R2.D02=SI;R2.D03=NO,MUNICIPIO30222,MUNICIPIO_SIN_CN_TRAB,Si,No,30222,,Regla 2 coherente para validaciones implementadas.
GPA-001__R2-002__R1-002__0498,GPA-001__R2-002__R1-002,02_inputs_xml_flat/GPA-001__R2-002__R1-002__0498.xml,PASS,INFO,R1.D01=SI;R1.D02=NO;R2.D01=SI;R2.D02=SI;R2.D03=NO,MUNICIPIO30223,MUNICIPIO_SIN_CN_TRAB,Si,No,30223,,Regla 2 coherente para validaciones implementadas.
GPA-001__R2-002__R1-002__0499,GPA-001__R2-002__R1-002,02_inputs_xml_flat/GPA-001__R2-002__R1-002__0499.xml,PASS,INFO,R1.D01=SI;R1.D02=NO;R2.D01=SI;R2.D02=SI;R2.D03=NO,MUNICIPIO30221,MUNICIPIO_SIN_CN_TRAB,Si,No,30221,,Regla 2 coherente para validaciones implementadas.
GPA-001__R2-002__R1-002__0500,GPA-001__R2-002__R1-002,02_inputs_xml_flat/GPA-001__R2-002__R1-002__0500.xml,PASS,INFO,R1.D01=SI;R1.D02=NO;R2.D01=SI;R2.D02=SI;R2.D03=NO,MUNICIPIO30222,MUNICIPIO_SIN_CN_TRAB,Si,No,30222,,Regla 2 coherente para validaciones implementadas.
GPA-001__R2-002__R1-002__0501,GPA-001__R2-002__R1-002,02_inputs_xml_flat/GPA-001__R2-002__R1-002__0501.xml,PASS,INFO,R1.D01=SI;R1.D02=NO;R2.D01=SI;R2.D02=SI;R2.D03=NO,MUNICIPIO30223,MUNICIPIO_SIN_CN_TRAB,Si,No,30223,,Regla 2 coherente para validaciones implementadas.
GPA-001__R2-002__R1-002__0502,GPA-001__R2-002__R1-002,02_inputs_xml_flat/GPA-001__R2-002__R1-002__0502.xml,PASS,INFO,R1.D01=SI;R1.D02=NO;R2.D01=SI;R2.D02=SI;R2.D03=NO,MUNICIPIO30221,MUNICIPIO_SIN_CN_TRAB,Si,No,30221,,Regla 2 coherente para validaciones implementadas.
GPA-001__R2-002__R1-002__0503,GPA-001__R2-002__R1-002,02_inputs_xml_flat/GPA-001__R2-002__R1-002__0503.xml,PASS,INFO,R1.D01=SI;R1.D02=NO;R2.D01=SI;R2.D02=SI;R2.D03=NO,MUNICIPIO30222,MUNICIPIO_SIN_CN_TRAB,Si,No,30222,,Regla 2 coherente para validaciones implementadas.
GPA-001__R2-002__R1-002__0504,GPA-001__R2-002__R1-002,02_inputs_xml_flat/GPA-001__R2-002__R1-002__0504.xml,PASS,INFO,R1.D01=SI;R1.D02=NO;R2.D01=SI;R2.D02=SI;R2.D03=NO,MUNICIPIO30223,MUNICIPIO_SIN_CN_TRAB,Si,No,30223,,Regla 2 coherente para validaciones implementadas.
GPA-001__R2-002__R1-002__0505,GPA-001__R2-002__R1-002,02_inputs_xml_flat/GPA-001__R2-002__R1-002__0505.xml,PASS,INFO,R1.D01=SI;R1.D02=NO;R2.D01=SI;R2.D02=SI;R2.D03=NO,MUNICIPIO30221,MUNICIPIO_SIN_CN_TRAB,Si,No,30221,,Regla 2 coherente para validaciones implementadas.
GPA-001__R2-002__R1-002__0506,GPA-001__R2-002__R1-002,02_inputs_xml_flat/GPA-001__R2-002__R1-002__0506.xml,PASS,INFO,R1.D01=SI;R1.D02=NO;R2.D01=SI;R2.D02=SI;R2.D03=NO,MUNICIPIO30222,MUNICIPIO_SIN_CN_TRAB,Si,No,30222,,Regla 2 coherente para validaciones implementadas.
GPA-001__R2-002__R1-002__0507,GPA-001__R2-002__R1-002,02_inputs_xml_flat/GPA-001__R2-002__R1-002__0507.xml,PASS,INFO,R1.D01=SI;R1.D02=NO;R2.D01=SI;R2.D02=SI;R2.D03=NO,MUNICIPIO30223,MUNICIPIO_SIN_CN_TRAB,Si,No,30223,,Regla 2 coherente para validaciones implementadas.
GPA-001__R2-002__R1-002__0508,GPA-001__R2-002__R1-002,02_inputs_xml_flat/GPA-001__R2-002__R1-002__0508.xml,PASS,INFO,R1.D01=SI;R1.D02=NO;R2.D01=SI;R2.D02=SI;R2.D03=NO,MUNICIPIO30221,MUNICIPIO_SIN_CN_TRAB,Si,No,30221,,Regla 2 coherente para validaciones implementadas.
GPA-001__R2-002__R1-002__0509,GPA-001__R2-002__R1-002,02_inputs_xml_flat/GPA-001__R2-002__R1-002__0509.xml,PASS,INFO,R1.D01=SI;R1.D02=NO;R2.D01=SI;R2.D02=SI;R2.D03=NO,MUNICIPIO30222,MUNICIPIO_SIN_CN_TRAB,Si,No,30222,,Regla 2 coherente para validaciones implementadas.
GPA-001__R2-002__R1-002__0510,GPA-001__R2-002__R1-002,02_inputs_xml_flat/GPA-001__R2-002__R1-002__0510.xml,PASS,INFO,R1.D01=SI;R1.D02=NO;R2.D01=SI;R2.D02=SI;R2.D03=NO,MUNICIPIO30223,MUNICIPIO_SIN_CN_TRAB,Si,No,30223,,Regla 2 coherente para validaciones implementadas.
GPA-001__R2-002__R1-002__0511,GPA-001__R2-002__R1-002,02_inputs_xml_flat/GPA-001__R2-002__R1-002__0511.xml,PASS,INFO,R1.D01=SI;R1.D02=NO;R2.D01=SI;R2.D02=SI;R2.D03=NO,MUNICIPIO30221,MUNICIPIO_SIN_CN_TRAB,Si,No,30221,,Regla 2 coherente para validaciones implementadas.
GPA-001__R2-002__R1-002__0512,GPA-001__R2-002__R1-002,02_inputs_xml_flat/GPA-001__R2-002__R1-002__0512.xml,PASS,INFO,R1.D01=SI;R1.D02=NO;R2.D01=SI;R2.D02=SI;R2.D03=NO,MUNICIPIO30222,MUNICIPIO_SIN_CN_TRAB,Si,No,30222,,Regla 2 coherente para validaciones implementadas.
GPA-001__R2-002__R1-002__0513,GPA-001__R2-002__R1-002,02_inputs_xml_flat/GPA-001__R2-002__R1-002__0513.xml,PASS,INFO,R1.D01=SI;R1.D02=NO;R2.D01=SI;R2.D02=SI;R2.D03=NO,MUNICIPIO30223,MUNICIPIO_SIN_CN_TRAB,Si,No,30223,,Regla 2 coherente para validaciones implementadas.
GPA-001__R2-002__R1-002__0514,GPA-001__R2-002__R1-002,02_inputs_xml_flat/GPA-001__R2-002__R1-002__0514.xml,PASS,INFO,R1.D01=SI;R1.D02=NO;R2.D01=SI;R2.D02=SI;R2.D03=NO,MUNICIPIO30221,MUNICIPIO_SIN_CN_TRAB,Si,No,30221,,Regla 2 coherente para validaciones implementadas.
GPA-001__R2-002__R1-002__0515,GPA-001__R2-002__R1-002,02_inputs_xml_flat/GPA-001__R2-002__R1-002__0515.xml,PASS,INFO,R1.D01=SI;R1.D02=NO;R2.D01=SI;R2.D02=SI;R2.D03=NO,MUNICIPIO30222,MUNICIPIO_SIN_CN_TRAB,Si,No,30222,,Regla 2 coherente para validaciones implementadas.
GPA-001__R2-002__R1-002__0516,GPA-001__R2-002__R1-002,02_inputs_xml_flat/GPA-001__R2-002__R1-002__0516.xml,PASS,INFO,R1.D01=SI;R1.D02=NO;R2.D01=SI;R2.D02=SI;R2.D03=NO,MUNICIPIO30223,MUNICIPIO_SIN_CN_TRAB,Si,No,30223,,Regla 2 coherente para validaciones implementadas.
GPA-001__R2-002__R1-002__0517,GPA-001__R2-002__R1-002,02_inputs_xml_flat/GPA-001__R2-002__R1-002__0517.xml,PASS,INFO,R1.D01=SI;R1.D02=NO;R2.D01=SI;R2.D02=SI;R2.D03=NO,MUNICIPIO30221,MUNICIPIO_SIN_CN_TRAB,Si,No,30221,,Regla 2 coherente para validaciones implementadas.
GPA-001__R2-002__R1-002__0518,GPA-001__R2-002__R1-002,02_inputs_xml_flat/GPA-001__R2-002__R1-002__0518.xml,PASS,INFO,R1.D01=SI;R1.D02=NO;R2.D01=SI;R2.D02=SI;R2.D03=NO,MUNICIPIO30222,MUNICIPIO_SIN_CN_TRAB,Si,No,30222,,Regla 2 coherente para validaciones implementadas.
GPA-001__R2-002__R1-002__0519,GPA-001__R2-002__R1-002,02_inputs_xml_flat/GPA-001__R2-002__R1-002__0519.xml,PASS,INFO,R1.D01=SI;R1.D02=NO;R2.D01=SI;R2.D02=SI;R2.D03=NO,MUNICIPIO30223,MUNICIPIO_SIN_CN_TRAB,Si,No,30223,,Regla 2 coherente para validaciones implementadas.
GPA-001__R2-002__R1-002__0520,GPA-001__R2-002__R1-002,02_inputs_xml_flat/GPA-001__R2-002__R1-002__0520.xml,PASS,INFO,R1.D01=SI;R1.D02=NO;R2.D01=SI;R2.D02=SI;R2.D03=NO,MUNICIPIO30221,MUNICIPIO_SIN_CN_TRAB,Si,No,30221,,Regla 2 coherente para validaciones implementadas.
GPA-001__R2-002__R1-002__0521,GPA-001__R2-002__R1-002,02_inputs_xml_flat/GPA-001__R2-002__R1-002__0521.xml,PASS,INFO,R1.D01=SI;R1.D02=NO;R2.D01=SI;R2.D02=SI;R2.D03=NO,MUNICIPIO30222,MUNICIPIO_SIN_CN_TRAB,Si,No,30222,,Regla 2 coherente para validaciones implementadas.
GPA-001__R2-002__R1-002__0522,GPA-001__R2-002__R1-002,02_inputs_xml_flat/GPA-001__R2-002__R1-002__0522.xml,PASS,INFO,R1.D01=SI;R1.D02=NO;R2.D01=SI;R2.D02=SI;R2.D03=NO,MUNICIPIO30223,MUNICIPIO_SIN_CN_TRAB,Si,No,30223,,Regla 2 coherente para validaciones implementadas.
GPA-001__R2-002__R1-002__0523,GPA-001__R2-002__R1-002,02_inputs_xml_flat/GPA-001__R2-002__R1-002__0523.xml,PASS,INFO,R1.D01=SI;R1.D02=NO;R2.D01=SI;R2.D02=SI;R2.D03=NO,MUNICIPIO30221,MUNICIPIO_SIN_CN_TRAB,Si,No,30221,,Regla 2 coherente para validaciones implementadas.
GPA-001__R2-002__R1-002__0524,GPA-001__R2-002__R1-002,02_inputs_xml_flat/GPA-001__R2-002__R1-002__0524.xml,PASS,INFO,R1.D01=SI;R1.D02=NO;R2.D01=SI;R2.D02=SI;R2.D03=NO,MUNICIPIO30222,MUNICIPIO_SIN_CN_TRAB,Si,No,30222,,Regla 2 coherente para validaciones implementadas.
GPA-001__R2-002__R1-002__0525,GPA-001__R2-002__R1-002,02_inputs_xml_flat/GPA-001__R2-002__R1-002__0525.xml,PASS,INFO,R1.D01=SI;R1.D02=NO;R2.D01=SI;R2.D02=SI;R2.D03=NO,MUNICIPIO30223,MUNICIPIO_SIN_CN_TRAB,Si,No,30223,,Regla 2 coherente para validaciones implementadas.
GPA-001__R2-002__R1-002__0526,GPA-001__R2-002__R1-002,02_inputs_xml_flat/GPA-001__R2-002__R1-002__0526.xml,PASS,INFO,R1.D01=SI;R1.D02=NO;R2.D01=SI;R2.D02=SI;R2.D03=NO,MUNICIPIO30221,MUNICIPIO_SIN_CN_TRAB,Si,No,30221,,Regla 2 coherente para validaciones implementadas.
GPA-001__R2-002__R1-002__0527,GPA-001__R2-002__R1-002,02_inputs_xml_flat/GPA-001__R2-002__R1-002__0527.xml,PASS,INFO,R1.D01=SI;R1.D02=NO;R2.D01=SI;R2.D02=SI;R2.D03=NO,MUNICIPIO30222,MUNICIPIO_SIN_CN_TRAB,Si,No,30222,,Regla 2 coherente para validaciones implementadas.
GPA-001__R2-002__R1-002__0528,GPA-001__R2-002__R1-002,02_inputs_xml_flat/GPA-001__R2-002__R1-002__0528.xml,PASS,INFO,R1.D01=SI;R1.D02=NO;R2.D01=SI;R2.D02=SI;R2.D03=NO,MUNICIPIO30223,MUNICIPIO_SIN_CN_TRAB,Si,No,30223,,Regla 2 coherente para validaciones implementadas.
GPA-001__R2-002__R1-002__0529,GPA-001__R2-002__R1-002,02_inputs_xml_flat/GPA-001__R2-002__R1-002__0529.xml,PASS,INFO,R1.D01=SI;R1.D02=NO;R2.D01=SI;R2.D02=SI;R2.D03=NO,MUNICIPIO30221,MUNICIPIO_SIN_CN_TRAB,Si,No,30221,,Regla 2 coherente para validaciones implementadas.
GPA-001__R2-002__R1-002__0530,GPA-001__R2-002__R1-002,02_inputs_xml_flat/GPA-001__R2-002__R1-002__0530.xml,PASS,INFO,R1.D01=SI;R1.D02=NO;R2.D01=SI;R2.D02=SI;R2.D03=NO,MUNICIPIO30222,MUNICIPIO_SIN_CN_TRAB,Si,No,30222,,Regla 2 coherente para validaciones implementadas.
GPA-001__R2-002__R1-002__0531,GPA-001__R2-002__R1-002,02_inputs_xml_flat/GPA-001__R2-002__R1-002__0531.xml,PASS,INFO,R1.D01=SI;R1.D02=NO;R2.D01=SI;R2.D02=SI;R2.D03=NO,MUNICIPIO30223,MUNICIPIO_SIN_CN_TRAB,Si,No,30223,,Regla 2 coherente para validaciones implementadas.
GPA-001__R2-002__R1-002__0532,GPA-001__R2-002__R1-002,02_inputs_xml_flat/GPA-001__R2-002__R1-002__0532.xml,PASS,INFO,R1.D01=SI;R1.D02=NO;R2.D01=SI;R2.D02=SI;R2.D03=NO,MUNICIPIO30221,MUNICIPIO_SIN_CN_TRAB,Si,No,30221,,Regla 2 coherente para validaciones implementadas.
GPA-001__R2-002__R1-002__0533,GPA-001__R2-002__R1-002,02_inputs_xml_flat/GPA-001__R2-002__R1-002__0533.xml,PASS,INFO,R1.D01=SI;R1.D02=NO;R2.D01=SI;R2.D02=SI;R2.D03=NO,MUNICIPIO30222,MUNICIPIO_SIN_CN_TRAB,Si,No,30222,,Regla 2 coherente para validaciones implementadas.
GPA-001__R2-002__R1-002__0534,GPA-001__R2-002__R1-002,02_inputs_xml_flat/GPA-001__R2-002__R1-002__0534.xml,PASS,INFO,R1.D01=SI;R1.D02=NO;R2.D01=SI;R2.D02=SI;R2.D03=NO,MUNICIPIO30223,MUNICIPIO_SIN_CN_TRAB,Si,No,30223,,Regla 2 coherente para validaciones implementadas.
GPA-001__R2-002__R1-002__0535,GPA-001__R2-002__R1-002,02_inputs_xml_flat/GPA-001__R2-002__R1-002__0535.xml,PASS,INFO,R1.D01=SI;R1.D02=NO;R2.D01=SI;R2.D02=SI;R2.D03=NO,MUNICIPIO30221,MUNICIPIO_SIN_CN_TRAB,Si,No,30221,,Regla 2 coherente para validaciones implementadas.
GPA-001__R2-002__R1-002__0536,GPA-001__R2-002__R1-002,02_inputs_xml_flat/GPA-001__R2-002__R1-002__0536.xml,PASS,INFO,R1.D01=SI;R1.D02=NO;R2.D01=SI;R2.D02=SI;R2.D03=NO,MUNICIPIO30222,MUNICIPIO_SIN_CN_TRAB,Si,No,30222,,Regla 2 coherente para validaciones implementadas.
GPA-001__R2-002__R1-002__0537,GPA-001__R2-002__R1-002,02_inputs_xml_flat/GPA-001__R2-002__R1-002__0537.xml,PASS,INFO,R1.D01=SI;R1.D02=NO;R2.D01=SI;R2.D02=SI;R2.D03=NO,MUNICIPIO30223,MUNICIPIO_SIN_CN_TRAB,Si,No,30223,,Regla 2 coherente para validaciones implementadas.
GPA-001__R2-002__R1-002__0538,GPA-001__R2-002__R1-002,02_inputs_xml_flat/GPA-001__R2-002__R1-002__0538.xml,PASS,INFO,R1.D01=SI;R1.D02=NO;R2.D01=SI;R2.D02=SI;R2.D03=NO,MUNICIPIO30221,MUNICIPIO_SIN_CN_TRAB,Si,No,30221,,Regla 2 coherente para validaciones implementadas.
GPA-001__R2-002__R1-002__0539,GPA-001__R2-002__R1-002,02_inputs_xml_flat/GPA-001__R2-002__R1-002__0539.xml,PASS,INFO,R1.D01=SI;R1.D02=NO;R2.D01=SI;R2.D02=SI;R2.D03=NO,MUNICIPIO30222,MUNICIPIO_SIN_CN_TRAB,Si,No,30222,,Regla 2 coherente para validaciones implementadas.
GPA-001__R2-002__R1-002__0540,GPA-001__R2-002__R1-002,02_inputs_xml_flat/GPA-001__R2-002__R1-002__0540.xml,PASS,INFO,R1.D01=SI;R1.D02=NO;R2.D01=SI;R2.D02=SI;R2.D03=NO,MUNICIPIO30223,MUNICIPIO_SIN_CN_TRAB,Si,No,30223,,Regla 2 coherente para validaciones implementadas.
GPA-001__R2-002__R1-002__0541,GPA-001__R2-002__R1-002,02_inputs_xml_flat/GPA-001__R2-002__R1-002__0541.xml,PASS,INFO,R1.D01=SI;R1.D02=NO;R2.D01=SI;R2.D02=SI;R2.D03=NO,MUNICIPIO30221,MUNICIPIO_SIN_CN_TRAB,Si,No,30221,,Regla 2 coherente para validaciones implementadas.
GPA-001__R2-002__R1-002__0542,GPA-001__R2-002__R1-002,02_inputs_xml_flat/GPA-001__R2-002__R1-002__0542.xml,PASS,INFO,R1.D01=SI;R1.D02=NO;R2.D01=SI;R2.D02=SI;R2.D03=NO,MUNICIPIO30222,MUNICIPIO_SIN_CN_TRAB,Si,No,30222,,Regla 2 coherente para validaciones implementadas.
GPA-001__R2-002__R1-002__0543,GPA-001__R2-002__R1-002,02_inputs_xml_flat/GPA-001__R2-002__R1-002__0543.xml,PASS,INFO,R1.D01=SI;R1.D02=NO;R2.D01=SI;R2.D02=SI;R2.D03=NO,MUNICIPIO30223,MUNICIPIO_SIN_CN_TRAB,Si,No,30223,,Regla 2 coherente para validaciones implementadas.
GPA-001__R2-002__R1-002__0544,GPA-001__R2-002__R1-002,02_inputs_xml_flat/GPA-001__R2-002__R1-002__0544.xml,PASS,INFO,R1.D01=SI;R1.D02=NO;R2.D01=SI;R2.D02=SI;R2.D03=NO,MUNICIPIO30221,MUNICIPIO_SIN_CN_TRAB,Si,No,30221,,Regla 2 coherente para validaciones implementadas.
GPA-001__R2-002__R1-002__0545,GPA-001__R2-002__R1-002,02_inputs_xml_flat/GPA-001__R2-002__R1-002__0545.xml,PASS,INFO,R1.D01=SI;R1.D02=NO;R2.D01=SI;R2.D02=SI;R2.D03=NO,MUNICIPIO30222,MUNICIPIO_SIN_CN_TRAB,Si,No,30222,,Regla 2 coherente para validaciones implementadas.
GPA-001__R2-002__R1-002__0546,GPA-001__R2-002__R1-002,02_inputs_xml_flat/GPA-001__R2-002__R1-002__0546.xml,PASS,INFO,R1.D01=SI;R1.D02=NO;R2.D01=SI;R2.D02=SI;R2.D03=NO,MUNICIPIO30223,MUNICIPIO_SIN_CN_TRAB,Si,No,30223,,Regla 2 coherente para validaciones implementadas.
GPA-001__R2-002__R1-002__0547,GPA-001__R2-002__R1-002,02_inputs_xml_flat/GPA-001__R2-002__R1-002__0547.xml,PASS,INFO,R1.D01=SI;R1.D02=NO;R2.D01=SI;R2.D02=SI;R2.D03=NO,MUNICIPIO30221,MUNICIPIO_SIN_CN_TRAB,Si,No,30221,,Regla 2 coherente para validaciones implementadas.
GPA-001__R2-002__R1-002__0548,GPA-001__R2-002__R1-002,02_inputs_xml_flat/GPA-001__R2-002__R1-002__0548.xml,PASS,INFO,R1.D01=SI;R1.D02=NO;R2.D01=SI;R2.D02=SI;R2.D03=NO,MUNICIPIO30222,MUNICIPIO_SIN_CN_TRAB,Si,No,30222,,Regla 2 coherente para validaciones implementadas.
GPA-001__R2-002__R1-002__0549,GPA-001__R2-002__R1-002,02_inputs_xml_flat/GPA-001__R2-002__R1-002__0549.xml,PASS,INFO,R1.D01=SI;R1.D02=NO;R2.D01=SI;R2.D02=SI;R2.D03=NO,MUNICIPIO30223,MUNICIPIO_SIN_CN_TRAB,Si,No,30223,,Regla 2 coherente para validaciones implementadas.
GPA-001__R2-002__R1-002__0550,GPA-001__R2-002__R1-002,02_inputs_xml_flat/GPA-001__R2-002__R1-002__0550.xml,PASS,INFO,R1.D01=SI;R1.D02=NO;R2.D01=SI;R2.D02=SI;R2.D03=NO,MUNICIPIO30221,MUNICIPIO_SIN_CN_TRAB,Si,No,30221,,Regla 2 coherente para validaciones implementadas.
GPA-001__R2-002__R1-002__0551,GPA-001__R2-002__R1-002,02_inputs_xml_flat/GPA-001__R2-002__R1-002__0551.xml,PASS,INFO,R1.D01=SI;R1.D02=NO;R2.D01=SI;R2.D02=SI;R2.D03=NO,MUNICIPIO30222,MUNICIPIO_SIN_CN_TRAB,Si,No,30222,,Regla 2 coherente para validaciones implementadas.
GPA-001__R2-002__R1-002__0552,GPA-001__R2-002__R1-002,02_inputs_xml_flat/GPA-001__R2-002__R1-002__0552.xml,PASS,INFO,R1.D01=SI;R1.D02=NO;R2.D01=SI;R2.D02=SI;R2.D03=NO,MUNICIPIO30223,MUNICIPIO_SIN_CN_TRAB,Si,No,30223,,Regla 2 coherente para validaciones implementadas.
GPA-001__R2-002__R1-002__0553,GPA-001__R2-002__R1-002,02_inputs_xml_flat/GPA-001__R2-002__R1-002__0553.xml,PASS,INFO,R1.D01=SI;R1.D02=NO;R2.D01=SI;R2.D02=SI;R2.D03=NO,MUNICIPIO30221,MUNICIPIO_SIN_CN_TRAB,Si,No,30221,,Regla 2 coherente para validaciones implementadas.
GPA-001__R2-002__R1-002__0554,GPA-001__R2-002__R1-002,02_inputs_xml_flat/GPA-001__R2-002__R1-002__0554.xml,PASS,INFO,R1.D01=SI;R1.D02=NO;R2.D01=SI;R2.D02=SI;R2.D03=NO,MUNICIPIO30222,MUNICIPIO_SIN_CN_TRAB,Si,No,30222,,Regla 2 coherente para validaciones implementadas.
GPA-001__R2-002__R1-002__0555,GPA-001__R2-002__R1-002,02_inputs_xml_flat/GPA-001__R2-002__R1-002__0555.xml,PASS,INFO,R1.D01=SI;R1.D02=NO;R2.D01=SI;R2.D02=SI;R2.D03=NO,MUNICIPIO30223,MUNICIPIO_SIN_CN_TRAB,Si,No,30223,,Regla 2 coherente para validaciones implementadas.
GPA-001__R2-002__R1-002__0556,GPA-001__R2-002__R1-002,02_inputs_xml_flat/GPA-001__R2-002__R1-002__0556.xml,PASS,INFO,R1.D01=SI;R1.D02=NO;R2.D01=SI;R2.D02=SI;R2.D03=NO,MUNICIPIO30221,MUNICIPIO_SIN_CN_TRAB,Si,No,30221,,Regla 2 coherente para validaciones implementadas.
GPA-001__R2-002__R1-002__0557,GPA-001__R2-002__R1-002,02_inputs_xml_flat/GPA-001__R2-002__R1-002__0557.xml,PASS,INFO,R1.D01=SI;R1.D02=NO;R2.D01=SI;R2.D02=SI;R2.D03=NO,MUNICIPIO30222,MUNICIPIO_SIN_CN_TRAB,Si,No,30222,,Regla 2 coherente para validaciones implementadas.
GPA-001__R2-002__R1-002__0558,GPA-001__R2-002__R1-002,02_inputs_xml_flat/GPA-001__R2-002__R1-002__0558.xml,PASS,INFO,R1.D01=SI;R1.D02=NO;R2.D01=SI;R2.D02=SI;R2.D03=NO,MUNICIPIO30223,MUNICIPIO_SIN_CN_TRAB,Si,No,30223,,Regla 2 coherente para validaciones implementadas.
GPA-001__R2-002__R1-002__0559,GPA-001__R2-002__R1-002,02_inputs_xml_flat/GPA-001__R2-002__R1-002__0559.xml,PASS,INFO,R1.D01=SI;R1.D02=NO;R2.D01=SI;R2.D02=SI;R2.D03=NO,MUNICIPIO30221,MUNICIPIO_SIN_CN_TRAB,Si,No,30221,,Regla 2 coherente para validaciones implementadas.
GPA-001__R2-002__R1-002__0560,GPA-001__R2-002__R1-002,02_inputs_xml_flat/GPA-001__R2-002__R1-002__0560.xml,PASS,INFO,R1.D01=SI;R1.D02=NO;R2.D01=SI;R2.D02=SI;R2.D03=NO,MUNICIPIO30222,MUNICIPIO_SIN_CN_TRAB,Si,No,30222,,Regla 2 coherente para validaciones implementadas.
GPA-001__R2-002__R1-002__0561,GPA-001__R2-002__R1-002,02_inputs_xml_flat/GPA-001__R2-002__R1-002__0561.xml,PASS,INFO,R1.D01=SI;R1.D02=NO;R2.D01=SI;R2.D02=SI;R2.D03=NO,MUNICIPIO30223,MUNICIPIO_SIN_CN_TRAB,Si,No,30223,,Regla 2 coherente para validaciones implementadas.
GPA-001__R2-002__R1-002__0562,GPA-001__R2-002__R1-002,02_inputs_xml_flat/GPA-001__R2-002__R1-002__0562.xml,PASS,INFO,R1.D01=SI;R1.D02=NO;R2.D01=SI;R2.D02=SI;R2.D03=NO,MUNICIPIO30221,MUNICIPIO_SIN_CN_TRAB,Si,No,30221,,Regla 2 coherente para validaciones implementadas.
GPA-001__R2-002__R1-002__0563,GPA-001__R2-002__R1-002,02_inputs_xml_flat/GPA-001__R2-002__R1-002__0563.xml,PASS,INFO,R1.D01=SI;R1.D02=NO;R2.D01=SI;R2.D02=SI;R2.D03=NO,MUNICIPIO30222,MUNICIPIO_SIN_CN_TRAB,Si,No,30222,,Regla 2 coherente para validaciones implementadas.
GPA-001__R2-002__R1-002__0564,GPA-001__R2-002__R1-002,02_inputs_xml_flat/GPA-001__R2-002__R1-002__0564.xml,PASS,INFO,R1.D01=SI;R1.D02=NO;R2.D01=SI;R2.D02=SI;R2.D03=NO,MUNICIPIO30223,MUNICIPIO_SIN_CN_TRAB,Si,No,30223,,Regla 2 coherente para validaciones implementadas.
GPA-001__R2-002__R1-002__0565,GPA-001__R2-002__R1-002,02_inputs_xml_flat/GPA-001__R2-002__R1-002__0565.xml,PASS,INFO,R1.D01=SI;R1.D02=NO;R2.D01=SI;R2.D02=SI;R2.D03=NO,MUNICIPIO30221,MUNICIPIO_SIN_CN_TRAB,Si,No,30221,,Regla 2 coherente para validaciones implementadas.
GPA-001__R2-002__R1-002__0566,GPA-001__R2-002__R1-002,02_inputs_xml_flat/GPA-001__R2-002__R1-002__0566.xml,PASS,INFO,R1.D01=SI;R1.D02=NO;R2.D01=SI;R2.D02=SI;R2.D03=NO,MUNICIPIO30222,MUNICIPIO_SIN_CN_TRAB,Si,No,30222,,Regla 2 coherente para validaciones implementadas.
GPA-001__R2-002__R1-002__0567,GPA-001__R2-002__R1-002,02_inputs_xml_flat/GPA-001__R2-002__R1-002__0567.xml,PASS,INFO,R1.D01=SI;R1.D02=NO;R2.D01=SI;R2.D02=SI;R2.D03=NO,MUNICIPIO30223,MUNICIPIO_SIN_CN_TRAB,Si,No,30223,,Regla 2 coherente para validaciones implementadas.
GPA-001__R2-002__R1-002__0568,GPA-001__R2-002__R1-002,02_inputs_xml_flat/GPA-001__R2-002__R1-002__0568.xml,PASS,INFO,R1.D01=SI;R1.D02=NO;R2.D01=SI;R2.D02=SI;R2.D03=NO,MUNICIPIO30221,MUNICIPIO_SIN_CN_TRAB,Si,No,30221,,Regla 2 coherente para validaciones implementadas.
GPA-001__R2-002__R1-002__0569,GPA-001__R2-002__R1-002,02_inputs_xml_flat/GPA-001__R2-002__R1-002__0569.xml,PASS,INFO,R1.D01=SI;R1.D02=NO;R2.D01=SI;R2.D02=SI;R2.D03=NO,MUNICIPIO30222,MUNICIPIO_SIN_CN_TRAB,Si,No,30222,,Regla 2 coherente para validaciones implementadas.
GPA-001__R2-002__R1-002__0570,GPA-001__R2-002__R1-002,02_inputs_xml_flat/GPA-001__R2-002__R1-002__0570.xml,PASS,INFO,R1.D01=SI;R1.D02=NO;R2.D01=SI;R2.D02=SI;R2.D03=NO,MUNICIPIO30223,MUNICIPIO_SIN_CN_TRAB,Si,No,30223,,Regla 2 coherente para validaciones implementadas.
GPA-001__R2-002__R1-002__0571,GPA-001__R2-002__R1-002,02_inputs_xml_flat/GPA-001__R2-002__R1-002__0571.xml,PASS,INFO,R1.D01=SI;R1.D02=NO;R2.D01=SI;R2.D02=SI;R2.D03=NO,MUNICIPIO30221,MUNICIPIO_SIN_CN_TRAB,Si,No,30221,,Regla 2 coherente para validaciones implementadas.
GPA-001__R2-002__R1-002__0572,GPA-001__R2-002__R1-002,02_inputs_xml_flat/GPA-001__R2-002__R1-002__0572.xml,PASS,INFO,R1.D01=SI;R1.D02=NO;R2.D01=SI;R2.D02=SI;R2.D03=NO,MUNICIPIO30222,MUNICIPIO_SIN_CN_TRAB,Si,No,30222,,Regla 2 coherente para validaciones implementadas.
GPA-001__R2-002__R1-002__0573,GPA-001__R2-002__R1-002,02_inputs_xml_flat/GPA-001__R2-002__R1-002__0573.xml,PASS,INFO,R1.D01=SI;R1.D02=NO;R2.D01=SI;R2.D02=SI;R2.D03=NO,MUNICIPIO30223,MUNICIPIO_SIN_CN_TRAB,Si,No,30223,,Regla 2 coherente para validaciones implementadas.
GPA-001__R2-002__R1-002__0574,GPA-001__R2-002__R1-002,02_inputs_xml_flat/GPA-001__R2-002__R1-002__0574.xml,PASS,INFO,R1.D01=SI;R1.D02=NO;R2.D01=SI;R2.D02=SI;R2.D03=NO,MUNICIPIO30221,MUNICIPIO_SIN_CN_TRAB,Si,No,30221,,Regla 2 coherente para validaciones implementadas.
GPA-001__R2-002__R1-002__0575,GPA-001__R2-002__R1-002,02_inputs_xml_flat/GPA-001__R2-002__R1-002__0575.xml,PASS,INFO,R1.D01=SI;R1.D02=NO;R2.D01=SI;R2.D02=SI;R2.D03=NO,MUNICIPIO30222,MUNICIPIO_SIN_CN_TRAB,Si,No,30222,,Regla 2 coherente para validaciones implementadas.
GPA-001__R2-002__R1-002__0576,GPA-001__R2-002__R1-002,02_inputs_xml_flat/GPA-001__R2-002__R1-002__0576.xml,PASS,INFO,R1.D01=SI;R1.D02=NO;R2.D01=SI;R2.D02=SI;R2.D03=NO,MUNICIPIO30223,MUNICIPIO_SIN_CN_TRAB,Si,No,30223,,Regla 2 coherente para validaciones implementadas.
GPA-001__R2-002__R1-002__0577,GPA-001__R2-002__R1-002,02_inputs_xml_flat/GPA-001__R2-002__R1-002__0577.xml,PASS,INFO,R1.D01=SI;R1.D02=NO;R2.D01=SI;R2.D02=SI;R2.D03=NO,MUNICIPIO30221,MUNICIPIO_SIN_CN_TRAB,Si,No,30221,,Regla 2 coherente para validaciones implementadas.
GPA-001__R2-002__R1-002__0578,GPA-001__R2-002__R1-002,02_inputs_xml_flat/GPA-001__R2-002__R1-002__0578.xml,PASS,INFO,R1.D01=SI;R1.D02=NO;R2.D01=SI;R2.D02=SI;R2.D03=NO,MUNICIPIO30222,MUNICIPIO_SIN_CN_TRAB,Si,No,30222,,Regla 2 coherente para validaciones implementadas.
GPA-001__R2-002__R1-002__0579,GPA-001__R2-002__R1-002,02_inputs_xml_flat/GPA-001__R2-002__R1-002__0579.xml,PASS,INFO,R1.D01=SI;R1.D02=NO;R2.D01=SI;R2.D02=SI;R2.D03=NO,MUNICIPIO30223,MUNICIPIO_SIN_CN_TRAB,Si,No,30223,,Regla 2 coherente para validaciones implementadas.
GPA-001__R2-002__R1-002__0580,GPA-001__R2-002__R1-002,02_inputs_xml_flat/GPA-001__R2-002__R1-002__0580.xml,PASS,INFO,R1.D01=SI;R1.D02=NO;R2.D01=SI;R2.D02=SI;R2.D03=NO,MUNICIPIO30221,MUNICIPIO_SIN_CN_TRAB,Si,No,30221,,Regla 2 coherente para validaciones implementadas.
GPA-001__R2-002__R1-002__0581,GPA-001__R2-002__R1-002,02_inputs_xml_flat/GPA-001__R2-002__R1-002__0581.xml,PASS,INFO,R1.D01=SI;R1.D02=NO;R2.D01=SI;R2.D02=SI;R2.D03=NO,MUNICIPIO30222,MUNICIPIO_SIN_CN_TRAB,Si,No,30222,,Regla 2 coherente para validaciones implementadas.
GPA-001__R2-002__R1-002__0582,GPA-001__R2-002__R1-002,02_inputs_xml_flat/GPA-001__R2-002__R1-002__0582.xml,PASS,INFO,R1.D01=SI;R1.D02=NO;R2.D01=SI;R2.D02=SI;R2.D03=NO,MUNICIPIO30223,MUNICIPIO_SIN_CN_TRAB,Si,No,30223,,Regla 2 coherente para validaciones implementadas.
GPA-001__R2-002__R1-002__0583,GPA-001__R2-002__R1-002,02_inputs_xml_flat/GPA-001__R2-002__R1-002__0583.xml,PASS,INFO,R1.D01=SI;R1.D02=NO;R2.D01=SI;R2.D02=SI;R2.D03=NO,MUNICIPIO30221,MUNICIPIO_SIN_CN_TRAB,Si,No,30221,,Regla 2 coherente para validaciones implementadas.
GPA-001__R2-002__R1-002__0584,GPA-001__R2-002__R1-002,02_inputs_xml_flat/GPA-001__R2-002__R1-002__0584.xml,PASS,INFO,R1.D01=SI;R1.D02=NO;R2.D01=SI;R2.D02=SI;R2.D03=NO,MUNICIPIO30222,MUNICIPIO_SIN_CN_TRAB,Si,No,30222,,Regla 2 coherente para validaciones implementadas.
GPA-001__R2-002__R1-002__0585,GPA-001__R2-002__R1-002,02_inputs_xml_flat/GPA-001__R2-002__R1-002__0585.xml,PASS,INFO,R1.D01=SI;R1.D02=NO;R2.D01=SI;R2.D02=SI;R2.D03=NO,MUNICIPIO30223,MUNICIPIO_SIN_CN_TRAB,Si,No,30223,,Regla 2 coherente para validaciones implementadas.
GPA-001__R2-002__R1-002__0586,GPA-001__R2-002__R1-002,02_inputs_xml_flat/GPA-001__R2-002__R1-002__0586.xml,PASS,INFO,R1.D01=SI;R1.D02=NO;R2.D01=SI;R2.D02=SI;R2.D03=NO,MUNICIPIO30221,MUNICIPIO_SIN_CN_TRAB,Si,No,30221,,Regla 2 coherente para validaciones implementadas.
GPA-001__R2-002__R1-002__0587,GPA-001__R2-002__R1-002,02_inputs_xml_flat/GPA-001__R2-002__R1-002__0587.xml,PASS,INFO,R1.D01=SI;R1.D02=NO;R2.D01=SI;R2.D02=SI;R2.D03=NO,MUNICIPIO30222,MUNICIPIO_SIN_CN_TRAB,Si,No,30222,,Regla 2 coherente para validaciones implementadas.
GPA-001__R2-002__R1-002__0588,GPA-001__R2-002__R1-002,02_inputs_xml_flat/GPA-001__R2-002__R1-002__0588.xml,PASS,INFO,R1.D01=SI;R1.D02=NO;R2.D01=SI;R2.D02=SI;R2.D03=NO,MUNICIPIO30223,MUNICIPIO_SIN_CN_TRAB,Si,No,30223,,Regla 2 coherente para validaciones implementadas.
GPA-001__R2-002__R1-002__0589,GPA-001__R2-002__R1-002,02_inputs_xml_flat/GPA-001__R2-002__R1-002__0589.xml,PASS,INFO,R1.D01=SI;R1.D02=NO;R2.D01=SI;R2.D02=SI;R2.D03=NO,MUNICIPIO30221,MUNICIPIO_SIN_CN_TRAB,Si,No,30221,,Regla 2 coherente para validaciones implementadas.
GPA-001__R2-002__R1-002__0590,GPA-001__R2-002__R1-002,02_inputs_xml_flat/GPA-001__R2-002__R1-002__0590.xml,PASS,INFO,R1.D01=SI;R1.D02=NO;R2.D01=SI;R2.D02=SI;R2.D03=NO,MUNICIPIO30222,MUNICIPIO_SIN_CN_TRAB,Si,No,30222,,Regla 2 coherente para validaciones implementadas.
GPA-001__R2-002__R1-002__0591,GPA-001__R2-002__R1-002,02_inputs_xml_flat/GPA-001__R2-002__R1-002__0591.xml,PASS,INFO,R1.D01=SI;R1.D02=NO;R2.D01=SI;R2.D02=SI;R2.D03=NO,MUNICIPIO30223,MUNICIPIO_SIN_CN_TRAB,Si,No,30223,,Regla 2 coherente para validaciones implementadas.
GPA-001__R2-002__R1-002__0592,GPA-001__R2-002__R1-002,02_inputs_xml_flat/GPA-001__R2-002__R1-002__0592.xml,PASS,INFO,R1.D01=SI;R1.D02=NO;R2.D01=SI;R2.D02=SI;R2.D03=NO,MUNICIPIO30221,MUNICIPIO_SIN_CN_TRAB,Si,No,30221,,Regla 2 coherente para validaciones implementadas.
GPA-001__R2-002__R1-002__0593,GPA-001__R2-002__R1-002,02_inputs_xml_flat/GPA-001__R2-002__R1-002__0593.xml,PASS,INFO,R1.D01=SI;R1.D02=NO;R2.D01=SI;R2.D02=SI;R2.D03=NO,MUNICIPIO30222,MUNICIPIO_SIN_CN_TRAB,Si,No,30222,,Regla 2 coherente para validaciones implementadas.
GPA-001__R2-002__R1-002__0594,GPA-001__R2-002__R1-002,02_inputs_xml_flat/GPA-001__R2-002__R1-002__0594.xml,PASS,INFO,R1.D01=SI;R1.D02=NO;R2.D01=SI;R2.D02=SI;R2.D03=NO,MUNICIPIO30223,MUNICIPIO_SIN_CN_TRAB,Si,No,30223,,Regla 2 coherente para validaciones implementadas.
GPA-001__R2-002__R1-002__0595,GPA-001__R2-002__R1-002,02_inputs_xml_flat/GPA-001__R2-002__R1-002__0595.xml,PASS,INFO,R1.D01=SI;R1.D02=NO;R2.D01=SI;R2.D02=SI;R2.D03=NO,MUNICIPIO30221,MUNICIPIO_SIN_CN_TRAB,Si,No,30221,,Regla 2 coherente para validaciones implementadas.
GPA-001__R2-002__R1-002__0596,GPA-001__R2-002__R1-002,02_inputs_xml_flat/GPA-001__R2-002__R1-002__0596.xml,PASS,INFO,R1.D01=SI;R1.D02=NO;R2.D01=SI;R2.D02=SI;R2.D03=NO,MUNICIPIO30222,MUNICIPIO_SIN_CN_TRAB,Si,No,30222,,Regla 2 coherente para validaciones implementadas.
GPA-001__R2-002__R1-002__0597,GPA-001__R2-002__R1-002,02_inputs_xml_flat/GPA-001__R2-002__R1-002__0597.xml,PASS,INFO,R1.D01=SI;R1.D02=NO;R2.D01=SI;R2.D02=SI;R2.D03=NO,MUNICIPIO30223,MUNICIPIO_SIN_CN_TRAB,Si,No,30223,,Regla 2 coherente para validaciones implementadas.
GPA-001__R2-002__R1-002__0598,GPA-001__R2-002__R1-002,02_inputs_xml_flat/GPA-001__R2-002__R1-002__0598.xml,PASS,INFO,R1.D01=SI;R1.D02=NO;R2.D01=SI;R2.D02=SI;R2.D03=NO,MUNICIPIO30221,MUNICIPIO_SIN_CN_TRAB,Si,No,30221,,Regla 2 coherente para validaciones implementadas.
GPA-001__R2-002__R1-002__0599,GPA-001__R2-002__R1-002,02_inputs_xml_flat/GPA-001__R2-002__R1-002__0599.xml,PASS,INFO,R1.D01=SI;R1.D02=NO;R2.D01=SI;R2.D02=SI;R2.D03=NO,MUNICIPIO30222,MUNICIPIO_SIN_CN_TRAB,Si,No,30222,,Regla 2 coherente para validaciones implementadas.
GPA-001__R2-002__R1-002__0600,GPA-001__R2-002__R1-002,02_inputs_xml_flat/GPA-001__R2-002__R1-002__0600.xml,PASS,INFO,R1.D01=SI;R1.D02=NO;R2.D01=SI;R2.D02=SI;R2.D03=NO,MUNICIPIO30223,MUNICIPIO_SIN_CN_TRAB,Si,No,30223,,Regla 2 coherente para validaciones implementadas.
GPA-001__R2-002__R1-002__0601,GPA-001__R2-002__R1-002,02_inputs_xml_flat/GPA-001__R2-002__R1-002__0601.xml,PASS,INFO,R1.D01=SI;R1.D02=NO;R2.D01=SI;R2.D02=SI;R2.D03=NO,MUNICIPIO30221,MUNICIPIO_SIN_CN_TRAB,Si,No,30221,,Regla 2 coherente para validaciones implementadas.
GPA-001__R2-002__R1-002__0602,GPA-001__R2-002__R1-002,02_inputs_xml_flat/GPA-001__R2-002__R1-002__0602.xml,PASS,INFO,R1.D01=SI;R1.D02=NO;R2.D01=SI;R2.D02=SI;R2.D03=NO,MUNICIPIO30222,MUNICIPIO_SIN_CN_TRAB,Si,No,30222,,Regla 2 coherente para validaciones implementadas.
GPA-001__R2-002__R1-002__0603,GPA-001__R2-002__R1-002,02_inputs_xml_flat/GPA-001__R2-002__R1-002__0603.xml,PASS,INFO,R1.D01=SI;R1.D02=NO;R2.D01=SI;R2.D02=SI;R2.D03=NO,MUNICIPIO30223,MUNICIPIO_SIN_CN_TRAB,Si,No,30223,,Regla 2 coherente para validaciones implementadas.
GPA-001__R2-002__R1-002__0604,GPA-001__R2-002__R1-002,02_inputs_xml_flat/GPA-001__R2-002__R1-002__0604.xml,PASS,INFO,R1.D01=SI;R1.D02=NO;R2.D01=SI;R2.D02=SI;R2.D03=NO,MUNICIPIO30221,MUNICIPIO_SIN_CN_TRAB,Si,No,30221,,Regla 2 coherente para validaciones implementadas.
GPA-001__R2-002__R1-002__0605,GPA-001__R2-002__R1-002,02_inputs_xml_flat/GPA-001__R2-002__R1-002__0605.xml,PASS,INFO,R1.D01=SI;R1.D02=NO;R2.D01=SI;R2.D02=SI;R2.D03=NO,MUNICIPIO30222,MUNICIPIO_SIN_CN_TRAB,Si,No,30222,,Regla 2 coherente para validaciones implementadas.
GPA-001__R2-002__R1-002__0606,GPA-001__R2-002__R1-002,02_inputs_xml_flat/GPA-001__R2-002__R1-002__0606.xml,PASS,INFO,R1.D01=SI;R1.D02=NO;R2.D01=SI;R2.D02=SI;R2.D03=NO,MUNICIPIO30223,MUNICIPIO_SIN_CN_TRAB,Si,No,30223,,Regla 2 coherente para validaciones implementadas.
GPA-001__R2-002__R1-002__0607,GPA-001__R2-002__R1-002,02_inputs_xml_flat/GPA-001__R2-002__R1-002__0607.xml,PASS,INFO,R1.D01=SI;R1.D02=NO;R2.D01=SI;R2.D02=SI;R2.D03=NO,MUNICIPIO30221,MUNICIPIO_SIN_CN_TRAB,Si,No,30221,,Regla 2 coherente para validaciones implementadas.
GPA-001__R2-002__R1-002__0608,GPA-001__R2-002__R1-002,02_inputs_xml_flat/GPA-001__R2-002__R1-002__0608.xml,PASS,INFO,R1.D01=SI;R1.D02=NO;R2.D01=SI;R2.D02=SI;R2.D03=NO,MUNICIPIO30222,MUNICIPIO_SIN_CN_TRAB,Si,No,30222,,Regla 2 coherente para validaciones implementadas.
GPA-001__R2-002__R1-002__0609,GPA-001__R2-002__R1-002,02_inputs_xml_flat/GPA-001__R2-002__R1-002__0609.xml,PASS,INFO,R1.D01=SI;R1.D02=NO;R2.D01=SI;R2.D02=SI;R2.D03=NO,MUNICIPIO30223,MUNICIPIO_SIN_CN_TRAB,Si,No,30223,,Regla 2 coherente para validaciones implementadas.
GPA-001__R2-002__R1-002__0610,GPA-001__R2-002__R1-002,02_inputs_xml_flat/GPA-001__R2-002__R1-002__0610.xml,PASS,INFO,R1.D01=SI;R1.D02=NO;R2.D01=SI;R2.D02=SI;R2.D03=NO,MUNICIPIO30221,MUNICIPIO_SIN_CN_TRAB,Si,No,30221,,Regla 2 coherente para validaciones implementadas.
GPA-001__R2-002__R1-002__0611,GPA-001__R2-002__R1-002,02_inputs_xml_flat/GPA-001__R2-002__R1-002__0611.xml,PASS,INFO,R1.D01=SI;R1.D02=NO;R2.D01=SI;R2.D02=SI;R2.D03=NO,MUNICIPIO30222,MUNICIPIO_SIN_CN_TRAB,Si,No,30222,,Regla 2 coherente para validaciones implementadas.
GPA-001__R2-002__R1-002__0612,GPA-001__R2-002__R1-002,02_inputs_xml_flat/GPA-001__R2-002__R1-002__0612.xml,PASS,INFO,R1.D01=SI;R1.D02=NO;R2.D01=SI;R2.D02=SI;R2.D03=NO,MUNICIPIO30223,MUNICIPIO_SIN_CN_TRAB,Si,No,30223,,Regla 2 coherente para validaciones implementadas.
GPA-001__R2-002__R1-002__0613,GPA-001__R2-002__R1-002,02_inputs_xml_flat/GPA-001__R2-002__R1-002__0613.xml,PASS,INFO,R1.D01=SI;R1.D02=NO;R2.D01=SI;R2.D02=SI;R2.D03=NO,MUNICIPIO30221,MUNICIPIO_SIN_CN_TRAB,Si,No,30221,,Regla 2 coherente para validaciones implementadas.
GPA-001__R2-002__R1-002__0614,GPA-001__R2-002__R1-002,02_inputs_xml_flat/GPA-001__R2-002__R1-002__0614.xml,PASS,INFO,R1.D01=SI;R1.D02=NO;R2.D01=SI;R2.D02=SI;R2.D03=NO,MUNICIPIO30222,MUNICIPIO_SIN_CN_TRAB,Si,No,30222,,Regla 2 coherente para validaciones implementadas.
GPA-001__R2-002__R1-002__0615,GPA-001__R2-002__R1-002,02_inputs_xml_flat/GPA-001__R2-002__R1-002__0615.xml,PASS,INFO,R1.D01=SI;R1.D02=NO;R2.D01=SI;R2.D02=SI;R2.D03=NO,MUNICIPIO30223,MUNICIPIO_SIN_CN_TRAB,Si,No,30223,,Regla 2 coherente para validaciones implementadas.
GPA-001__R2-002__R1-002__0616,GPA-001__R2-002__R1-002,02_inputs_xml_flat/GPA-001__R2-002__R1-002__0616.xml,PASS,INFO,R1.D01=SI;R1.D02=NO;R2.D01=SI;R2.D02=SI;R2.D03=NO,MUNICIPIO30221,MUNICIPIO_SIN_CN_TRAB,Si,No,30221,,Regla 2 coherente para validaciones implementadas.
GPA-001__R2-002__R1-002__0617,GPA-001__R2-002__R1-002,02_inputs_xml_flat/GPA-001__R2-002__R1-002__0617.xml,PASS,INFO,R1.D01=SI;R1.D02=NO;R2.D01=SI;R2.D02=SI;R2.D03=NO,MUNICIPIO30222,MUNICIPIO_SIN_CN_TRAB,Si,No,30222,,Regla 2 coherente para validaciones implementadas.
GPA-001__R2-002__R1-002__0618,GPA-001__R2-002__R1-002,02_inputs_xml_flat/GPA-001__R2-002__R1-002__0618.xml,PASS,INFO,R1.D01=SI;R1.D02=NO;R2.D01=SI;R2.D02=SI;R2.D03=NO,MUNICIPIO30223,MUNICIPIO_SIN_CN_TRAB,Si,No,30223,,Regla 2 coherente para validaciones implementadas.
GPA-001__R2-002__R1-002__0619,GPA-001__R2-002__R1-002,02_inputs_xml_flat/GPA-001__R2-002__R1-002__0619.xml,PASS,INFO,R1.D01=SI;R1.D02=NO;R2.D01=SI;R2.D02=SI;R2.D03=NO,MUNICIPIO30221,MUNICIPIO_SIN_CN_TRAB,Si,No,30221,,Regla 2 coherente para validaciones implementadas.
GPA-001__R2-002__R1-002__0620,GPA-001__R2-002__R1-002,02_inputs_xml_flat/GPA-001__R2-002__R1-002__0620.xml,PASS,INFO,R1.D01=SI;R1.D02=NO;R2.D01=SI;R2.D02=SI;R2.D03=NO,MUNICIPIO30222,MUNICIPIO_SIN_CN_TRAB,Si,No,30222,,Regla 2 coherente para validaciones implementadas.
GPA-001__R2-002__R1-002__0621,GPA-001__R2-002__R1-002,02_inputs_xml_flat/GPA-001__R2-002__R1-002__0621.xml,PASS,INFO,R1.D01=SI;R1.D02=NO;R2.D01=SI;R2.D02=SI;R2.D03=NO,MUNICIPIO30223,MUNICIPIO_SIN_CN_TRAB,Si,No,30223,,Regla 2 coherente para validaciones implementadas.
GPA-001__R2-002__R1-002__0622,GPA-001__R2-002__R1-002,02_inputs_xml_flat/GPA-001__R2-002__R1-002__0622.xml,PASS,INFO,R1.D01=SI;R1.D02=NO;R2.D01=SI;R2.D02=SI;R2.D03=NO,MUNICIPIO30221,MUNICIPIO_SIN_CN_TRAB,Si,No,30221,,Regla 2 coherente para validaciones implementadas.
GPA-001__R2-002__R1-002__0623,GPA-001__R2-002__R1-002,02_inputs_xml_flat/GPA-001__R2-002__R1-002__0623.xml,PASS,INFO,R1.D01=SI;R1.D02=NO;R2.D01=SI;R2.D02=SI;R2.D03=NO,MUNICIPIO30222,MUNICIPIO_SIN_CN_TRAB,Si,No,30222,,Regla 2 coherente para validaciones implementadas.
GPA-001__R2-002__R1-002__0624,GPA-001__R2-002__R1-002,02_inputs_xml_flat/GPA-001__R2-002__R1-002__0624.xml,PASS,INFO,R1.D01=SI;R1.D02=NO;R2.D01=SI;R2.D02=SI;R2.D03=NO,MUNICIPIO30223,MUNICIPIO_SIN_CN_TRAB,Si,No,30223,,Regla 2 coherente para validaciones implementadas.
GPA-001__R2-002__R1-002__0625,GPA-001__R2-002__R1-002,02_inputs_xml_flat/GPA-001__R2-002__R1-002__0625.xml,PASS,INFO,R1.D01=SI;R1.D02=NO;R2.D01=SI;R2.D02=SI;R2.D03=NO,MUNICIPIO30221,MUNICIPIO_SIN_CN_TRAB,Si,No,30221,,Regla 2 coherente para validaciones implementadas.
GPA-001__R2-002__R1-002__0626,GPA-001__R2-002__R1-002,02_inputs_xml_flat/GPA-001__R2-002__R1-002__0626.xml,PASS,INFO,R1.D01=SI;R1.D02=NO;R2.D01=SI;R2.D02=SI;R2.D03=NO,MUNICIPIO30222,MUNICIPIO_SIN_CN_TRAB,Si,No,30222,,Regla 2 coherente para validaciones implementadas.
GPA-001__R2-002__R1-002__0627,GPA-001__R2-002__R1-002,02_inputs_xml_flat/GPA-001__R2-002__R1-002__0627.xml,PASS,INFO,R1.D01=SI;R1.D02=NO;R2.D01=SI;R2.D02=SI;R2.D03=NO,MUNICIPIO30223,MUNICIPIO_SIN_CN_TRAB,Si,No,30223,,Regla 2 coherente para validaciones implementadas.
GPA-001__R2-002__R1-002__0628,GPA-001__R2-002__R1-002,02_inputs_xml_flat/GPA-001__R2-002__R1-002__0628.xml,PASS,INFO,R1.D01=SI;R1.D02=NO;R2.D01=SI;R2.D02=SI;R2.D03=NO,MUNICIPIO30221,MUNICIPIO_SIN_CN_TRAB,Si,No,30221,,Regla 2 coherente para validaciones implementadas.
GPA-001__R2-002__R1-002__0629,GPA-001__R2-002__R1-002,02_inputs_xml_flat/GPA-001__R2-002__R1-002__0629.xml,PASS,INFO,R1.D01=SI;R1.D02=NO;R2.D01=SI;R2.D02=SI;R2.D03=NO,MUNICIPIO30222,MUNICIPIO_SIN_CN_TRAB,Si,No,30222,,Regla 2 coherente para validaciones implementadas.
GPA-001__R2-002__R1-002__0630,GPA-001__R2-002__R1-002,02_inputs_xml_flat/GPA-001__R2-002__R1-002__0630.xml,PASS,INFO,R1.D01=SI;R1.D02=NO;R2.D01=SI;R2.D02=SI;R2.D03=NO,MUNICIPIO30223,MUNICIPIO_SIN_CN_TRAB,Si,No,30223,,Regla 2 coherente para validaciones implementadas.
GPA-001__R2-002__R1-002__0631,GPA-001__R2-002__R1-002,02_inputs_xml_flat/GPA-001__R2-002__R1-002__0631.xml,PASS,INFO,R1.D01=SI;R1.D02=NO;R2.D01=SI;R2.D02=SI;R2.D03=NO,MUNICIPIO30221,MUNICIPIO_SIN_CN_TRAB,Si,No,30221,,Regla 2 coherente para validaciones implementadas.
GPA-001__R2-002__R1-002__0632,GPA-001__R2-002__R1-002,02_inputs_xml_flat/GPA-001__R2-002__R1-002__0632.xml,PASS,INFO,R1.D01=SI;R1.D02=NO;R2.D01=SI;R2.D02=SI;R2.D03=NO,MUNICIPIO30222,MUNICIPIO_SIN_CN_TRAB,Si,No,30222,,Regla 2 coherente para validaciones implementadas.
GPA-001__R2-002__R1-002__0633,GPA-001__R2-002__R1-002,02_inputs_xml_flat/GPA-001__R2-002__R1-002__0633.xml,PASS,INFO,R1.D01=SI;R1.D02=NO;R2.D01=SI;R2.D02=SI;R2.D03=NO,MUNICIPIO30223,MUNICIPIO_SIN_CN_TRAB,Si,No,30223,,Regla 2 coherente para validaciones implementadas.
GPA-001__R2-002__R1-002__0634,GPA-001__R2-002__R1-002,02_inputs_xml_flat/GPA-001__R2-002__R1-002__0634.xml,PASS,INFO,R1.D01=SI;R1.D02=NO;R2.D01=SI;R2.D02=SI;R2.D03=NO,MUNICIPIO30221,MUNICIPIO_SIN_CN_TRAB,Si,No,30221,,Regla 2 coherente para validaciones implementadas.
GPA-001__R2-002__R1-002__0635,GPA-001__R2-002__R1-002,02_inputs_xml_flat/GPA-001__R2-002__R1-002__0635.xml,PASS,INFO,R1.D01=SI;R1.D02=NO;R2.D01=SI;R2.D02=SI;R2.D03=NO,MUNICIPIO30222,MUNICIPIO_SIN_CN_TRAB,Si,No,30222,,Regla 2 coherente para validaciones implementadas.
GPA-001__R2-002__R1-002__0636,GPA-001__R2-002__R1-002,02_inputs_xml_flat/GPA-001__R2-002__R1-002__0636.xml,PASS,INFO,R1.D01=SI;R1.D02=NO;R2.D01=SI;R2.D02=SI;R2.D03=NO,MUNICIPIO30223,MUNICIPIO_SIN_CN_TRAB,Si,No,30223,,Regla 2 coherente para validaciones implementadas.
GPA-001__R2-002__R1-002__0637,GPA-001__R2-002__R1-002,02_inputs_xml_flat/GPA-001__R2-002__R1-002__0637.xml,PASS,INFO,R1.D01=SI;R1.D02=NO;R2.D01=SI;R2.D02=SI;R2.D03=NO,MUNICIPIO30221,MUNICIPIO_SIN_CN_TRAB,Si,No,30221,,Regla 2 coherente para validaciones implementadas.
GPA-001__R2-002__R1-002__0638,GPA-001__R2-002__R1-002,02_inputs_xml_flat/GPA-001__R2-002__R1-002__0638.xml,PASS,INFO,R1.D01=SI;R1.D02=NO;R2.D01=SI;R2.D02=SI;R2.D03=NO,MUNICIPIO30222,MUNICIPIO_SIN_CN_TRAB,Si,No,30222,,Regla 2 coherente para validaciones implementadas.
GPA-001__R2-002__R1-002__0639,GPA-001__R2-002__R1-002,02_inputs_xml_flat/GPA-001__R2-002__R1-002__0639.xml,PASS,INFO,R1.D01=SI;R1.D02=NO;R2.D01=SI;R2.D02=SI;R2.D03=NO,MUNICIPIO30223,MUNICIPIO_SIN_CN_TRAB,Si,No,30223,,Regla 2 coherente para validaciones implementadas.
GPA-001__R2-002__R1-002__0640,GPA-001__R2-002__R1-002,02_inputs_xml_flat/GPA-001__R2-002__R1-002__0640.xml,PASS,INFO,R1.D01=SI;R1.D02=NO;R2.D01=SI;R2.D02=SI;R2.D03=NO,MUNICIPIO30221,MUNICIPIO_SIN_CN_TRAB,Si,No,30221,,Regla 2 coherente para validaciones implementadas.
GPA-001__R2-002__R1-002__0641,GPA-001__R2-002__R1-002,02_inputs_xml_flat/GPA-001__R2-002__R1-002__0641.xml,PASS,INFO,R1.D01=SI;R1.D02=NO;R2.D01=SI;R2.D02=SI;R2.D03=NO,MUNICIPIO30222,MUNICIPIO_SIN_CN_TRAB,Si,No,30222,,Regla 2 coherente para validaciones implementadas.
GPA-001__R2-002__R1-002__0642,GPA-001__R2-002__R1-002,02_inputs_xml_flat/GPA-001__R2-002__R1-002__0642.xml,PASS,INFO,R1.D01=SI;R1.D02=NO;R2.D01=SI;R2.D02=SI;R2.D03=NO,MUNICIPIO30223,MUNICIPIO_SIN_CN_TRAB,Si,No,30223,,Regla 2 coherente para validaciones implementadas.
GPA-001__R2-002__R1-002__0643,GPA-001__R2-002__R1-002,02_inputs_xml_flat/GPA-001__R2-002__R1-002__0643.xml,PASS,INFO,R1.D01=SI;R1.D02=NO;R2.D01=SI;R2.D02=SI;R2.D03=NO,MUNICIPIO30221,MUNICIPIO_SIN_CN_TRAB,Si,No,30221,,Regla 2 coherente para validaciones implementadas.
GPA-001__R2-002__R1-002__0644,GPA-001__R2-002__R1-002,02_inputs_xml_flat/GPA-001__R2-002__R1-002__0644.xml,PASS,INFO,R1.D01=SI;R1.D02=NO;R2.D01=SI;R2.D02=SI;R2.D03=NO,MUNICIPIO30222,MUNICIPIO_SIN_CN_TRAB,Si,No,30222,,Regla 2 coherente para validaciones implementadas.
GPA-001__R2-002__R1-002__0645,GPA-001__R2-002__R1-002,02_inputs_xml_flat/GPA-001__R2-002__R1-002__0645.xml,PASS,INFO,R1.D01=SI;R1.D02=NO;R2.D01=SI;R2.D02=SI;R2.D03=NO,MUNICIPIO30223,MUNICIPIO_SIN_CN_TRAB,Si,No,30223,,Regla 2 coherente para validaciones implementadas.
GPA-001__R2-002__R1-002__0646,GPA-001__R2-002__R1-002,02_inputs_xml_flat/GPA-001__R2-002__R1-002__0646.xml,PASS,INFO,R1.D01=SI;R1.D02=NO;R2.D01=SI;R2.D02=SI;R2.D03=NO,MUNICIPIO30221,MUNICIPIO_SIN_CN_TRAB,Si,No,30221,,Regla 2 coherente para validaciones implementadas.
GPA-001__R2-002__R1-002__0647,GPA-001__R2-002__R1-002,02_inputs_xml_flat/GPA-001__R2-002__R1-002__0647.xml,PASS,INFO,R1.D01=SI;R1.D02=NO;R2.D01=SI;R2.D02=SI;R2.D03=NO,MUNICIPIO30222,MUNICIPIO_SIN_CN_TRAB,Si,No,30222,,Regla 2 coherente para validaciones implementadas.
GPA-001__R2-002__R1-002__0648,GPA-001__R2-002__R1-002,02_inputs_xml_flat/GPA-001__R2-002__R1-002__0648.xml,PASS,INFO,R1.D01=SI;R1.D02=NO;R2.D01=SI;R2.D02=SI;R2.D03=NO,MUNICIPIO30223,MUNICIPIO_SIN_CN_TRAB,Si,No,30223,,Regla 2 coherente para validaciones implementadas.
GPA-001__R2-002__R1-002__0649,GPA-001__R2-002__R1-002,02_inputs_xml_flat/GPA-001__R2-002__R1-002__0649.xml,PASS,INFO,R1.D01=SI;R1.D02=NO;R2.D01=SI;R2.D02=SI;R2.D03=NO,MUNICIPIO30221,MUNICIPIO_SIN_CN_TRAB,Si,No,30221,,Regla 2 coherente para validaciones implementadas.
GPA-001__R2-002__R1-002__0650,GPA-001__R2-002__R1-002,02_inputs_xml_flat/GPA-001__R2-002__R1-002__0650.xml,PASS,INFO,R1.D01=SI;R1.D02=NO;R2.D01=SI;R2.D02=SI;R2.D03=NO,MUNICIPIO30222,MUNICIPIO_SIN_CN_TRAB,Si,No,30222,,Regla 2 coherente para validaciones implementadas.
GPA-001__R2-002__R1-002__0651,GPA-001__R2-002__R1-002,02_inputs_xml_flat/GPA-001__R2-002__R1-002__0651.xml,PASS,INFO,R1.D01=SI;R1.D02=NO;R2.D01=SI;R2.D02=SI;R2.D03=NO,MUNICIPIO30223,MUNICIPIO_SIN_CN_TRAB,Si,No,30223,,Regla 2 coherente para validaciones implementadas.
GPA-001__R2-002__R1-002__0652,GPA-001__R2-002__R1-002,02_inputs_xml_flat/GPA-001__R2-002__R1-002__0652.xml,PASS,INFO,R1.D01=SI;R1.D02=NO;R2.D01=SI;R2.D02=SI;R2.D03=NO,MUNICIPIO30221,MUNICIPIO_SIN_CN_TRAB,Si,No,30221,,Regla 2 coherente para validaciones implementadas.
GPA-001__R2-002__R1-002__0653,GPA-001__R2-002__R1-002,02_inputs_xml_flat/GPA-001__R2-002__R1-002__0653.xml,PASS,INFO,R1.D01=SI;R1.D02=NO;R2.D01=SI;R2.D02=SI;R2.D03=NO,MUNICIPIO30222,MUNICIPIO_SIN_CN_TRAB,Si,No,30222,,Regla 2 coherente para validaciones implementadas.
GPA-001__R2-002__R1-002__0654,GPA-001__R2-002__R1-002,02_inputs_xml_flat/GPA-001__R2-002__R1-002__0654.xml,PASS,INFO,R1.D01=SI;R1.D02=NO;R2.D01=SI;R2.D02=SI;R2.D03=NO,MUNICIPIO30223,MUNICIPIO_SIN_CN_TRAB,Si,No,30223,,Regla 2 coherente para validaciones implementadas.
GPA-001__R2-002__R1-002__0655,GPA-001__R2-002__R1-002,02_inputs_xml_flat/GPA-001__R2-002__R1-002__0655.xml,PASS,INFO,R1.D01=SI;R1.D02=NO;R2.D01=SI;R2.D02=SI;R2.D03=NO,MUNICIPIO30221,MUNICIPIO_SIN_CN_TRAB,Si,No,30221,,Regla 2 coherente para validaciones implementadas.
GPA-001__R2-002__R1-002__0656,GPA-001__R2-002__R1-002,02_inputs_xml_flat/GPA-001__R2-002__R1-002__0656.xml,PASS,INFO,R1.D01=SI;R1.D02=NO;R2.D01=SI;R2.D02=SI;R2.D03=NO,MUNICIPIO30222,MUNICIPIO_SIN_CN_TRAB,Si,No,30222,,Regla 2 coherente para validaciones implementadas.
GPA-001__R2-002__R1-002__0657,GPA-001__R2-002__R1-002,02_inputs_xml_flat/GPA-001__R2-002__R1-002__0657.xml,PASS,INFO,R1.D01=SI;R1.D02=NO;R2.D01=SI;R2.D02=SI;R2.D03=NO,MUNICIPIO30223,MUNICIPIO_SIN_CN_TRAB,Si,No,30223,,Regla 2 coherente para validaciones implementadas.
GPA-001__R2-002__R1-002__0658,GPA-001__R2-002__R1-002,02_inputs_xml_flat/GPA-001__R2-002__R1-002__0658.xml,PASS,INFO,R1.D01=SI;R1.D02=NO;R2.D01=SI;R2.D02=SI;R2.D03=NO,MUNICIPIO30221,MUNICIPIO_SIN_CN_TRAB,Si,No,30221,,Regla 2 coherente para validaciones implementadas.
GPA-001__R2-002__R1-002__0659,GPA-001__R2-002__R1-002,02_inputs_xml_flat/GPA-001__R2-002__R1-002__0659.xml,PASS,INFO,R1.D01=SI;R1.D02=NO;R2.D01=SI;R2.D02=SI;R2.D03=NO,MUNICIPIO30222,MUNICIPIO_SIN_CN_TRAB,Si,No,30222,,Regla 2 coherente para validaciones implementadas.
GPA-001__R2-002__R1-002__0660,GPA-001__R2-002__R1-002,02_inputs_xml_flat/GPA-001__R2-002__R1-002__0660.xml,PASS,INFO,R1.D01=SI;R1.D02=NO;R2.D01=SI;R2.D02=SI;R2.D03=NO,MUNICIPIO30223,MUNICIPIO_SIN_CN_TRAB,Si,No,30223,,Regla 2 coherente para validaciones implementadas.
GPA-001__R2-002__R1-002__0661,GPA-001__R2-002__R1-002,02_inputs_xml_flat/GPA-001__R2-002__R1-002__0661.xml,PASS,INFO,R1.D01=SI;R1.D02=NO;R2.D01=SI;R2.D02=SI;R2.D03=NO,MUNICIPIO30221,MUNICIPIO_SIN_CN_TRAB,Si,No,30221,,Regla 2 coherente para validaciones implementadas.
GPA-001__R2-002__R1-002__0662,GPA-001__R2-002__R1-002,02_inputs_xml_flat/GPA-001__R2-002__R1-002__0662.xml,PASS,INFO,R1.D01=SI;R1.D02=NO;R2.D01=SI;R2.D02=SI;R2.D03=NO,MUNICIPIO30222,MUNICIPIO_SIN_CN_TRAB,Si,No,30222,,Regla 2 coherente para validaciones implementadas.
GPA-001__R2-002__R1-002__0663,GPA-001__R2-002__R1-002,02_inputs_xml_flat/GPA-001__R2-002__R1-002__0663.xml,PASS,INFO,R1.D01=SI;R1.D02=NO;R2.D01=SI;R2.D02=SI;R2.D03=NO,MUNICIPIO30223,MUNICIPIO_SIN_CN_TRAB,Si,No,30223,,Regla 2 coherente para validaciones implementadas.
GPA-001__R2-002__R1-002__0664,GPA-001__R2-002__R1-002,02_inputs_xml_flat/GPA-001__R2-002__R1-002__0664.xml,PASS,INFO,R1.D01=SI;R1.D02=NO;R2.D01=SI;R2.D02=SI;R2.D03=NO,MUNICIPIO30221,MUNICIPIO_SIN_CN_TRAB,Si,No,30221,,Regla 2 coherente para validaciones implementadas.
GPA-001__R2-002__R1-002__0665,GPA-001__R2-002__R1-002,02_inputs_xml_flat/GPA-001__R2-002__R1-002__0665.xml,PASS,INFO,R1.D01=SI;R1.D02=NO;R2.D01=SI;R2.D02=SI;R2.D03=NO,MUNICIPIO30222,MUNICIPIO_SIN_CN_TRAB,Si,No,30222,,Regla 2 coherente para validaciones implementadas.
GPA-001__R2-002__R1-002__0666,GPA-001__R2-002__R1-002,02_inputs_xml_flat/GPA-001__R2-002__R1-002__0666.xml,PASS,INFO,R1.D01=SI;R1.D02=NO;R2.D01=SI;R2.D02=SI;R2.D03=NO,MUNICIPIO30223,MUNICIPIO_SIN_CN_TRAB,Si,No,30223,,Regla 2 coherente para validaciones implementadas.
GPA-001__R2-002__R1-002__0667,GPA-001__R2-002__R1-002,02_inputs_xml_flat/GPA-001__R2-002__R1-002__0667.xml,PASS,INFO,R1.D01=SI;R1.D02=NO;R2.D01=SI;R2.D02=SI;R2.D03=NO,MUNICIPIO30221,MUNICIPIO_SIN_CN_TRAB,Si,No,30221,,Regla 2 coherente para validaciones implementadas.
GPA-001__R2-002__R1-002__0668,GPA-001__R2-002__R1-002,02_inputs_xml_flat/GPA-001__R2-002__R1-002__0668.xml,PASS,INFO,R1.D01=SI;R1.D02=NO;R2.D01=SI;R2.D02=SI;R2.D03=NO,MUNICIPIO30222,MUNICIPIO_SIN_CN_TRAB,Si,No,30222,,Regla 2 coherente para validaciones implementadas.
GPA-001__R2-002__R1-002__0669,GPA-001__R2-002__R1-002,02_inputs_xml_flat/GPA-001__R2-002__R1-002__0669.xml,PASS,INFO,R1.D01=SI;R1.D02=NO;R2.D01=SI;R2.D02=SI;R2.D03=NO,MUNICIPIO30223,MUNICIPIO_SIN_CN_TRAB,Si,No,30223,,Regla 2 coherente para validaciones implementadas.
GPA-001__R2-002__R1-002__0670,GPA-001__R2-002__R1-002,02_inputs_xml_flat/GPA-001__R2-002__R1-002__0670.xml,PASS,INFO,R1.D01=SI;R1.D02=NO;R2.D01=SI;R2.D02=SI;R2.D03=NO,MUNICIPIO30221,MUNICIPIO_SIN_CN_TRAB,Si,No,30221,,Regla 2 coherente para validaciones implementadas.
GPA-001__R2-002__R1-002__0671,GPA-001__R2-002__R1-002,02_inputs_xml_flat/GPA-001__R2-002__R1-002__0671.xml,PASS,INFO,R1.D01=SI;R1.D02=NO;R2.D01=SI;R2.D02=SI;R2.D03=NO,MUNICIPIO30222,MUNICIPIO_SIN_CN_TRAB,Si,No,30222,,Regla 2 coherente para validaciones implementadas.
GPA-001__R2-002__R1-002__0672,GPA-001__R2-002__R1-002,02_inputs_xml_flat/GPA-001__R2-002__R1-002__0672.xml,PASS,INFO,R1.D01=SI;R1.D02=NO;R2.D01=SI;R2.D02=SI;R2.D03=NO,MUNICIPIO30223,MUNICIPIO_SIN_CN_TRAB,Si,No,30223,,Regla 2 coherente para validaciones implementadas.
GPA-001__R2-002__R1-002__0673,GPA-001__R2-002__R1-002,02_inputs_xml_flat/GPA-001__R2-002__R1-002__0673.xml,PASS,INFO,R1.D01=SI;R1.D02=NO;R2.D01=SI;R2.D02=SI;R2.D03=NO,MUNICIPIO30221,MUNICIPIO_SIN_CN_TRAB,Si,No,30221,,Regla 2 coherente para validaciones implementadas.
GPA-001__R2-002__R1-002__0674,GPA-001__R2-002__R1-002,02_inputs_xml_flat/GPA-001__R2-002__R1-002__0674.xml,PASS,INFO,R1.D01=SI;R1.D02=NO;R2.D01=SI;R2.D02=SI;R2.D03=NO,MUNICIPIO30222,MUNICIPIO_SIN_CN_TRAB,Si,No,30222,,Regla 2 coherente para validaciones implementadas.
GPA-001__R2-002__R1-002__0675,GPA-001__R2-002__R1-002,02_inputs_xml_flat/GPA-001__R2-002__R1-002__0675.xml,PASS,INFO,R1.D01=SI;R1.D02=NO;R2.D01=SI;R2.D02=SI;R2.D03=NO,MUNICIPIO30223,MUNICIPIO_SIN_CN_TRAB,Si,No,30223,,Regla 2 coherente para validaciones implementadas.
GPA-001__R2-002__R1-002__0676,GPA-001__R2-002__R1-002,02_inputs_xml_flat/GPA-001__R2-002__R1-002__0676.xml,PASS,INFO,R1.D01=SI;R1.D02=NO;R2.D01=SI;R2.D02=SI;R2.D03=NO,MUNICIPIO30221,MUNICIPIO_SIN_CN_TRAB,Si,No,30221,,Regla 2 coherente para validaciones implementadas.
GPA-001__R2-002__R1-002__0677,GPA-001__R2-002__R1-002,02_inputs_xml_flat/GPA-001__R2-002__R1-002__0677.xml,PASS,INFO,R1.D01=SI;R1.D02=NO;R2.D01=SI;R2.D02=SI;R2.D03=NO,MUNICIPIO30222,MUNICIPIO_SIN_CN_TRAB,Si,No,30222,,Regla 2 coherente para validaciones implementadas.
GPA-001__R2-002__R1-002__0678,GPA-001__R2-002__R1-002,02_inputs_xml_flat/GPA-001__R2-002__R1-002__0678.xml,PASS,INFO,R1.D01=SI;R1.D02=NO;R2.D01=SI;R2.D02=SI;R2.D03=NO,MUNICIPIO30223,MUNICIPIO_SIN_CN_TRAB,Si,No,30223,,Regla 2 coherente para validaciones implementadas.
GPA-001__R2-002__R1-002__0679,GPA-001__R2-002__R1-002,02_inputs_xml_flat/GPA-001__R2-002__R1-002__0679.xml,PASS,INFO,R1.D01=SI;R1.D02=NO;R2.D01=SI;R2.D02=SI;R2.D03=NO,MUNICIPIO30221,MUNICIPIO_SIN_CN_TRAB,Si,No,30221,,Regla 2 coherente para validaciones implementadas.
GPA-001__R2-002__R1-002__0680,GPA-001__R2-002__R1-002,02_inputs_xml_flat/GPA-001__R2-002__R1-002__0680.xml,PASS,INFO,R1.D01=SI;R1.D02=NO;R2.D01=SI;R2.D02=SI;R2.D03=NO,MUNICIPIO30222,MUNICIPIO_SIN_CN_TRAB,Si,No,30222,,Regla 2 coherente para validaciones implementadas.
GPA-001__R2-002__R1-002__0681,GPA-001__R2-002__R1-002,02_inputs_xml_flat/GPA-001__R2-002__R1-002__0681.xml,PASS,INFO,R1.D01=SI;R1.D02=NO;R2.D01=SI;R2.D02=SI;R2.D03=NO,MUNICIPIO30223,MUNICIPIO_SIN_CN_TRAB,Si,No,30223,,Regla 2 coherente para validaciones implementadas.
GPA-001__R2-002__R1-002__0682,GPA-001__R2-002__R1-002,02_inputs_xml_flat/GPA-001__R2-002__R1-002__0682.xml,PASS,INFO,R1.D01=SI;R1.D02=NO;R2.D01=SI;R2.D02=SI;R2.D03=NO,MUNICIPIO30221,MUNICIPIO_SIN_CN_TRAB,Si,No,30221,,Regla 2 coherente para validaciones implementadas.
GPA-001__R2-002__R1-002__0683,GPA-001__R2-002__R1-002,02_inputs_xml_flat/GPA-001__R2-002__R1-002__0683.xml,PASS,INFO,R1.D01=SI;R1.D02=NO;R2.D01=SI;R2.D02=SI;R2.D03=NO,MUNICIPIO30222,MUNICIPIO_SIN_CN_TRAB,Si,No,30222,,Regla 2 coherente para validaciones implementadas.
GPA-001__R2-002__R1-002__0684,GPA-001__R2-002__R1-002,02_inputs_xml_flat/GPA-001__R2-002__R1-002__0684.xml,PASS,INFO,R1.D01=SI;R1.D02=NO;R2.D01=SI;R2.D02=SI;R2.D03=NO,MUNICIPIO30223,MUNICIPIO_SIN_CN_TRAB,Si,No,30223,,Regla 2 coherente para validaciones implementadas.
GPA-001__R2-002__R1-002__0685,GPA-001__R2-002__R1-002,02_inputs_xml_flat/GPA-001__R2-002__R1-002__0685.xml,PASS,INFO,R1.D01=SI;R1.D02=NO;R2.D01=SI;R2.D02=SI;R2.D03=NO,MUNICIPIO30221,MUNICIPIO_SIN_CN_TRAB,Si,No,30221,,Regla 2 coherente para validaciones implementadas.
GPA-001__R2-002__R1-002__0686,GPA-001__R2-002__R1-002,02_inputs_xml_flat/GPA-001__R2-002__R1-002__0686.xml,PASS,INFO,R1.D01=SI;R1.D02=NO;R2.D01=SI;R2.D02=SI;R2.D03=NO,MUNICIPIO30222,MUNICIPIO_SIN_CN_TRAB,Si,No,30222,,Regla 2 coherente para validaciones implementadas.
GPA-001__R2-002__R1-002__0687,GPA-001__R2-002__R1-002,02_inputs_xml_flat/GPA-001__R2-002__R1-002__0687.xml,PASS,INFO,R1.D01=SI;R1.D02=NO;R2.D01=SI;R2.D02=SI;R2.D03=NO,MUNICIPIO30223,MUNICIPIO_SIN_CN_TRAB,Si,No,30223,,Regla 2 coherente para validaciones implementadas.
GPA-001__R2-002__R1-002__0688,GPA-001__R2-002__R1-002,02_inputs_xml_flat/GPA-001__R2-002__R1-002__0688.xml,PASS,INFO,R1.D01=SI;R1.D02=NO;R2.D01=SI;R2.D02=SI;R2.D03=NO,MUNICIPIO30221,MUNICIPIO_SIN_CN_TRAB,Si,No,30221,,Regla 2 coherente para validaciones implementadas.
GPA-001__R2-002__R1-002__0689,GPA-001__R2-002__R1-002,02_inputs_xml_flat/GPA-001__R2-002__R1-002__0689.xml,PASS,INFO,R1.D01=SI;R1.D02=NO;R2.D01=SI;R2.D02=SI;R2.D03=NO,MUNICIPIO30222,MUNICIPIO_SIN_CN_TRAB,Si,No,30222,,Regla 2 coherente para validaciones implementadas.
GPA-001__R2-002__R1-002__0690,GPA-001__R2-002__R1-002,02_inputs_xml_flat/GPA-001__R2-002__R1-002__0690.xml,PASS,INFO,R1.D01=SI;R1.D02=NO;R2.D01=SI;R2.D02=SI;R2.D03=NO,MUNICIPIO30223,MUNICIPIO_SIN_CN_TRAB,Si,No,30223,,Regla 2 coherente para validaciones implementadas.
GPA-001__R2-002__R1-002__0691,GPA-001__R2-002__R1-002,02_inputs_xml_flat/GPA-001__R2-002__R1-002__0691.xml,PASS,INFO,R1.D01=SI;R1.D02=NO;R2.D01=SI;R2.D02=SI;R2.D03=NO,MUNICIPIO30221,MUNICIPIO_SIN_CN_TRAB,Si,No,30221,,Regla 2 coherente para validaciones implementadas.
GPA-001__R2-002__R1-002__0692,GPA-001__R2-002__R1-002,02_inputs_xml_flat/GPA-001__R2-002__R1-002__0692.xml,PASS,INFO,R1.D01=SI;R1.D02=NO;R2.D01=SI;R2.D02=SI;R2.D03=NO,MUNICIPIO30222,MUNICIPIO_SIN_CN_TRAB,Si,No,30222,,Regla 2 coherente para validaciones implementadas.
GPA-001__R2-002__R1-002__0693,GPA-001__R2-002__R1-002,02_inputs_xml_flat/GPA-001__R2-002__R1-002__0693.xml,PASS,INFO,R1.D01=SI;R1.D02=NO;R2.D01=SI;R2.D02=SI;R2.D03=NO,MUNICIPIO30223,MUNICIPIO_SIN_CN_TRAB,Si,No,30223,,Regla 2 coherente para validaciones implementadas.
GPA-001__R2-002__R1-002__0694,GPA-001__R2-002__R1-002,02_inputs_xml_flat/GPA-001__R2-002__R1-002__0694.xml,PASS,INFO,R1.D01=SI;R1.D02=NO;R2.D01=SI;R2.D02=SI;R2.D03=NO,MUNICIPIO30221,MUNICIPIO_SIN_CN_TRAB,Si,No,30221,,Regla 2 coherente para validaciones implementadas.
GPA-001__R2-002__R1-002__0695,GPA-001__R2-002__R1-002,02_inputs_xml_flat/GPA-001__R2-002__R1-002__0695.xml,PASS,INFO,R1.D01=SI;R1.D02=NO;R2.D01=SI;R2.D02=SI;R2.D03=NO,MUNICIPIO30222,MUNICIPIO_SIN_CN_TRAB,Si,No,30222,,Regla 2 coherente para validaciones implementadas.
GPA-001__R2-002__R1-002__0696,GPA-001__R2-002__R1-002,02_inputs_xml_flat/GPA-001__R2-002__R1-002__0696.xml,PASS,INFO,R1.D01=SI;R1.D02=NO;R2.D01=SI;R2.D02=SI;R2.D03=NO,MUNICIPIO30223,MUNICIPIO_SIN_CN_TRAB,Si,No,30223,,Regla 2 coherente para validaciones implementadas.
GPA-001__R2-002__R1-002__0697,GPA-001__R2-002__R1-002,02_inputs_xml_flat/GPA-001__R2-002__R1-002__0697.xml,PASS,INFO,R1.D01=SI;R1.D02=NO;R2.D01=SI;R2.D02=SI;R2.D03=NO,MUNICIPIO30221,MUNICIPIO_SIN_CN_TRAB,Si,No,30221,,Regla 2 coherente para validaciones implementadas.
GPA-001__R2-002__R1-002__0698,GPA-001__R2-002__R1-002,02_inputs_xml_flat/GPA-001__R2-002__R1-002__0698.xml,PASS,INFO,R1.D01=SI;R1.D02=NO;R2.D01=SI;R2.D02=SI;R2.D03=NO,MUNICIPIO30222,MUNICIPIO_SIN_CN_TRAB,Si,No,30222,,Regla 2 coherente para validaciones implementadas.
GPA-001__R2-002__R1-002__0699,GPA-001__R2-002__R1-002,02_inputs_xml_flat/GPA-001__R2-002__R1-002__0699.xml,PASS,INFO,R1.D01=SI;R1.D02=NO;R2.D01=SI;R2.D02=SI;R2.D03=NO,MUNICIPIO30223,MUNICIPIO_SIN_CN_TRAB,Si,No,30223,,Regla 2 coherente para validaciones implementadas.
GPA-001__R2-002__R1-002__0700,GPA-001__R2-002__R1-002,02_inputs_xml_flat/GPA-001__R2-002__R1-002__0700.xml,PASS,INFO,R1.D01=SI;R1.D02=NO;R2.D01=SI;R2.D02=SI;R2.D03=NO,MUNICIPIO30221,MUNICIPIO_SIN_CN_TRAB,Si,No,30221,,Regla 2 coherente para validaciones implementadas.
GPA-001__R2-002__R1-002__0701,GPA-001__R2-002__R1-002,02_inputs_xml_flat/GPA-001__R2-002__R1-002__0701.xml,PASS,INFO,R1.D01=SI;R1.D02=NO;R2.D01=SI;R2.D02=SI;R2.D03=NO,MUNICIPIO30222,MUNICIPIO_SIN_CN_TRAB,Si,No,30222,,Regla 2 coherente para validaciones implementadas.
GPA-001__R2-002__R1-002__0702,GPA-001__R2-002__R1-002,02_inputs_xml_flat/GPA-001__R2-002__R1-002__0702.xml,PASS,INFO,R1.D01=SI;R1.D02=NO;R2.D01=SI;R2.D02=SI;R2.D03=NO,MUNICIPIO30223,MUNICIPIO_SIN_CN_TRAB,Si,No,30223,,Regla 2 coherente para validaciones implementadas.
GPA-001__R2-002__R1-002__0703,GPA-001__R2-002__R1-002,02_inputs_xml_flat/GPA-001__R2-002__R1-002__0703.xml,PASS,INFO,R1.D01=SI;R1.D02=NO;R2.D01=SI;R2.D02=SI;R2.D03=NO,MUNICIPIO30221,MUNICIPIO_SIN_CN_TRAB,Si,No,30221,,Regla 2 coherente para validaciones implementadas.
GPA-001__R2-002__R1-002__0704,GPA-001__R2-002__R1-002,02_inputs_xml_flat/GPA-001__R2-002__R1-002__0704.xml,PASS,INFO,R1.D01=SI;R1.D02=NO;R2.D01=SI;R2.D02=SI;R2.D03=NO,MUNICIPIO30222,MUNICIPIO_SIN_CN_TRAB,Si,No,30222,,Regla 2 coherente para validaciones implementadas.
GPA-001__R2-002__R1-002__0705,GPA-001__R2-002__R1-002,02_inputs_xml_flat/GPA-001__R2-002__R1-002__0705.xml,PASS,INFO,R1.D01=SI;R1.D02=NO;R2.D01=SI;R2.D02=SI;R2.D03=NO,MUNICIPIO30223,MUNICIPIO_SIN_CN_TRAB,Si,No,30223,,Regla 2 coherente para validaciones implementadas.
GPA-001__R2-002__R1-002__0706,GPA-001__R2-002__R1-002,02_inputs_xml_flat/GPA-001__R2-002__R1-002__0706.xml,PASS,INFO,R1.D01=SI;R1.D02=NO;R2.D01=SI;R2.D02=SI;R2.D03=NO,MUNICIPIO30221,MUNICIPIO_SIN_CN_TRAB,Si,No,30221,,Regla 2 coherente para validaciones implementadas.
GPA-001__R2-002__R1-002__0707,GPA-001__R2-002__R1-002,02_inputs_xml_flat/GPA-001__R2-002__R1-002__0707.xml,PASS,INFO,R1.D01=SI;R1.D02=NO;R2.D01=SI;R2.D02=SI;R2.D03=NO,MUNICIPIO30222,MUNICIPIO_SIN_CN_TRAB,Si,No,30222,,Regla 2 coherente para validaciones implementadas.
GPA-001__R2-002__R1-002__0708,GPA-001__R2-002__R1-002,02_inputs_xml_flat/GPA-001__R2-002__R1-002__0708.xml,PASS,INFO,R1.D01=SI;R1.D02=NO;R2.D01=SI;R2.D02=SI;R2.D03=NO,MUNICIPIO30223,MUNICIPIO_SIN_CN_TRAB,Si,No,30223,,Regla 2 coherente para validaciones implementadas.
GPA-001__R2-002__R1-002__0709,GPA-001__R2-002__R1-002,02_inputs_xml_flat/GPA-001__R2-002__R1-002__0709.xml,PASS,INFO,R1.D01=SI;R1.D02=NO;R2.D01=SI;R2.D02=SI;R2.D03=NO,MUNICIPIO30221,MUNICIPIO_SIN_CN_TRAB,Si,No,30221,,Regla 2 coherente para validaciones implementadas.
GPA-001__R2-002__R1-002__0710,GPA-001__R2-002__R1-002,02_inputs_xml_flat/GPA-001__R2-002__R1-002__0710.xml,PASS,INFO,R1.D01=SI;R1.D02=NO;R2.D01=SI;R2.D02=SI;R2.D03=NO,MUNICIPIO30222,MUNICIPIO_SIN_CN_TRAB,Si,No,30222,,Regla 2 coherente para validaciones implementadas.
GPA-001__R2-002__R1-002__0711,GPA-001__R2-002__R1-002,02_inputs_xml_flat/GPA-001__R2-002__R1-002__0711.xml,PASS,INFO,R1.D01=SI;R1.D02=NO;R2.D01=SI;R2.D02=SI;R2.D03=NO,MUNICIPIO30223,MUNICIPIO_SIN_CN_TRAB,Si,No,30223,,Regla 2 coherente para validaciones implementadas.
GPA-001__R2-002__R1-002__0712,GPA-001__R2-002__R1-002,02_inputs_xml_flat/GPA-001__R2-002__R1-002__0712.xml,PASS,INFO,R1.D01=SI;R1.D02=NO;R2.D01=SI;R2.D02=SI;R2.D03=NO,MUNICIPIO30221,MUNICIPIO_SIN_CN_TRAB,Si,No,30221,,Regla 2 coherente para validaciones implementadas.
GPA-001__R2-002__R1-002__0713,GPA-001__R2-002__R1-002,02_inputs_xml_flat/GPA-001__R2-002__R1-002__0713.xml,PASS,INFO,R1.D01=SI;R1.D02=NO;R2.D01=SI;R2.D02=SI;R2.D03=NO,MUNICIPIO30222,MUNICIPIO_SIN_CN_TRAB,Si,No,30222,,Regla 2 coherente para validaciones implementadas.
GPA-001__R2-002__R1-002__0714,GPA-001__R2-002__R1-002,02_inputs_xml_flat/GPA-001__R2-002__R1-002__0714.xml,PASS,INFO,R1.D01=SI;R1.D02=NO;R2.D01=SI;R2.D02=SI;R2.D03=NO,MUNICIPIO30223,MUNICIPIO_SIN_CN_TRAB,Si,No,30223,,Regla 2 coherente para validaciones implementadas.
GPA-001__R2-002__R1-002__0715,GPA-001__R2-002__R1-002,02_inputs_xml_flat/GPA-001__R2-002__R1-002__0715.xml,PASS,INFO,R1.D01=SI;R1.D02=NO;R2.D01=SI;R2.D02=SI;R2.D03=NO,MUNICIPIO30221,MUNICIPIO_SIN_CN_TRAB,Si,No,30221,,Regla 2 coherente para validaciones implementadas.
GPA-001__R2-002__R1-002__0716,GPA-001__R2-002__R1-002,02_inputs_xml_flat/GPA-001__R2-002__R1-002__0716.xml,PASS,INFO,R1.D01=SI;R1.D02=NO;R2.D01=SI;R2.D02=SI;R2.D03=NO,MUNICIPIO30222,MUNICIPIO_SIN_CN_TRAB,Si,No,30222,,Regla 2 coherente para validaciones implementadas.
GPA-001__R2-002__R1-002__0717,GPA-001__R2-002__R1-002,02_inputs_xml_flat/GPA-001__R2-002__R1-002__0717.xml,PASS,INFO,R1.D01=SI;R1.D02=NO;R2.D01=SI;R2.D02=SI;R2.D03=NO,MUNICIPIO30223,MUNICIPIO_SIN_CN_TRAB,Si,No,30223,,Regla 2 coherente para validaciones implementadas.
GPA-001__R2-002__R1-002__0718,GPA-001__R2-002__R1-002,02_inputs_xml_flat/GPA-001__R2-002__R1-002__0718.xml,PASS,INFO,R1.D01=SI;R1.D02=NO;R2.D01=SI;R2.D02=SI;R2.D03=NO,MUNICIPIO30221,MUNICIPIO_SIN_CN_TRAB,Si,No,30221,,Regla 2 coherente para validaciones implementadas.
GPA-001__R2-002__R1-002__0719,GPA-001__R2-002__R1-002,02_inputs_xml_flat/GPA-001__R2-002__R1-002__0719.xml,PASS,INFO,R1.D01=SI;R1.D02=NO;R2.D01=SI;R2.D02=SI;R2.D03=NO,MUNICIPIO30222,MUNICIPIO_SIN_CN_TRAB,Si,No,30222,,Regla 2 coherente para validaciones implementadas.
GPA-001__R2-002__R1-002__0720,GPA-001__R2-002__R1-002,02_inputs_xml_flat/GPA-001__R2-002__R1-002__0720.xml,PASS,INFO,R1.D01=SI;R1.D02=NO;R2.D01=SI;R2.D02=SI;R2.D03=NO,MUNICIPIO30223,MUNICIPIO_SIN_CN_TRAB,Si,No,30223,,Regla 2 coherente para validaciones implementadas.
GPA-001__R2-002__R1-002__0721,GPA-001__R2-002__R1-002,02_inputs_xml_flat/GPA-001__R2-002__R1-002__0721.xml,PASS,INFO,R1.D01=SI;R1.D02=NO;R2.D01=SI;R2.D02=SI;R2.D03=NO,MUNICIPIO30221,MUNICIPIO_SIN_CN_TRAB,Si,No,30221,,Regla 2 coherente para validaciones implementadas.
GPA-001__R2-002__R1-002__0722,GPA-001__R2-002__R1-002,02_inputs_xml_flat/GPA-001__R2-002__R1-002__0722.xml,PASS,INFO,R1.D01=SI;R1.D02=NO;R2.D01=SI;R2.D02=SI;R2.D03=NO,MUNICIPIO30222,MUNICIPIO_SIN_CN_TRAB,Si,No,30222,,Regla 2 coherente para validaciones implementadas.
GPA-001__R2-002__R1-002__0723,GPA-001__R2-002__R1-002,02_inputs_xml_flat/GPA-001__R2-002__R1-002__0723.xml,PASS,INFO,R1.D01=SI;R1.D02=NO;R2.D01=SI;R2.D02=SI;R2.D03=NO,MUNICIPIO30223,MUNICIPIO_SIN_CN_TRAB,Si,No,30223,,Regla 2 coherente para validaciones implementadas.
GPA-001__R2-002__R1-002__0724,GPA-001__R2-002__R1-002,02_inputs_xml_flat/GPA-001__R2-002__R1-002__0724.xml,PASS,INFO,R1.D01=SI;R1.D02=NO;R2.D01=SI;R2.D02=SI;R2.D03=NO,MUNICIPIO30221,MUNICIPIO_SIN_CN_TRAB,Si,No,30221,,Regla 2 coherente para validaciones implementadas.
GPA-001__R2-002__R1-002__0725,GPA-001__R2-002__R1-002,02_inputs_xml_flat/GPA-001__R2-002__R1-002__0725.xml,PASS,INFO,R1.D01=SI;R1.D02=NO;R2.D01=SI;R2.D02=SI;R2.D03=NO,MUNICIPIO30222,MUNICIPIO_SIN_CN_TRAB,Si,No,30222,,Regla 2 coherente para validaciones implementadas.
GPA-001__R2-002__R1-002__0726,GPA-001__R2-002__R1-002,02_inputs_xml_flat/GPA-001__R2-002__R1-002__0726.xml,PASS,INFO,R1.D01=SI;R1.D02=NO;R2.D01=SI;R2.D02=SI;R2.D03=NO,MUNICIPIO30223,MUNICIPIO_SIN_CN_TRAB,Si,No,30223,,Regla 2 coherente para validaciones implementadas.
GPA-001__R2-002__R1-002__0727,GPA-001__R2-002__R1-002,02_inputs_xml_flat/GPA-001__R2-002__R1-002__0727.xml,PASS,INFO,R1.D01=SI;R1.D02=NO;R2.D01=SI;R2.D02=SI;R2.D03=NO,MUNICIPIO30221,MUNICIPIO_SIN_CN_TRAB,Si,No,30221,,Regla 2 coherente para validaciones implementadas.
GPA-001__R2-002__R1-002__0728,GPA-001__R2-002__R1-002,02_inputs_xml_flat/GPA-001__R2-002__R1-002__0728.xml,PASS,INFO,R1.D01=SI;R1.D02=NO;R2.D01=SI;R2.D02=SI;R2.D03=NO,MUNICIPIO30222,MUNICIPIO_SIN_CN_TRAB,Si,No,30222,,Regla 2 coherente para validaciones implementadas.
GPA-001__R2-002__R1-002__0729,GPA-001__R2-002__R1-002,02_inputs_xml_flat/GPA-001__R2-002__R1-002__0729.xml,PASS,INFO,R1.D01=SI;R1.D02=NO;R2.D01=SI;R2.D02=SI;R2.D03=NO,MUNICIPIO30223,MUNICIPIO_SIN_CN_TRAB,Si,No,30223,,Regla 2 coherente para validaciones implementadas.
GPA-001__R2-002__R1-002__0730,GPA-001__R2-002__R1-002,02_inputs_xml_flat/GPA-001__R2-002__R1-002__0730.xml,PASS,INFO,R1.D01=SI;R1.D02=NO;R2.D01=SI;R2.D02=SI;R2.D03=NO,MUNICIPIO30221,MUNICIPIO_SIN_CN_TRAB,Si,No,30221,,Regla 2 coherente para validaciones implementadas.
GPA-001__R2-002__R1-002__0731,GPA-001__R2-002__R1-002,02_inputs_xml_flat/GPA-001__R2-002__R1-002__0731.xml,PASS,INFO,R1.D01=SI;R1.D02=NO;R2.D01=SI;R2.D02=SI;R2.D03=NO,MUNICIPIO30222,MUNICIPIO_SIN_CN_TRAB,Si,No,30222,,Regla 2 coherente para validaciones implementadas.
GPA-001__R2-002__R1-002__0732,GPA-001__R2-002__R1-002,02_inputs_xml_flat/GPA-001__R2-002__R1-002__0732.xml,PASS,INFO,R1.D01=SI;R1.D02=NO;R2.D01=SI;R2.D02=SI;R2.D03=NO,MUNICIPIO30223,MUNICIPIO_SIN_CN_TRAB,Si,No,30223,,Regla 2 coherente para validaciones implementadas.
GPA-001__R2-002__R1-002__0733,GPA-001__R2-002__R1-002,02_inputs_xml_flat/GPA-001__R2-002__R1-002__0733.xml,PASS,INFO,R1.D01=SI;R1.D02=NO;R2.D01=SI;R2.D02=SI;R2.D03=NO,MUNICIPIO30221,MUNICIPIO_SIN_CN_TRAB,Si,No,30221,,Regla 2 coherente para validaciones implementadas.
GPA-001__R2-002__R1-002__0734,GPA-001__R2-002__R1-002,02_inputs_xml_flat/GPA-001__R2-002__R1-002__0734.xml,PASS,INFO,R1.D01=SI;R1.D02=NO;R2.D01=SI;R2.D02=SI;R2.D03=NO,MUNICIPIO30222,MUNICIPIO_SIN_CN_TRAB,Si,No,30222,,Regla 2 coherente para validaciones implementadas.
GPA-001__R2-002__R1-002__0735,GPA-001__R2-002__R1-002,02_inputs_xml_flat/GPA-001__R2-002__R1-002__0735.xml,PASS,INFO,R1.D01=SI;R1.D02=NO;R2.D01=SI;R2.D02=SI;R2.D03=NO,MUNICIPIO30223,MUNICIPIO_SIN_CN_TRAB,Si,No,30223,,Regla 2 coherente para validaciones implementadas.
GPA-001__R2-002__R1-002__0736,GPA-001__R2-002__R1-002,02_inputs_xml_flat/GPA-001__R2-002__R1-002__0736.xml,PASS,INFO,R1.D01=SI;R1.D02=NO;R2.D01=SI;R2.D02=SI;R2.D03=NO,MUNICIPIO30221,MUNICIPIO_SIN_CN_TRAB,Si,No,30221,,Regla 2 coherente para validaciones implementadas.
GPA-001__R2-002__R1-002__0737,GPA-001__R2-002__R1-002,02_inputs_xml_flat/GPA-001__R2-002__R1-002__0737.xml,PASS,INFO,R1.D01=SI;R1.D02=NO;R2.D01=SI;R2.D02=SI;R2.D03=NO,MUNICIPIO30222,MUNICIPIO_SIN_CN_TRAB,Si,No,30222,,Regla 2 coherente para validaciones implementadas.
GPA-001__R2-002__R1-002__0738,GPA-001__R2-002__R1-002,02_inputs_xml_flat/GPA-001__R2-002__R1-002__0738.xml,PASS,INFO,R1.D01=SI;R1.D02=NO;R2.D01=SI;R2.D02=SI;R2.D03=NO,MUNICIPIO30223,MUNICIPIO_SIN_CN_TRAB,Si,No,30223,,Regla 2 coherente para validaciones implementadas.
GPA-001__R2-002__R1-002__0739,GPA-001__R2-002__R1-002,02_inputs_xml_flat/GPA-001__R2-002__R1-002__0739.xml,PASS,INFO,R1.D01=SI;R1.D02=NO;R2.D01=SI;R2.D02=SI;R2.D03=NO,MUNICIPIO30221,MUNICIPIO_SIN_CN_TRAB,Si,No,30221,,Regla 2 coherente para validaciones implementadas.
GPA-001__R2-002__R1-002__0740,GPA-001__R2-002__R1-002,02_inputs_xml_flat/GPA-001__R2-002__R1-002__0740.xml,PASS,INFO,R1.D01=SI;R1.D02=NO;R2.D01=SI;R2.D02=SI;R2.D03=NO,MUNICIPIO30222,MUNICIPIO_SIN_CN_TRAB,Si,No,30222,,Regla 2 coherente para validaciones implementadas.
GPA-001__R2-002__R1-002__0741,GPA-001__R2-002__R1-002,02_inputs_xml_flat/GPA-001__R2-002__R1-002__0741.xml,PASS,INFO,R1.D01=SI;R1.D02=NO;R2.D01=SI;R2.D02=SI;R2.D03=NO,MUNICIPIO30223,MUNICIPIO_SIN_CN_TRAB,Si,No,30223,,Regla 2 coherente para validaciones implementadas.
GPA-001__R2-002__R1-002__0742,GPA-001__R2-002__R1-002,02_inputs_xml_flat/GPA-001__R2-002__R1-002__0742.xml,PASS,INFO,R1.D01=SI;R1.D02=NO;R2.D01=SI;R2.D02=SI;R2.D03=NO,MUNICIPIO30221,MUNICIPIO_SIN_CN_TRAB,Si,No,30221,,Regla 2 coherente para validaciones implementadas.
GPA-001__R2-002__R1-002__0743,GPA-001__R2-002__R1-002,02_inputs_xml_flat/GPA-001__R2-002__R1-002__0743.xml,PASS,INFO,R1.D01=SI;R1.D02=NO;R2.D01=SI;R2.D02=SI;R2.D03=NO,MUNICIPIO30222,MUNICIPIO_SIN_CN_TRAB,Si,No,30222,,Regla 2 coherente para validaciones implementadas.
GPA-001__R2-002__R1-002__0744,GPA-001__R2-002__R1-002,02_inputs_xml_flat/GPA-001__R2-002__R1-002__0744.xml,PASS,INFO,R1.D01=SI;R1.D02=NO;R2.D01=SI;R2.D02=SI;R2.D03=NO,MUNICIPIO30223,MUNICIPIO_SIN_CN_TRAB,Si,No,30223,,Regla 2 coherente para validaciones implementadas.
GPA-001__R2-002__R1-002__0745,GPA-001__R2-002__R1-002,02_inputs_xml_flat/GPA-001__R2-002__R1-002__0745.xml,PASS,INFO,R1.D01=SI;R1.D02=NO;R2.D01=SI;R2.D02=SI;R2.D03=NO,MUNICIPIO30221,MUNICIPIO_SIN_CN_TRAB,Si,No,30221,,Regla 2 coherente para validaciones implementadas.
GPA-001__R2-002__R1-002__0746,GPA-001__R2-002__R1-002,02_inputs_xml_flat/GPA-001__R2-002__R1-002__0746.xml,PASS,INFO,R1.D01=SI;R1.D02=NO;R2.D01=SI;R2.D02=SI;R2.D03=NO,MUNICIPIO30222,MUNICIPIO_SIN_CN_TRAB,Si,No,30222,,Regla 2 coherente para validaciones implementadas.
GPA-001__R2-002__R1-002__0747,GPA-001__R2-002__R1-002,02_inputs_xml_flat/GPA-001__R2-002__R1-002__0747.xml,PASS,INFO,R1.D01=SI;R1.D02=NO;R2.D01=SI;R2.D02=SI;R2.D03=NO,MUNICIPIO30223,MUNICIPIO_SIN_CN_TRAB,Si,No,30223,,Regla 2 coherente para validaciones implementadas.
GPA-001__R2-002__R1-002__0748,GPA-001__R2-002__R1-002,02_inputs_xml_flat/GPA-001__R2-002__R1-002__0748.xml,PASS,INFO,R1.D01=SI;R1.D02=NO;R2.D01=SI;R2.D02=SI;R2.D03=NO,MUNICIPIO30221,MUNICIPIO_SIN_CN_TRAB,Si,No,30221,,Regla 2 coherente para validaciones implementadas.
GPA-001__R2-002__R1-002__0749,GPA-001__R2-002__R1-002,02_inputs_xml_flat/GPA-001__R2-002__R1-002__0749.xml,PASS,INFO,R1.D01=SI;R1.D02=NO;R2.D01=SI;R2.D02=SI;R2.D03=NO,MUNICIPIO30222,MUNICIPIO_SIN_CN_TRAB,Si,No,30222,,Regla 2 coherente para validaciones implementadas.
GPA-001__R2-002__R1-002__0750,GPA-001__R2-002__R1-002,02_inputs_xml_flat/GPA-001__R2-002__R1-002__0750.xml,PASS,INFO,R1.D01=SI;R1.D02=NO;R2.D01=SI;R2.D02=SI;R2.D03=NO,MUNICIPIO30223,MUNICIPIO_SIN_CN_TRAB,Si,No,30223,,Regla 2 coherente para validaciones implementadas.
GPA-001__R2-002__R1-002__0751,GPA-001__R2-002__R1-002,02_inputs_xml_flat/GPA-001__R2-002__R1-002__0751.xml,PASS,INFO,R1.D01=SI;R1.D02=NO;R2.D01=SI;R2.D02=SI;R2.D03=NO,MUNICIPIO30221,MUNICIPIO_SIN_CN_TRAB,Si,No,30221,,Regla 2 coherente para validaciones implementadas.
GPA-001__R2-002__R1-002__0752,GPA-001__R2-002__R1-002,02_inputs_xml_flat/GPA-001__R2-002__R1-002__0752.xml,PASS,INFO,R1.D01=SI;R1.D02=NO;R2.D01=SI;R2.D02=SI;R2.D03=NO,MUNICIPIO30222,MUNICIPIO_SIN_CN_TRAB,Si,No,30222,,Regla 2 coherente para validaciones implementadas.
GPA-001__R2-002__R1-002__0753,GPA-001__R2-002__R1-002,02_inputs_xml_flat/GPA-001__R2-002__R1-002__0753.xml,PASS,INFO,R1.D01=SI;R1.D02=NO;R2.D01=SI;R2.D02=SI;R2.D03=NO,MUNICIPIO30223,MUNICIPIO_SIN_CN_TRAB,Si,No,30223,,Regla 2 coherente para validaciones implementadas.
GPA-001__R2-002__R1-002__0754,GPA-001__R2-002__R1-002,02_inputs_xml_flat/GPA-001__R2-002__R1-002__0754.xml,PASS,INFO,R1.D01=SI;R1.D02=NO;R2.D01=SI;R2.D02=SI;R2.D03=NO,MUNICIPIO30221,MUNICIPIO_SIN_CN_TRAB,Si,No,30221,,Regla 2 coherente para validaciones implementadas.
GPA-001__R2-002__R1-002__0755,GPA-001__R2-002__R1-002,02_inputs_xml_flat/GPA-001__R2-002__R1-002__0755.xml,PASS,INFO,R1.D01=SI;R1.D02=NO;R2.D01=SI;R2.D02=SI;R2.D03=NO,MUNICIPIO30222,MUNICIPIO_SIN_CN_TRAB,Si,No,30222,,Regla 2 coherente para validaciones implementadas.
GPA-001__R2-002__R1-002__0756,GPA-001__R2-002__R1-002,02_inputs_xml_flat/GPA-001__R2-002__R1-002__0756.xml,PASS,INFO,R1.D01=SI;R1.D02=NO;R2.D01=SI;R2.D02=SI;R2.D03=NO,MUNICIPIO30223,MUNICIPIO_SIN_CN_TRAB,Si,No,30223,,Regla 2 coherente para validaciones implementadas.
GPA-001__R2-002__R1-002__0757,GPA-001__R2-002__R1-002,02_inputs_xml_flat/GPA-001__R2-002__R1-002__0757.xml,PASS,INFO,R1.D01=SI;R1.D02=NO;R2.D01=SI;R2.D02=SI;R2.D03=NO,MUNICIPIO30221,MUNICIPIO_SIN_CN_TRAB,Si,No,30221,,Regla 2 coherente para validaciones implementadas.
GPA-001__R2-002__R1-002__0758,GPA-001__R2-002__R1-002,02_inputs_xml_flat/GPA-001__R2-002__R1-002__0758.xml,PASS,INFO,R1.D01=SI;R1.D02=NO;R2.D01=SI;R2.D02=SI;R2.D03=NO,MUNICIPIO30222,MUNICIPIO_SIN_CN_TRAB,Si,No,30222,,Regla 2 coherente para validaciones implementadas.
GPA-001__R2-002__R1-002__0759,GPA-001__R2-002__R1-002,02_inputs_xml_flat/GPA-001__R2-002__R1-002__0759.xml,PASS,INFO,R1.D01=SI;R1.D02=NO;R2.D01=SI;R2.D02=SI;R2.D03=NO,MUNICIPIO30223,MUNICIPIO_SIN_CN_TRAB,Si,No,30223,,Regla 2 coherente para validaciones implementadas.
GPA-001__R2-002__R1-002__0760,GPA-001__R2-002__R1-002,02_inputs_xml_flat/GPA-001__R2-002__R1-002__0760.xml,PASS,INFO,R1.D01=SI;R1.D02=NO;R2.D01=SI;R2.D02=SI;R2.D03=NO,MUNICIPIO30221,MUNICIPIO_SIN_CN_TRAB,Si,No,30221,,Regla 2 coherente para validaciones implementadas.
GPA-001__R2-002__R1-002__0761,GPA-001__R2-002__R1-002,02_inputs_xml_flat/GPA-001__R2-002__R1-002__0761.xml,PASS,INFO,R1.D01=SI;R1.D02=NO;R2.D01=SI;R2.D02=SI;R2.D03=NO,MUNICIPIO30222,MUNICIPIO_SIN_CN_TRAB,Si,No,30222,,Regla 2 coherente para validaciones implementadas.
GPA-001__R2-002__R1-002__0762,GPA-001__R2-002__R1-002,02_inputs_xml_flat/GPA-001__R2-002__R1-002__0762.xml,PASS,INFO,R1.D01=SI;R1.D02=NO;R2.D01=SI;R2.D02=SI;R2.D03=NO,MUNICIPIO30223,MUNICIPIO_SIN_CN_TRAB,Si,No,30223,,Regla 2 coherente para validaciones implementadas.
GPA-001__R2-002__R1-002__0763,GPA-001__R2-002__R1-002,02_inputs_xml_flat/GPA-001__R2-002__R1-002__0763.xml,PASS,INFO,R1.D01=SI;R1.D02=NO;R2.D01=SI;R2.D02=SI;R2.D03=NO,MUNICIPIO30221,MUNICIPIO_SIN_CN_TRAB,Si,No,30221,,Regla 2 coherente para validaciones implementadas.
GPA-001__R2-002__R1-002__0764,GPA-001__R2-002__R1-002,02_inputs_xml_flat/GPA-001__R2-002__R1-002__0764.xml,PASS,INFO,R1.D01=SI;R1.D02=NO;R2.D01=SI;R2.D02=SI;R2.D03=NO,MUNICIPIO30222,MUNICIPIO_SIN_CN_TRAB,Si,No,30222,,Regla 2 coherente para validaciones implementadas.
GPA-001__R2-002__R1-002__0765,GPA-001__R2-002__R1-002,02_inputs_xml_flat/GPA-001__R2-002__R1-002__0765.xml,PASS,INFO,R1.D01=SI;R1.D02=NO;R2.D01=SI;R2.D02=SI;R2.D03=NO,MUNICIPIO30223,MUNICIPIO_SIN_CN_TRAB,Si,No,30223,,Regla 2 coherente para validaciones implementadas.
GPA-001__R2-002__R1-002__0766,GPA-001__R2-002__R1-002,02_inputs_xml_flat/GPA-001__R2-002__R1-002__0766.xml,PASS,INFO,R1.D01=SI;R1.D02=NO;R2.D01=SI;R2.D02=SI;R2.D03=NO,MUNICIPIO30221,MUNICIPIO_SIN_CN_TRAB,Si,No,30221,,Regla 2 coherente para validaciones implementadas.
GPA-001__R2-002__R1-002__0767,GPA-001__R2-002__R1-002,02_inputs_xml_flat/GPA-001__R2-002__R1-002__0767.xml,PASS,INFO,R1.D01=SI;R1.D02=NO;R2.D01=SI;R2.D02=SI;R2.D03=NO,MUNICIPIO30222,MUNICIPIO_SIN_CN_TRAB,Si,No,30222,,Regla 2 coherente para validaciones implementadas.
GPA-001__R2-002__R1-002__0768,GPA-001__R2-002__R1-002,02_inputs_xml_flat/GPA-001__R2-002__R1-002__0768.xml,PASS,INFO,R1.D01=SI;R1.D02=NO;R2.D01=SI;R2.D02=SI;R2.D03=NO,MUNICIPIO30223,MUNICIPIO_SIN_CN_TRAB,Si,No,30223,,Regla 2 coherente para validaciones implementadas.
GPA-001__R2-002__R1-002__0769,GPA-001__R2-002__R1-002,02_inputs_xml_flat/GPA-001__R2-002__R1-002__0769.xml,PASS,INFO,R1.D01=SI;R1.D02=NO;R2.D01=SI;R2.D02=SI;R2.D03=NO,MUNICIPIO30221,MUNICIPIO_SIN_CN_TRAB,Si,No,30221,,Regla 2 coherente para validaciones implementadas.
GPA-001__R2-002__R1-002__0770,GPA-001__R2-002__R1-002,02_inputs_xml_flat/GPA-001__R2-002__R1-002__0770.xml,PASS,INFO,R1.D01=SI;R1.D02=NO;R2.D01=SI;R2.D02=SI;R2.D03=NO,MUNICIPIO30222,MUNICIPIO_SIN_CN_TRAB,Si,No,30222,,Regla 2 coherente para validaciones implementadas.
GPA-001__R2-002__R1-002__0771,GPA-001__R2-002__R1-002,02_inputs_xml_flat/GPA-001__R2-002__R1-002__0771.xml,PASS,INFO,R1.D01=SI;R1.D02=NO;R2.D01=SI;R2.D02=SI;R2.D03=NO,MUNICIPIO30223,MUNICIPIO_SIN_CN_TRAB,Si,No,30223,,Regla 2 coherente para validaciones implementadas.
GPA-001__R2-002__R1-002__0772,GPA-001__R2-002__R1-002,02_inputs_xml_flat/GPA-001__R2-002__R1-002__0772.xml,PASS,INFO,R1.D01=SI;R1.D02=NO;R2.D01=SI;R2.D02=SI;R2.D03=NO,MUNICIPIO30221,MUNICIPIO_SIN_CN_TRAB,Si,No,30221,,Regla 2 coherente para validaciones implementadas.
GPA-001__R2-002__R1-002__0773,GPA-001__R2-002__R1-002,02_inputs_xml_flat/GPA-001__R2-002__R1-002__0773.xml,PASS,INFO,R1.D01=SI;R1.D02=NO;R2.D01=SI;R2.D02=SI;R2.D03=NO,MUNICIPIO30222,MUNICIPIO_SIN_CN_TRAB,Si,No,30222,,Regla 2 coherente para validaciones implementadas.
GPA-001__R2-002__R1-002__0774,GPA-001__R2-002__R1-002,02_inputs_xml_flat/GPA-001__R2-002__R1-002__0774.xml,PASS,INFO,R1.D01=SI;R1.D02=NO;R2.D01=SI;R2.D02=SI;R2.D03=NO,MUNICIPIO30223,MUNICIPIO_SIN_CN_TRAB,Si,No,30223,,Regla 2 coherente para validaciones implementadas.
GPA-001__R2-002__R1-002__0775,GPA-001__R2-002__R1-002,02_inputs_xml_flat/GPA-001__R2-002__R1-002__0775.xml,PASS,INFO,R1.D01=SI;R1.D02=NO;R2.D01=SI;R2.D02=SI;R2.D03=NO,MUNICIPIO30221,MUNICIPIO_SIN_CN_TRAB,Si,No,30221,,Regla 2 coherente para validaciones implementadas.
GPA-001__R2-002__R1-002__0776,GPA-001__R2-002__R1-002,02_inputs_xml_flat/GPA-001__R2-002__R1-002__0776.xml,PASS,INFO,R1.D01=SI;R1.D02=NO;R2.D01=SI;R2.D02=SI;R2.D03=NO,MUNICIPIO30222,MUNICIPIO_SIN_CN_TRAB,Si,No,30222,,Regla 2 coherente para validaciones implementadas.
GPA-001__R2-002__R1-002__0777,GPA-001__R2-002__R1-002,02_inputs_xml_flat/GPA-001__R2-002__R1-002__0777.xml,PASS,INFO,R1.D01=SI;R1.D02=NO;R2.D01=SI;R2.D02=SI;R2.D03=NO,MUNICIPIO30223,MUNICIPIO_SIN_CN_TRAB,Si,No,30223,,Regla 2 coherente para validaciones implementadas.
GPA-001__R2-002__R1-002__0778,GPA-001__R2-002__R1-002,02_inputs_xml_flat/GPA-001__R2-002__R1-002__0778.xml,PASS,INFO,R1.D01=SI;R1.D02=NO;R2.D01=SI;R2.D02=SI;R2.D03=NO,MUNICIPIO30221,MUNICIPIO_SIN_CN_TRAB,Si,No,30221,,Regla 2 coherente para validaciones implementadas.
GPA-001__R2-002__R1-002__0779,GPA-001__R2-002__R1-002,02_inputs_xml_flat/GPA-001__R2-002__R1-002__0779.xml,PASS,INFO,R1.D01=SI;R1.D02=NO;R2.D01=SI;R2.D02=SI;R2.D03=NO,MUNICIPIO30222,MUNICIPIO_SIN_CN_TRAB,Si,No,30222,,Regla 2 coherente para validaciones implementadas.
GPA-001__R2-002__R1-002__0780,GPA-001__R2-002__R1-002,02_inputs_xml_flat/GPA-001__R2-002__R1-002__0780.xml,PASS,INFO,R1.D01=SI;R1.D02=NO;R2.D01=SI;R2.D02=SI;R2.D03=NO,MUNICIPIO30223,MUNICIPIO_SIN_CN_TRAB,Si,No,30223,,Regla 2 coherente para validaciones implementadas.
GPA-001__R2-002__R1-002__0781,GPA-001__R2-002__R1-002,02_inputs_xml_flat/GPA-001__R2-002__R1-002__0781.xml,PASS,INFO,R1.D01=SI;R1.D02=NO;R2.D01=SI;R2.D02=SI;R2.D03=NO,MUNICIPIO30221,MUNICIPIO_SIN_CN_TRAB,Si,No,30221,,Regla 2 coherente para validaciones implementadas.
GPA-001__R2-002__R1-002__0782,GPA-001__R2-002__R1-002,02_inputs_xml_flat/GPA-001__R2-002__R1-002__0782.xml,PASS,INFO,R1.D01=SI;R1.D02=NO;R2.D01=SI;R2.D02=SI;R2.D03=NO,MUNICIPIO30222,MUNICIPIO_SIN_CN_TRAB,Si,No,30222,,Regla 2 coherente para validaciones implementadas.
GPA-001__R2-002__R1-002__0783,GPA-001__R2-002__R1-002,02_inputs_xml_flat/GPA-001__R2-002__R1-002__0783.xml,PASS,INFO,R1.D01=SI;R1.D02=NO;R2.D01=SI;R2.D02=SI;R2.D03=NO,MUNICIPIO30223,MUNICIPIO_SIN_CN_TRAB,Si,No,30223,,Regla 2 coherente para validaciones implementadas.
GPA-001__R2-002__R1-002__0784,GPA-001__R2-002__R1-002,02_inputs_xml_flat/GPA-001__R2-002__R1-002__0784.xml,PASS,INFO,R1.D01=SI;R1.D02=NO;R2.D01=SI;R2.D02=SI;R2.D03=NO,MUNICIPIO30221,MUNICIPIO_SIN_CN_TRAB,Si,No,30221,,Regla 2 coherente para validaciones implementadas.
GPA-001__R2-002__R1-002__0785,GPA-001__R2-002__R1-002,02_inputs_xml_flat/GPA-001__R2-002__R1-002__0785.xml,PASS,INFO,R1.D01=SI;R1.D02=NO;R2.D01=SI;R2.D02=SI;R2.D03=NO,MUNICIPIO30222,MUNICIPIO_SIN_CN_TRAB,Si,No,30222,,Regla 2 coherente para validaciones implementadas.
GPA-001__R2-002__R1-002__0786,GPA-001__R2-002__R1-002,02_inputs_xml_flat/GPA-001__R2-002__R1-002__0786.xml,PASS,INFO,R1.D01=SI;R1.D02=NO;R2.D01=SI;R2.D02=SI;R2.D03=NO,MUNICIPIO30223,MUNICIPIO_SIN_CN_TRAB,Si,No,30223,,Regla 2 coherente para validaciones implementadas.
GPA-001__R2-002__R1-002__0787,GPA-001__R2-002__R1-002,02_inputs_xml_flat/GPA-001__R2-002__R1-002__0787.xml,PASS,INFO,R1.D01=SI;R1.D02=NO;R2.D01=SI;R2.D02=SI;R2.D03=NO,MUNICIPIO30221,MUNICIPIO_SIN_CN_TRAB,Si,No,30221,,Regla 2 coherente para validaciones implementadas.
GPA-001__R2-002__R1-002__0788,GPA-001__R2-002__R1-002,02_inputs_xml_flat/GPA-001__R2-002__R1-002__0788.xml,PASS,INFO,R1.D01=SI;R1.D02=NO;R2.D01=SI;R2.D02=SI;R2.D03=NO,MUNICIPIO30222,MUNICIPIO_SIN_CN_TRAB,Si,No,30222,,Regla 2 coherente para validaciones implementadas.
GPA-001__R2-002__R1-002__0789,GPA-001__R2-002__R1-002,02_inputs_xml_flat/GPA-001__R2-002__R1-002__0789.xml,PASS,INFO,R1.D01=SI;R1.D02=NO;R2.D01=SI;R2.D02=SI;R2.D03=NO,MUNICIPIO30223,MUNICIPIO_SIN_CN_TRAB,Si,No,30223,,Regla 2 coherente para validaciones implementadas.
GPA-001__R2-002__R1-002__0790,GPA-001__R2-002__R1-002,02_inputs_xml_flat/GPA-001__R2-002__R1-002__0790.xml,PASS,INFO,R1.D01=SI;R1.D02=NO;R2.D01=SI;R2.D02=SI;R2.D03=NO,MUNICIPIO30221,MUNICIPIO_SIN_CN_TRAB,Si,No,30221,,Regla 2 coherente para validaciones implementadas.
GPA-001__R2-002__R1-002__0791,GPA-001__R2-002__R1-002,02_inputs_xml_flat/GPA-001__R2-002__R1-002__0791.xml,PASS,INFO,R1.D01=SI;R1.D02=NO;R2.D01=SI;R2.D02=SI;R2.D03=NO,MUNICIPIO30222,MUNICIPIO_SIN_CN_TRAB,Si,No,30222,,Regla 2 coherente para validaciones implementadas.
GPA-001__R2-002__R1-002__0792,GPA-001__R2-002__R1-002,02_inputs_xml_flat/GPA-001__R2-002__R1-002__0792.xml,PASS,INFO,R1.D01=SI;R1.D02=NO;R2.D01=SI;R2.D02=SI;R2.D03=NO,MUNICIPIO30223,MUNICIPIO_SIN_CN_TRAB,Si,No,30223,,Regla 2 coherente para validaciones implementadas.
GPA-001__R2-002__R1-002__0793,GPA-001__R2-002__R1-002,02_inputs_xml_flat/GPA-001__R2-002__R1-002__0793.xml,PASS,INFO,R1.D01=SI;R1.D02=NO;R2.D01=SI;R2.D02=SI;R2.D03=NO,MUNICIPIO30221,MUNICIPIO_SIN_CN_TRAB,Si,No,30221,,Regla 2 coherente para validaciones implementadas.
GPA-001__R2-002__R1-002__0794,GPA-001__R2-002__R1-002,02_inputs_xml_flat/GPA-001__R2-002__R1-002__0794.xml,PASS,INFO,R1.D01=SI;R1.D02=NO;R2.D01=SI;R2.D02=SI;R2.D03=NO,MUNICIPIO30222,MUNICIPIO_SIN_CN_TRAB,Si,No,30222,,Regla 2 coherente para validaciones implementadas.
GPA-001__R2-002__R1-002__0795,GPA-001__R2-002__R1-002,02_inputs_xml_flat/GPA-001__R2-002__R1-002__0795.xml,PASS,INFO,R1.D01=SI;R1.D02=NO;R2.D01=SI;R2.D02=SI;R2.D03=NO,MUNICIPIO30223,MUNICIPIO_SIN_CN_TRAB,Si,No,30223,,Regla 2 coherente para validaciones implementadas.
GPA-001__R2-002__R1-002__0796,GPA-001__R2-002__R1-002,02_inputs_xml_flat/GPA-001__R2-002__R1-002__0796.xml,PASS,INFO,R1.D01=SI;R1.D02=NO;R2.D01=SI;R2.D02=SI;R2.D03=NO,MUNICIPIO30221,MUNICIPIO_SIN_CN_TRAB,Si,No,30221,,Regla 2 coherente para validaciones implementadas.
GPA-001__R2-002__R1-002__0797,GPA-001__R2-002__R1-002,02_inputs_xml_flat/GPA-001__R2-002__R1-002__0797.xml,PASS,INFO,R1.D01=SI;R1.D02=NO;R2.D01=SI;R2.D02=SI;R2.D03=NO,MUNICIPIO30222,MUNICIPIO_SIN_CN_TRAB,Si,No,30222,,Regla 2 coherente para validaciones implementadas.
GPA-001__R2-002__R1-002__0798,GPA-001__R2-002__R1-002,02_inputs_xml_flat/GPA-001__R2-002__R1-002__0798.xml,PASS,INFO,R1.D01=SI;R1.D02=NO;R2.D01=SI;R2.D02=SI;R2.D03=NO,MUNICIPIO30223,MUNICIPIO_SIN_CN_TRAB,Si,No,30223,,Regla 2 coherente para validaciones implementadas.
GPA-001__R2-002__R1-002__0799,GPA-001__R2-002__R1-002,02_inputs_xml_flat/GPA-001__R2-002__R1-002__0799.xml,PASS,INFO,R1.D01=SI;R1.D02=NO;R2.D01=SI;R2.D02=SI;R2.D03=NO,MUNICIPIO30221,MUNICIPIO_SIN_CN_TRAB,Si,No,30221,,Regla 2 coherente para validaciones implementadas.
GPA-001__R2-002__R1-002__0800,GPA-001__R2-002__R1-002,02_inputs_xml_flat/GPA-001__R2-002__R1-002__0800.xml,PASS,INFO,R1.D01=SI;R1.D02=NO;R2.D01=SI;R2.D02=SI;R2.D03=NO,MUNICIPIO30222,MUNICIPIO_SIN_CN_TRAB,Si,No,30222,,Regla 2 coherente para validaciones implementadas.
GPA-001__R2-002__R1-002__0801,GPA-001__R2-002__R1-002,02_inputs_xml_flat/GPA-001__R2-002__R1-002__0801.xml,PASS,INFO,R1.D01=SI;R1.D02=NO;R2.D01=SI;R2.D02=SI;R2.D03=NO,MUNICIPIO30223,MUNICIPIO_SIN_CN_TRAB,Si,No,30223,,Regla 2 coherente para validaciones implementadas.
GPA-001__R2-002__R1-002__0802,GPA-001__R2-002__R1-002,02_inputs_xml_flat/GPA-001__R2-002__R1-002__0802.xml,PASS,INFO,R1.D01=SI;R1.D02=NO;R2.D01=SI;R2.D02=SI;R2.D03=NO,MUNICIPIO30221,MUNICIPIO_SIN_CN_TRAB,Si,No,30221,,Regla 2 coherente para validaciones implementadas.
GPA-001__R2-002__R1-002__0803,GPA-001__R2-002__R1-002,02_inputs_xml_flat/GPA-001__R2-002__R1-002__0803.xml,PASS,INFO,R1.D01=SI;R1.D02=NO;R2.D01=SI;R2.D02=SI;R2.D03=NO,MUNICIPIO30222,MUNICIPIO_SIN_CN_TRAB,Si,No,30222,,Regla 2 coherente para validaciones implementadas.
GPA-001__R2-002__R1-002__0804,GPA-001__R2-002__R1-002,02_inputs_xml_flat/GPA-001__R2-002__R1-002__0804.xml,PASS,INFO,R1.D01=SI;R1.D02=NO;R2.D01=SI;R2.D02=SI;R2.D03=NO,MUNICIPIO30223,MUNICIPIO_SIN_CN_TRAB,Si,No,30223,,Regla 2 coherente para validaciones implementadas.
GPA-001__R2-002__R1-002__0805,GPA-001__R2-002__R1-002,02_inputs_xml_flat/GPA-001__R2-002__R1-002__0805.xml,PASS,INFO,R1.D01=SI;R1.D02=NO;R2.D01=SI;R2.D02=SI;R2.D03=NO,MUNICIPIO30221,MUNICIPIO_SIN_CN_TRAB,Si,No,30221,,Regla 2 coherente para validaciones implementadas.
GPA-001__R2-002__R1-002__0806,GPA-001__R2-002__R1-002,02_inputs_xml_flat/GPA-001__R2-002__R1-002__0806.xml,PASS,INFO,R1.D01=SI;R1.D02=NO;R2.D01=SI;R2.D02=SI;R2.D03=NO,MUNICIPIO30222,MUNICIPIO_SIN_CN_TRAB,Si,No,30222,,Regla 2 coherente para validaciones implementadas.
GPA-001__R2-002__R1-002__0807,GPA-001__R2-002__R1-002,02_inputs_xml_flat/GPA-001__R2-002__R1-002__0807.xml,PASS,INFO,R1.D01=SI;R1.D02=NO;R2.D01=SI;R2.D02=SI;R2.D03=NO,MUNICIPIO30223,MUNICIPIO_SIN_CN_TRAB,Si,No,30223,,Regla 2 coherente para validaciones implementadas.
GPA-001__R2-002__R1-002__0808,GPA-001__R2-002__R1-002,02_inputs_xml_flat/GPA-001__R2-002__R1-002__0808.xml,PASS,INFO,R1.D01=SI;R1.D02=NO;R2.D01=SI;R2.D02=SI;R2.D03=NO,MUNICIPIO30221,MUNICIPIO_SIN_CN_TRAB,Si,No,30221,,Regla 2 coherente para validaciones implementadas.
GPA-001__R2-002__R1-002__0809,GPA-001__R2-002__R1-002,02_inputs_xml_flat/GPA-001__R2-002__R1-002__0809.xml,PASS,INFO,R1.D01=SI;R1.D02=NO;R2.D01=SI;R2.D02=SI;R2.D03=NO,MUNICIPIO30222,MUNICIPIO_SIN_CN_TRAB,Si,No,30222,,Regla 2 coherente para validaciones implementadas.
GPA-001__R2-002__R1-002__0810,GPA-001__R2-002__R1-002,02_inputs_xml_flat/GPA-001__R2-002__R1-002__0810.xml,PASS,INFO,R1.D01=SI;R1.D02=NO;R2.D01=SI;R2.D02=SI;R2.D03=NO,MUNICIPIO30223,MUNICIPIO_SIN_CN_TRAB,Si,No,30223,,Regla 2 coherente para validaciones implementadas.
GPA-001__R2-002__R1-002__0811,GPA-001__R2-002__R1-002,02_inputs_xml_flat/GPA-001__R2-002__R1-002__0811.xml,PASS,INFO,R1.D01=SI;R1.D02=NO;R2.D01=SI;R2.D02=SI;R2.D03=NO,MUNICIPIO30221,MUNICIPIO_SIN_CN_TRAB,Si,No,30221,,Regla 2 coherente para validaciones implementadas.
GPA-001__R2-002__R1-002__0812,GPA-001__R2-002__R1-002,02_inputs_xml_flat/GPA-001__R2-002__R1-002__0812.xml,PASS,INFO,R1.D01=SI;R1.D02=NO;R2.D01=SI;R2.D02=SI;R2.D03=NO,MUNICIPIO30222,MUNICIPIO_SIN_CN_TRAB,Si,No,30222,,Regla 2 coherente para validaciones implementadas.
GPA-001__R2-002__R1-002__0813,GPA-001__R2-002__R1-002,02_inputs_xml_flat/GPA-001__R2-002__R1-002__0813.xml,PASS,INFO,R1.D01=SI;R1.D02=NO;R2.D01=SI;R2.D02=SI;R2.D03=NO,MUNICIPIO30223,MUNICIPIO_SIN_CN_TRAB,Si,No,30223,,Regla 2 coherente para validaciones implementadas.
GPA-001__R2-002__R1-002__0814,GPA-001__R2-002__R1-002,02_inputs_xml_flat/GPA-001__R2-002__R1-002__0814.xml,PASS,INFO,R1.D01=SI;R1.D02=NO;R2.D01=SI;R2.D02=SI;R2.D03=NO,MUNICIPIO30221,MUNICIPIO_SIN_CN_TRAB,Si,No,30221,,Regla 2 coherente para validaciones implementadas.
GPA-001__R2-002__R1-002__0815,GPA-001__R2-002__R1-002,02_inputs_xml_flat/GPA-001__R2-002__R1-002__0815.xml,PASS,INFO,R1.D01=SI;R1.D02=NO;R2.D01=SI;R2.D02=SI;R2.D03=NO,MUNICIPIO30222,MUNICIPIO_SIN_CN_TRAB,Si,No,30222,,Regla 2 coherente para validaciones implementadas.
GPA-001__R2-002__R1-002__0816,GPA-001__R2-002__R1-002,02_inputs_xml_flat/GPA-001__R2-002__R1-002__0816.xml,PASS,INFO,R1.D01=SI;R1.D02=NO;R2.D01=SI;R2.D02=SI;R2.D03=NO,MUNICIPIO30223,MUNICIPIO_SIN_CN_TRAB,Si,No,30223,,Regla 2 coherente para validaciones implementadas.
GPA-001__R2-002__R1-002__0817,GPA-001__R2-002__R1-002,02_inputs_xml_flat/GPA-001__R2-002__R1-002__0817.xml,PASS,INFO,R1.D01=SI;R1.D02=NO;R2.D01=SI;R2.D02=SI;R2.D03=NO,MUNICIPIO30221,MUNICIPIO_SIN_CN_TRAB,Si,No,30221,,Regla 2 coherente para validaciones implementadas.
GPA-001__R2-002__R1-002__0818,GPA-001__R2-002__R1-002,02_inputs_xml_flat/GPA-001__R2-002__R1-002__0818.xml,PASS,INFO,R1.D01=SI;R1.D02=NO;R2.D01=SI;R2.D02=SI;R2.D03=NO,MUNICIPIO30222,MUNICIPIO_SIN_CN_TRAB,Si,No,30222,,Regla 2 coherente para validaciones implementadas.
GPA-001__R2-002__R1-002__0819,GPA-001__R2-002__R1-002,02_inputs_xml_flat/GPA-001__R2-002__R1-002__0819.xml,PASS,INFO,R1.D01=SI;R1.D02=NO;R2.D01=SI;R2.D02=SI;R2.D03=NO,MUNICIPIO30223,MUNICIPIO_SIN_CN_TRAB,Si,No,30223,,Regla 2 coherente para validaciones implementadas.
GPA-001__R2-002__R1-002__0820,GPA-001__R2-002__R1-002,02_inputs_xml_flat/GPA-001__R2-002__R1-002__0820.xml,PASS,INFO,R1.D01=SI;R1.D02=NO;R2.D01=SI;R2.D02=SI;R2.D03=NO,MUNICIPIO30221,MUNICIPIO_SIN_CN_TRAB,Si,No,30221,,Regla 2 coherente para validaciones implementadas.
GPA-001__R2-002__R1-002__0821,GPA-001__R2-002__R1-002,02_inputs_xml_flat/GPA-001__R2-002__R1-002__0821.xml,PASS,INFO,R1.D01=SI;R1.D02=NO;R2.D01=SI;R2.D02=SI;R2.D03=NO,MUNICIPIO30222,MUNICIPIO_SIN_CN_TRAB,Si,No,30222,,Regla 2 coherente para validaciones implementadas.
GPA-001__R2-002__R1-002__0822,GPA-001__R2-002__R1-002,02_inputs_xml_flat/GPA-001__R2-002__R1-002__0822.xml,PASS,INFO,R1.D01=SI;R1.D02=NO;R2.D01=SI;R2.D02=SI;R2.D03=NO,MUNICIPIO30223,MUNICIPIO_SIN_CN_TRAB,Si,No,30223,,Regla 2 coherente para validaciones implementadas.
GPA-001__R2-002__R1-002__0823,GPA-001__R2-002__R1-002,02_inputs_xml_flat/GPA-001__R2-002__R1-002__0823.xml,PASS,INFO,R1.D01=SI;R1.D02=NO;R2.D01=SI;R2.D02=SI;R2.D03=NO,MUNICIPIO30221,MUNICIPIO_SIN_CN_TRAB,Si,No,30221,,Regla 2 coherente para validaciones implementadas.
GPA-001__R2-002__R1-002__0824,GPA-001__R2-002__R1-002,02_inputs_xml_flat/GPA-001__R2-002__R1-002__0824.xml,PASS,INFO,R1.D01=SI;R1.D02=NO;R2.D01=SI;R2.D02=SI;R2.D03=NO,MUNICIPIO30222,MUNICIPIO_SIN_CN_TRAB,Si,No,30222,,Regla 2 coherente para validaciones implementadas.
GPA-001__R2-002__R1-002__0825,GPA-001__R2-002__R1-002,02_inputs_xml_flat/GPA-001__R2-002__R1-002__0825.xml,PASS,INFO,R1.D01=SI;R1.D02=NO;R2.D01=SI;R2.D02=SI;R2.D03=NO,MUNICIPIO30223,MUNICIPIO_SIN_CN_TRAB,Si,No,30223,,Regla 2 coherente para validaciones implementadas.
GPA-001__R2-002__R1-002__0826,GPA-001__R2-002__R1-002,02_inputs_xml_flat/GPA-001__R2-002__R1-002__0826.xml,PASS,INFO,R1.D01=SI;R1.D02=NO;R2.D01=SI;R2.D02=SI;R2.D03=NO,MUNICIPIO30221,MUNICIPIO_SIN_CN_TRAB,Si,No,30221,,Regla 2 coherente para validaciones implementadas.
GPA-001__R2-002__R1-002__0827,GPA-001__R2-002__R1-002,02_inputs_xml_flat/GPA-001__R2-002__R1-002__0827.xml,PASS,INFO,R1.D01=SI;R1.D02=NO;R2.D01=SI;R2.D02=SI;R2.D03=NO,MUNICIPIO30222,MUNICIPIO_SIN_CN_TRAB,Si,No,30222,,Regla 2 coherente para validaciones implementadas.
GPA-001__R2-002__R1-002__0828,GPA-001__R2-002__R1-002,02_inputs_xml_flat/GPA-001__R2-002__R1-002__0828.xml,PASS,INFO,R1.D01=SI;R1.D02=NO;R2.D01=SI;R2.D02=SI;R2.D03=NO,MUNICIPIO30223,MUNICIPIO_SIN_CN_TRAB,Si,No,30223,,Regla 2 coherente para validaciones implementadas.
GPA-001__R2-002__R1-002__0829,GPA-001__R2-002__R1-002,02_inputs_xml_flat/GPA-001__R2-002__R1-002__0829.xml,PASS,INFO,R1.D01=SI;R1.D02=NO;R2.D01=SI;R2.D02=SI;R2.D03=NO,MUNICIPIO30221,MUNICIPIO_SIN_CN_TRAB,Si,No,30221,,Regla 2 coherente para validaciones implementadas.
GPA-001__R2-002__R1-002__0830,GPA-001__R2-002__R1-002,02_inputs_xml_flat/GPA-001__R2-002__R1-002__0830.xml,PASS,INFO,R1.D01=SI;R1.D02=NO;R2.D01=SI;R2.D02=SI;R2.D03=NO,MUNICIPIO30222,MUNICIPIO_SIN_CN_TRAB,Si,No,30222,,Regla 2 coherente para validaciones implementadas.
GPA-001__R2-002__R1-002__0831,GPA-001__R2-002__R1-002,02_inputs_xml_flat/GPA-001__R2-002__R1-002__0831.xml,PASS,INFO,R1.D01=SI;R1.D02=NO;R2.D01=SI;R2.D02=SI;R2.D03=NO,MUNICIPIO30223,MUNICIPIO_SIN_CN_TRAB,Si,No,30223,,Regla 2 coherente para validaciones implementadas.
GPA-001__R2-002__R1-002__0832,GPA-001__R2-002__R1-002,02_inputs_xml_flat/GPA-001__R2-002__R1-002__0832.xml,PASS,INFO,R1.D01=SI;R1.D02=NO;R2.D01=SI;R2.D02=SI;R2.D03=NO,MUNICIPIO30221,MUNICIPIO_SIN_CN_TRAB,Si,No,30221,,Regla 2 coherente para validaciones implementadas.
GPA-001__R2-002__R1-002__0833,GPA-001__R2-002__R1-002,02_inputs_xml_flat/GPA-001__R2-002__R1-002__0833.xml,PASS,INFO,R1.D01=SI;R1.D02=NO;R2.D01=SI;R2.D02=SI;R2.D03=NO,MUNICIPIO30222,MUNICIPIO_SIN_CN_TRAB,Si,No,30222,,Regla 2 coherente para validaciones implementadas.
GPA-001__R2-002__R1-002__0834,GPA-001__R2-002__R1-002,02_inputs_xml_flat/GPA-001__R2-002__R1-002__0834.xml,PASS,INFO,R1.D01=SI;R1.D02=NO;R2.D01=SI;R2.D02=SI;R2.D03=NO,MUNICIPIO30223,MUNICIPIO_SIN_CN_TRAB,Si,No,30223,,Regla 2 coherente para validaciones implementadas.
GPA-001__R2-002__R1-002__0835,GPA-001__R2-002__R1-002,02_inputs_xml_flat/GPA-001__R2-002__R1-002__0835.xml,PASS,INFO,R1.D01=SI;R1.D02=NO;R2.D01=SI;R2.D02=SI;R2.D03=NO,MUNICIPIO30221,MUNICIPIO_SIN_CN_TRAB,Si,No,30221,,Regla 2 coherente para validaciones implementadas.
GPA-001__R2-002__R1-002__0836,GPA-001__R2-002__R1-002,02_inputs_xml_flat/GPA-001__R2-002__R1-002__0836.xml,PASS,INFO,R1.D01=SI;R1.D02=NO;R2.D01=SI;R2.D02=SI;R2.D03=NO,MUNICIPIO30222,MUNICIPIO_SIN_CN_TRAB,Si,No,30222,,Regla 2 coherente para validaciones implementadas.
GPA-001__R2-002__R1-002__0837,GPA-001__R2-002__R1-002,02_inputs_xml_flat/GPA-001__R2-002__R1-002__0837.xml,PASS,INFO,R1.D01=SI;R1.D02=NO;R2.D01=SI;R2.D02=SI;R2.D03=NO,MUNICIPIO30223,MUNICIPIO_SIN_CN_TRAB,Si,No,30223,,Regla 2 coherente para validaciones implementadas.
GPA-001__R2-002__R1-002__0838,GPA-001__R2-002__R1-002,02_inputs_xml_flat/GPA-001__R2-002__R1-002__0838.xml,PASS,INFO,R1.D01=SI;R1.D02=NO;R2.D01=SI;R2.D02=SI;R2.D03=NO,MUNICIPIO30221,MUNICIPIO_SIN_CN_TRAB,Si,No,30221,,Regla 2 coherente para validaciones implementadas.
GPA-001__R2-002__R1-002__0839,GPA-001__R2-002__R1-002,02_inputs_xml_flat/GPA-001__R2-002__R1-002__0839.xml,PASS,INFO,R1.D01=SI;R1.D02=NO;R2.D01=SI;R2.D02=SI;R2.D03=NO,MUNICIPIO30222,MUNICIPIO_SIN_CN_TRAB,Si,No,30222,,Regla 2 coherente para validaciones implementadas.
GPA-001__R2-002__R1-002__0840,GPA-001__R2-002__R1-002,02_inputs_xml_flat/GPA-001__R2-002__R1-002__0840.xml,PASS,INFO,R1.D01=SI;R1.D02=NO;R2.D01=SI;R2.D02=SI;R2.D03=NO,MUNICIPIO30223,MUNICIPIO_SIN_CN_TRAB,Si,No,30223,,Regla 2 coherente para validaciones implementadas.
GPA-001__R2-002__R1-002__0841,GPA-001__R2-002__R1-002,02_inputs_xml_flat/GPA-001__R2-002__R1-002__0841.xml,PASS,INFO,R1.D01=SI;R1.D02=NO;R2.D01=SI;R2.D02=SI;R2.D03=NO,MUNICIPIO30221,MUNICIPIO_SIN_CN_TRAB,Si,No,30221,,Regla 2 coherente para validaciones implementadas.
GPA-001__R2-002__R1-002__0842,GPA-001__R2-002__R1-002,02_inputs_xml_flat/GPA-001__R2-002__R1-002__0842.xml,PASS,INFO,R1.D01=SI;R1.D02=NO;R2.D01=SI;R2.D02=SI;R2.D03=NO,MUNICIPIO30222,MUNICIPIO_SIN_CN_TRAB,Si,No,30222,,Regla 2 coherente para validaciones implementadas.
GPA-001__R2-002__R1-002__0843,GPA-001__R2-002__R1-002,02_inputs_xml_flat/GPA-001__R2-002__R1-002__0843.xml,PASS,INFO,R1.D01=SI;R1.D02=NO;R2.D01=SI;R2.D02=SI;R2.D03=NO,MUNICIPIO30223,MUNICIPIO_SIN_CN_TRAB,Si,No,30223,,Regla 2 coherente para validaciones implementadas.
GPA-001__R2-002__R1-002__0844,GPA-001__R2-002__R1-002,02_inputs_xml_flat/GPA-001__R2-002__R1-002__0844.xml,PASS,INFO,R1.D01=SI;R1.D02=NO;R2.D01=SI;R2.D02=SI;R2.D03=NO,MUNICIPIO30221,MUNICIPIO_SIN_CN_TRAB,Si,No,30221,,Regla 2 coherente para validaciones implementadas.
GPA-001__R2-002__R1-002__0845,GPA-001__R2-002__R1-002,02_inputs_xml_flat/GPA-001__R2-002__R1-002__0845.xml,PASS,INFO,R1.D01=SI;R1.D02=NO;R2.D01=SI;R2.D02=SI;R2.D03=NO,MUNICIPIO30222,MUNICIPIO_SIN_CN_TRAB,Si,No,30222,,Regla 2 coherente para validaciones implementadas.
GPA-001__R2-002__R1-002__0846,GPA-001__R2-002__R1-002,02_inputs_xml_flat/GPA-001__R2-002__R1-002__0846.xml,PASS,INFO,R1.D01=SI;R1.D02=NO;R2.D01=SI;R2.D02=SI;R2.D03=NO,MUNICIPIO30223,MUNICIPIO_SIN_CN_TRAB,Si,No,30223,,Regla 2 coherente para validaciones implementadas.
GPA-001__R2-002__R1-002__0847,GPA-001__R2-002__R1-002,02_inputs_xml_flat/GPA-001__R2-002__R1-002__0847.xml,PASS,INFO,R1.D01=SI;R1.D02=NO;R2.D01=SI;R2.D02=SI;R2.D03=NO,MUNICIPIO30221,MUNICIPIO_SIN_CN_TRAB,Si,No,30221,,Regla 2 coherente para validaciones implementadas.
GPA-001__R2-002__R1-002__0848,GPA-001__R2-002__R1-002,02_inputs_xml_flat/GPA-001__R2-002__R1-002__0848.xml,PASS,INFO,R1.D01=SI;R1.D02=NO;R2.D01=SI;R2.D02=SI;R2.D03=NO,MUNICIPIO30222,MUNICIPIO_SIN_CN_TRAB,Si,No,30222,,Regla 2 coherente para validaciones implementadas.
GPA-001__R2-002__R1-002__0849,GPA-001__R2-002__R1-002,02_inputs_xml_flat/GPA-001__R2-002__R1-002__0849.xml,PASS,INFO,R1.D01=SI;R1.D02=NO;R2.D01=SI;R2.D02=SI;R2.D03=NO,MUNICIPIO30223,MUNICIPIO_SIN_CN_TRAB,Si,No,30223,,Regla 2 coherente para validaciones implementadas.
GPA-001__R2-002__R1-002__0850,GPA-001__R2-002__R1-002,02_inputs_xml_flat/GPA-001__R2-002__R1-002__0850.xml,PASS,INFO,R1.D01=SI;R1.D02=NO;R2.D01=SI;R2.D02=SI;R2.D03=NO,MUNICIPIO30221,MUNICIPIO_SIN_CN_TRAB,Si,No,30221,,Regla 2 coherente para validaciones implementadas.
GPA-001__R2-002__R1-002__0851,GPA-001__R2-002__R1-002,02_inputs_xml_flat/GPA-001__R2-002__R1-002__0851.xml,PASS,INFO,R1.D01=SI;R1.D02=NO;R2.D01=SI;R2.D02=SI;R2.D03=NO,MUNICIPIO30222,MUNICIPIO_SIN_CN_TRAB,Si,No,30222,,Regla 2 coherente para validaciones implementadas.
GPA-001__R2-002__R1-002__0852,GPA-001__R2-002__R1-002,02_inputs_xml_flat/GPA-001__R2-002__R1-002__0852.xml,PASS,INFO,R1.D01=SI;R1.D02=NO;R2.D01=SI;R2.D02=SI;R2.D03=NO,MUNICIPIO30223,MUNICIPIO_SIN_CN_TRAB,Si,No,30223,,Regla 2 coherente para validaciones implementadas.
GPA-001__R2-002__R1-002__0853,GPA-001__R2-002__R1-002,02_inputs_xml_flat/GPA-001__R2-002__R1-002__0853.xml,PASS,INFO,R1.D01=SI;R1.D02=NO;R2.D01=SI;R2.D02=SI;R2.D03=NO,MUNICIPIO30221,MUNICIPIO_SIN_CN_TRAB,Si,No,30221,,Regla 2 coherente para validaciones implementadas.
GPA-001__R2-002__R1-002__0854,GPA-001__R2-002__R1-002,02_inputs_xml_flat/GPA-001__R2-002__R1-002__0854.xml,PASS,INFO,R1.D01=SI;R1.D02=NO;R2.D01=SI;R2.D02=SI;R2.D03=NO,MUNICIPIO30222,MUNICIPIO_SIN_CN_TRAB,Si,No,30222,,Regla 2 coherente para validaciones implementadas.
GPA-001__R2-002__R1-002__0855,GPA-001__R2-002__R1-002,02_inputs_xml_flat/GPA-001__R2-002__R1-002__0855.xml,PASS,INFO,R1.D01=SI;R1.D02=NO;R2.D01=SI;R2.D02=SI;R2.D03=NO,MUNICIPIO30223,MUNICIPIO_SIN_CN_TRAB,Si,No,30223,,Regla 2 coherente para validaciones implementadas.
GPA-001__R2-002__R1-002__0856,GPA-001__R2-002__R1-002,02_inputs_xml_flat/GPA-001__R2-002__R1-002__0856.xml,PASS,INFO,R1.D01=SI;R1.D02=NO;R2.D01=SI;R2.D02=SI;R2.D03=NO,MUNICIPIO30221,MUNICIPIO_SIN_CN_TRAB,Si,No,30221,,Regla 2 coherente para validaciones implementadas.
GPA-001__R2-002__R1-002__0857,GPA-001__R2-002__R1-002,02_inputs_xml_flat/GPA-001__R2-002__R1-002__0857.xml,PASS,INFO,R1.D01=SI;R1.D02=NO;R2.D01=SI;R2.D02=SI;R2.D03=NO,MUNICIPIO30222,MUNICIPIO_SIN_CN_TRAB,Si,No,30222,,Regla 2 coherente para validaciones implementadas.
GPA-001__R2-002__R1-002__0858,GPA-001__R2-002__R1-002,02_inputs_xml_flat/GPA-001__R2-002__R1-002__0858.xml,PASS,INFO,R1.D01=SI;R1.D02=NO;R2.D01=SI;R2.D02=SI;R2.D03=NO,MUNICIPIO30223,MUNICIPIO_SIN_CN_TRAB,Si,No,30223,,Regla 2 coherente para validaciones implementadas.
GPA-001__R2-002__R1-002__0859,GPA-001__R2-002__R1-002,02_inputs_xml_flat/GPA-001__R2-002__R1-002__0859.xml,PASS,INFO,R1.D01=SI;R1.D02=NO;R2.D01=SI;R2.D02=SI;R2.D03=NO,MUNICIPIO30221,MUNICIPIO_SIN_CN_TRAB,Si,No,30221,,Regla 2 coherente para validaciones implementadas.
GPA-001__R2-002__R1-002__0860,GPA-001__R2-002__R1-002,02_inputs_xml_flat/GPA-001__R2-002__R1-002__0860.xml,PASS,INFO,R1.D01=SI;R1.D02=NO;R2.D01=SI;R2.D02=SI;R2.D03=NO,MUNICIPIO30222,MUNICIPIO_SIN_CN_TRAB,Si,No,30222,,Regla 2 coherente para validaciones implementadas.
GPA-001__R2-002__R1-002__0861,GPA-001__R2-002__R1-002,02_inputs_xml_flat/GPA-001__R2-002__R1-002__0861.xml,PASS,INFO,R1.D01=SI;R1.D02=NO;R2.D01=SI;R2.D02=SI;R2.D03=NO,MUNICIPIO30223,MUNICIPIO_SIN_CN_TRAB,Si,No,30223,,Regla 2 coherente para validaciones implementadas.
GPA-001__R2-002__R1-002__0862,GPA-001__R2-002__R1-002,02_inputs_xml_flat/GPA-001__R2-002__R1-002__0862.xml,PASS,INFO,R1.D01=SI;R1.D02=NO;R2.D01=SI;R2.D02=SI;R2.D03=NO,MUNICIPIO30221,MUNICIPIO_SIN_CN_TRAB,Si,No,30221,,Regla 2 coherente para validaciones implementadas.
GPA-001__R2-002__R1-002__0863,GPA-001__R2-002__R1-002,02_inputs_xml_flat/GPA-001__R2-002__R1-002__0863.xml,PASS,INFO,R1.D01=SI;R1.D02=NO;R2.D01=SI;R2.D02=SI;R2.D03=NO,MUNICIPIO30222,MUNICIPIO_SIN_CN_TRAB,Si,No,30222,,Regla 2 coherente para validaciones implementadas.
GPA-001__R2-002__R1-002__0864,GPA-001__R2-002__R1-002,02_inputs_xml_flat/GPA-001__R2-002__R1-002__0864.xml,PASS,INFO,R1.D01=SI;R1.D02=NO;R2.D01=SI;R2.D02=SI;R2.D03=NO,MUNICIPIO30223,MUNICIPIO_SIN_CN_TRAB,Si,No,30223,,Regla 2 coherente para validaciones implementadas.
GPA-001__R2-002__R1-002__0865,GPA-001__R2-002__R1-002,02_inputs_xml_flat/GPA-001__R2-002__R1-002__0865.xml,PASS,INFO,R1.D01=SI;R1.D02=NO;R2.D01=SI;R2.D02=SI;R2.D03=NO,MUNICIPIO30221,MUNICIPIO_SIN_CN_TRAB,Si,No,30221,,Regla 2 coherente para validaciones implementadas.
GPA-001__R2-002__R1-002__0866,GPA-001__R2-002__R1-002,02_inputs_xml_flat/GPA-001__R2-002__R1-002__0866.xml,PASS,INFO,R1.D01=SI;R1.D02=NO;R2.D01=SI;R2.D02=SI;R2.D03=NO,MUNICIPIO30222,MUNICIPIO_SIN_CN_TRAB,Si,No,30222,,Regla 2 coherente para validaciones implementadas.
GPA-001__R2-002__R1-002__0867,GPA-001__R2-002__R1-002,02_inputs_xml_flat/GPA-001__R2-002__R1-002__0867.xml,PASS,INFO,R1.D01=SI;R1.D02=NO;R2.D01=SI;R2.D02=SI;R2.D03=NO,MUNICIPIO30223,MUNICIPIO_SIN_CN_TRAB,Si,No,30223,,Regla 2 coherente para validaciones implementadas.
GPA-001__R2-002__R1-002__0868,GPA-001__R2-002__R1-002,02_inputs_xml_flat/GPA-001__R2-002__R1-002__0868.xml,PASS,INFO,R1.D01=SI;R1.D02=NO;R2.D01=SI;R2.D02=SI;R2.D03=NO,MUNICIPIO30221,MUNICIPIO_SIN_CN_TRAB,Si,No,30221,,Regla 2 coherente para validaciones implementadas.
GPA-001__R2-002__R1-002__0869,GPA-001__R2-002__R1-002,02_inputs_xml_flat/GPA-001__R2-002__R1-002__0869.xml,PASS,INFO,R1.D01=SI;R1.D02=NO;R2.D01=SI;R2.D02=SI;R2.D03=NO,MUNICIPIO30222,MUNICIPIO_SIN_CN_TRAB,Si,No,30222,,Regla 2 coherente para validaciones implementadas.
GPA-001__R2-002__R1-002__0870,GPA-001__R2-002__R1-002,02_inputs_xml_flat/GPA-001__R2-002__R1-002__0870.xml,PASS,INFO,R1.D01=SI;R1.D02=NO;R2.D01=SI;R2.D02=SI;R2.D03=NO,MUNICIPIO30223,MUNICIPIO_SIN_CN_TRAB,Si,No,30223,,Regla 2 coherente para validaciones implementadas.
GPA-001__R2-002__R1-002__0871,GPA-001__R2-002__R1-002,02_inputs_xml_flat/GPA-001__R2-002__R1-002__0871.xml,PASS,INFO,R1.D01=SI;R1.D02=NO;R2.D01=SI;R2.D02=SI;R2.D03=NO,MUNICIPIO30221,MUNICIPIO_SIN_CN_TRAB,Si,No,30221,,Regla 2 coherente para validaciones implementadas.
GPA-001__R2-002__R1-002__0872,GPA-001__R2-002__R1-002,02_inputs_xml_flat/GPA-001__R2-002__R1-002__0872.xml,PASS,INFO,R1.D01=SI;R1.D02=NO;R2.D01=SI;R2.D02=SI;R2.D03=NO,MUNICIPIO30222,MUNICIPIO_SIN_CN_TRAB,Si,No,30222,,Regla 2 coherente para validaciones implementadas.
GPA-001__R2-002__R1-002__0873,GPA-001__R2-002__R1-002,02_inputs_xml_flat/GPA-001__R2-002__R1-002__0873.xml,PASS,INFO,R1.D01=SI;R1.D02=NO;R2.D01=SI;R2.D02=SI;R2.D03=NO,MUNICIPIO30223,MUNICIPIO_SIN_CN_TRAB,Si,No,30223,,Regla 2 coherente para validaciones implementadas.
GPA-001__R2-002__R1-002__0874,GPA-001__R2-002__R1-002,02_inputs_xml_flat/GPA-001__R2-002__R1-002__0874.xml,PASS,INFO,R1.D01=SI;R1.D02=NO;R2.D01=SI;R2.D02=SI;R2.D03=NO,MUNICIPIO30221,MUNICIPIO_SIN_CN_TRAB,Si,No,30221,,Regla 2 coherente para validaciones implementadas.
GPA-001__R2-002__R1-002__0875,GPA-001__R2-002__R1-002,02_inputs_xml_flat/GPA-001__R2-002__R1-002__0875.xml,PASS,INFO,R1.D01=SI;R1.D02=NO;R2.D01=SI;R2.D02=SI;R2.D03=NO,MUNICIPIO30222,MUNICIPIO_SIN_CN_TRAB,Si,No,30222,,Regla 2 coherente para validaciones implementadas.
GPA-001__R2-002__R1-002__0876,GPA-001__R2-002__R1-002,02_inputs_xml_flat/GPA-001__R2-002__R1-002__0876.xml,PASS,INFO,R1.D01=SI;R1.D02=NO;R2.D01=SI;R2.D02=SI;R2.D03=NO,MUNICIPIO30223,MUNICIPIO_SIN_CN_TRAB,Si,No,30223,,Regla 2 coherente para validaciones implementadas.
GPA-001__R2-002__R1-002__0877,GPA-001__R2-002__R1-002,02_inputs_xml_flat/GPA-001__R2-002__R1-002__0877.xml,PASS,INFO,R1.D01=SI;R1.D02=NO;R2.D01=SI;R2.D02=SI;R2.D03=NO,MUNICIPIO30221,MUNICIPIO_SIN_CN_TRAB,Si,No,30221,,Regla 2 coherente para validaciones implementadas.
GPA-001__R2-002__R1-002__0878,GPA-001__R2-002__R1-002,02_inputs_xml_flat/GPA-001__R2-002__R1-002__0878.xml,PASS,INFO,R1.D01=SI;R1.D02=NO;R2.D01=SI;R2.D02=SI;R2.D03=NO,MUNICIPIO30222,MUNICIPIO_SIN_CN_TRAB,Si,No,30222,,Regla 2 coherente para validaciones implementadas.
GPA-001__R2-002__R1-002__0879,GPA-001__R2-002__R1-002,02_inputs_xml_flat/GPA-001__R2-002__R1-002__0879.xml,PASS,INFO,R1.D01=SI;R1.D02=NO;R2.D01=SI;R2.D02=SI;R2.D03=NO,MUNICIPIO30223,MUNICIPIO_SIN_CN_TRAB,Si,No,30223,,Regla 2 coherente para validaciones implementadas.
GPA-001__R2-002__R1-002__0880,GPA-001__R2-002__R1-002,02_inputs_xml_flat/GPA-001__R2-002__R1-002__0880.xml,PASS,INFO,R1.D01=SI;R1.D02=NO;R2.D01=SI;R2.D02=SI;R2.D03=NO,MUNICIPIO30221,MUNICIPIO_SIN_CN_TRAB,Si,No,30221,,Regla 2 coherente para validaciones implementadas.
GPA-001__R2-002__R1-002__0881,GPA-001__R2-002__R1-002,02_inputs_xml_flat/GPA-001__R2-002__R1-002__0881.xml,PASS,INFO,R1.D01=SI;R1.D02=NO;R2.D01=SI;R2.D02=SI;R2.D03=NO,MUNICIPIO30222,MUNICIPIO_SIN_CN_TRAB,Si,No,30222,,Regla 2 coherente para validaciones implementadas.
GPA-001__R2-002__R1-002__0882,GPA-001__R2-002__R1-002,02_inputs_xml_flat/GPA-001__R2-002__R1-002__0882.xml,PASS,INFO,R1.D01=SI;R1.D02=NO;R2.D01=SI;R2.D02=SI;R2.D03=NO,MUNICIPIO30223,MUNICIPIO_SIN_CN_TRAB,Si,No,30223,,Regla 2 coherente para validaciones implementadas.
GPA-001__R2-002__R1-002__0883,GPA-001__R2-002__R1-002,02_inputs_xml_flat/GPA-001__R2-002__R1-002__0883.xml,PASS,INFO,R1.D01=SI;R1.D02=NO;R2.D01=SI;R2.D02=SI;R2.D03=NO,MUNICIPIO30221,MUNICIPIO_SIN_CN_TRAB,Si,No,30221,,Regla 2 coherente para validaciones implementadas.
GPA-001__R2-002__R1-002__0884,GPA-001__R2-002__R1-002,02_inputs_xml_flat/GPA-001__R2-002__R1-002__0884.xml,PASS,INFO,R1.D01=SI;R1.D02=NO;R2.D01=SI;R2.D02=SI;R2.D03=NO,MUNICIPIO30222,MUNICIPIO_SIN_CN_TRAB,Si,No,30222,,Regla 2 coherente para validaciones implementadas.
GPA-001__R2-002__R1-002__0885,GPA-001__R2-002__R1-002,02_inputs_xml_flat/GPA-001__R2-002__R1-002__0885.xml,PASS,INFO,R1.D01=SI;R1.D02=NO;R2.D01=SI;R2.D02=SI;R2.D03=NO,MUNICIPIO30223,MUNICIPIO_SIN_CN_TRAB,Si,No,30223,,Regla 2 coherente para validaciones implementadas.
GPA-001__R2-002__R1-002__0886,GPA-001__R2-002__R1-002,02_inputs_xml_flat/GPA-001__R2-002__R1-002__0886.xml,PASS,INFO,R1.D01=SI;R1.D02=NO;R2.D01=SI;R2.D02=SI;R2.D03=NO,MUNICIPIO30221,MUNICIPIO_SIN_CN_TRAB,Si,No,30221,,Regla 2 coherente para validaciones implementadas.
GPA-001__R2-002__R1-002__0887,GPA-001__R2-002__R1-002,02_inputs_xml_flat/GPA-001__R2-002__R1-002__0887.xml,PASS,INFO,R1.D01=SI;R1.D02=NO;R2.D01=SI;R2.D02=SI;R2.D03=NO,MUNICIPIO30222,MUNICIPIO_SIN_CN_TRAB,Si,No,30222,,Regla 2 coherente para validaciones implementadas.
GPA-001__R2-002__R1-002__0888,GPA-001__R2-002__R1-002,02_inputs_xml_flat/GPA-001__R2-002__R1-002__0888.xml,PASS,INFO,R1.D01=SI;R1.D02=NO;R2.D01=SI;R2.D02=SI;R2.D03=NO,MUNICIPIO30223,MUNICIPIO_SIN_CN_TRAB,Si,No,30223,,Regla 2 coherente para validaciones implementadas.
GPA-001__R2-002__R1-002__0889,GPA-001__R2-002__R1-002,02_inputs_xml_flat/GPA-001__R2-002__R1-002__0889.xml,PASS,INFO,R1.D01=SI;R1.D02=NO;R2.D01=SI;R2.D02=SI;R2.D03=NO,MUNICIPIO30221,MUNICIPIO_SIN_CN_TRAB,Si,No,30221,,Regla 2 coherente para validaciones implementadas.
GPA-001__R2-002__R1-002__0890,GPA-001__R2-002__R1-002,02_inputs_xml_flat/GPA-001__R2-002__R1-002__0890.xml,PASS,INFO,R1.D01=SI;R1.D02=NO;R2.D01=SI;R2.D02=SI;R2.D03=NO,MUNICIPIO30222,MUNICIPIO_SIN_CN_TRAB,Si,No,30222,,Regla 2 coherente para validaciones implementadas.
GPA-001__R2-002__R1-002__0891,GPA-001__R2-002__R1-002,02_inputs_xml_flat/GPA-001__R2-002__R1-002__0891.xml,PASS,INFO,R1.D01=SI;R1.D02=NO;R2.D01=SI;R2.D02=SI;R2.D03=NO,MUNICIPIO30223,MUNICIPIO_SIN_CN_TRAB,Si,No,30223,,Regla 2 coherente para validaciones implementadas.
GPA-001__R2-002__R1-002__0892,GPA-001__R2-002__R1-002,02_inputs_xml_flat/GPA-001__R2-002__R1-002__0892.xml,PASS,INFO,R1.D01=SI;R1.D02=NO;R2.D01=SI;R2.D02=SI;R2.D03=NO,MUNICIPIO30221,MUNICIPIO_SIN_CN_TRAB,Si,No,30221,,Regla 2 coherente para validaciones implementadas.
GPA-001__R2-002__R1-002__0893,GPA-001__R2-002__R1-002,02_inputs_xml_flat/GPA-001__R2-002__R1-002__0893.xml,PASS,INFO,R1.D01=SI;R1.D02=NO;R2.D01=SI;R2.D02=SI;R2.D03=NO,MUNICIPIO30222,MUNICIPIO_SIN_CN_TRAB,Si,No,30222,,Regla 2 coherente para validaciones implementadas.
GPA-001__R2-002__R1-002__0894,GPA-001__R2-002__R1-002,02_inputs_xml_flat/GPA-001__R2-002__R1-002__0894.xml,PASS,INFO,R1.D01=SI;R1.D02=NO;R2.D01=SI;R2.D02=SI;R2.D03=NO,MUNICIPIO30223,MUNICIPIO_SIN_CN_TRAB,Si,No,30223,,Regla 2 coherente para validaciones implementadas.
GPA-001__R2-002__R1-002__0895,GPA-001__R2-002__R1-002,02_inputs_xml_flat/GPA-001__R2-002__R1-002__0895.xml,PASS,INFO,R1.D01=SI;R1.D02=NO;R2.D01=SI;R2.D02=SI;R2.D03=NO,MUNICIPIO30221,MUNICIPIO_SIN_CN_TRAB,Si,No,30221,,Regla 2 coherente para validaciones implementadas.
GPA-001__R2-002__R1-002__0896,GPA-001__R2-002__R1-002,02_inputs_xml_flat/GPA-001__R2-002__R1-002__0896.xml,PASS,INFO,R1.D01=SI;R1.D02=NO;R2.D01=SI;R2.D02=SI;R2.D03=NO,MUNICIPIO30222,MUNICIPIO_SIN_CN_TRAB,Si,No,30222,,Regla 2 coherente para validaciones implementadas.
GPA-001__R2-002__R1-002__0897,GPA-001__R2-002__R1-002,02_inputs_xml_flat/GPA-001__R2-002__R1-002__0897.xml,PASS,INFO,R1.D01=SI;R1.D02=NO;R2.D01=SI;R2.D02=SI;R2.D03=NO,MUNICIPIO30223,MUNICIPIO_SIN_CN_TRAB,Si,No,30223,,Regla 2 coherente para validaciones implementadas.
GPA-001__R2-002__R1-002__0898,GPA-001__R2-002__R1-002,02_inputs_xml_flat/GPA-001__R2-002__R1-002__0898.xml,PASS,INFO,R1.D01=SI;R1.D02=NO;R2.D01=SI;R2.D02=SI;R2.D03=NO,MUNICIPIO30221,MUNICIPIO_SIN_CN_TRAB,Si,No,30221,,Regla 2 coherente para validaciones implementadas.
GPA-001__R2-002__R1-002__0899,GPA-001__R2-002__R1-002,02_inputs_xml_flat/GPA-001__R2-002__R1-002__0899.xml,PASS,INFO,R1.D01=SI;R1.D02=NO;R2.D01=SI;R2.D02=SI;R2.D03=NO,MUNICIPIO30222,MUNICIPIO_SIN_CN_TRAB,Si,No,30222,,Regla 2 coherente para validaciones implementadas.
GPA-001__R2-002__R1-002__0900,GPA-001__R2-002__R1-002,02_inputs_xml_flat/GPA-001__R2-002__R1-002__0900.xml,PASS,INFO,R1.D01=SI;R1.D02=NO;R2.D01=SI;R2.D02=SI;R2.D03=NO,MUNICIPIO30223,MUNICIPIO_SIN_CN_TRAB,Si,No,30223,,Regla 2 coherente para validaciones implementadas.
GPA-001__R2-002__R1-002__0901,GPA-001__R2-002__R1-002,02_inputs_xml_flat/GPA-001__R2-002__R1-002__0901.xml,PASS,INFO,R1.D01=SI;R1.D02=NO;R2.D01=SI;R2.D02=SI;R2.D03=NO,MUNICIPIO30221,MUNICIPIO_SIN_CN_TRAB,Si,No,30221,,Regla 2 coherente para validaciones implementadas.
GPA-001__R2-002__R1-002__0902,GPA-001__R2-002__R1-002,02_inputs_xml_flat/GPA-001__R2-002__R1-002__0902.xml,PASS,INFO,R1.D01=SI;R1.D02=NO;R2.D01=SI;R2.D02=SI;R2.D03=NO,MUNICIPIO30222,MUNICIPIO_SIN_CN_TRAB,Si,No,30222,,Regla 2 coherente para validaciones implementadas.
GPA-001__R2-002__R1-002__0903,GPA-001__R2-002__R1-002,02_inputs_xml_flat/GPA-001__R2-002__R1-002__0903.xml,PASS,INFO,R1.D01=SI;R1.D02=NO;R2.D01=SI;R2.D02=SI;R2.D03=NO,MUNICIPIO30223,MUNICIPIO_SIN_CN_TRAB,Si,No,30223,,Regla 2 coherente para validaciones implementadas.
GPA-001__R2-002__R1-002__0904,GPA-001__R2-002__R1-002,02_inputs_xml_flat/GPA-001__R2-002__R1-002__0904.xml,PASS,INFO,R1.D01=SI;R1.D02=NO;R2.D01=SI;R2.D02=SI;R2.D03=NO,MUNICIPIO30221,MUNICIPIO_SIN_CN_TRAB,Si,No,30221,,Regla 2 coherente para validaciones implementadas.
GPA-001__R2-002__R1-002__0905,GPA-001__R2-002__R1-002,02_inputs_xml_flat/GPA-001__R2-002__R1-002__0905.xml,PASS,INFO,R1.D01=SI;R1.D02=NO;R2.D01=SI;R2.D02=SI;R2.D03=NO,MUNICIPIO30222,MUNICIPIO_SIN_CN_TRAB,Si,No,30222,,Regla 2 coherente para validaciones implementadas.
GPA-001__R2-002__R1-002__0906,GPA-001__R2-002__R1-002,02_inputs_xml_flat/GPA-001__R2-002__R1-002__0906.xml,PASS,INFO,R1.D01=SI;R1.D02=NO;R2.D01=SI;R2.D02=SI;R2.D03=NO,MUNICIPIO30223,MUNICIPIO_SIN_CN_TRAB,Si,No,30223,,Regla 2 coherente para validaciones implementadas.
GPA-001__R2-002__R1-002__0907,GPA-001__R2-002__R1-002,02_inputs_xml_flat/GPA-001__R2-002__R1-002__0907.xml,PASS,INFO,R1.D01=SI;R1.D02=NO;R2.D01=SI;R2.D02=SI;R2.D03=NO,MUNICIPIO30221,MUNICIPIO_SIN_CN_TRAB,Si,No,30221,,Regla 2 coherente para validaciones implementadas.
GPA-001__R2-002__R1-002__0908,GPA-001__R2-002__R1-002,02_inputs_xml_flat/GPA-001__R2-002__R1-002__0908.xml,PASS,INFO,R1.D01=SI;R1.D02=NO;R2.D01=SI;R2.D02=SI;R2.D03=NO,MUNICIPIO30222,MUNICIPIO_SIN_CN_TRAB,Si,No,30222,,Regla 2 coherente para validaciones implementadas.
GPA-001__R2-002__R1-002__0909,GPA-001__R2-002__R1-002,02_inputs_xml_flat/GPA-001__R2-002__R1-002__0909.xml,PASS,INFO,R1.D01=SI;R1.D02=NO;R2.D01=SI;R2.D02=SI;R2.D03=NO,MUNICIPIO30223,MUNICIPIO_SIN_CN_TRAB,Si,No,30223,,Regla 2 coherente para validaciones implementadas.
GPA-001__R2-002__R1-002__0910,GPA-001__R2-002__R1-002,02_inputs_xml_flat/GPA-001__R2-002__R1-002__0910.xml,PASS,INFO,R1.D01=SI;R1.D02=NO;R2.D01=SI;R2.D02=SI;R2.D03=NO,MUNICIPIO30221,MUNICIPIO_SIN_CN_TRAB,Si,No,30221,,Regla 2 coherente para validaciones implementadas.
GPA-001__R2-002__R1-002__0911,GPA-001__R2-002__R1-002,02_inputs_xml_flat/GPA-001__R2-002__R1-002__0911.xml,PASS,INFO,R1.D01=SI;R1.D02=NO;R2.D01=SI;R2.D02=SI;R2.D03=NO,MUNICIPIO30222,MUNICIPIO_SIN_CN_TRAB,Si,No,30222,,Regla 2 coherente para validaciones implementadas.
GPA-001__R2-002__R1-002__0912,GPA-001__R2-002__R1-002,02_inputs_xml_flat/GPA-001__R2-002__R1-002__0912.xml,PASS,INFO,R1.D01=SI;R1.D02=NO;R2.D01=SI;R2.D02=SI;R2.D03=NO,MUNICIPIO30223,MUNICIPIO_SIN_CN_TRAB,Si,No,30223,,Regla 2 coherente para validaciones implementadas.
GPA-001__R2-002__R1-002__0913,GPA-001__R2-002__R1-002,02_inputs_xml_flat/GPA-001__R2-002__R1-002__0913.xml,PASS,INFO,R1.D01=SI;R1.D02=NO;R2.D01=SI;R2.D02=SI;R2.D03=NO,MUNICIPIO30221,MUNICIPIO_SIN_CN_TRAB,Si,No,30221,,Regla 2 coherente para validaciones implementadas.
GPA-001__R2-002__R1-002__0914,GPA-001__R2-002__R1-002,02_inputs_xml_flat/GPA-001__R2-002__R1-002__0914.xml,PASS,INFO,R1.D01=SI;R1.D02=NO;R2.D01=SI;R2.D02=SI;R2.D03=NO,MUNICIPIO30222,MUNICIPIO_SIN_CN_TRAB,Si,No,30222,,Regla 2 coherente para validaciones implementadas.
GPA-001__R2-002__R1-002__0915,GPA-001__R2-002__R1-002,02_inputs_xml_flat/GPA-001__R2-002__R1-002__0915.xml,PASS,INFO,R1.D01=SI;R1.D02=NO;R2.D01=SI;R2.D02=SI;R2.D03=NO,MUNICIPIO30223,MUNICIPIO_SIN_CN_TRAB,Si,No,30223,,Regla 2 coherente para validaciones implementadas.
GPA-001__R2-002__R1-002__0916,GPA-001__R2-002__R1-002,02_inputs_xml_flat/GPA-001__R2-002__R1-002__0916.xml,PASS,INFO,R1.D01=SI;R1.D02=NO;R2.D01=SI;R2.D02=SI;R2.D03=NO,MUNICIPIO30221,MUNICIPIO_SIN_CN_TRAB,Si,No,30221,,Regla 2 coherente para validaciones implementadas.
GPA-001__R2-002__R1-002__0917,GPA-001__R2-002__R1-002,02_inputs_xml_flat/GPA-001__R2-002__R1-002__0917.xml,PASS,INFO,R1.D01=SI;R1.D02=NO;R2.D01=SI;R2.D02=SI;R2.D03=NO,MUNICIPIO30222,MUNICIPIO_SIN_CN_TRAB,Si,No,30222,,Regla 2 coherente para validaciones implementadas.
GPA-001__R2-002__R1-002__0918,GPA-001__R2-002__R1-002,02_inputs_xml_flat/GPA-001__R2-002__R1-002__0918.xml,PASS,INFO,R1.D01=SI;R1.D02=NO;R2.D01=SI;R2.D02=SI;R2.D03=NO,MUNICIPIO30223,MUNICIPIO_SIN_CN_TRAB,Si,No,30223,,Regla 2 coherente para validaciones implementadas.
GPA-001__R2-002__R1-002__0919,GPA-001__R2-002__R1-002,02_inputs_xml_flat/GPA-001__R2-002__R1-002__0919.xml,PASS,INFO,R1.D01=SI;R1.D02=NO;R2.D01=SI;R2.D02=SI;R2.D03=NO,MUNICIPIO30221,MUNICIPIO_SIN_CN_TRAB,Si,No,30221,,Regla 2 coherente para validaciones implementadas.
GPA-001__R2-002__R1-002__0920,GPA-001__R2-002__R1-002,02_inputs_xml_flat/GPA-001__R2-002__R1-002__0920.xml,PASS,INFO,R1.D01=SI;R1.D02=NO;R2.D01=SI;R2.D02=SI;R2.D03=NO,MUNICIPIO30222,MUNICIPIO_SIN_CN_TRAB,Si,No,30222,,Regla 2 coherente para validaciones implementadas.
GPA-001__R2-002__R1-002__0921,GPA-001__R2-002__R1-002,02_inputs_xml_flat/GPA-001__R2-002__R1-002__0921.xml,PASS,INFO,R1.D01=SI;R1.D02=NO;R2.D01=SI;R2.D02=SI;R2.D03=NO,MUNICIPIO30223,MUNICIPIO_SIN_CN_TRAB,Si,No,30223,,Regla 2 coherente para validaciones implementadas.
GPA-001__R2-002__R1-002__0922,GPA-001__R2-002__R1-002,02_inputs_xml_flat/GPA-001__R2-002__R1-002__0922.xml,PASS,INFO,R1.D01=SI;R1.D02=NO;R2.D01=SI;R2.D02=SI;R2.D03=NO,MUNICIPIO30221,MUNICIPIO_SIN_CN_TRAB,Si,No,30221,,Regla 2 coherente para validaciones implementadas.
GPA-001__R2-002__R1-002__0923,GPA-001__R2-002__R1-002,02_inputs_xml_flat/GPA-001__R2-002__R1-002__0923.xml,PASS,INFO,R1.D01=SI;R1.D02=NO;R2.D01=SI;R2.D02=SI;R2.D03=NO,MUNICIPIO30222,MUNICIPIO_SIN_CN_TRAB,Si,No,30222,,Regla 2 coherente para validaciones implementadas.
GPA-001__R2-002__R1-002__0924,GPA-001__R2-002__R1-002,02_inputs_xml_flat/GPA-001__R2-002__R1-002__0924.xml,PASS,INFO,R1.D01=SI;R1.D02=NO;R2.D01=SI;R2.D02=SI;R2.D03=NO,MUNICIPIO30223,MUNICIPIO_SIN_CN_TRAB,Si,No,30223,,Regla 2 coherente para validaciones implementadas.
GPA-001__R2-002__R1-002__0925,GPA-001__R2-002__R1-002,02_inputs_xml_flat/GPA-001__R2-002__R1-002__0925.xml,PASS,INFO,R1.D01=SI;R1.D02=NO;R2.D01=SI;R2.D02=SI;R2.D03=NO,MUNICIPIO30221,MUNICIPIO_SIN_CN_TRAB,Si,No,30221,,Regla 2 coherente para validaciones implementadas.
GPA-001__R2-002__R1-002__0926,GPA-001__R2-002__R1-002,02_inputs_xml_flat/GPA-001__R2-002__R1-002__0926.xml,PASS,INFO,R1.D01=SI;R1.D02=NO;R2.D01=SI;R2.D02=SI;R2.D03=NO,MUNICIPIO30222,MUNICIPIO_SIN_CN_TRAB,Si,No,30222,,Regla 2 coherente para validaciones implementadas.
GPA-001__R2-002__R1-002__0927,GPA-001__R2-002__R1-002,02_inputs_xml_flat/GPA-001__R2-002__R1-002__0927.xml,PASS,INFO,R1.D01=SI;R1.D02=NO;R2.D01=SI;R2.D02=SI;R2.D03=NO,MUNICIPIO30223,MUNICIPIO_SIN_CN_TRAB,Si,No,30223,,Regla 2 coherente para validaciones implementadas.
GPA-001__R2-002__R1-002__0928,GPA-001__R2-002__R1-002,02_inputs_xml_flat/GPA-001__R2-002__R1-002__0928.xml,PASS,INFO,R1.D01=SI;R1.D02=NO;R2.D01=SI;R2.D02=SI;R2.D03=NO,MUNICIPIO30221,MUNICIPIO_SIN_CN_TRAB,Si,No,30221,,Regla 2 coherente para validaciones implementadas.
GPA-001__R2-002__R1-002__0929,GPA-001__R2-002__R1-002,02_inputs_xml_flat/GPA-001__R2-002__R1-002__0929.xml,PASS,INFO,R1.D01=SI;R1.D02=NO;R2.D01=SI;R2.D02=SI;R2.D03=NO,MUNICIPIO30222,MUNICIPIO_SIN_CN_TRAB,Si,No,30222,,Regla 2 coherente para validaciones implementadas.
GPA-001__R2-002__R1-002__0930,GPA-001__R2-002__R1-002,02_inputs_xml_flat/GPA-001__R2-002__R1-002__0930.xml,PASS,INFO,R1.D01=SI;R1.D02=NO;R2.D01=SI;R2.D02=SI;R2.D03=NO,MUNICIPIO30223,MUNICIPIO_SIN_CN_TRAB,Si,No,30223,,Regla 2 coherente para validaciones implementadas.
GPA-001__R2-002__R1-002__0931,GPA-001__R2-002__R1-002,02_inputs_xml_flat/GPA-001__R2-002__R1-002__0931.xml,PASS,INFO,R1.D01=SI;R1.D02=NO;R2.D01=SI;R2.D02=SI;R2.D03=NO,MUNICIPIO30221,MUNICIPIO_SIN_CN_TRAB,Si,No,30221,,Regla 2 coherente para validaciones implementadas.
GPA-001__R2-002__R1-002__0932,GPA-001__R2-002__R1-002,02_inputs_xml_flat/GPA-001__R2-002__R1-002__0932.xml,PASS,INFO,R1.D01=SI;R1.D02=NO;R2.D01=SI;R2.D02=SI;R2.D03=NO,MUNICIPIO30222,MUNICIPIO_SIN_CN_TRAB,Si,No,30222,,Regla 2 coherente para validaciones implementadas.
GPA-001__R2-002__R1-002__0933,GPA-001__R2-002__R1-002,02_inputs_xml_flat/GPA-001__R2-002__R1-002__0933.xml,PASS,INFO,R1.D01=SI;R1.D02=NO;R2.D01=SI;R2.D02=SI;R2.D03=NO,MUNICIPIO30223,MUNICIPIO_SIN_CN_TRAB,Si,No,30223,,Regla 2 coherente para validaciones implementadas.
GPA-001__R2-002__R1-002__0934,GPA-001__R2-002__R1-002,02_inputs_xml_flat/GPA-001__R2-002__R1-002__0934.xml,PASS,INFO,R1.D01=SI;R1.D02=NO;R2.D01=SI;R2.D02=SI;R2.D03=NO,MUNICIPIO30221,MUNICIPIO_SIN_CN_TRAB,Si,No,30221,,Regla 2 coherente para validaciones implementadas.
GPA-001__R2-002__R1-002__0935,GPA-001__R2-002__R1-002,02_inputs_xml_flat/GPA-001__R2-002__R1-002__0935.xml,PASS,INFO,R1.D01=SI;R1.D02=NO;R2.D01=SI;R2.D02=SI;R2.D03=NO,MUNICIPIO30222,MUNICIPIO_SIN_CN_TRAB,Si,No,30222,,Regla 2 coherente para validaciones implementadas.
GPA-001__R2-002__R1-002__0936,GPA-001__R2-002__R1-002,02_inputs_xml_flat/GPA-001__R2-002__R1-002__0936.xml,PASS,INFO,R1.D01=SI;R1.D02=NO;R2.D01=SI;R2.D02=SI;R2.D03=NO,MUNICIPIO30223,MUNICIPIO_SIN_CN_TRAB,Si,No,30223,,Regla 2 coherente para validaciones implementadas.
GPA-001__R2-002__R1-002__0937,GPA-001__R2-002__R1-002,02_inputs_xml_flat/GPA-001__R2-002__R1-002__0937.xml,PASS,INFO,R1.D01=SI;R1.D02=NO;R2.D01=SI;R2.D02=SI;R2.D03=NO,MUNICIPIO30221,MUNICIPIO_SIN_CN_TRAB,Si,No,30221,,Regla 2 coherente para validaciones implementadas.
GPA-001__R2-002__R1-002__0938,GPA-001__R2-002__R1-002,02_inputs_xml_flat/GPA-001__R2-002__R1-002__0938.xml,PASS,INFO,R1.D01=SI;R1.D02=NO;R2.D01=SI;R2.D02=SI;R2.D03=NO,MUNICIPIO30222,MUNICIPIO_SIN_CN_TRAB,Si,No,30222,,Regla 2 coherente para validaciones implementadas.
GPA-001__R2-002__R1-002__0939,GPA-001__R2-002__R1-002,02_inputs_xml_flat/GPA-001__R2-002__R1-002__0939.xml,PASS,INFO,R1.D01=SI;R1.D02=NO;R2.D01=SI;R2.D02=SI;R2.D03=NO,MUNICIPIO30223,MUNICIPIO_SIN_CN_TRAB,Si,No,30223,,Regla 2 coherente para validaciones implementadas.
GPA-001__R2-002__R1-002__0940,GPA-001__R2-002__R1-002,02_inputs_xml_flat/GPA-001__R2-002__R1-002__0940.xml,PASS,INFO,R1.D01=SI;R1.D02=NO;R2.D01=SI;R2.D02=SI;R2.D03=NO,MUNICIPIO30221,MUNICIPIO_SIN_CN_TRAB,Si,No,30221,,Regla 2 coherente para validaciones implementadas.
GPA-001__R2-002__R1-002__0941,GPA-001__R2-002__R1-002,02_inputs_xml_flat/GPA-001__R2-002__R1-002__0941.xml,PASS,INFO,R1.D01=SI;R1.D02=NO;R2.D01=SI;R2.D02=SI;R2.D03=NO,MUNICIPIO30222,MUNICIPIO_SIN_CN_TRAB,Si,No,30222,,Regla 2 coherente para validaciones implementadas.
GPA-001__R2-002__R1-002__0942,GPA-001__R2-002__R1-002,02_inputs_xml_flat/GPA-001__R2-002__R1-002__0942.xml,PASS,INFO,R1.D01=SI;R1.D02=NO;R2.D01=SI;R2.D02=SI;R2.D03=NO,MUNICIPIO30223,MUNICIPIO_SIN_CN_TRAB,Si,No,30223,,Regla 2 coherente para validaciones implementadas.
GPA-001__R2-002__R1-002__0943,GPA-001__R2-002__R1-002,02_inputs_xml_flat/GPA-001__R2-002__R1-002__0943.xml,PASS,INFO,R1.D01=SI;R1.D02=NO;R2.D01=SI;R2.D02=SI;R2.D03=NO,MUNICIPIO30221,MUNICIPIO_SIN_CN_TRAB,Si,No,30221,,Regla 2 coherente para validaciones implementadas.
GPA-001__R2-002__R1-002__0944,GPA-001__R2-002__R1-002,02_inputs_xml_flat/GPA-001__R2-002__R1-002__0944.xml,PASS,INFO,R1.D01=SI;R1.D02=NO;R2.D01=SI;R2.D02=SI;R2.D03=NO,MUNICIPIO30222,MUNICIPIO_SIN_CN_TRAB,Si,No,30222,,Regla 2 coherente para validaciones implementadas.
GPA-001__R2-002__R1-002__0945,GPA-001__R2-002__R1-002,02_inputs_xml_flat/GPA-001__R2-002__R1-002__0945.xml,PASS,INFO,R1.D01=SI;R1.D02=NO;R2.D01=SI;R2.D02=SI;R2.D03=NO,MUNICIPIO30223,MUNICIPIO_SIN_CN_TRAB,Si,No,30223,,Regla 2 coherente para validaciones implementadas.
GPA-001__R2-002__R1-002__0946,GPA-001__R2-002__R1-002,02_inputs_xml_flat/GPA-001__R2-002__R1-002__0946.xml,PASS,INFO,R1.D01=SI;R1.D02=NO;R2.D01=SI;R2.D02=SI;R2.D03=NO,MUNICIPIO30221,MUNICIPIO_SIN_CN_TRAB,Si,No,30221,,Regla 2 coherente para validaciones implementadas.
GPA-001__R2-002__R1-002__0947,GPA-001__R2-002__R1-002,02_inputs_xml_flat/GPA-001__R2-002__R1-002__0947.xml,PASS,INFO,R1.D01=SI;R1.D02=NO;R2.D01=SI;R2.D02=SI;R2.D03=NO,MUNICIPIO30222,MUNICIPIO_SIN_CN_TRAB,Si,No,30222,,Regla 2 coherente para validaciones implementadas.
GPA-001__R2-002__R1-002__0948,GPA-001__R2-002__R1-002,02_inputs_xml_flat/GPA-001__R2-002__R1-002__0948.xml,PASS,INFO,R1.D01=SI;R1.D02=NO;R2.D01=SI;R2.D02=SI;R2.D03=NO,MUNICIPIO30223,MUNICIPIO_SIN_CN_TRAB,Si,No,30223,,Regla 2 coherente para validaciones implementadas.
GPA-001__R2-002__R1-002__0949,GPA-001__R2-002__R1-002,02_inputs_xml_flat/GPA-001__R2-002__R1-002__0949.xml,PASS,INFO,R1.D01=SI;R1.D02=NO;R2.D01=SI;R2.D02=SI;R2.D03=NO,MUNICIPIO30221,MUNICIPIO_SIN_CN_TRAB,Si,No,30221,,Regla 2 coherente para validaciones implementadas.
GPA-001__R2-002__R1-002__0950,GPA-001__R2-002__R1-002,02_inputs_xml_flat/GPA-001__R2-002__R1-002__0950.xml,PASS,INFO,R1.D01=SI;R1.D02=NO;R2.D01=SI;R2.D02=SI;R2.D03=NO,MUNICIPIO30222,MUNICIPIO_SIN_CN_TRAB,Si,No,30222,,Regla 2 coherente para validaciones implementadas.
GPA-001__R2-002__R1-002__0951,GPA-001__R2-002__R1-002,02_inputs_xml_flat/GPA-001__R2-002__R1-002__0951.xml,PASS,INFO,R1.D01=SI;R1.D02=NO;R2.D01=SI;R2.D02=SI;R2.D03=NO,MUNICIPIO30223,MUNICIPIO_SIN_CN_TRAB,Si,No,30223,,Regla 2 coherente para validaciones implementadas.
GPA-001__R2-002__R1-002__0952,GPA-001__R2-002__R1-002,02_inputs_xml_flat/GPA-001__R2-002__R1-002__0952.xml,PASS,INFO,R1.D01=SI;R1.D02=NO;R2.D01=SI;R2.D02=SI;R2.D03=NO,MUNICIPIO30221,MUNICIPIO_SIN_CN_TRAB,Si,No,30221,,Regla 2 coherente para validaciones implementadas.
GPA-001__R2-002__R1-002__0953,GPA-001__R2-002__R1-002,02_inputs_xml_flat/GPA-001__R2-002__R1-002__0953.xml,PASS,INFO,R1.D01=SI;R1.D02=NO;R2.D01=SI;R2.D02=SI;R2.D03=NO,MUNICIPIO30222,MUNICIPIO_SIN_CN_TRAB,Si,No,30222,,Regla 2 coherente para validaciones implementadas.
GPA-001__R2-002__R1-002__0954,GPA-001__R2-002__R1-002,02_inputs_xml_flat/GPA-001__R2-002__R1-002__0954.xml,PASS,INFO,R1.D01=SI;R1.D02=NO;R2.D01=SI;R2.D02=SI;R2.D03=NO,MUNICIPIO30223,MUNICIPIO_SIN_CN_TRAB,Si,No,30223,,Regla 2 coherente para validaciones implementadas.
GPA-001__R2-002__R1-002__0955,GPA-001__R2-002__R1-002,02_inputs_xml_flat/GPA-001__R2-002__R1-002__0955.xml,PASS,INFO,R1.D01=SI;R1.D02=NO;R2.D01=SI;R2.D02=SI;R2.D03=NO,MUNICIPIO30221,MUNICIPIO_SIN_CN_TRAB,Si,No,30221,,Regla 2 coherente para validaciones implementadas.
GPA-001__R2-002__R1-002__0956,GPA-001__R2-002__R1-002,02_inputs_xml_flat/GPA-001__R2-002__R1-002__0956.xml,PASS,INFO,R1.D01=SI;R1.D02=NO;R2.D01=SI;R2.D02=SI;R2.D03=NO,MUNICIPIO30222,MUNICIPIO_SIN_CN_TRAB,Si,No,30222,,Regla 2 coherente para validaciones implementadas.
GPA-001__R2-002__R1-002__0957,GPA-001__R2-002__R1-002,02_inputs_xml_flat/GPA-001__R2-002__R1-002__0957.xml,PASS,INFO,R1.D01=SI;R1.D02=NO;R2.D01=SI;R2.D02=SI;R2.D03=NO,MUNICIPIO30223,MUNICIPIO_SIN_CN_TRAB,Si,No,30223,,Regla 2 coherente para validaciones implementadas.
GPA-001__R2-002__R1-002__0958,GPA-001__R2-002__R1-002,02_inputs_xml_flat/GPA-001__R2-002__R1-002__0958.xml,PASS,INFO,R1.D01=SI;R1.D02=NO;R2.D01=SI;R2.D02=SI;R2.D03=NO,MUNICIPIO30221,MUNICIPIO_SIN_CN_TRAB,Si,No,30221,,Regla 2 coherente para validaciones implementadas.
GPA-001__R2-002__R1-002__0959,GPA-001__R2-002__R1-002,02_inputs_xml_flat/GPA-001__R2-002__R1-002__0959.xml,PASS,INFO,R1.D01=SI;R1.D02=NO;R2.D01=SI;R2.D02=SI;R2.D03=NO,MUNICIPIO30222,MUNICIPIO_SIN_CN_TRAB,Si,No,30222,,Regla 2 coherente para validaciones implementadas.
GPA-001__R2-002__R1-002__0960,GPA-001__R2-002__R1-002,02_inputs_xml_flat/GPA-001__R2-002__R1-002__0960.xml,PASS,INFO,R1.D01=SI;R1.D02=NO;R2.D01=SI;R2.D02=SI;R2.D03=NO,MUNICIPIO30223,MUNICIPIO_SIN_CN_TRAB,Si,No,30223,,Regla 2 coherente para validaciones implementadas.
GPA-001__R2-002__R1-002__0961,GPA-001__R2-002__R1-002,02_inputs_xml_flat/GPA-001__R2-002__R1-002__0961.xml,PASS,INFO,R1.D01=SI;R1.D02=NO;R2.D01=SI;R2.D02=SI;R2.D03=NO,MUNICIPIO30221,MUNICIPIO_SIN_CN_TRAB,Si,No,30221,,Regla 2 coherente para validaciones implementadas.
GPA-001__R2-002__R1-002__0962,GPA-001__R2-002__R1-002,02_inputs_xml_flat/GPA-001__R2-002__R1-002__0962.xml,PASS,INFO,R1.D01=SI;R1.D02=NO;R2.D01=SI;R2.D02=SI;R2.D03=NO,MUNICIPIO30222,MUNICIPIO_SIN_CN_TRAB,Si,No,30222,,Regla 2 coherente para validaciones implementadas.
GPA-001__R2-002__R1-002__0963,GPA-001__R2-002__R1-002,02_inputs_xml_flat/GPA-001__R2-002__R1-002__0963.xml,PASS,INFO,R1.D01=SI;R1.D02=NO;R2.D01=SI;R2.D02=SI;R2.D03=NO,MUNICIPIO30223,MUNICIPIO_SIN_CN_TRAB,Si,No,30223,,Regla 2 coherente para validaciones implementadas.
GPA-001__R2-002__R1-002__0964,GPA-001__R2-002__R1-002,02_inputs_xml_flat/GPA-001__R2-002__R1-002__0964.xml,PASS,INFO,R1.D01=SI;R1.D02=NO;R2.D01=SI;R2.D02=SI;R2.D03=NO,MUNICIPIO30221,MUNICIPIO_SIN_CN_TRAB,Si,No,30221,,Regla 2 coherente para validaciones implementadas.
GPA-001__R2-002__R1-002__0965,GPA-001__R2-002__R1-002,02_inputs_xml_flat/GPA-001__R2-002__R1-002__0965.xml,PASS,INFO,R1.D01=SI;R1.D02=NO;R2.D01=SI;R2.D02=SI;R2.D03=NO,MUNICIPIO30222,MUNICIPIO_SIN_CN_TRAB,Si,No,30222,,Regla 2 coherente para validaciones implementadas.
GPA-001__R2-002__R1-002__0966,GPA-001__R2-002__R1-002,02_inputs_xml_flat/GPA-001__R2-002__R1-002__0966.xml,PASS,INFO,R1.D01=SI;R1.D02=NO;R2.D01=SI;R2.D02=SI;R2.D03=NO,MUNICIPIO30223,MUNICIPIO_SIN_CN_TRAB,Si,No,30223,,Regla 2 coherente para validaciones implementadas.
GPA-001__R2-002__R1-002__0967,GPA-001__R2-002__R1-002,02_inputs_xml_flat/GPA-001__R2-002__R1-002__0967.xml,PASS,INFO,R1.D01=SI;R1.D02=NO;R2.D01=SI;R2.D02=SI;R2.D03=NO,MUNICIPIO30221,MUNICIPIO_SIN_CN_TRAB,Si,No,30221,,Regla 2 coherente para validaciones implementadas.
GPA-001__R2-002__R1-002__0968,GPA-001__R2-002__R1-002,02_inputs_xml_flat/GPA-001__R2-002__R1-002__0968.xml,PASS,INFO,R1.D01=SI;R1.D02=NO;R2.D01=SI;R2.D02=SI;R2.D03=NO,MUNICIPIO30222,MUNICIPIO_SIN_CN_TRAB,Si,No,30222,,Regla 2 coherente para validaciones implementadas.
GPA-001__R2-002__R1-002__0969,GPA-001__R2-002__R1-002,02_inputs_xml_flat/GPA-001__R2-002__R1-002__0969.xml,PASS,INFO,R1.D01=SI;R1.D02=NO;R2.D01=SI;R2.D02=SI;R2.D03=NO,MUNICIPIO30223,MUNICIPIO_SIN_CN_TRAB,Si,No,30223,,Regla 2 coherente para validaciones implementadas.
GPA-001__R2-002__R1-002__0970,GPA-001__R2-002__R1-002,02_inputs_xml_flat/GPA-001__R2-002__R1-002__0970.xml,PASS,INFO,R1.D01=SI;R1.D02=NO;R2.D01=SI;R2.D02=SI;R2.D03=NO,MUNICIPIO30221,MUNICIPIO_SIN_CN_TRAB,Si,No,30221,,Regla 2 coherente para validaciones implementadas.
GPA-001__R2-002__R1-002__0971,GPA-001__R2-002__R1-002,02_inputs_xml_flat/GPA-001__R2-002__R1-002__0971.xml,PASS,INFO,R1.D01=SI;R1.D02=NO;R2.D01=SI;R2.D02=SI;R2.D03=NO,MUNICIPIO30222,MUNICIPIO_SIN_CN_TRAB,Si,No,30222,,Regla 2 coherente para validaciones implementadas.
GPA-001__R2-002__R1-002__0972,GPA-001__R2-002__R1-002,02_inputs_xml_flat/GPA-001__R2-002__R1-002__0972.xml,PASS,INFO,R1.D01=SI;R1.D02=NO;R2.D01=SI;R2.D02=SI;R2.D03=NO,MUNICIPIO30223,MUNICIPIO_SIN_CN_TRAB,Si,No,30223,,Regla 2 coherente para validaciones implementadas.
GPA-001__R2-002__R1-002__0973,GPA-001__R2-002__R1-002,02_inputs_xml_flat/GPA-001__R2-002__R1-002__0973.xml,PASS,INFO,R1.D01=SI;R1.D02=NO;R2.D01=SI;R2.D02=SI;R2.D03=NO,MUNICIPIO30221,MUNICIPIO_SIN_CN_TRAB,Si,No,30221,,Regla 2 coherente para validaciones implementadas.
GPA-001__R2-002__R1-002__0974,GPA-001__R2-002__R1-002,02_inputs_xml_flat/GPA-001__R2-002__R1-002__0974.xml,PASS,INFO,R1.D01=SI;R1.D02=NO;R2.D01=SI;R2.D02=SI;R2.D03=NO,MUNICIPIO30222,MUNICIPIO_SIN_CN_TRAB,Si,No,30222,,Regla 2 coherente para validaciones implementadas.
GPA-001__R2-002__R1-002__0975,GPA-001__R2-002__R1-002,02_inputs_xml_flat/GPA-001__R2-002__R1-002__0975.xml,PASS,INFO,R1.D01=SI;R1.D02=NO;R2.D01=SI;R2.D02=SI;R2.D03=NO,MUNICIPIO30223,MUNICIPIO_SIN_CN_TRAB,Si,No,30223,,Regla 2 coherente para validaciones implementadas.
GPA-001__R2-002__R1-002__0976,GPA-001__R2-002__R1-002,02_inputs_xml_flat/GPA-001__R2-002__R1-002__0976.xml,PASS,INFO,R1.D01=SI;R1.D02=NO;R2.D01=SI;R2.D02=SI;R2.D03=NO,MUNICIPIO30221,MUNICIPIO_SIN_CN_TRAB,Si,No,30221,,Regla 2 coherente para validaciones implementadas.
GPA-001__R2-002__R1-002__0977,GPA-001__R2-002__R1-002,02_inputs_xml_flat/GPA-001__R2-002__R1-002__0977.xml,PASS,INFO,R1.D01=SI;R1.D02=NO;R2.D01=SI;R2.D02=SI;R2.D03=NO,MUNICIPIO30222,MUNICIPIO_SIN_CN_TRAB,Si,No,30222,,Regla 2 coherente para validaciones implementadas.
GPA-001__R2-002__R1-002__0978,GPA-001__R2-002__R1-002,02_inputs_xml_flat/GPA-001__R2-002__R1-002__0978.xml,PASS,INFO,R1.D01=SI;R1.D02=NO;R2.D01=SI;R2.D02=SI;R2.D03=NO,MUNICIPIO30223,MUNICIPIO_SIN_CN_TRAB,Si,No,30223,,Regla 2 coherente para validaciones implementadas.
GPA-001__R2-002__R1-002__0979,GPA-001__R2-002__R1-002,02_inputs_xml_flat/GPA-001__R2-002__R1-002__0979.xml,PASS,INFO,R1.D01=SI;R1.D02=NO;R2.D01=SI;R2.D02=SI;R2.D03=NO,MUNICIPIO30221,MUNICIPIO_SIN_CN_TRAB,Si,No,30221,,Regla 2 coherente para validaciones implementadas.
GPA-001__R2-002__R1-002__0980,GPA-001__R2-002__R1-002,02_inputs_xml_flat/GPA-001__R2-002__R1-002__0980.xml,PASS,INFO,R1.D01=SI;R1.D02=NO;R2.D01=SI;R2.D02=SI;R2.D03=NO,MUNICIPIO30222,MUNICIPIO_SIN_CN_TRAB,Si,No,30222,,Regla 2 coherente para validaciones implementadas.
GPA-001__R2-002__R1-002__0981,GPA-001__R2-002__R1-002,02_inputs_xml_flat/GPA-001__R2-002__R1-002__0981.xml,PASS,INFO,R1.D01=SI;R1.D02=NO;R2.D01=SI;R2.D02=SI;R2.D03=NO,MUNICIPIO30223,MUNICIPIO_SIN_CN_TRAB,Si,No,30223,,Regla 2 coherente para validaciones implementadas.
GPA-001__R2-002__R1-002__0982,GPA-001__R2-002__R1-002,02_inputs_xml_flat/GPA-001__R2-002__R1-002__0982.xml,PASS,INFO,R1.D01=SI;R1.D02=NO;R2.D01=SI;R2.D02=SI;R2.D03=NO,MUNICIPIO30221,MUNICIPIO_SIN_CN_TRAB,Si,No,30221,,Regla 2 coherente para validaciones implementadas.
GPA-001__R2-002__R1-002__0983,GPA-001__R2-002__R1-002,02_inputs_xml_flat/GPA-001__R2-002__R1-002__0983.xml,PASS,INFO,R1.D01=SI;R1.D02=NO;R2.D01=SI;R2.D02=SI;R2.D03=NO,MUNICIPIO30222,MUNICIPIO_SIN_CN_TRAB,Si,No,30222,,Regla 2 coherente para validaciones implementadas.
GPA-001__R2-002__R1-002__0984,GPA-001__R2-002__R1-002,02_inputs_xml_flat/GPA-001__R2-002__R1-002__0984.xml,PASS,INFO,R1.D01=SI;R1.D02=NO;R2.D01=SI;R2.D02=SI;R2.D03=NO,MUNICIPIO30223,MUNICIPIO_SIN_CN_TRAB,Si,No,30223,,Regla 2 coherente para validaciones implementadas.
GPA-001__R2-002__R1-002__0985,GPA-001__R2-002__R1-002,02_inputs_xml_flat/GPA-001__R2-002__R1-002__0985.xml,PASS,INFO,R1.D01=SI;R1.D02=NO;R2.D01=SI;R2.D02=SI;R2.D03=NO,MUNICIPIO30221,MUNICIPIO_SIN_CN_TRAB,Si,No,30221,,Regla 2 coherente para validaciones implementadas.
GPA-001__R2-002__R1-002__0986,GPA-001__R2-002__R1-002,02_inputs_xml_flat/GPA-001__R2-002__R1-002__0986.xml,PASS,INFO,R1.D01=SI;R1.D02=NO;R2.D01=SI;R2.D02=SI;R2.D03=NO,MUNICIPIO30222,MUNICIPIO_SIN_CN_TRAB,Si,No,30222,,Regla 2 coherente para validaciones implementadas.
GPA-001__R2-002__R1-002__0987,GPA-001__R2-002__R1-002,02_inputs_xml_flat/GPA-001__R2-002__R1-002__0987.xml,PASS,INFO,R1.D01=SI;R1.D02=NO;R2.D01=SI;R2.D02=SI;R2.D03=NO,MUNICIPIO30223,MUNICIPIO_SIN_CN_TRAB,Si,No,30223,,Regla 2 coherente para validaciones implementadas.
GPA-001__R2-002__R1-002__0988,GPA-001__R2-002__R1-002,02_inputs_xml_flat/GPA-001__R2-002__R1-002__0988.xml,PASS,INFO,R1.D01=SI;R1.D02=NO;R2.D01=SI;R2.D02=SI;R2.D03=NO,MUNICIPIO30221,MUNICIPIO_SIN_CN_TRAB,Si,No,30221,,Regla 2 coherente para validaciones implementadas.
GPA-001__R2-002__R1-002__0989,GPA-001__R2-002__R1-002,02_inputs_xml_flat/GPA-001__R2-002__R1-002__0989.xml,PASS,INFO,R1.D01=SI;R1.D02=NO;R2.D01=SI;R2.D02=SI;R2.D03=NO,MUNICIPIO30222,MUNICIPIO_SIN_CN_TRAB,Si,No,30222,,Regla 2 coherente para validaciones implementadas.
GPA-001__R2-002__R1-002__0990,GPA-001__R2-002__R1-002,02_inputs_xml_flat/GPA-001__R2-002__R1-002__0990.xml,PASS,INFO,R1.D01=SI;R1.D02=NO;R2.D01=SI;R2.D02=SI;R2.D03=NO,MUNICIPIO30223,MUNICIPIO_SIN_CN_TRAB,Si,No,30223,,Regla 2 coherente para validaciones implementadas.
GPA-001__R2-002__R1-002__0991,GPA-001__R2-002__R1-002,02_inputs_xml_flat/GPA-001__R2-002__R1-002__0991.xml,PASS,INFO,R1.D01=SI;R1.D02=NO;R2.D01=SI;R2.D02=SI;R2.D03=NO,MUNICIPIO30221,MUNICIPIO_SIN_CN_TRAB,Si,No,30221,,Regla 2 coherente para validaciones implementadas.
GPA-001__R2-002__R1-002__0992,GPA-001__R2-002__R1-002,02_inputs_xml_flat/GPA-001__R2-002__R1-002__0992.xml,PASS,INFO,R1.D01=SI;R1.D02=NO;R2.D01=SI;R2.D02=SI;R2.D03=NO,MUNICIPIO30222,MUNICIPIO_SIN_CN_TRAB,Si,No,30222,,Regla 2 coherente para validaciones implementadas.
GPA-001__R2-002__R1-002__0993,GPA-001__R2-002__R1-002,02_inputs_xml_flat/GPA-001__R2-002__R1-002__0993.xml,PASS,INFO,R1.D01=SI;R1.D02=NO;R2.D01=SI;R2.D02=SI;R2.D03=NO,MUNICIPIO30223,MUNICIPIO_SIN_CN_TRAB,Si,No,30223,,Regla 2 coherente para validaciones implementadas.
GPA-001__R2-002__R1-002__0994,GPA-001__R2-002__R1-002,02_inputs_xml_flat/GPA-001__R2-002__R1-002__0994.xml,PASS,INFO,R1.D01=SI;R1.D02=NO;R2.D01=SI;R2.D02=SI;R2.D03=NO,MUNICIPIO30221,MUNICIPIO_SIN_CN_TRAB,Si,No,30221,,Regla 2 coherente para validaciones implementadas.
GPA-001__R2-002__R1-002__0995,GPA-001__R2-002__R1-002,02_inputs_xml_flat/GPA-001__R2-002__R1-002__0995.xml,PASS,INFO,R1.D01=SI;R1.D02=NO;R2.D01=SI;R2.D02=SI;R2.D03=NO,MUNICIPIO30222,MUNICIPIO_SIN_CN_TRAB,Si,No,30222,,Regla 2 coherente para validaciones implementadas.
GPA-001__R2-002__R1-002__0996,GPA-001__R2-002__R1-002,02_inputs_xml_flat/GPA-001__R2-002__R1-002__0996.xml,PASS,INFO,R1.D01=SI;R1.D02=NO;R2.D01=SI;R2.D02=SI;R2.D03=NO,MUNICIPIO30223,MUNICIPIO_SIN_CN_TRAB,Si,No,30223,,Regla 2 coherente para validaciones implementadas.
GPA-001__R2-002__R1-002__0997,GPA-001__R2-002__R1-002,02_inputs_xml_flat/GPA-001__R2-002__R1-002__0997.xml,PASS,INFO,R1.D01=SI;R1.D02=NO;R2.D01=SI;R2.D02=SI;R2.D03=NO,MUNICIPIO30221,MUNICIPIO_SIN_CN_TRAB,Si,No,30221,,Regla 2 coherente para validaciones implementadas.
GPA-001__R2-002__R1-002__0998,GPA-001__R2-002__R1-002,02_inputs_xml_flat/GPA-001__R2-002__R1-002__0998.xml,PASS,INFO,R1.D01=SI;R1.D02=NO;R2.D01=SI;R2.D02=SI;R2.D03=NO,MUNICIPIO30222,MUNICIPIO_SIN_CN_TRAB,Si,No,30222,,Regla 2 coherente para validaciones implementadas.
GPA-001__R2-002__R1-002__0999,GPA-001__R2-002__R1-002,02_inputs_xml_flat/GPA-001__R2-002__R1-002__0999.xml,PASS,INFO,R1.D01=SI;R1.D02=NO;R2.D01=SI;R2.D02=SI;R2.D03=NO,MUNICIPIO30223,MUNICIPIO_SIN_CN_TRAB,Si,No,30223,,Regla 2 coherente para validaciones implementadas.
GPA-001__R2-002__R1-002__1000,GPA-001__R2-002__R1-002,02_inputs_xml_flat/GPA-001__R2-002__R1-002__1000.xml,PASS,INFO,R1.D01=SI;R1.D02=NO;R2.D01=SI;R2.D02=SI;R2.D03=NO,MUNICIPIO30221,MUNICIPIO_SIN_CN_TRAB,Si,No,30221,,Regla 2 coherente para validaciones implementadas.
GPA-001__R2-002__R1-003__0001,GPA-001__R2-002__R1-003,02_inputs_xml_flat/GPA-001__R2-002__R1-003__0001.xml,PASS,INFO,R1.D01=NO;R1.D03=SI;R2.D01=SI;R2.D02=SI;R2.D03=NO,MUNICIPIO30231,MUNICIPIO_SIN_CN_TRAB,Si,No,30231,,Regla 2 coherente para validaciones implementadas.
GPA-001__R2-002__R1-003__0002,GPA-001__R2-002__R1-003,02_inputs_xml_flat/GPA-001__R2-002__R1-003__0002.xml,PASS,INFO,R1.D01=NO;R1.D03=SI;R2.D01=SI;R2.D02=SI;R2.D03=NO,MUNICIPIO30232,MUNICIPIO_SIN_CN_TRAB,Si,No,30232,,Regla 2 coherente para validaciones implementadas.
GPA-001__R2-002__R1-003__0003,GPA-001__R2-002__R1-003,02_inputs_xml_flat/GPA-001__R2-002__R1-003__0003.xml,PASS,INFO,R1.D01=NO;R1.D03=SI;R2.D01=SI;R2.D02=SI;R2.D03=NO,MUNICIPIO30233,MUNICIPIO_SIN_CN_TRAB,Si,No,30233,,Regla 2 coherente para validaciones implementadas.
GPA-001__R2-002__R1-003__0004,GPA-001__R2-002__R1-003,02_inputs_xml_flat/GPA-001__R2-002__R1-003__0004.xml,PASS,INFO,R1.D01=NO;R1.D03=SI;R2.D01=SI;R2.D02=SI;R2.D03=NO,MUNICIPIO30231,MUNICIPIO_SIN_CN_TRAB,Si,No,30231,,Regla 2 coherente para validaciones implementadas.
GPA-001__R2-002__R1-003__0005,GPA-001__R2-002__R1-003,02_inputs_xml_flat/GPA-001__R2-002__R1-003__0005.xml,PASS,INFO,R1.D01=NO;R1.D03=SI;R2.D01=SI;R2.D02=SI;R2.D03=NO,MUNICIPIO30232,MUNICIPIO_SIN_CN_TRAB,Si,No,30232,,Regla 2 coherente para validaciones implementadas.
GPA-001__R2-002__R1-003__0006,GPA-001__R2-002__R1-003,02_inputs_xml_flat/GPA-001__R2-002__R1-003__0006.xml,PASS,INFO,R1.D01=NO;R1.D03=SI;R2.D01=SI;R2.D02=SI;R2.D03=NO,MUNICIPIO30233,MUNICIPIO_SIN_CN_TRAB,Si,No,30233,,Regla 2 coherente para validaciones implementadas.
GPA-001__R2-002__R1-003__0007,GPA-001__R2-002__R1-003,02_inputs_xml_flat/GPA-001__R2-002__R1-003__0007.xml,PASS,INFO,R1.D01=NO;R1.D03=SI;R2.D01=SI;R2.D02=SI;R2.D03=NO,MUNICIPIO30231,MUNICIPIO_SIN_CN_TRAB,Si,No,30231,,Regla 2 coherente para validaciones implementadas.
GPA-001__R2-002__R1-003__0008,GPA-001__R2-002__R1-003,02_inputs_xml_flat/GPA-001__R2-002__R1-003__0008.xml,PASS,INFO,R1.D01=NO;R1.D03=SI;R2.D01=SI;R2.D02=SI;R2.D03=NO,MUNICIPIO30232,MUNICIPIO_SIN_CN_TRAB,Si,No,30232,,Regla 2 coherente para validaciones implementadas.
GPA-001__R2-002__R1-003__0009,GPA-001__R2-002__R1-003,02_inputs_xml_flat/GPA-001__R2-002__R1-003__0009.xml,PASS,INFO,R1.D01=NO;R1.D03=SI;R2.D01=SI;R2.D02=SI;R2.D03=NO,MUNICIPIO30233,MUNICIPIO_SIN_CN_TRAB,Si,No,30233,,Regla 2 coherente para validaciones implementadas.
GPA-001__R2-002__R1-003__0010,GPA-001__R2-002__R1-003,02_inputs_xml_flat/GPA-001__R2-002__R1-003__0010.xml,PASS,INFO,R1.D01=NO;R1.D03=SI;R2.D01=SI;R2.D02=SI;R2.D03=NO,MUNICIPIO30231,MUNICIPIO_SIN_CN_TRAB,Si,No,30231,,Regla 2 coherente para validaciones implementadas.
GPA-001__R2-002__R1-003__0011,GPA-001__R2-002__R1-003,02_inputs_xml_flat/GPA-001__R2-002__R1-003__0011.xml,PASS,INFO,R1.D01=NO;R1.D03=SI;R2.D01=SI;R2.D02=SI;R2.D03=NO,MUNICIPIO30232,MUNICIPIO_SIN_CN_TRAB,Si,No,30232,,Regla 2 coherente para validaciones implementadas.
GPA-001__R2-002__R1-003__0012,GPA-001__R2-002__R1-003,02_inputs_xml_flat/GPA-001__R2-002__R1-003__0012.xml,PASS,INFO,R1.D01=NO;R1.D03=SI;R2.D01=SI;R2.D02=SI;R2.D03=NO,MUNICIPIO30233,MUNICIPIO_SIN_CN_TRAB,Si,No,30233,,Regla 2 coherente para validaciones implementadas.
GPA-001__R2-002__R1-003__0013,GPA-001__R2-002__R1-003,02_inputs_xml_flat/GPA-001__R2-002__R1-003__0013.xml,PASS,INFO,R1.D01=NO;R1.D03=SI;R2.D01=SI;R2.D02=SI;R2.D03=NO,MUNICIPIO30231,MUNICIPIO_SIN_CN_TRAB,Si,No,30231,,Regla 2 coherente para validaciones implementadas.
GPA-001__R2-002__R1-003__0014,GPA-001__R2-002__R1-003,02_inputs_xml_flat/GPA-001__R2-002__R1-003__0014.xml,PASS,INFO,R1.D01=NO;R1.D03=SI;R2.D01=SI;R2.D02=SI;R2.D03=NO,MUNICIPIO30232,MUNICIPIO_SIN_CN_TRAB,Si,No,30232,,Regla 2 coherente para validaciones implementadas.
GPA-001__R2-002__R1-003__0015,GPA-001__R2-002__R1-003,02_inputs_xml_flat/GPA-001__R2-002__R1-003__0015.xml,PASS,INFO,R1.D01=NO;R1.D03=SI;R2.D01=SI;R2.D02=SI;R2.D03=NO,MUNICIPIO30233,MUNICIPIO_SIN_CN_TRAB,Si,No,30233,,Regla 2 coherente para validaciones implementadas.
GPA-001__R2-002__R1-003__0016,GPA-001__R2-002__R1-003,02_inputs_xml_flat/GPA-001__R2-002__R1-003__0016.xml,PASS,INFO,R1.D01=NO;R1.D03=SI;R2.D01=SI;R2.D02=SI;R2.D03=NO,MUNICIPIO30231,MUNICIPIO_SIN_CN_TRAB,Si,No,30231,,Regla 2 coherente para validaciones implementadas.
GPA-001__R2-002__R1-003__0017,GPA-001__R2-002__R1-003,02_inputs_xml_flat/GPA-001__R2-002__R1-003__0017.xml,PASS,INFO,R1.D01=NO;R1.D03=SI;R2.D01=SI;R2.D02=SI;R2.D03=NO,MUNICIPIO30232,MUNICIPIO_SIN_CN_TRAB,Si,No,30232,,Regla 2 coherente para validaciones implementadas.
GPA-001__R2-002__R1-003__0018,GPA-001__R2-002__R1-003,02_inputs_xml_flat/GPA-001__R2-002__R1-003__0018.xml,PASS,INFO,R1.D01=NO;R1.D03=SI;R2.D01=SI;R2.D02=SI;R2.D03=NO,MUNICIPIO30233,MUNICIPIO_SIN_CN_TRAB,Si,No,30233,,Regla 2 coherente para validaciones implementadas.
GPA-001__R2-002__R1-003__0019,GPA-001__R2-002__R1-003,02_inputs_xml_flat/GPA-001__R2-002__R1-003__0019.xml,PASS,INFO,R1.D01=NO;R1.D03=SI;R2.D01=SI;R2.D02=SI;R2.D03=NO,MUNICIPIO30231,MUNICIPIO_SIN_CN_TRAB,Si,No,30231,,Regla 2 coherente para validaciones implementadas.
GPA-001__R2-002__R1-003__0020,GPA-001__R2-002__R1-003,02_inputs_xml_flat/GPA-001__R2-002__R1-003__0020.xml,PASS,INFO,R1.D01=NO;R1.D03=SI;R2.D01=SI;R2.D02=SI;R2.D03=NO,MUNICIPIO30232,MUNICIPIO_SIN_CN_TRAB,Si,No,30232,,Regla 2 coherente para validaciones implementadas.
GPA-001__R2-002__R1-003__0021,GPA-001__R2-002__R1-003,02_inputs_xml_flat/GPA-001__R2-002__R1-003__0021.xml,PASS,INFO,R1.D01=NO;R1.D03=SI;R2.D01=SI;R2.D02=SI;R2.D03=NO,MUNICIPIO30233,MUNICIPIO_SIN_CN_TRAB,Si,No,30233,,Regla 2 coherente para validaciones implementadas.
GPA-001__R2-002__R1-003__0022,GPA-001__R2-002__R1-003,02_inputs_xml_flat/GPA-001__R2-002__R1-003__0022.xml,PASS,INFO,R1.D01=NO;R1.D03=SI;R2.D01=SI;R2.D02=SI;R2.D03=NO,MUNICIPIO30231,MUNICIPIO_SIN_CN_TRAB,Si,No,30231,,Regla 2 coherente para validaciones implementadas.
GPA-001__R2-002__R1-003__0023,GPA-001__R2-002__R1-003,02_inputs_xml_flat/GPA-001__R2-002__R1-003__0023.xml,PASS,INFO,R1.D01=NO;R1.D03=SI;R2.D01=SI;R2.D02=SI;R2.D03=NO,MUNICIPIO30232,MUNICIPIO_SIN_CN_TRAB,Si,No,30232,,Regla 2 coherente para validaciones implementadas.
GPA-001__R2-002__R1-003__0024,GPA-001__R2-002__R1-003,02_inputs_xml_flat/GPA-001__R2-002__R1-003__0024.xml,PASS,INFO,R1.D01=NO;R1.D03=SI;R2.D01=SI;R2.D02=SI;R2.D03=NO,MUNICIPIO30233,MUNICIPIO_SIN_CN_TRAB,Si,No,30233,,Regla 2 coherente para validaciones implementadas.
GPA-001__R2-002__R1-003__0025,GPA-001__R2-002__R1-003,02_inputs_xml_flat/GPA-001__R2-002__R1-003__0025.xml,PASS,INFO,R1.D01=NO;R1.D03=SI;R2.D01=SI;R2.D02=SI;R2.D03=NO,MUNICIPIO30231,MUNICIPIO_SIN_CN_TRAB,Si,No,30231,,Regla 2 coherente para validaciones implementadas.
GPA-001__R2-002__R1-003__0026,GPA-001__R2-002__R1-003,02_inputs_xml_flat/GPA-001__R2-002__R1-003__0026.xml,PASS,INFO,R1.D01=NO;R1.D03=SI;R2.D01=SI;R2.D02=SI;R2.D03=NO,MUNICIPIO30232,MUNICIPIO_SIN_CN_TRAB,Si,No,30232,,Regla 2 coherente para validaciones implementadas.
GPA-001__R2-002__R1-003__0027,GPA-001__R2-002__R1-003,02_inputs_xml_flat/GPA-001__R2-002__R1-003__0027.xml,PASS,INFO,R1.D01=NO;R1.D03=SI;R2.D01=SI;R2.D02=SI;R2.D03=NO,MUNICIPIO30233,MUNICIPIO_SIN_CN_TRAB,Si,No,30233,,Regla 2 coherente para validaciones implementadas.
GPA-001__R2-002__R1-003__0028,GPA-001__R2-002__R1-003,02_inputs_xml_flat/GPA-001__R2-002__R1-003__0028.xml,PASS,INFO,R1.D01=NO;R1.D03=SI;R2.D01=SI;R2.D02=SI;R2.D03=NO,MUNICIPIO30231,MUNICIPIO_SIN_CN_TRAB,Si,No,30231,,Regla 2 coherente para validaciones implementadas.
GPA-001__R2-002__R1-003__0029,GPA-001__R2-002__R1-003,02_inputs_xml_flat/GPA-001__R2-002__R1-003__0029.xml,PASS,INFO,R1.D01=NO;R1.D03=SI;R2.D01=SI;R2.D02=SI;R2.D03=NO,MUNICIPIO30232,MUNICIPIO_SIN_CN_TRAB,Si,No,30232,,Regla 2 coherente para validaciones implementadas.
GPA-001__R2-002__R1-003__0030,GPA-001__R2-002__R1-003,02_inputs_xml_flat/GPA-001__R2-002__R1-003__0030.xml,PASS,INFO,R1.D01=NO;R1.D03=SI;R2.D01=SI;R2.D02=SI;R2.D03=NO,MUNICIPIO30233,MUNICIPIO_SIN_CN_TRAB,Si,No,30233,,Regla 2 coherente para validaciones implementadas.
GPA-001__R2-002__R1-003__0031,GPA-001__R2-002__R1-003,02_inputs_xml_flat/GPA-001__R2-002__R1-003__0031.xml,PASS,INFO,R1.D01=NO;R1.D03=SI;R2.D01=SI;R2.D02=SI;R2.D03=NO,MUNICIPIO30231,MUNICIPIO_SIN_CN_TRAB,Si,No,30231,,Regla 2 coherente para validaciones implementadas.
GPA-001__R2-002__R1-003__0032,GPA-001__R2-002__R1-003,02_inputs_xml_flat/GPA-001__R2-002__R1-003__0032.xml,PASS,INFO,R1.D01=NO;R1.D03=SI;R2.D01=SI;R2.D02=SI;R2.D03=NO,MUNICIPIO30232,MUNICIPIO_SIN_CN_TRAB,Si,No,30232,,Regla 2 coherente para validaciones implementadas.
GPA-001__R2-002__R1-003__0033,GPA-001__R2-002__R1-003,02_inputs_xml_flat/GPA-001__R2-002__R1-003__0033.xml,PASS,INFO,R1.D01=NO;R1.D03=SI;R2.D01=SI;R2.D02=SI;R2.D03=NO,MUNICIPIO30233,MUNICIPIO_SIN_CN_TRAB,Si,No,30233,,Regla 2 coherente para validaciones implementadas.
GPA-001__R2-002__R1-003__0034,GPA-001__R2-002__R1-003,02_inputs_xml_flat/GPA-001__R2-002__R1-003__0034.xml,PASS,INFO,R1.D01=NO;R1.D03=SI;R2.D01=SI;R2.D02=SI;R2.D03=NO,MUNICIPIO30231,MUNICIPIO_SIN_CN_TRAB,Si,No,30231,,Regla 2 coherente para validaciones implementadas.
GPA-001__R2-002__R1-003__0035,GPA-001__R2-002__R1-003,02_inputs_xml_flat/GPA-001__R2-002__R1-003__0035.xml,PASS,INFO,R1.D01=NO;R1.D03=SI;R2.D01=SI;R2.D02=SI;R2.D03=NO,MUNICIPIO30232,MUNICIPIO_SIN_CN_TRAB,Si,No,30232,,Regla 2 coherente para validaciones implementadas.
GPA-001__R2-002__R1-003__0036,GPA-001__R2-002__R1-003,02_inputs_xml_flat/GPA-001__R2-002__R1-003__0036.xml,PASS,INFO,R1.D01=NO;R1.D03=SI;R2.D01=SI;R2.D02=SI;R2.D03=NO,MUNICIPIO30233,MUNICIPIO_SIN_CN_TRAB,Si,No,30233,,Regla 2 coherente para validaciones implementadas.
GPA-001__R2-002__R1-003__0037,GPA-001__R2-002__R1-003,02_inputs_xml_flat/GPA-001__R2-002__R1-003__0037.xml,PASS,INFO,R1.D01=NO;R1.D03=SI;R2.D01=SI;R2.D02=SI;R2.D03=NO,MUNICIPIO30231,MUNICIPIO_SIN_CN_TRAB,Si,No,30231,,Regla 2 coherente para validaciones implementadas.
GPA-001__R2-002__R1-003__0038,GPA-001__R2-002__R1-003,02_inputs_xml_flat/GPA-001__R2-002__R1-003__0038.xml,PASS,INFO,R1.D01=NO;R1.D03=SI;R2.D01=SI;R2.D02=SI;R2.D03=NO,MUNICIPIO30232,MUNICIPIO_SIN_CN_TRAB,Si,No,30232,,Regla 2 coherente para validaciones implementadas.
GPA-001__R2-002__R1-003__0039,GPA-001__R2-002__R1-003,02_inputs_xml_flat/GPA-001__R2-002__R1-003__0039.xml,PASS,INFO,R1.D01=NO;R1.D03=SI;R2.D01=SI;R2.D02=SI;R2.D03=NO,MUNICIPIO30233,MUNICIPIO_SIN_CN_TRAB,Si,No,30233,,Regla 2 coherente para validaciones implementadas.
GPA-001__R2-002__R1-003__0040,GPA-001__R2-002__R1-003,02_inputs_xml_flat/GPA-001__R2-002__R1-003__0040.xml,PASS,INFO,R1.D01=NO;R1.D03=SI;R2.D01=SI;R2.D02=SI;R2.D03=NO,MUNICIPIO30231,MUNICIPIO_SIN_CN_TRAB,Si,No,30231,,Regla 2 coherente para validaciones implementadas.
GPA-001__R2-002__R1-003__0041,GPA-001__R2-002__R1-003,02_inputs_xml_flat/GPA-001__R2-002__R1-003__0041.xml,PASS,INFO,R1.D01=NO;R1.D03=SI;R2.D01=SI;R2.D02=SI;R2.D03=NO,MUNICIPIO30232,MUNICIPIO_SIN_CN_TRAB,Si,No,30232,,Regla 2 coherente para validaciones implementadas.
GPA-001__R2-002__R1-003__0042,GPA-001__R2-002__R1-003,02_inputs_xml_flat/GPA-001__R2-002__R1-003__0042.xml,PASS,INFO,R1.D01=NO;R1.D03=SI;R2.D01=SI;R2.D02=SI;R2.D03=NO,MUNICIPIO30233,MUNICIPIO_SIN_CN_TRAB,Si,No,30233,,Regla 2 coherente para validaciones implementadas.
GPA-001__R2-002__R1-003__0043,GPA-001__R2-002__R1-003,02_inputs_xml_flat/GPA-001__R2-002__R1-003__0043.xml,PASS,INFO,R1.D01=NO;R1.D03=SI;R2.D01=SI;R2.D02=SI;R2.D03=NO,MUNICIPIO30231,MUNICIPIO_SIN_CN_TRAB,Si,No,30231,,Regla 2 coherente para validaciones implementadas.
GPA-001__R2-002__R1-003__0044,GPA-001__R2-002__R1-003,02_inputs_xml_flat/GPA-001__R2-002__R1-003__0044.xml,PASS,INFO,R1.D01=NO;R1.D03=SI;R2.D01=SI;R2.D02=SI;R2.D03=NO,MUNICIPIO30232,MUNICIPIO_SIN_CN_TRAB,Si,No,30232,,Regla 2 coherente para validaciones implementadas.
GPA-001__R2-002__R1-003__0045,GPA-001__R2-002__R1-003,02_inputs_xml_flat/GPA-001__R2-002__R1-003__0045.xml,PASS,INFO,R1.D01=NO;R1.D03=SI;R2.D01=SI;R2.D02=SI;R2.D03=NO,MUNICIPIO30233,MUNICIPIO_SIN_CN_TRAB,Si,No,30233,,Regla 2 coherente para validaciones implementadas.
GPA-001__R2-002__R1-003__0046,GPA-001__R2-002__R1-003,02_inputs_xml_flat/GPA-001__R2-002__R1-003__0046.xml,PASS,INFO,R1.D01=NO;R1.D03=SI;R2.D01=SI;R2.D02=SI;R2.D03=NO,MUNICIPIO30231,MUNICIPIO_SIN_CN_TRAB,Si,No,30231,,Regla 2 coherente para validaciones implementadas.
GPA-001__R2-002__R1-003__0047,GPA-001__R2-002__R1-003,02_inputs_xml_flat/GPA-001__R2-002__R1-003__0047.xml,PASS,INFO,R1.D01=NO;R1.D03=SI;R2.D01=SI;R2.D02=SI;R2.D03=NO,MUNICIPIO30232,MUNICIPIO_SIN_CN_TRAB,Si,No,30232,,Regla 2 coherente para validaciones implementadas.
GPA-001__R2-002__R1-003__0048,GPA-001__R2-002__R1-003,02_inputs_xml_flat/GPA-001__R2-002__R1-003__0048.xml,PASS,INFO,R1.D01=NO;R1.D03=SI;R2.D01=SI;R2.D02=SI;R2.D03=NO,MUNICIPIO30233,MUNICIPIO_SIN_CN_TRAB,Si,No,30233,,Regla 2 coherente para validaciones implementadas.
GPA-001__R2-002__R1-003__0049,GPA-001__R2-002__R1-003,02_inputs_xml_flat/GPA-001__R2-002__R1-003__0049.xml,PASS,INFO,R1.D01=NO;R1.D03=SI;R2.D01=SI;R2.D02=SI;R2.D03=NO,MUNICIPIO30231,MUNICIPIO_SIN_CN_TRAB,Si,No,30231,,Regla 2 coherente para validaciones implementadas.
GPA-001__R2-002__R1-003__0050,GPA-001__R2-002__R1-003,02_inputs_xml_flat/GPA-001__R2-002__R1-003__0050.xml,PASS,INFO,R1.D01=NO;R1.D03=SI;R2.D01=SI;R2.D02=SI;R2.D03=NO,MUNICIPIO30232,MUNICIPIO_SIN_CN_TRAB,Si,No,30232,,Regla 2 coherente para validaciones implementadas.
GPA-001__R2-002__R1-003__0051,GPA-001__R2-002__R1-003,02_inputs_xml_flat/GPA-001__R2-002__R1-003__0051.xml,PASS,INFO,R1.D01=NO;R1.D03=SI;R2.D01=SI;R2.D02=SI;R2.D03=NO,MUNICIPIO30233,MUNICIPIO_SIN_CN_TRAB,Si,No,30233,,Regla 2 coherente para validaciones implementadas.
GPA-001__R2-002__R1-003__0052,GPA-001__R2-002__R1-003,02_inputs_xml_flat/GPA-001__R2-002__R1-003__0052.xml,PASS,INFO,R1.D01=NO;R1.D03=SI;R2.D01=SI;R2.D02=SI;R2.D03=NO,MUNICIPIO30231,MUNICIPIO_SIN_CN_TRAB,Si,No,30231,,Regla 2 coherente para validaciones implementadas.
GPA-001__R2-002__R1-003__0053,GPA-001__R2-002__R1-003,02_inputs_xml_flat/GPA-001__R2-002__R1-003__0053.xml,PASS,INFO,R1.D01=NO;R1.D03=SI;R2.D01=SI;R2.D02=SI;R2.D03=NO,MUNICIPIO30232,MUNICIPIO_SIN_CN_TRAB,Si,No,30232,,Regla 2 coherente para validaciones implementadas.
GPA-001__R2-002__R1-003__0054,GPA-001__R2-002__R1-003,02_inputs_xml_flat/GPA-001__R2-002__R1-003__0054.xml,PASS,INFO,R1.D01=NO;R1.D03=SI;R2.D01=SI;R2.D02=SI;R2.D03=NO,MUNICIPIO30233,MUNICIPIO_SIN_CN_TRAB,Si,No,30233,,Regla 2 coherente para validaciones implementadas.
GPA-001__R2-002__R1-003__0055,GPA-001__R2-002__R1-003,02_inputs_xml_flat/GPA-001__R2-002__R1-003__0055.xml,PASS,INFO,R1.D01=NO;R1.D03=SI;R2.D01=SI;R2.D02=SI;R2.D03=NO,MUNICIPIO30231,MUNICIPIO_SIN_CN_TRAB,Si,No,30231,,Regla 2 coherente para validaciones implementadas.
GPA-001__R2-002__R1-003__0056,GPA-001__R2-002__R1-003,02_inputs_xml_flat/GPA-001__R2-002__R1-003__0056.xml,PASS,INFO,R1.D01=NO;R1.D03=SI;R2.D01=SI;R2.D02=SI;R2.D03=NO,MUNICIPIO30232,MUNICIPIO_SIN_CN_TRAB,Si,No,30232,,Regla 2 coherente para validaciones implementadas.
GPA-001__R2-002__R1-003__0057,GPA-001__R2-002__R1-003,02_inputs_xml_flat/GPA-001__R2-002__R1-003__0057.xml,PASS,INFO,R1.D01=NO;R1.D03=SI;R2.D01=SI;R2.D02=SI;R2.D03=NO,MUNICIPIO30233,MUNICIPIO_SIN_CN_TRAB,Si,No,30233,,Regla 2 coherente para validaciones implementadas.
GPA-001__R2-002__R1-003__0058,GPA-001__R2-002__R1-003,02_inputs_xml_flat/GPA-001__R2-002__R1-003__0058.xml,PASS,INFO,R1.D01=NO;R1.D03=SI;R2.D01=SI;R2.D02=SI;R2.D03=NO,MUNICIPIO30231,MUNICIPIO_SIN_CN_TRAB,Si,No,30231,,Regla 2 coherente para validaciones implementadas.
GPA-001__R2-002__R1-003__0059,GPA-001__R2-002__R1-003,02_inputs_xml_flat/GPA-001__R2-002__R1-003__0059.xml,PASS,INFO,R1.D01=NO;R1.D03=SI;R2.D01=SI;R2.D02=SI;R2.D03=NO,MUNICIPIO30232,MUNICIPIO_SIN_CN_TRAB,Si,No,30232,,Regla 2 coherente para validaciones implementadas.
GPA-001__R2-002__R1-003__0060,GPA-001__R2-002__R1-003,02_inputs_xml_flat/GPA-001__R2-002__R1-003__0060.xml,PASS,INFO,R1.D01=NO;R1.D03=SI;R2.D01=SI;R2.D02=SI;R2.D03=NO,MUNICIPIO30233,MUNICIPIO_SIN_CN_TRAB,Si,No,30233,,Regla 2 coherente para validaciones implementadas.
GPA-001__R2-002__R1-003__0061,GPA-001__R2-002__R1-003,02_inputs_xml_flat/GPA-001__R2-002__R1-003__0061.xml,PASS,INFO,R1.D01=NO;R1.D03=SI;R2.D01=SI;R2.D02=SI;R2.D03=NO,MUNICIPIO30231,MUNICIPIO_SIN_CN_TRAB,Si,No,30231,,Regla 2 coherente para validaciones implementadas.
GPA-001__R2-002__R1-003__0062,GPA-001__R2-002__R1-003,02_inputs_xml_flat/GPA-001__R2-002__R1-003__0062.xml,PASS,INFO,R1.D01=NO;R1.D03=SI;R2.D01=SI;R2.D02=SI;R2.D03=NO,MUNICIPIO30232,MUNICIPIO_SIN_CN_TRAB,Si,No,30232,,Regla 2 coherente para validaciones implementadas.
GPA-001__R2-002__R1-003__0063,GPA-001__R2-002__R1-003,02_inputs_xml_flat/GPA-001__R2-002__R1-003__0063.xml,PASS,INFO,R1.D01=NO;R1.D03=SI;R2.D01=SI;R2.D02=SI;R2.D03=NO,MUNICIPIO30233,MUNICIPIO_SIN_CN_TRAB,Si,No,30233,,Regla 2 coherente para validaciones implementadas.
GPA-001__R2-002__R1-003__0064,GPA-001__R2-002__R1-003,02_inputs_xml_flat/GPA-001__R2-002__R1-003__0064.xml,PASS,INFO,R1.D01=NO;R1.D03=SI;R2.D01=SI;R2.D02=SI;R2.D03=NO,MUNICIPIO30231,MUNICIPIO_SIN_CN_TRAB,Si,No,30231,,Regla 2 coherente para validaciones implementadas.
GPA-001__R2-002__R1-003__0065,GPA-001__R2-002__R1-003,02_inputs_xml_flat/GPA-001__R2-002__R1-003__0065.xml,PASS,INFO,R1.D01=NO;R1.D03=SI;R2.D01=SI;R2.D02=SI;R2.D03=NO,MUNICIPIO30232,MUNICIPIO_SIN_CN_TRAB,Si,No,30232,,Regla 2 coherente para validaciones implementadas.
GPA-001__R2-002__R1-003__0066,GPA-001__R2-002__R1-003,02_inputs_xml_flat/GPA-001__R2-002__R1-003__0066.xml,PASS,INFO,R1.D01=NO;R1.D03=SI;R2.D01=SI;R2.D02=SI;R2.D03=NO,MUNICIPIO30233,MUNICIPIO_SIN_CN_TRAB,Si,No,30233,,Regla 2 coherente para validaciones implementadas.
GPA-001__R2-002__R1-003__0067,GPA-001__R2-002__R1-003,02_inputs_xml_flat/GPA-001__R2-002__R1-003__0067.xml,PASS,INFO,R1.D01=NO;R1.D03=SI;R2.D01=SI;R2.D02=SI;R2.D03=NO,MUNICIPIO30231,MUNICIPIO_SIN_CN_TRAB,Si,No,30231,,Regla 2 coherente para validaciones implementadas.
GPA-001__R2-002__R1-003__0068,GPA-001__R2-002__R1-003,02_inputs_xml_flat/GPA-001__R2-002__R1-003__0068.xml,PASS,INFO,R1.D01=NO;R1.D03=SI;R2.D01=SI;R2.D02=SI;R2.D03=NO,MUNICIPIO30232,MUNICIPIO_SIN_CN_TRAB,Si,No,30232,,Regla 2 coherente para validaciones implementadas.
GPA-001__R2-002__R1-003__0069,GPA-001__R2-002__R1-003,02_inputs_xml_flat/GPA-001__R2-002__R1-003__0069.xml,PASS,INFO,R1.D01=NO;R1.D03=SI;R2.D01=SI;R2.D02=SI;R2.D03=NO,MUNICIPIO30233,MUNICIPIO_SIN_CN_TRAB,Si,No,30233,,Regla 2 coherente para validaciones implementadas.
GPA-001__R2-002__R1-003__0070,GPA-001__R2-002__R1-003,02_inputs_xml_flat/GPA-001__R2-002__R1-003__0070.xml,PASS,INFO,R1.D01=NO;R1.D03=SI;R2.D01=SI;R2.D02=SI;R2.D03=NO,MUNICIPIO30231,MUNICIPIO_SIN_CN_TRAB,Si,No,30231,,Regla 2 coherente para validaciones implementadas.
GPA-001__R2-002__R1-003__0071,GPA-001__R2-002__R1-003,02_inputs_xml_flat/GPA-001__R2-002__R1-003__0071.xml,PASS,INFO,R1.D01=NO;R1.D03=SI;R2.D01=SI;R2.D02=SI;R2.D03=NO,MUNICIPIO30232,MUNICIPIO_SIN_CN_TRAB,Si,No,30232,,Regla 2 coherente para validaciones implementadas.
GPA-001__R2-002__R1-003__0072,GPA-001__R2-002__R1-003,02_inputs_xml_flat/GPA-001__R2-002__R1-003__0072.xml,PASS,INFO,R1.D01=NO;R1.D03=SI;R2.D01=SI;R2.D02=SI;R2.D03=NO,MUNICIPIO30233,MUNICIPIO_SIN_CN_TRAB,Si,No,30233,,Regla 2 coherente para validaciones implementadas.
GPA-001__R2-002__R1-003__0073,GPA-001__R2-002__R1-003,02_inputs_xml_flat/GPA-001__R2-002__R1-003__0073.xml,PASS,INFO,R1.D01=NO;R1.D03=SI;R2.D01=SI;R2.D02=SI;R2.D03=NO,MUNICIPIO30231,MUNICIPIO_SIN_CN_TRAB,Si,No,30231,,Regla 2 coherente para validaciones implementadas.
GPA-001__R2-002__R1-003__0074,GPA-001__R2-002__R1-003,02_inputs_xml_flat/GPA-001__R2-002__R1-003__0074.xml,PASS,INFO,R1.D01=NO;R1.D03=SI;R2.D01=SI;R2.D02=SI;R2.D03=NO,MUNICIPIO30232,MUNICIPIO_SIN_CN_TRAB,Si,No,30232,,Regla 2 coherente para validaciones implementadas.
GPA-001__R2-002__R1-003__0075,GPA-001__R2-002__R1-003,02_inputs_xml_flat/GPA-001__R2-002__R1-003__0075.xml,PASS,INFO,R1.D01=NO;R1.D03=SI;R2.D01=SI;R2.D02=SI;R2.D03=NO,MUNICIPIO30233,MUNICIPIO_SIN_CN_TRAB,Si,No,30233,,Regla 2 coherente para validaciones implementadas.
GPA-001__R2-002__R1-003__0076,GPA-001__R2-002__R1-003,02_inputs_xml_flat/GPA-001__R2-002__R1-003__0076.xml,PASS,INFO,R1.D01=NO;R1.D03=SI;R2.D01=SI;R2.D02=SI;R2.D03=NO,MUNICIPIO30231,MUNICIPIO_SIN_CN_TRAB,Si,No,30231,,Regla 2 coherente para validaciones implementadas.
GPA-001__R2-002__R1-003__0077,GPA-001__R2-002__R1-003,02_inputs_xml_flat/GPA-001__R2-002__R1-003__0077.xml,PASS,INFO,R1.D01=NO;R1.D03=SI;R2.D01=SI;R2.D02=SI;R2.D03=NO,MUNICIPIO30232,MUNICIPIO_SIN_CN_TRAB,Si,No,30232,,Regla 2 coherente para validaciones implementadas.
GPA-001__R2-002__R1-003__0078,GPA-001__R2-002__R1-003,02_inputs_xml_flat/GPA-001__R2-002__R1-003__0078.xml,PASS,INFO,R1.D01=NO;R1.D03=SI;R2.D01=SI;R2.D02=SI;R2.D03=NO,MUNICIPIO30233,MUNICIPIO_SIN_CN_TRAB,Si,No,30233,,Regla 2 coherente para validaciones implementadas.
GPA-001__R2-002__R1-003__0079,GPA-001__R2-002__R1-003,02_inputs_xml_flat/GPA-001__R2-002__R1-003__0079.xml,PASS,INFO,R1.D01=NO;R1.D03=SI;R2.D01=SI;R2.D02=SI;R2.D03=NO,MUNICIPIO30231,MUNICIPIO_SIN_CN_TRAB,Si,No,30231,,Regla 2 coherente para validaciones implementadas.
GPA-001__R2-002__R1-003__0080,GPA-001__R2-002__R1-003,02_inputs_xml_flat/GPA-001__R2-002__R1-003__0080.xml,PASS,INFO,R1.D01=NO;R1.D03=SI;R2.D01=SI;R2.D02=SI;R2.D03=NO,MUNICIPIO30232,MUNICIPIO_SIN_CN_TRAB,Si,No,30232,,Regla 2 coherente para validaciones implementadas.
GPA-001__R2-002__R1-003__0081,GPA-001__R2-002__R1-003,02_inputs_xml_flat/GPA-001__R2-002__R1-003__0081.xml,PASS,INFO,R1.D01=NO;R1.D03=SI;R2.D01=SI;R2.D02=SI;R2.D03=NO,MUNICIPIO30233,MUNICIPIO_SIN_CN_TRAB,Si,No,30233,,Regla 2 coherente para validaciones implementadas.
GPA-001__R2-002__R1-003__0082,GPA-001__R2-002__R1-003,02_inputs_xml_flat/GPA-001__R2-002__R1-003__0082.xml,PASS,INFO,R1.D01=NO;R1.D03=SI;R2.D01=SI;R2.D02=SI;R2.D03=NO,MUNICIPIO30231,MUNICIPIO_SIN_CN_TRAB,Si,No,30231,,Regla 2 coherente para validaciones implementadas.
GPA-001__R2-002__R1-003__0083,GPA-001__R2-002__R1-003,02_inputs_xml_flat/GPA-001__R2-002__R1-003__0083.xml,PASS,INFO,R1.D01=NO;R1.D03=SI;R2.D01=SI;R2.D02=SI;R2.D03=NO,MUNICIPIO30232,MUNICIPIO_SIN_CN_TRAB,Si,No,30232,,Regla 2 coherente para validaciones implementadas.
GPA-001__R2-002__R1-003__0084,GPA-001__R2-002__R1-003,02_inputs_xml_flat/GPA-001__R2-002__R1-003__0084.xml,PASS,INFO,R1.D01=NO;R1.D03=SI;R2.D01=SI;R2.D02=SI;R2.D03=NO,MUNICIPIO30233,MUNICIPIO_SIN_CN_TRAB,Si,No,30233,,Regla 2 coherente para validaciones implementadas.
GPA-001__R2-002__R1-003__0085,GPA-001__R2-002__R1-003,02_inputs_xml_flat/GPA-001__R2-002__R1-003__0085.xml,PASS,INFO,R1.D01=NO;R1.D03=SI;R2.D01=SI;R2.D02=SI;R2.D03=NO,MUNICIPIO30231,MUNICIPIO_SIN_CN_TRAB,Si,No,30231,,Regla 2 coherente para validaciones implementadas.
GPA-001__R2-002__R1-003__0086,GPA-001__R2-002__R1-003,02_inputs_xml_flat/GPA-001__R2-002__R1-003__0086.xml,PASS,INFO,R1.D01=NO;R1.D03=SI;R2.D01=SI;R2.D02=SI;R2.D03=NO,MUNICIPIO30232,MUNICIPIO_SIN_CN_TRAB,Si,No,30232,,Regla 2 coherente para validaciones implementadas.
GPA-001__R2-002__R1-003__0087,GPA-001__R2-002__R1-003,02_inputs_xml_flat/GPA-001__R2-002__R1-003__0087.xml,PASS,INFO,R1.D01=NO;R1.D03=SI;R2.D01=SI;R2.D02=SI;R2.D03=NO,MUNICIPIO30233,MUNICIPIO_SIN_CN_TRAB,Si,No,30233,,Regla 2 coherente para validaciones implementadas.
GPA-001__R2-002__R1-003__0088,GPA-001__R2-002__R1-003,02_inputs_xml_flat/GPA-001__R2-002__R1-003__0088.xml,PASS,INFO,R1.D01=NO;R1.D03=SI;R2.D01=SI;R2.D02=SI;R2.D03=NO,MUNICIPIO30231,MUNICIPIO_SIN_CN_TRAB,Si,No,30231,,Regla 2 coherente para validaciones implementadas.
GPA-001__R2-002__R1-003__0089,GPA-001__R2-002__R1-003,02_inputs_xml_flat/GPA-001__R2-002__R1-003__0089.xml,PASS,INFO,R1.D01=NO;R1.D03=SI;R2.D01=SI;R2.D02=SI;R2.D03=NO,MUNICIPIO30232,MUNICIPIO_SIN_CN_TRAB,Si,No,30232,,Regla 2 coherente para validaciones implementadas.
GPA-001__R2-002__R1-003__0090,GPA-001__R2-002__R1-003,02_inputs_xml_flat/GPA-001__R2-002__R1-003__0090.xml,PASS,INFO,R1.D01=NO;R1.D03=SI;R2.D01=SI;R2.D02=SI;R2.D03=NO,MUNICIPIO30233,MUNICIPIO_SIN_CN_TRAB,Si,No,30233,,Regla 2 coherente para validaciones implementadas.
GPA-001__R2-002__R1-003__0091,GPA-001__R2-002__R1-003,02_inputs_xml_flat/GPA-001__R2-002__R1-003__0091.xml,PASS,INFO,R1.D01=NO;R1.D03=SI;R2.D01=SI;R2.D02=SI;R2.D03=NO,MUNICIPIO30231,MUNICIPIO_SIN_CN_TRAB,Si,No,30231,,Regla 2 coherente para validaciones implementadas.
GPA-001__R2-002__R1-003__0092,GPA-001__R2-002__R1-003,02_inputs_xml_flat/GPA-001__R2-002__R1-003__0092.xml,PASS,INFO,R1.D01=NO;R1.D03=SI;R2.D01=SI;R2.D02=SI;R2.D03=NO,MUNICIPIO30232,MUNICIPIO_SIN_CN_TRAB,Si,No,30232,,Regla 2 coherente para validaciones implementadas.
GPA-001__R2-002__R1-003__0093,GPA-001__R2-002__R1-003,02_inputs_xml_flat/GPA-001__R2-002__R1-003__0093.xml,PASS,INFO,R1.D01=NO;R1.D03=SI;R2.D01=SI;R2.D02=SI;R2.D03=NO,MUNICIPIO30233,MUNICIPIO_SIN_CN_TRAB,Si,No,30233,,Regla 2 coherente para validaciones implementadas.
GPA-001__R2-002__R1-003__0094,GPA-001__R2-002__R1-003,02_inputs_xml_flat/GPA-001__R2-002__R1-003__0094.xml,PASS,INFO,R1.D01=NO;R1.D03=SI;R2.D01=SI;R2.D02=SI;R2.D03=NO,MUNICIPIO30231,MUNICIPIO_SIN_CN_TRAB,Si,No,30231,,Regla 2 coherente para validaciones implementadas.
GPA-001__R2-002__R1-003__0095,GPA-001__R2-002__R1-003,02_inputs_xml_flat/GPA-001__R2-002__R1-003__0095.xml,PASS,INFO,R1.D01=NO;R1.D03=SI;R2.D01=SI;R2.D02=SI;R2.D03=NO,MUNICIPIO30232,MUNICIPIO_SIN_CN_TRAB,Si,No,30232,,Regla 2 coherente para validaciones implementadas.
GPA-001__R2-002__R1-003__0096,GPA-001__R2-002__R1-003,02_inputs_xml_flat/GPA-001__R2-002__R1-003__0096.xml,PASS,INFO,R1.D01=NO;R1.D03=SI;R2.D01=SI;R2.D02=SI;R2.D03=NO,MUNICIPIO30233,MUNICIPIO_SIN_CN_TRAB,Si,No,30233,,Regla 2 coherente para validaciones implementadas.
GPA-001__R2-002__R1-003__0097,GPA-001__R2-002__R1-003,02_inputs_xml_flat/GPA-001__R2-002__R1-003__0097.xml,PASS,INFO,R1.D01=NO;R1.D03=SI;R2.D01=SI;R2.D02=SI;R2.D03=NO,MUNICIPIO30231,MUNICIPIO_SIN_CN_TRAB,Si,No,30231,,Regla 2 coherente para validaciones implementadas.
GPA-001__R2-002__R1-003__0098,GPA-001__R2-002__R1-003,02_inputs_xml_flat/GPA-001__R2-002__R1-003__0098.xml,PASS,INFO,R1.D01=NO;R1.D03=SI;R2.D01=SI;R2.D02=SI;R2.D03=NO,MUNICIPIO30232,MUNICIPIO_SIN_CN_TRAB,Si,No,30232,,Regla 2 coherente para validaciones implementadas.
GPA-001__R2-002__R1-003__0099,GPA-001__R2-002__R1-003,02_inputs_xml_flat/GPA-001__R2-002__R1-003__0099.xml,PASS,INFO,R1.D01=NO;R1.D03=SI;R2.D01=SI;R2.D02=SI;R2.D03=NO,MUNICIPIO30233,MUNICIPIO_SIN_CN_TRAB,Si,No,30233,,Regla 2 coherente para validaciones implementadas.
GPA-001__R2-002__R1-003__0100,GPA-001__R2-002__R1-003,02_inputs_xml_flat/GPA-001__R2-002__R1-003__0100.xml,PASS,INFO,R1.D01=NO;R1.D03=SI;R2.D01=SI;R2.D02=SI;R2.D03=NO,MUNICIPIO30231,MUNICIPIO_SIN_CN_TRAB,Si,No,30231,,Regla 2 coherente para validaciones implementadas.
GPA-001__R2-002__R1-003__0101,GPA-001__R2-002__R1-003,02_inputs_xml_flat/GPA-001__R2-002__R1-003__0101.xml,PASS,INFO,R1.D01=NO;R1.D03=SI;R2.D01=SI;R2.D02=SI;R2.D03=NO,MUNICIPIO30232,MUNICIPIO_SIN_CN_TRAB,Si,No,30232,,Regla 2 coherente para validaciones implementadas.
GPA-001__R2-002__R1-003__0102,GPA-001__R2-002__R1-003,02_inputs_xml_flat/GPA-001__R2-002__R1-003__0102.xml,PASS,INFO,R1.D01=NO;R1.D03=SI;R2.D01=SI;R2.D02=SI;R2.D03=NO,MUNICIPIO30233,MUNICIPIO_SIN_CN_TRAB,Si,No,30233,,Regla 2 coherente para validaciones implementadas.
GPA-001__R2-002__R1-003__0103,GPA-001__R2-002__R1-003,02_inputs_xml_flat/GPA-001__R2-002__R1-003__0103.xml,PASS,INFO,R1.D01=NO;R1.D03=SI;R2.D01=SI;R2.D02=SI;R2.D03=NO,MUNICIPIO30231,MUNICIPIO_SIN_CN_TRAB,Si,No,30231,,Regla 2 coherente para validaciones implementadas.
GPA-001__R2-002__R1-003__0104,GPA-001__R2-002__R1-003,02_inputs_xml_flat/GPA-001__R2-002__R1-003__0104.xml,PASS,INFO,R1.D01=NO;R1.D03=SI;R2.D01=SI;R2.D02=SI;R2.D03=NO,MUNICIPIO30232,MUNICIPIO_SIN_CN_TRAB,Si,No,30232,,Regla 2 coherente para validaciones implementadas.
GPA-001__R2-002__R1-003__0105,GPA-001__R2-002__R1-003,02_inputs_xml_flat/GPA-001__R2-002__R1-003__0105.xml,PASS,INFO,R1.D01=NO;R1.D03=SI;R2.D01=SI;R2.D02=SI;R2.D03=NO,MUNICIPIO30233,MUNICIPIO_SIN_CN_TRAB,Si,No,30233,,Regla 2 coherente para validaciones implementadas.
GPA-001__R2-002__R1-003__0106,GPA-001__R2-002__R1-003,02_inputs_xml_flat/GPA-001__R2-002__R1-003__0106.xml,PASS,INFO,R1.D01=NO;R1.D03=SI;R2.D01=SI;R2.D02=SI;R2.D03=NO,MUNICIPIO30231,MUNICIPIO_SIN_CN_TRAB,Si,No,30231,,Regla 2 coherente para validaciones implementadas.
GPA-001__R2-002__R1-003__0107,GPA-001__R2-002__R1-003,02_inputs_xml_flat/GPA-001__R2-002__R1-003__0107.xml,PASS,INFO,R1.D01=NO;R1.D03=SI;R2.D01=SI;R2.D02=SI;R2.D03=NO,MUNICIPIO30232,MUNICIPIO_SIN_CN_TRAB,Si,No,30232,,Regla 2 coherente para validaciones implementadas.
GPA-001__R2-002__R1-003__0108,GPA-001__R2-002__R1-003,02_inputs_xml_flat/GPA-001__R2-002__R1-003__0108.xml,PASS,INFO,R1.D01=NO;R1.D03=SI;R2.D01=SI;R2.D02=SI;R2.D03=NO,MUNICIPIO30233,MUNICIPIO_SIN_CN_TRAB,Si,No,30233,,Regla 2 coherente para validaciones implementadas.
GPA-001__R2-002__R1-003__0109,GPA-001__R2-002__R1-003,02_inputs_xml_flat/GPA-001__R2-002__R1-003__0109.xml,PASS,INFO,R1.D01=NO;R1.D03=SI;R2.D01=SI;R2.D02=SI;R2.D03=NO,MUNICIPIO30231,MUNICIPIO_SIN_CN_TRAB,Si,No,30231,,Regla 2 coherente para validaciones implementadas.
GPA-001__R2-002__R1-003__0110,GPA-001__R2-002__R1-003,02_inputs_xml_flat/GPA-001__R2-002__R1-003__0110.xml,PASS,INFO,R1.D01=NO;R1.D03=SI;R2.D01=SI;R2.D02=SI;R2.D03=NO,MUNICIPIO30232,MUNICIPIO_SIN_CN_TRAB,Si,No,30232,,Regla 2 coherente para validaciones implementadas.
GPA-001__R2-002__R1-003__0111,GPA-001__R2-002__R1-003,02_inputs_xml_flat/GPA-001__R2-002__R1-003__0111.xml,PASS,INFO,R1.D01=NO;R1.D03=SI;R2.D01=SI;R2.D02=SI;R2.D03=NO,MUNICIPIO30233,MUNICIPIO_SIN_CN_TRAB,Si,No,30233,,Regla 2 coherente para validaciones implementadas.
GPA-001__R2-002__R1-003__0112,GPA-001__R2-002__R1-003,02_inputs_xml_flat/GPA-001__R2-002__R1-003__0112.xml,PASS,INFO,R1.D01=NO;R1.D03=SI;R2.D01=SI;R2.D02=SI;R2.D03=NO,MUNICIPIO30231,MUNICIPIO_SIN_CN_TRAB,Si,No,30231,,Regla 2 coherente para validaciones implementadas.
GPA-001__R2-002__R1-003__0113,GPA-001__R2-002__R1-003,02_inputs_xml_flat/GPA-001__R2-002__R1-003__0113.xml,PASS,INFO,R1.D01=NO;R1.D03=SI;R2.D01=SI;R2.D02=SI;R2.D03=NO,MUNICIPIO30232,MUNICIPIO_SIN_CN_TRAB,Si,No,30232,,Regla 2 coherente para validaciones implementadas.
GPA-001__R2-002__R1-003__0114,GPA-001__R2-002__R1-003,02_inputs_xml_flat/GPA-001__R2-002__R1-003__0114.xml,PASS,INFO,R1.D01=NO;R1.D03=SI;R2.D01=SI;R2.D02=SI;R2.D03=NO,MUNICIPIO30233,MUNICIPIO_SIN_CN_TRAB,Si,No,30233,,Regla 2 coherente para validaciones implementadas.
GPA-001__R2-002__R1-003__0115,GPA-001__R2-002__R1-003,02_inputs_xml_flat/GPA-001__R2-002__R1-003__0115.xml,PASS,INFO,R1.D01=NO;R1.D03=SI;R2.D01=SI;R2.D02=SI;R2.D03=NO,MUNICIPIO30231,MUNICIPIO_SIN_CN_TRAB,Si,No,30231,,Regla 2 coherente para validaciones implementadas.
GPA-001__R2-002__R1-003__0116,GPA-001__R2-002__R1-003,02_inputs_xml_flat/GPA-001__R2-002__R1-003__0116.xml,PASS,INFO,R1.D01=NO;R1.D03=SI;R2.D01=SI;R2.D02=SI;R2.D03=NO,MUNICIPIO30232,MUNICIPIO_SIN_CN_TRAB,Si,No,30232,,Regla 2 coherente para validaciones implementadas.
GPA-001__R2-002__R1-003__0117,GPA-001__R2-002__R1-003,02_inputs_xml_flat/GPA-001__R2-002__R1-003__0117.xml,PASS,INFO,R1.D01=NO;R1.D03=SI;R2.D01=SI;R2.D02=SI;R2.D03=NO,MUNICIPIO30233,MUNICIPIO_SIN_CN_TRAB,Si,No,30233,,Regla 2 coherente para validaciones implementadas.
GPA-001__R2-002__R1-003__0118,GPA-001__R2-002__R1-003,02_inputs_xml_flat/GPA-001__R2-002__R1-003__0118.xml,PASS,INFO,R1.D01=NO;R1.D03=SI;R2.D01=SI;R2.D02=SI;R2.D03=NO,MUNICIPIO30231,MUNICIPIO_SIN_CN_TRAB,Si,No,30231,,Regla 2 coherente para validaciones implementadas.
GPA-001__R2-002__R1-003__0119,GPA-001__R2-002__R1-003,02_inputs_xml_flat/GPA-001__R2-002__R1-003__0119.xml,PASS,INFO,R1.D01=NO;R1.D03=SI;R2.D01=SI;R2.D02=SI;R2.D03=NO,MUNICIPIO30232,MUNICIPIO_SIN_CN_TRAB,Si,No,30232,,Regla 2 coherente para validaciones implementadas.
GPA-001__R2-002__R1-003__0120,GPA-001__R2-002__R1-003,02_inputs_xml_flat/GPA-001__R2-002__R1-003__0120.xml,PASS,INFO,R1.D01=NO;R1.D03=SI;R2.D01=SI;R2.D02=SI;R2.D03=NO,MUNICIPIO30233,MUNICIPIO_SIN_CN_TRAB,Si,No,30233,,Regla 2 coherente para validaciones implementadas.
GPA-001__R2-002__R1-003__0121,GPA-001__R2-002__R1-003,02_inputs_xml_flat/GPA-001__R2-002__R1-003__0121.xml,PASS,INFO,R1.D01=NO;R1.D03=SI;R2.D01=SI;R2.D02=SI;R2.D03=NO,MUNICIPIO30231,MUNICIPIO_SIN_CN_TRAB,Si,No,30231,,Regla 2 coherente para validaciones implementadas.
GPA-001__R2-002__R1-003__0122,GPA-001__R2-002__R1-003,02_inputs_xml_flat/GPA-001__R2-002__R1-003__0122.xml,PASS,INFO,R1.D01=NO;R1.D03=SI;R2.D01=SI;R2.D02=SI;R2.D03=NO,MUNICIPIO30232,MUNICIPIO_SIN_CN_TRAB,Si,No,30232,,Regla 2 coherente para validaciones implementadas.
GPA-001__R2-002__R1-003__0123,GPA-001__R2-002__R1-003,02_inputs_xml_flat/GPA-001__R2-002__R1-003__0123.xml,PASS,INFO,R1.D01=NO;R1.D03=SI;R2.D01=SI;R2.D02=SI;R2.D03=NO,MUNICIPIO30233,MUNICIPIO_SIN_CN_TRAB,Si,No,30233,,Regla 2 coherente para validaciones implementadas.
GPA-001__R2-002__R1-003__0124,GPA-001__R2-002__R1-003,02_inputs_xml_flat/GPA-001__R2-002__R1-003__0124.xml,PASS,INFO,R1.D01=NO;R1.D03=SI;R2.D01=SI;R2.D02=SI;R2.D03=NO,MUNICIPIO30231,MUNICIPIO_SIN_CN_TRAB,Si,No,30231,,Regla 2 coherente para validaciones implementadas.
GPA-001__R2-002__R1-003__0125,GPA-001__R2-002__R1-003,02_inputs_xml_flat/GPA-001__R2-002__R1-003__0125.xml,PASS,INFO,R1.D01=NO;R1.D03=SI;R2.D01=SI;R2.D02=SI;R2.D03=NO,MUNICIPIO30232,MUNICIPIO_SIN_CN_TRAB,Si,No,30232,,Regla 2 coherente para validaciones implementadas.
GPA-001__R2-002__R1-003__0126,GPA-001__R2-002__R1-003,02_inputs_xml_flat/GPA-001__R2-002__R1-003__0126.xml,PASS,INFO,R1.D01=NO;R1.D03=SI;R2.D01=SI;R2.D02=SI;R2.D03=NO,MUNICIPIO30233,MUNICIPIO_SIN_CN_TRAB,Si,No,30233,,Regla 2 coherente para validaciones implementadas.
GPA-001__R2-002__R1-003__0127,GPA-001__R2-002__R1-003,02_inputs_xml_flat/GPA-001__R2-002__R1-003__0127.xml,PASS,INFO,R1.D01=NO;R1.D03=SI;R2.D01=SI;R2.D02=SI;R2.D03=NO,MUNICIPIO30231,MUNICIPIO_SIN_CN_TRAB,Si,No,30231,,Regla 2 coherente para validaciones implementadas.
GPA-001__R2-002__R1-003__0128,GPA-001__R2-002__R1-003,02_inputs_xml_flat/GPA-001__R2-002__R1-003__0128.xml,PASS,INFO,R1.D01=NO;R1.D03=SI;R2.D01=SI;R2.D02=SI;R2.D03=NO,MUNICIPIO30232,MUNICIPIO_SIN_CN_TRAB,Si,No,30232,,Regla 2 coherente para validaciones implementadas.
GPA-001__R2-002__R1-003__0129,GPA-001__R2-002__R1-003,02_inputs_xml_flat/GPA-001__R2-002__R1-003__0129.xml,PASS,INFO,R1.D01=NO;R1.D03=SI;R2.D01=SI;R2.D02=SI;R2.D03=NO,MUNICIPIO30233,MUNICIPIO_SIN_CN_TRAB,Si,No,30233,,Regla 2 coherente para validaciones implementadas.
GPA-001__R2-002__R1-003__0130,GPA-001__R2-002__R1-003,02_inputs_xml_flat/GPA-001__R2-002__R1-003__0130.xml,PASS,INFO,R1.D01=NO;R1.D03=SI;R2.D01=SI;R2.D02=SI;R2.D03=NO,MUNICIPIO30231,MUNICIPIO_SIN_CN_TRAB,Si,No,30231,,Regla 2 coherente para validaciones implementadas.
GPA-001__R2-002__R1-003__0131,GPA-001__R2-002__R1-003,02_inputs_xml_flat/GPA-001__R2-002__R1-003__0131.xml,PASS,INFO,R1.D01=NO;R1.D03=SI;R2.D01=SI;R2.D02=SI;R2.D03=NO,MUNICIPIO30232,MUNICIPIO_SIN_CN_TRAB,Si,No,30232,,Regla 2 coherente para validaciones implementadas.
GPA-001__R2-002__R1-003__0132,GPA-001__R2-002__R1-003,02_inputs_xml_flat/GPA-001__R2-002__R1-003__0132.xml,PASS,INFO,R1.D01=NO;R1.D03=SI;R2.D01=SI;R2.D02=SI;R2.D03=NO,MUNICIPIO30233,MUNICIPIO_SIN_CN_TRAB,Si,No,30233,,Regla 2 coherente para validaciones implementadas.
GPA-001__R2-002__R1-003__0133,GPA-001__R2-002__R1-003,02_inputs_xml_flat/GPA-001__R2-002__R1-003__0133.xml,PASS,INFO,R1.D01=NO;R1.D03=SI;R2.D01=SI;R2.D02=SI;R2.D03=NO,MUNICIPIO30231,MUNICIPIO_SIN_CN_TRAB,Si,No,30231,,Regla 2 coherente para validaciones implementadas.
GPA-001__R2-002__R1-003__0134,GPA-001__R2-002__R1-003,02_inputs_xml_flat/GPA-001__R2-002__R1-003__0134.xml,PASS,INFO,R1.D01=NO;R1.D03=SI;R2.D01=SI;R2.D02=SI;R2.D03=NO,MUNICIPIO30232,MUNICIPIO_SIN_CN_TRAB,Si,No,30232,,Regla 2 coherente para validaciones implementadas.
GPA-001__R2-002__R1-003__0135,GPA-001__R2-002__R1-003,02_inputs_xml_flat/GPA-001__R2-002__R1-003__0135.xml,PASS,INFO,R1.D01=NO;R1.D03=SI;R2.D01=SI;R2.D02=SI;R2.D03=NO,MUNICIPIO30233,MUNICIPIO_SIN_CN_TRAB,Si,No,30233,,Regla 2 coherente para validaciones implementadas.
GPA-001__R2-002__R1-003__0136,GPA-001__R2-002__R1-003,02_inputs_xml_flat/GPA-001__R2-002__R1-003__0136.xml,PASS,INFO,R1.D01=NO;R1.D03=SI;R2.D01=SI;R2.D02=SI;R2.D03=NO,MUNICIPIO30231,MUNICIPIO_SIN_CN_TRAB,Si,No,30231,,Regla 2 coherente para validaciones implementadas.
GPA-001__R2-002__R1-003__0137,GPA-001__R2-002__R1-003,02_inputs_xml_flat/GPA-001__R2-002__R1-003__0137.xml,PASS,INFO,R1.D01=NO;R1.D03=SI;R2.D01=SI;R2.D02=SI;R2.D03=NO,MUNICIPIO30232,MUNICIPIO_SIN_CN_TRAB,Si,No,30232,,Regla 2 coherente para validaciones implementadas.
GPA-001__R2-002__R1-003__0138,GPA-001__R2-002__R1-003,02_inputs_xml_flat/GPA-001__R2-002__R1-003__0138.xml,PASS,INFO,R1.D01=NO;R1.D03=SI;R2.D01=SI;R2.D02=SI;R2.D03=NO,MUNICIPIO30233,MUNICIPIO_SIN_CN_TRAB,Si,No,30233,,Regla 2 coherente para validaciones implementadas.
GPA-001__R2-002__R1-003__0139,GPA-001__R2-002__R1-003,02_inputs_xml_flat/GPA-001__R2-002__R1-003__0139.xml,PASS,INFO,R1.D01=NO;R1.D03=SI;R2.D01=SI;R2.D02=SI;R2.D03=NO,MUNICIPIO30231,MUNICIPIO_SIN_CN_TRAB,Si,No,30231,,Regla 2 coherente para validaciones implementadas.
GPA-001__R2-002__R1-003__0140,GPA-001__R2-002__R1-003,02_inputs_xml_flat/GPA-001__R2-002__R1-003__0140.xml,PASS,INFO,R1.D01=NO;R1.D03=SI;R2.D01=SI;R2.D02=SI;R2.D03=NO,MUNICIPIO30232,MUNICIPIO_SIN_CN_TRAB,Si,No,30232,,Regla 2 coherente para validaciones implementadas.
GPA-001__R2-002__R1-003__0141,GPA-001__R2-002__R1-003,02_inputs_xml_flat/GPA-001__R2-002__R1-003__0141.xml,PASS,INFO,R1.D01=NO;R1.D03=SI;R2.D01=SI;R2.D02=SI;R2.D03=NO,MUNICIPIO30233,MUNICIPIO_SIN_CN_TRAB,Si,No,30233,,Regla 2 coherente para validaciones implementadas.
GPA-001__R2-002__R1-003__0142,GPA-001__R2-002__R1-003,02_inputs_xml_flat/GPA-001__R2-002__R1-003__0142.xml,PASS,INFO,R1.D01=NO;R1.D03=SI;R2.D01=SI;R2.D02=SI;R2.D03=NO,MUNICIPIO30231,MUNICIPIO_SIN_CN_TRAB,Si,No,30231,,Regla 2 coherente para validaciones implementadas.
GPA-001__R2-002__R1-003__0143,GPA-001__R2-002__R1-003,02_inputs_xml_flat/GPA-001__R2-002__R1-003__0143.xml,PASS,INFO,R1.D01=NO;R1.D03=SI;R2.D01=SI;R2.D02=SI;R2.D03=NO,MUNICIPIO30232,MUNICIPIO_SIN_CN_TRAB,Si,No,30232,,Regla 2 coherente para validaciones implementadas.
GPA-001__R2-002__R1-003__0144,GPA-001__R2-002__R1-003,02_inputs_xml_flat/GPA-001__R2-002__R1-003__0144.xml,PASS,INFO,R1.D01=NO;R1.D03=SI;R2.D01=SI;R2.D02=SI;R2.D03=NO,MUNICIPIO30233,MUNICIPIO_SIN_CN_TRAB,Si,No,30233,,Regla 2 coherente para validaciones implementadas.
GPA-001__R2-002__R1-003__0145,GPA-001__R2-002__R1-003,02_inputs_xml_flat/GPA-001__R2-002__R1-003__0145.xml,PASS,INFO,R1.D01=NO;R1.D03=SI;R2.D01=SI;R2.D02=SI;R2.D03=NO,MUNICIPIO30231,MUNICIPIO_SIN_CN_TRAB,Si,No,30231,,Regla 2 coherente para validaciones implementadas.
GPA-001__R2-002__R1-003__0146,GPA-001__R2-002__R1-003,02_inputs_xml_flat/GPA-001__R2-002__R1-003__0146.xml,PASS,INFO,R1.D01=NO;R1.D03=SI;R2.D01=SI;R2.D02=SI;R2.D03=NO,MUNICIPIO30232,MUNICIPIO_SIN_CN_TRAB,Si,No,30232,,Regla 2 coherente para validaciones implementadas.
GPA-001__R2-002__R1-003__0147,GPA-001__R2-002__R1-003,02_inputs_xml_flat/GPA-001__R2-002__R1-003__0147.xml,PASS,INFO,R1.D01=NO;R1.D03=SI;R2.D01=SI;R2.D02=SI;R2.D03=NO,MUNICIPIO30233,MUNICIPIO_SIN_CN_TRAB,Si,No,30233,,Regla 2 coherente para validaciones implementadas.
GPA-001__R2-002__R1-003__0148,GPA-001__R2-002__R1-003,02_inputs_xml_flat/GPA-001__R2-002__R1-003__0148.xml,PASS,INFO,R1.D01=NO;R1.D03=SI;R2.D01=SI;R2.D02=SI;R2.D03=NO,MUNICIPIO30231,MUNICIPIO_SIN_CN_TRAB,Si,No,30231,,Regla 2 coherente para validaciones implementadas.
GPA-001__R2-002__R1-003__0149,GPA-001__R2-002__R1-003,02_inputs_xml_flat/GPA-001__R2-002__R1-003__0149.xml,PASS,INFO,R1.D01=NO;R1.D03=SI;R2.D01=SI;R2.D02=SI;R2.D03=NO,MUNICIPIO30232,MUNICIPIO_SIN_CN_TRAB,Si,No,30232,,Regla 2 coherente para validaciones implementadas.
GPA-001__R2-002__R1-003__0150,GPA-001__R2-002__R1-003,02_inputs_xml_flat/GPA-001__R2-002__R1-003__0150.xml,PASS,INFO,R1.D01=NO;R1.D03=SI;R2.D01=SI;R2.D02=SI;R2.D03=NO,MUNICIPIO30233,MUNICIPIO_SIN_CN_TRAB,Si,No,30233,,Regla 2 coherente para validaciones implementadas.
GPA-001__R2-002__R1-003__0151,GPA-001__R2-002__R1-003,02_inputs_xml_flat/GPA-001__R2-002__R1-003__0151.xml,PASS,INFO,R1.D01=NO;R1.D03=SI;R2.D01=SI;R2.D02=SI;R2.D03=NO,MUNICIPIO30231,MUNICIPIO_SIN_CN_TRAB,Si,No,30231,,Regla 2 coherente para validaciones implementadas.
GPA-001__R2-002__R1-003__0152,GPA-001__R2-002__R1-003,02_inputs_xml_flat/GPA-001__R2-002__R1-003__0152.xml,PASS,INFO,R1.D01=NO;R1.D03=SI;R2.D01=SI;R2.D02=SI;R2.D03=NO,MUNICIPIO30232,MUNICIPIO_SIN_CN_TRAB,Si,No,30232,,Regla 2 coherente para validaciones implementadas.
GPA-001__R2-002__R1-003__0153,GPA-001__R2-002__R1-003,02_inputs_xml_flat/GPA-001__R2-002__R1-003__0153.xml,PASS,INFO,R1.D01=NO;R1.D03=SI;R2.D01=SI;R2.D02=SI;R2.D03=NO,MUNICIPIO30233,MUNICIPIO_SIN_CN_TRAB,Si,No,30233,,Regla 2 coherente para validaciones implementadas.
GPA-001__R2-002__R1-003__0154,GPA-001__R2-002__R1-003,02_inputs_xml_flat/GPA-001__R2-002__R1-003__0154.xml,PASS,INFO,R1.D01=NO;R1.D03=SI;R2.D01=SI;R2.D02=SI;R2.D03=NO,MUNICIPIO30231,MUNICIPIO_SIN_CN_TRAB,Si,No,30231,,Regla 2 coherente para validaciones implementadas.
GPA-001__R2-002__R1-003__0155,GPA-001__R2-002__R1-003,02_inputs_xml_flat/GPA-001__R2-002__R1-003__0155.xml,PASS,INFO,R1.D01=NO;R1.D03=SI;R2.D01=SI;R2.D02=SI;R2.D03=NO,MUNICIPIO30232,MUNICIPIO_SIN_CN_TRAB,Si,No,30232,,Regla 2 coherente para validaciones implementadas.
GPA-001__R2-002__R1-003__0156,GPA-001__R2-002__R1-003,02_inputs_xml_flat/GPA-001__R2-002__R1-003__0156.xml,PASS,INFO,R1.D01=NO;R1.D03=SI;R2.D01=SI;R2.D02=SI;R2.D03=NO,MUNICIPIO30233,MUNICIPIO_SIN_CN_TRAB,Si,No,30233,,Regla 2 coherente para validaciones implementadas.
GPA-001__R2-002__R1-003__0157,GPA-001__R2-002__R1-003,02_inputs_xml_flat/GPA-001__R2-002__R1-003__0157.xml,PASS,INFO,R1.D01=NO;R1.D03=SI;R2.D01=SI;R2.D02=SI;R2.D03=NO,MUNICIPIO30231,MUNICIPIO_SIN_CN_TRAB,Si,No,30231,,Regla 2 coherente para validaciones implementadas.
GPA-001__R2-002__R1-003__0158,GPA-001__R2-002__R1-003,02_inputs_xml_flat/GPA-001__R2-002__R1-003__0158.xml,PASS,INFO,R1.D01=NO;R1.D03=SI;R2.D01=SI;R2.D02=SI;R2.D03=NO,MUNICIPIO30232,MUNICIPIO_SIN_CN_TRAB,Si,No,30232,,Regla 2 coherente para validaciones implementadas.
GPA-001__R2-002__R1-003__0159,GPA-001__R2-002__R1-003,02_inputs_xml_flat/GPA-001__R2-002__R1-003__0159.xml,PASS,INFO,R1.D01=NO;R1.D03=SI;R2.D01=SI;R2.D02=SI;R2.D03=NO,MUNICIPIO30233,MUNICIPIO_SIN_CN_TRAB,Si,No,30233,,Regla 2 coherente para validaciones implementadas.
GPA-001__R2-002__R1-003__0160,GPA-001__R2-002__R1-003,02_inputs_xml_flat/GPA-001__R2-002__R1-003__0160.xml,PASS,INFO,R1.D01=NO;R1.D03=SI;R2.D01=SI;R2.D02=SI;R2.D03=NO,MUNICIPIO30231,MUNICIPIO_SIN_CN_TRAB,Si,No,30231,,Regla 2 coherente para validaciones implementadas.
GPA-001__R2-002__R1-003__0161,GPA-001__R2-002__R1-003,02_inputs_xml_flat/GPA-001__R2-002__R1-003__0161.xml,PASS,INFO,R1.D01=NO;R1.D03=SI;R2.D01=SI;R2.D02=SI;R2.D03=NO,MUNICIPIO30232,MUNICIPIO_SIN_CN_TRAB,Si,No,30232,,Regla 2 coherente para validaciones implementadas.
GPA-001__R2-002__R1-003__0162,GPA-001__R2-002__R1-003,02_inputs_xml_flat/GPA-001__R2-002__R1-003__0162.xml,PASS,INFO,R1.D01=NO;R1.D03=SI;R2.D01=SI;R2.D02=SI;R2.D03=NO,MUNICIPIO30233,MUNICIPIO_SIN_CN_TRAB,Si,No,30233,,Regla 2 coherente para validaciones implementadas.
GPA-001__R2-002__R1-003__0163,GPA-001__R2-002__R1-003,02_inputs_xml_flat/GPA-001__R2-002__R1-003__0163.xml,PASS,INFO,R1.D01=NO;R1.D03=SI;R2.D01=SI;R2.D02=SI;R2.D03=NO,MUNICIPIO30231,MUNICIPIO_SIN_CN_TRAB,Si,No,30231,,Regla 2 coherente para validaciones implementadas.
GPA-001__R2-002__R1-003__0164,GPA-001__R2-002__R1-003,02_inputs_xml_flat/GPA-001__R2-002__R1-003__0164.xml,PASS,INFO,R1.D01=NO;R1.D03=SI;R2.D01=SI;R2.D02=SI;R2.D03=NO,MUNICIPIO30232,MUNICIPIO_SIN_CN_TRAB,Si,No,30232,,Regla 2 coherente para validaciones implementadas.
GPA-001__R2-002__R1-003__0165,GPA-001__R2-002__R1-003,02_inputs_xml_flat/GPA-001__R2-002__R1-003__0165.xml,PASS,INFO,R1.D01=NO;R1.D03=SI;R2.D01=SI;R2.D02=SI;R2.D03=NO,MUNICIPIO30233,MUNICIPIO_SIN_CN_TRAB,Si,No,30233,,Regla 2 coherente para validaciones implementadas.
GPA-001__R2-002__R1-003__0166,GPA-001__R2-002__R1-003,02_inputs_xml_flat/GPA-001__R2-002__R1-003__0166.xml,PASS,INFO,R1.D01=NO;R1.D03=SI;R2.D01=SI;R2.D02=SI;R2.D03=NO,MUNICIPIO30231,MUNICIPIO_SIN_CN_TRAB,Si,No,30231,,Regla 2 coherente para validaciones implementadas.
GPA-001__R2-002__R1-003__0167,GPA-001__R2-002__R1-003,02_inputs_xml_flat/GPA-001__R2-002__R1-003__0167.xml,PASS,INFO,R1.D01=NO;R1.D03=SI;R2.D01=SI;R2.D02=SI;R2.D03=NO,MUNICIPIO30232,MUNICIPIO_SIN_CN_TRAB,Si,No,30232,,Regla 2 coherente para validaciones implementadas.
GPA-001__R2-002__R1-003__0168,GPA-001__R2-002__R1-003,02_inputs_xml_flat/GPA-001__R2-002__R1-003__0168.xml,PASS,INFO,R1.D01=NO;R1.D03=SI;R2.D01=SI;R2.D02=SI;R2.D03=NO,MUNICIPIO30233,MUNICIPIO_SIN_CN_TRAB,Si,No,30233,,Regla 2 coherente para validaciones implementadas.
GPA-001__R2-002__R1-003__0169,GPA-001__R2-002__R1-003,02_inputs_xml_flat/GPA-001__R2-002__R1-003__0169.xml,PASS,INFO,R1.D01=NO;R1.D03=SI;R2.D01=SI;R2.D02=SI;R2.D03=NO,MUNICIPIO30231,MUNICIPIO_SIN_CN_TRAB,Si,No,30231,,Regla 2 coherente para validaciones implementadas.
GPA-001__R2-002__R1-003__0170,GPA-001__R2-002__R1-003,02_inputs_xml_flat/GPA-001__R2-002__R1-003__0170.xml,PASS,INFO,R1.D01=NO;R1.D03=SI;R2.D01=SI;R2.D02=SI;R2.D03=NO,MUNICIPIO30232,MUNICIPIO_SIN_CN_TRAB,Si,No,30232,,Regla 2 coherente para validaciones implementadas.
GPA-001__R2-002__R1-003__0171,GPA-001__R2-002__R1-003,02_inputs_xml_flat/GPA-001__R2-002__R1-003__0171.xml,PASS,INFO,R1.D01=NO;R1.D03=SI;R2.D01=SI;R2.D02=SI;R2.D03=NO,MUNICIPIO30233,MUNICIPIO_SIN_CN_TRAB,Si,No,30233,,Regla 2 coherente para validaciones implementadas.
GPA-001__R2-002__R1-003__0172,GPA-001__R2-002__R1-003,02_inputs_xml_flat/GPA-001__R2-002__R1-003__0172.xml,PASS,INFO,R1.D01=NO;R1.D03=SI;R2.D01=SI;R2.D02=SI;R2.D03=NO,MUNICIPIO30231,MUNICIPIO_SIN_CN_TRAB,Si,No,30231,,Regla 2 coherente para validaciones implementadas.
GPA-001__R2-002__R1-003__0173,GPA-001__R2-002__R1-003,02_inputs_xml_flat/GPA-001__R2-002__R1-003__0173.xml,PASS,INFO,R1.D01=NO;R1.D03=SI;R2.D01=SI;R2.D02=SI;R2.D03=NO,MUNICIPIO30232,MUNICIPIO_SIN_CN_TRAB,Si,No,30232,,Regla 2 coherente para validaciones implementadas.
GPA-001__R2-002__R1-003__0174,GPA-001__R2-002__R1-003,02_inputs_xml_flat/GPA-001__R2-002__R1-003__0174.xml,PASS,INFO,R1.D01=NO;R1.D03=SI;R2.D01=SI;R2.D02=SI;R2.D03=NO,MUNICIPIO30233,MUNICIPIO_SIN_CN_TRAB,Si,No,30233,,Regla 2 coherente para validaciones implementadas.
GPA-001__R2-002__R1-003__0175,GPA-001__R2-002__R1-003,02_inputs_xml_flat/GPA-001__R2-002__R1-003__0175.xml,PASS,INFO,R1.D01=NO;R1.D03=SI;R2.D01=SI;R2.D02=SI;R2.D03=NO,MUNICIPIO30231,MUNICIPIO_SIN_CN_TRAB,Si,No,30231,,Regla 2 coherente para validaciones implementadas.
GPA-001__R2-002__R1-003__0176,GPA-001__R2-002__R1-003,02_inputs_xml_flat/GPA-001__R2-002__R1-003__0176.xml,PASS,INFO,R1.D01=NO;R1.D03=SI;R2.D01=SI;R2.D02=SI;R2.D03=NO,MUNICIPIO30232,MUNICIPIO_SIN_CN_TRAB,Si,No,30232,,Regla 2 coherente para validaciones implementadas.
GPA-001__R2-002__R1-003__0177,GPA-001__R2-002__R1-003,02_inputs_xml_flat/GPA-001__R2-002__R1-003__0177.xml,PASS,INFO,R1.D01=NO;R1.D03=SI;R2.D01=SI;R2.D02=SI;R2.D03=NO,MUNICIPIO30233,MUNICIPIO_SIN_CN_TRAB,Si,No,30233,,Regla 2 coherente para validaciones implementadas.
GPA-001__R2-002__R1-003__0178,GPA-001__R2-002__R1-003,02_inputs_xml_flat/GPA-001__R2-002__R1-003__0178.xml,PASS,INFO,R1.D01=NO;R1.D03=SI;R2.D01=SI;R2.D02=SI;R2.D03=NO,MUNICIPIO30231,MUNICIPIO_SIN_CN_TRAB,Si,No,30231,,Regla 2 coherente para validaciones implementadas.
GPA-001__R2-002__R1-003__0179,GPA-001__R2-002__R1-003,02_inputs_xml_flat/GPA-001__R2-002__R1-003__0179.xml,PASS,INFO,R1.D01=NO;R1.D03=SI;R2.D01=SI;R2.D02=SI;R2.D03=NO,MUNICIPIO30232,MUNICIPIO_SIN_CN_TRAB,Si,No,30232,,Regla 2 coherente para validaciones implementadas.
GPA-001__R2-002__R1-003__0180,GPA-001__R2-002__R1-003,02_inputs_xml_flat/GPA-001__R2-002__R1-003__0180.xml,PASS,INFO,R1.D01=NO;R1.D03=SI;R2.D01=SI;R2.D02=SI;R2.D03=NO,MUNICIPIO30233,MUNICIPIO_SIN_CN_TRAB,Si,No,30233,,Regla 2 coherente para validaciones implementadas.
GPA-001__R2-002__R1-003__0181,GPA-001__R2-002__R1-003,02_inputs_xml_flat/GPA-001__R2-002__R1-003__0181.xml,PASS,INFO,R1.D01=NO;R1.D03=SI;R2.D01=SI;R2.D02=SI;R2.D03=NO,MUNICIPIO30231,MUNICIPIO_SIN_CN_TRAB,Si,No,30231,,Regla 2 coherente para validaciones implementadas.
GPA-001__R2-002__R1-003__0182,GPA-001__R2-002__R1-003,02_inputs_xml_flat/GPA-001__R2-002__R1-003__0182.xml,PASS,INFO,R1.D01=NO;R1.D03=SI;R2.D01=SI;R2.D02=SI;R2.D03=NO,MUNICIPIO30232,MUNICIPIO_SIN_CN_TRAB,Si,No,30232,,Regla 2 coherente para validaciones implementadas.
GPA-001__R2-002__R1-003__0183,GPA-001__R2-002__R1-003,02_inputs_xml_flat/GPA-001__R2-002__R1-003__0183.xml,PASS,INFO,R1.D01=NO;R1.D03=SI;R2.D01=SI;R2.D02=SI;R2.D03=NO,MUNICIPIO30233,MUNICIPIO_SIN_CN_TRAB,Si,No,30233,,Regla 2 coherente para validaciones implementadas.
GPA-001__R2-002__R1-003__0184,GPA-001__R2-002__R1-003,02_inputs_xml_flat/GPA-001__R2-002__R1-003__0184.xml,PASS,INFO,R1.D01=NO;R1.D03=SI;R2.D01=SI;R2.D02=SI;R2.D03=NO,MUNICIPIO30231,MUNICIPIO_SIN_CN_TRAB,Si,No,30231,,Regla 2 coherente para validaciones implementadas.
GPA-001__R2-002__R1-003__0185,GPA-001__R2-002__R1-003,02_inputs_xml_flat/GPA-001__R2-002__R1-003__0185.xml,PASS,INFO,R1.D01=NO;R1.D03=SI;R2.D01=SI;R2.D02=SI;R2.D03=NO,MUNICIPIO30232,MUNICIPIO_SIN_CN_TRAB,Si,No,30232,,Regla 2 coherente para validaciones implementadas.
GPA-001__R2-002__R1-003__0186,GPA-001__R2-002__R1-003,02_inputs_xml_flat/GPA-001__R2-002__R1-003__0186.xml,PASS,INFO,R1.D01=NO;R1.D03=SI;R2.D01=SI;R2.D02=SI;R2.D03=NO,MUNICIPIO30233,MUNICIPIO_SIN_CN_TRAB,Si,No,30233,,Regla 2 coherente para validaciones implementadas.
GPA-001__R2-002__R1-003__0187,GPA-001__R2-002__R1-003,02_inputs_xml_flat/GPA-001__R2-002__R1-003__0187.xml,PASS,INFO,R1.D01=NO;R1.D03=SI;R2.D01=SI;R2.D02=SI;R2.D03=NO,MUNICIPIO30231,MUNICIPIO_SIN_CN_TRAB,Si,No,30231,,Regla 2 coherente para validaciones implementadas.
GPA-001__R2-002__R1-003__0188,GPA-001__R2-002__R1-003,02_inputs_xml_flat/GPA-001__R2-002__R1-003__0188.xml,PASS,INFO,R1.D01=NO;R1.D03=SI;R2.D01=SI;R2.D02=SI;R2.D03=NO,MUNICIPIO30232,MUNICIPIO_SIN_CN_TRAB,Si,No,30232,,Regla 2 coherente para validaciones implementadas.
GPA-001__R2-002__R1-003__0189,GPA-001__R2-002__R1-003,02_inputs_xml_flat/GPA-001__R2-002__R1-003__0189.xml,PASS,INFO,R1.D01=NO;R1.D03=SI;R2.D01=SI;R2.D02=SI;R2.D03=NO,MUNICIPIO30233,MUNICIPIO_SIN_CN_TRAB,Si,No,30233,,Regla 2 coherente para validaciones implementadas.
GPA-001__R2-002__R1-003__0190,GPA-001__R2-002__R1-003,02_inputs_xml_flat/GPA-001__R2-002__R1-003__0190.xml,PASS,INFO,R1.D01=NO;R1.D03=SI;R2.D01=SI;R2.D02=SI;R2.D03=NO,MUNICIPIO30231,MUNICIPIO_SIN_CN_TRAB,Si,No,30231,,Regla 2 coherente para validaciones implementadas.
GPA-001__R2-002__R1-003__0191,GPA-001__R2-002__R1-003,02_inputs_xml_flat/GPA-001__R2-002__R1-003__0191.xml,PASS,INFO,R1.D01=NO;R1.D03=SI;R2.D01=SI;R2.D02=SI;R2.D03=NO,MUNICIPIO30232,MUNICIPIO_SIN_CN_TRAB,Si,No,30232,,Regla 2 coherente para validaciones implementadas.
GPA-001__R2-002__R1-003__0192,GPA-001__R2-002__R1-003,02_inputs_xml_flat/GPA-001__R2-002__R1-003__0192.xml,PASS,INFO,R1.D01=NO;R1.D03=SI;R2.D01=SI;R2.D02=SI;R2.D03=NO,MUNICIPIO30233,MUNICIPIO_SIN_CN_TRAB,Si,No,30233,,Regla 2 coherente para validaciones implementadas.
GPA-001__R2-002__R1-003__0193,GPA-001__R2-002__R1-003,02_inputs_xml_flat/GPA-001__R2-002__R1-003__0193.xml,PASS,INFO,R1.D01=NO;R1.D03=SI;R2.D01=SI;R2.D02=SI;R2.D03=NO,MUNICIPIO30231,MUNICIPIO_SIN_CN_TRAB,Si,No,30231,,Regla 2 coherente para validaciones implementadas.
GPA-001__R2-002__R1-003__0194,GPA-001__R2-002__R1-003,02_inputs_xml_flat/GPA-001__R2-002__R1-003__0194.xml,PASS,INFO,R1.D01=NO;R1.D03=SI;R2.D01=SI;R2.D02=SI;R2.D03=NO,MUNICIPIO30232,MUNICIPIO_SIN_CN_TRAB,Si,No,30232,,Regla 2 coherente para validaciones implementadas.
GPA-001__R2-002__R1-003__0195,GPA-001__R2-002__R1-003,02_inputs_xml_flat/GPA-001__R2-002__R1-003__0195.xml,PASS,INFO,R1.D01=NO;R1.D03=SI;R2.D01=SI;R2.D02=SI;R2.D03=NO,MUNICIPIO30233,MUNICIPIO_SIN_CN_TRAB,Si,No,30233,,Regla 2 coherente para validaciones implementadas.
GPA-001__R2-002__R1-003__0196,GPA-001__R2-002__R1-003,02_inputs_xml_flat/GPA-001__R2-002__R1-003__0196.xml,PASS,INFO,R1.D01=NO;R1.D03=SI;R2.D01=SI;R2.D02=SI;R2.D03=NO,MUNICIPIO30231,MUNICIPIO_SIN_CN_TRAB,Si,No,30231,,Regla 2 coherente para validaciones implementadas.
GPA-001__R2-002__R1-003__0197,GPA-001__R2-002__R1-003,02_inputs_xml_flat/GPA-001__R2-002__R1-003__0197.xml,PASS,INFO,R1.D01=NO;R1.D03=SI;R2.D01=SI;R2.D02=SI;R2.D03=NO,MUNICIPIO30232,MUNICIPIO_SIN_CN_TRAB,Si,No,30232,,Regla 2 coherente para validaciones implementadas.
GPA-001__R2-002__R1-003__0198,GPA-001__R2-002__R1-003,02_inputs_xml_flat/GPA-001__R2-002__R1-003__0198.xml,PASS,INFO,R1.D01=NO;R1.D03=SI;R2.D01=SI;R2.D02=SI;R2.D03=NO,MUNICIPIO30233,MUNICIPIO_SIN_CN_TRAB,Si,No,30233,,Regla 2 coherente para validaciones implementadas.
GPA-001__R2-002__R1-003__0199,GPA-001__R2-002__R1-003,02_inputs_xml_flat/GPA-001__R2-002__R1-003__0199.xml,PASS,INFO,R1.D01=NO;R1.D03=SI;R2.D01=SI;R2.D02=SI;R2.D03=NO,MUNICIPIO30231,MUNICIPIO_SIN_CN_TRAB,Si,No,30231,,Regla 2 coherente para validaciones implementadas.
GPA-001__R2-002__R1-003__0200,GPA-001__R2-002__R1-003,02_inputs_xml_flat/GPA-001__R2-002__R1-003__0200.xml,PASS,INFO,R1.D01=NO;R1.D03=SI;R2.D01=SI;R2.D02=SI;R2.D03=NO,MUNICIPIO30232,MUNICIPIO_SIN_CN_TRAB,Si,No,30232,,Regla 2 coherente para validaciones implementadas.
GPA-001__R2-002__R1-003__0201,GPA-001__R2-002__R1-003,02_inputs_xml_flat/GPA-001__R2-002__R1-003__0201.xml,PASS,INFO,R1.D01=NO;R1.D03=SI;R2.D01=SI;R2.D02=SI;R2.D03=NO,MUNICIPIO30233,MUNICIPIO_SIN_CN_TRAB,Si,No,30233,,Regla 2 coherente para validaciones implementadas.
GPA-001__R2-002__R1-003__0202,GPA-001__R2-002__R1-003,02_inputs_xml_flat/GPA-001__R2-002__R1-003__0202.xml,PASS,INFO,R1.D01=NO;R1.D03=SI;R2.D01=SI;R2.D02=SI;R2.D03=NO,MUNICIPIO30231,MUNICIPIO_SIN_CN_TRAB,Si,No,30231,,Regla 2 coherente para validaciones implementadas.
GPA-001__R2-002__R1-003__0203,GPA-001__R2-002__R1-003,02_inputs_xml_flat/GPA-001__R2-002__R1-003__0203.xml,PASS,INFO,R1.D01=NO;R1.D03=SI;R2.D01=SI;R2.D02=SI;R2.D03=NO,MUNICIPIO30232,MUNICIPIO_SIN_CN_TRAB,Si,No,30232,,Regla 2 coherente para validaciones implementadas.
GPA-001__R2-002__R1-003__0204,GPA-001__R2-002__R1-003,02_inputs_xml_flat/GPA-001__R2-002__R1-003__0204.xml,PASS,INFO,R1.D01=NO;R1.D03=SI;R2.D01=SI;R2.D02=SI;R2.D03=NO,MUNICIPIO30233,MUNICIPIO_SIN_CN_TRAB,Si,No,30233,,Regla 2 coherente para validaciones implementadas.
GPA-001__R2-002__R1-003__0205,GPA-001__R2-002__R1-003,02_inputs_xml_flat/GPA-001__R2-002__R1-003__0205.xml,PASS,INFO,R1.D01=NO;R1.D03=SI;R2.D01=SI;R2.D02=SI;R2.D03=NO,MUNICIPIO30231,MUNICIPIO_SIN_CN_TRAB,Si,No,30231,,Regla 2 coherente para validaciones implementadas.
GPA-001__R2-002__R1-003__0206,GPA-001__R2-002__R1-003,02_inputs_xml_flat/GPA-001__R2-002__R1-003__0206.xml,PASS,INFO,R1.D01=NO;R1.D03=SI;R2.D01=SI;R2.D02=SI;R2.D03=NO,MUNICIPIO30232,MUNICIPIO_SIN_CN_TRAB,Si,No,30232,,Regla 2 coherente para validaciones implementadas.
GPA-001__R2-002__R1-003__0207,GPA-001__R2-002__R1-003,02_inputs_xml_flat/GPA-001__R2-002__R1-003__0207.xml,PASS,INFO,R1.D01=NO;R1.D03=SI;R2.D01=SI;R2.D02=SI;R2.D03=NO,MUNICIPIO30233,MUNICIPIO_SIN_CN_TRAB,Si,No,30233,,Regla 2 coherente para validaciones implementadas.
GPA-001__R2-002__R1-003__0208,GPA-001__R2-002__R1-003,02_inputs_xml_flat/GPA-001__R2-002__R1-003__0208.xml,PASS,INFO,R1.D01=NO;R1.D03=SI;R2.D01=SI;R2.D02=SI;R2.D03=NO,MUNICIPIO30231,MUNICIPIO_SIN_CN_TRAB,Si,No,30231,,Regla 2 coherente para validaciones implementadas.
GPA-001__R2-002__R1-003__0209,GPA-001__R2-002__R1-003,02_inputs_xml_flat/GPA-001__R2-002__R1-003__0209.xml,PASS,INFO,R1.D01=NO;R1.D03=SI;R2.D01=SI;R2.D02=SI;R2.D03=NO,MUNICIPIO30232,MUNICIPIO_SIN_CN_TRAB,Si,No,30232,,Regla 2 coherente para validaciones implementadas.
GPA-001__R2-002__R1-003__0210,GPA-001__R2-002__R1-003,02_inputs_xml_flat/GPA-001__R2-002__R1-003__0210.xml,PASS,INFO,R1.D01=NO;R1.D03=SI;R2.D01=SI;R2.D02=SI;R2.D03=NO,MUNICIPIO30233,MUNICIPIO_SIN_CN_TRAB,Si,No,30233,,Regla 2 coherente para validaciones implementadas.
GPA-001__R2-002__R1-003__0211,GPA-001__R2-002__R1-003,02_inputs_xml_flat/GPA-001__R2-002__R1-003__0211.xml,PASS,INFO,R1.D01=NO;R1.D03=SI;R2.D01=SI;R2.D02=SI;R2.D03=NO,MUNICIPIO30231,MUNICIPIO_SIN_CN_TRAB,Si,No,30231,,Regla 2 coherente para validaciones implementadas.
GPA-001__R2-002__R1-003__0212,GPA-001__R2-002__R1-003,02_inputs_xml_flat/GPA-001__R2-002__R1-003__0212.xml,PASS,INFO,R1.D01=NO;R1.D03=SI;R2.D01=SI;R2.D02=SI;R2.D03=NO,MUNICIPIO30232,MUNICIPIO_SIN_CN_TRAB,Si,No,30232,,Regla 2 coherente para validaciones implementadas.
GPA-001__R2-002__R1-003__0213,GPA-001__R2-002__R1-003,02_inputs_xml_flat/GPA-001__R2-002__R1-003__0213.xml,PASS,INFO,R1.D01=NO;R1.D03=SI;R2.D01=SI;R2.D02=SI;R2.D03=NO,MUNICIPIO30233,MUNICIPIO_SIN_CN_TRAB,Si,No,30233,,Regla 2 coherente para validaciones implementadas.
GPA-001__R2-002__R1-003__0214,GPA-001__R2-002__R1-003,02_inputs_xml_flat/GPA-001__R2-002__R1-003__0214.xml,PASS,INFO,R1.D01=NO;R1.D03=SI;R2.D01=SI;R2.D02=SI;R2.D03=NO,MUNICIPIO30231,MUNICIPIO_SIN_CN_TRAB,Si,No,30231,,Regla 2 coherente para validaciones implementadas.
GPA-001__R2-002__R1-003__0215,GPA-001__R2-002__R1-003,02_inputs_xml_flat/GPA-001__R2-002__R1-003__0215.xml,PASS,INFO,R1.D01=NO;R1.D03=SI;R2.D01=SI;R2.D02=SI;R2.D03=NO,MUNICIPIO30232,MUNICIPIO_SIN_CN_TRAB,Si,No,30232,,Regla 2 coherente para validaciones implementadas.
GPA-001__R2-002__R1-003__0216,GPA-001__R2-002__R1-003,02_inputs_xml_flat/GPA-001__R2-002__R1-003__0216.xml,PASS,INFO,R1.D01=NO;R1.D03=SI;R2.D01=SI;R2.D02=SI;R2.D03=NO,MUNICIPIO30233,MUNICIPIO_SIN_CN_TRAB,Si,No,30233,,Regla 2 coherente para validaciones implementadas.
GPA-001__R2-002__R1-003__0217,GPA-001__R2-002__R1-003,02_inputs_xml_flat/GPA-001__R2-002__R1-003__0217.xml,PASS,INFO,R1.D01=NO;R1.D03=SI;R2.D01=SI;R2.D02=SI;R2.D03=NO,MUNICIPIO30231,MUNICIPIO_SIN_CN_TRAB,Si,No,30231,,Regla 2 coherente para validaciones implementadas.
GPA-001__R2-002__R1-003__0218,GPA-001__R2-002__R1-003,02_inputs_xml_flat/GPA-001__R2-002__R1-003__0218.xml,PASS,INFO,R1.D01=NO;R1.D03=SI;R2.D01=SI;R2.D02=SI;R2.D03=NO,MUNICIPIO30232,MUNICIPIO_SIN_CN_TRAB,Si,No,30232,,Regla 2 coherente para validaciones implementadas.
GPA-001__R2-002__R1-003__0219,GPA-001__R2-002__R1-003,02_inputs_xml_flat/GPA-001__R2-002__R1-003__0219.xml,PASS,INFO,R1.D01=NO;R1.D03=SI;R2.D01=SI;R2.D02=SI;R2.D03=NO,MUNICIPIO30233,MUNICIPIO_SIN_CN_TRAB,Si,No,30233,,Regla 2 coherente para validaciones implementadas.
GPA-001__R2-002__R1-003__0220,GPA-001__R2-002__R1-003,02_inputs_xml_flat/GPA-001__R2-002__R1-003__0220.xml,PASS,INFO,R1.D01=NO;R1.D03=SI;R2.D01=SI;R2.D02=SI;R2.D03=NO,MUNICIPIO30231,MUNICIPIO_SIN_CN_TRAB,Si,No,30231,,Regla 2 coherente para validaciones implementadas.
GPA-001__R2-002__R1-003__0221,GPA-001__R2-002__R1-003,02_inputs_xml_flat/GPA-001__R2-002__R1-003__0221.xml,PASS,INFO,R1.D01=NO;R1.D03=SI;R2.D01=SI;R2.D02=SI;R2.D03=NO,MUNICIPIO30232,MUNICIPIO_SIN_CN_TRAB,Si,No,30232,,Regla 2 coherente para validaciones implementadas.
GPA-001__R2-002__R1-003__0222,GPA-001__R2-002__R1-003,02_inputs_xml_flat/GPA-001__R2-002__R1-003__0222.xml,PASS,INFO,R1.D01=NO;R1.D03=SI;R2.D01=SI;R2.D02=SI;R2.D03=NO,MUNICIPIO30233,MUNICIPIO_SIN_CN_TRAB,Si,No,30233,,Regla 2 coherente para validaciones implementadas.
GPA-001__R2-002__R1-003__0223,GPA-001__R2-002__R1-003,02_inputs_xml_flat/GPA-001__R2-002__R1-003__0223.xml,PASS,INFO,R1.D01=NO;R1.D03=SI;R2.D01=SI;R2.D02=SI;R2.D03=NO,MUNICIPIO30231,MUNICIPIO_SIN_CN_TRAB,Si,No,30231,,Regla 2 coherente para validaciones implementadas.
GPA-001__R2-002__R1-003__0224,GPA-001__R2-002__R1-003,02_inputs_xml_flat/GPA-001__R2-002__R1-003__0224.xml,PASS,INFO,R1.D01=NO;R1.D03=SI;R2.D01=SI;R2.D02=SI;R2.D03=NO,MUNICIPIO30232,MUNICIPIO_SIN_CN_TRAB,Si,No,30232,,Regla 2 coherente para validaciones implementadas.
GPA-001__R2-002__R1-003__0225,GPA-001__R2-002__R1-003,02_inputs_xml_flat/GPA-001__R2-002__R1-003__0225.xml,PASS,INFO,R1.D01=NO;R1.D03=SI;R2.D01=SI;R2.D02=SI;R2.D03=NO,MUNICIPIO30233,MUNICIPIO_SIN_CN_TRAB,Si,No,30233,,Regla 2 coherente para validaciones implementadas.
GPA-001__R2-002__R1-003__0226,GPA-001__R2-002__R1-003,02_inputs_xml_flat/GPA-001__R2-002__R1-003__0226.xml,PASS,INFO,R1.D01=NO;R1.D03=SI;R2.D01=SI;R2.D02=SI;R2.D03=NO,MUNICIPIO30231,MUNICIPIO_SIN_CN_TRAB,Si,No,30231,,Regla 2 coherente para validaciones implementadas.
GPA-001__R2-002__R1-003__0227,GPA-001__R2-002__R1-003,02_inputs_xml_flat/GPA-001__R2-002__R1-003__0227.xml,PASS,INFO,R1.D01=NO;R1.D03=SI;R2.D01=SI;R2.D02=SI;R2.D03=NO,MUNICIPIO30232,MUNICIPIO_SIN_CN_TRAB,Si,No,30232,,Regla 2 coherente para validaciones implementadas.
GPA-001__R2-002__R1-003__0228,GPA-001__R2-002__R1-003,02_inputs_xml_flat/GPA-001__R2-002__R1-003__0228.xml,PASS,INFO,R1.D01=NO;R1.D03=SI;R2.D01=SI;R2.D02=SI;R2.D03=NO,MUNICIPIO30233,MUNICIPIO_SIN_CN_TRAB,Si,No,30233,,Regla 2 coherente para validaciones implementadas.
GPA-001__R2-002__R1-003__0229,GPA-001__R2-002__R1-003,02_inputs_xml_flat/GPA-001__R2-002__R1-003__0229.xml,PASS,INFO,R1.D01=NO;R1.D03=SI;R2.D01=SI;R2.D02=SI;R2.D03=NO,MUNICIPIO30231,MUNICIPIO_SIN_CN_TRAB,Si,No,30231,,Regla 2 coherente para validaciones implementadas.
GPA-001__R2-002__R1-003__0230,GPA-001__R2-002__R1-003,02_inputs_xml_flat/GPA-001__R2-002__R1-003__0230.xml,PASS,INFO,R1.D01=NO;R1.D03=SI;R2.D01=SI;R2.D02=SI;R2.D03=NO,MUNICIPIO30232,MUNICIPIO_SIN_CN_TRAB,Si,No,30232,,Regla 2 coherente para validaciones implementadas.
GPA-001__R2-002__R1-003__0231,GPA-001__R2-002__R1-003,02_inputs_xml_flat/GPA-001__R2-002__R1-003__0231.xml,PASS,INFO,R1.D01=NO;R1.D03=SI;R2.D01=SI;R2.D02=SI;R2.D03=NO,MUNICIPIO30233,MUNICIPIO_SIN_CN_TRAB,Si,No,30233,,Regla 2 coherente para validaciones implementadas.
GPA-001__R2-002__R1-003__0232,GPA-001__R2-002__R1-003,02_inputs_xml_flat/GPA-001__R2-002__R1-003__0232.xml,PASS,INFO,R1.D01=NO;R1.D03=SI;R2.D01=SI;R2.D02=SI;R2.D03=NO,MUNICIPIO30231,MUNICIPIO_SIN_CN_TRAB,Si,No,30231,,Regla 2 coherente para validaciones implementadas.
GPA-001__R2-002__R1-003__0233,GPA-001__R2-002__R1-003,02_inputs_xml_flat/GPA-001__R2-002__R1-003__0233.xml,PASS,INFO,R1.D01=NO;R1.D03=SI;R2.D01=SI;R2.D02=SI;R2.D03=NO,MUNICIPIO30232,MUNICIPIO_SIN_CN_TRAB,Si,No,30232,,Regla 2 coherente para validaciones implementadas.
GPA-001__R2-002__R1-003__0234,GPA-001__R2-002__R1-003,02_inputs_xml_flat/GPA-001__R2-002__R1-003__0234.xml,PASS,INFO,R1.D01=NO;R1.D03=SI;R2.D01=SI;R2.D02=SI;R2.D03=NO,MUNICIPIO30233,MUNICIPIO_SIN_CN_TRAB,Si,No,30233,,Regla 2 coherente para validaciones implementadas.
GPA-001__R2-002__R1-003__0235,GPA-001__R2-002__R1-003,02_inputs_xml_flat/GPA-001__R2-002__R1-003__0235.xml,PASS,INFO,R1.D01=NO;R1.D03=SI;R2.D01=SI;R2.D02=SI;R2.D03=NO,MUNICIPIO30231,MUNICIPIO_SIN_CN_TRAB,Si,No,30231,,Regla 2 coherente para validaciones implementadas.
GPA-001__R2-002__R1-003__0236,GPA-001__R2-002__R1-003,02_inputs_xml_flat/GPA-001__R2-002__R1-003__0236.xml,PASS,INFO,R1.D01=NO;R1.D03=SI;R2.D01=SI;R2.D02=SI;R2.D03=NO,MUNICIPIO30232,MUNICIPIO_SIN_CN_TRAB,Si,No,30232,,Regla 2 coherente para validaciones implementadas.
GPA-001__R2-002__R1-003__0237,GPA-001__R2-002__R1-003,02_inputs_xml_flat/GPA-001__R2-002__R1-003__0237.xml,PASS,INFO,R1.D01=NO;R1.D03=SI;R2.D01=SI;R2.D02=SI;R2.D03=NO,MUNICIPIO30233,MUNICIPIO_SIN_CN_TRAB,Si,No,30233,,Regla 2 coherente para validaciones implementadas.
GPA-001__R2-002__R1-003__0238,GPA-001__R2-002__R1-003,02_inputs_xml_flat/GPA-001__R2-002__R1-003__0238.xml,PASS,INFO,R1.D01=NO;R1.D03=SI;R2.D01=SI;R2.D02=SI;R2.D03=NO,MUNICIPIO30231,MUNICIPIO_SIN_CN_TRAB,Si,No,30231,,Regla 2 coherente para validaciones implementadas.
GPA-001__R2-002__R1-003__0239,GPA-001__R2-002__R1-003,02_inputs_xml_flat/GPA-001__R2-002__R1-003__0239.xml,PASS,INFO,R1.D01=NO;R1.D03=SI;R2.D01=SI;R2.D02=SI;R2.D03=NO,MUNICIPIO30232,MUNICIPIO_SIN_CN_TRAB,Si,No,30232,,Regla 2 coherente para validaciones implementadas.
GPA-001__R2-002__R1-003__0240,GPA-001__R2-002__R1-003,02_inputs_xml_flat/GPA-001__R2-002__R1-003__0240.xml,PASS,INFO,R1.D01=NO;R1.D03=SI;R2.D01=SI;R2.D02=SI;R2.D03=NO,MUNICIPIO30233,MUNICIPIO_SIN_CN_TRAB,Si,No,30233,,Regla 2 coherente para validaciones implementadas.
GPA-001__R2-002__R1-003__0241,GPA-001__R2-002__R1-003,02_inputs_xml_flat/GPA-001__R2-002__R1-003__0241.xml,PASS,INFO,R1.D01=NO;R1.D03=SI;R2.D01=SI;R2.D02=SI;R2.D03=NO,MUNICIPIO30231,MUNICIPIO_SIN_CN_TRAB,Si,No,30231,,Regla 2 coherente para validaciones implementadas.
GPA-001__R2-002__R1-003__0242,GPA-001__R2-002__R1-003,02_inputs_xml_flat/GPA-001__R2-002__R1-003__0242.xml,PASS,INFO,R1.D01=NO;R1.D03=SI;R2.D01=SI;R2.D02=SI;R2.D03=NO,MUNICIPIO30232,MUNICIPIO_SIN_CN_TRAB,Si,No,30232,,Regla 2 coherente para validaciones implementadas.
GPA-001__R2-002__R1-003__0243,GPA-001__R2-002__R1-003,02_inputs_xml_flat/GPA-001__R2-002__R1-003__0243.xml,PASS,INFO,R1.D01=NO;R1.D03=SI;R2.D01=SI;R2.D02=SI;R2.D03=NO,MUNICIPIO30233,MUNICIPIO_SIN_CN_TRAB,Si,No,30233,,Regla 2 coherente para validaciones implementadas.
GPA-001__R2-002__R1-003__0244,GPA-001__R2-002__R1-003,02_inputs_xml_flat/GPA-001__R2-002__R1-003__0244.xml,PASS,INFO,R1.D01=NO;R1.D03=SI;R2.D01=SI;R2.D02=SI;R2.D03=NO,MUNICIPIO30231,MUNICIPIO_SIN_CN_TRAB,Si,No,30231,,Regla 2 coherente para validaciones implementadas.
GPA-001__R2-002__R1-003__0245,GPA-001__R2-002__R1-003,02_inputs_xml_flat/GPA-001__R2-002__R1-003__0245.xml,PASS,INFO,R1.D01=NO;R1.D03=SI;R2.D01=SI;R2.D02=SI;R2.D03=NO,MUNICIPIO30232,MUNICIPIO_SIN_CN_TRAB,Si,No,30232,,Regla 2 coherente para validaciones implementadas.
GPA-001__R2-002__R1-003__0246,GPA-001__R2-002__R1-003,02_inputs_xml_flat/GPA-001__R2-002__R1-003__0246.xml,PASS,INFO,R1.D01=NO;R1.D03=SI;R2.D01=SI;R2.D02=SI;R2.D03=NO,MUNICIPIO30233,MUNICIPIO_SIN_CN_TRAB,Si,No,30233,,Regla 2 coherente para validaciones implementadas.
GPA-001__R2-002__R1-003__0247,GPA-001__R2-002__R1-003,02_inputs_xml_flat/GPA-001__R2-002__R1-003__0247.xml,PASS,INFO,R1.D01=NO;R1.D03=SI;R2.D01=SI;R2.D02=SI;R2.D03=NO,MUNICIPIO30231,MUNICIPIO_SIN_CN_TRAB,Si,No,30231,,Regla 2 coherente para validaciones implementadas.
GPA-001__R2-002__R1-003__0248,GPA-001__R2-002__R1-003,02_inputs_xml_flat/GPA-001__R2-002__R1-003__0248.xml,PASS,INFO,R1.D01=NO;R1.D03=SI;R2.D01=SI;R2.D02=SI;R2.D03=NO,MUNICIPIO30232,MUNICIPIO_SIN_CN_TRAB,Si,No,30232,,Regla 2 coherente para validaciones implementadas.
GPA-001__R2-002__R1-003__0249,GPA-001__R2-002__R1-003,02_inputs_xml_flat/GPA-001__R2-002__R1-003__0249.xml,PASS,INFO,R1.D01=NO;R1.D03=SI;R2.D01=SI;R2.D02=SI;R2.D03=NO,MUNICIPIO30233,MUNICIPIO_SIN_CN_TRAB,Si,No,30233,,Regla 2 coherente para validaciones implementadas.
GPA-001__R2-002__R1-003__0250,GPA-001__R2-002__R1-003,02_inputs_xml_flat/GPA-001__R2-002__R1-003__0250.xml,PASS,INFO,R1.D01=NO;R1.D03=SI;R2.D01=SI;R2.D02=SI;R2.D03=NO,MUNICIPIO30231,MUNICIPIO_SIN_CN_TRAB,Si,No,30231,,Regla 2 coherente para validaciones implementadas.
GPA-001__R2-002__R1-003__0251,GPA-001__R2-002__R1-003,02_inputs_xml_flat/GPA-001__R2-002__R1-003__0251.xml,PASS,INFO,R1.D01=NO;R1.D03=SI;R2.D01=SI;R2.D02=SI;R2.D03=NO,MUNICIPIO30232,MUNICIPIO_SIN_CN_TRAB,Si,No,30232,,Regla 2 coherente para validaciones implementadas.
GPA-001__R2-002__R1-003__0252,GPA-001__R2-002__R1-003,02_inputs_xml_flat/GPA-001__R2-002__R1-003__0252.xml,PASS,INFO,R1.D01=NO;R1.D03=SI;R2.D01=SI;R2.D02=SI;R2.D03=NO,MUNICIPIO30233,MUNICIPIO_SIN_CN_TRAB,Si,No,30233,,Regla 2 coherente para validaciones implementadas.
GPA-001__R2-002__R1-003__0253,GPA-001__R2-002__R1-003,02_inputs_xml_flat/GPA-001__R2-002__R1-003__0253.xml,PASS,INFO,R1.D01=NO;R1.D03=SI;R2.D01=SI;R2.D02=SI;R2.D03=NO,MUNICIPIO30231,MUNICIPIO_SIN_CN_TRAB,Si,No,30231,,Regla 2 coherente para validaciones implementadas.
GPA-001__R2-002__R1-003__0254,GPA-001__R2-002__R1-003,02_inputs_xml_flat/GPA-001__R2-002__R1-003__0254.xml,PASS,INFO,R1.D01=NO;R1.D03=SI;R2.D01=SI;R2.D02=SI;R2.D03=NO,MUNICIPIO30232,MUNICIPIO_SIN_CN_TRAB,Si,No,30232,,Regla 2 coherente para validaciones implementadas.
GPA-001__R2-002__R1-003__0255,GPA-001__R2-002__R1-003,02_inputs_xml_flat/GPA-001__R2-002__R1-003__0255.xml,PASS,INFO,R1.D01=NO;R1.D03=SI;R2.D01=SI;R2.D02=SI;R2.D03=NO,MUNICIPIO30233,MUNICIPIO_SIN_CN_TRAB,Si,No,30233,,Regla 2 coherente para validaciones implementadas.
GPA-001__R2-002__R1-003__0256,GPA-001__R2-002__R1-003,02_inputs_xml_flat/GPA-001__R2-002__R1-003__0256.xml,PASS,INFO,R1.D01=NO;R1.D03=SI;R2.D01=SI;R2.D02=SI;R2.D03=NO,MUNICIPIO30231,MUNICIPIO_SIN_CN_TRAB,Si,No,30231,,Regla 2 coherente para validaciones implementadas.
GPA-001__R2-002__R1-003__0257,GPA-001__R2-002__R1-003,02_inputs_xml_flat/GPA-001__R2-002__R1-003__0257.xml,PASS,INFO,R1.D01=NO;R1.D03=SI;R2.D01=SI;R2.D02=SI;R2.D03=NO,MUNICIPIO30232,MUNICIPIO_SIN_CN_TRAB,Si,No,30232,,Regla 2 coherente para validaciones implementadas.
GPA-001__R2-002__R1-003__0258,GPA-001__R2-002__R1-003,02_inputs_xml_flat/GPA-001__R2-002__R1-003__0258.xml,PASS,INFO,R1.D01=NO;R1.D03=SI;R2.D01=SI;R2.D02=SI;R2.D03=NO,MUNICIPIO30233,MUNICIPIO_SIN_CN_TRAB,Si,No,30233,,Regla 2 coherente para validaciones implementadas.
GPA-001__R2-002__R1-003__0259,GPA-001__R2-002__R1-003,02_inputs_xml_flat/GPA-001__R2-002__R1-003__0259.xml,PASS,INFO,R1.D01=NO;R1.D03=SI;R2.D01=SI;R2.D02=SI;R2.D03=NO,MUNICIPIO30231,MUNICIPIO_SIN_CN_TRAB,Si,No,30231,,Regla 2 coherente para validaciones implementadas.
GPA-001__R2-002__R1-003__0260,GPA-001__R2-002__R1-003,02_inputs_xml_flat/GPA-001__R2-002__R1-003__0260.xml,PASS,INFO,R1.D01=NO;R1.D03=SI;R2.D01=SI;R2.D02=SI;R2.D03=NO,MUNICIPIO30232,MUNICIPIO_SIN_CN_TRAB,Si,No,30232,,Regla 2 coherente para validaciones implementadas.
GPA-001__R2-002__R1-003__0261,GPA-001__R2-002__R1-003,02_inputs_xml_flat/GPA-001__R2-002__R1-003__0261.xml,PASS,INFO,R1.D01=NO;R1.D03=SI;R2.D01=SI;R2.D02=SI;R2.D03=NO,MUNICIPIO30233,MUNICIPIO_SIN_CN_TRAB,Si,No,30233,,Regla 2 coherente para validaciones implementadas.
GPA-001__R2-002__R1-003__0262,GPA-001__R2-002__R1-003,02_inputs_xml_flat/GPA-001__R2-002__R1-003__0262.xml,PASS,INFO,R1.D01=NO;R1.D03=SI;R2.D01=SI;R2.D02=SI;R2.D03=NO,MUNICIPIO30231,MUNICIPIO_SIN_CN_TRAB,Si,No,30231,,Regla 2 coherente para validaciones implementadas.
GPA-001__R2-002__R1-003__0263,GPA-001__R2-002__R1-003,02_inputs_xml_flat/GPA-001__R2-002__R1-003__0263.xml,PASS,INFO,R1.D01=NO;R1.D03=SI;R2.D01=SI;R2.D02=SI;R2.D03=NO,MUNICIPIO30232,MUNICIPIO_SIN_CN_TRAB,Si,No,30232,,Regla 2 coherente para validaciones implementadas.
GPA-001__R2-002__R1-003__0264,GPA-001__R2-002__R1-003,02_inputs_xml_flat/GPA-001__R2-002__R1-003__0264.xml,PASS,INFO,R1.D01=NO;R1.D03=SI;R2.D01=SI;R2.D02=SI;R2.D03=NO,MUNICIPIO30233,MUNICIPIO_SIN_CN_TRAB,Si,No,30233,,Regla 2 coherente para validaciones implementadas.
GPA-001__R2-002__R1-003__0265,GPA-001__R2-002__R1-003,02_inputs_xml_flat/GPA-001__R2-002__R1-003__0265.xml,PASS,INFO,R1.D01=NO;R1.D03=SI;R2.D01=SI;R2.D02=SI;R2.D03=NO,MUNICIPIO30231,MUNICIPIO_SIN_CN_TRAB,Si,No,30231,,Regla 2 coherente para validaciones implementadas.
GPA-001__R2-002__R1-003__0266,GPA-001__R2-002__R1-003,02_inputs_xml_flat/GPA-001__R2-002__R1-003__0266.xml,PASS,INFO,R1.D01=NO;R1.D03=SI;R2.D01=SI;R2.D02=SI;R2.D03=NO,MUNICIPIO30232,MUNICIPIO_SIN_CN_TRAB,Si,No,30232,,Regla 2 coherente para validaciones implementadas.
GPA-001__R2-002__R1-003__0267,GPA-001__R2-002__R1-003,02_inputs_xml_flat/GPA-001__R2-002__R1-003__0267.xml,PASS,INFO,R1.D01=NO;R1.D03=SI;R2.D01=SI;R2.D02=SI;R2.D03=NO,MUNICIPIO30233,MUNICIPIO_SIN_CN_TRAB,Si,No,30233,,Regla 2 coherente para validaciones implementadas.
GPA-001__R2-002__R1-003__0268,GPA-001__R2-002__R1-003,02_inputs_xml_flat/GPA-001__R2-002__R1-003__0268.xml,PASS,INFO,R1.D01=NO;R1.D03=SI;R2.D01=SI;R2.D02=SI;R2.D03=NO,MUNICIPIO30231,MUNICIPIO_SIN_CN_TRAB,Si,No,30231,,Regla 2 coherente para validaciones implementadas.
GPA-001__R2-002__R1-003__0269,GPA-001__R2-002__R1-003,02_inputs_xml_flat/GPA-001__R2-002__R1-003__0269.xml,PASS,INFO,R1.D01=NO;R1.D03=SI;R2.D01=SI;R2.D02=SI;R2.D03=NO,MUNICIPIO30232,MUNICIPIO_SIN_CN_TRAB,Si,No,30232,,Regla 2 coherente para validaciones implementadas.
GPA-001__R2-002__R1-003__0270,GPA-001__R2-002__R1-003,02_inputs_xml_flat/GPA-001__R2-002__R1-003__0270.xml,PASS,INFO,R1.D01=NO;R1.D03=SI;R2.D01=SI;R2.D02=SI;R2.D03=NO,MUNICIPIO30233,MUNICIPIO_SIN_CN_TRAB,Si,No,30233,,Regla 2 coherente para validaciones implementadas.
GPA-001__R2-002__R1-003__0271,GPA-001__R2-002__R1-003,02_inputs_xml_flat/GPA-001__R2-002__R1-003__0271.xml,PASS,INFO,R1.D01=NO;R1.D03=SI;R2.D01=SI;R2.D02=SI;R2.D03=NO,MUNICIPIO30231,MUNICIPIO_SIN_CN_TRAB,Si,No,30231,,Regla 2 coherente para validaciones implementadas.
GPA-001__R2-002__R1-003__0272,GPA-001__R2-002__R1-003,02_inputs_xml_flat/GPA-001__R2-002__R1-003__0272.xml,PASS,INFO,R1.D01=NO;R1.D03=SI;R2.D01=SI;R2.D02=SI;R2.D03=NO,MUNICIPIO30232,MUNICIPIO_SIN_CN_TRAB,Si,No,30232,,Regla 2 coherente para validaciones implementadas.
GPA-001__R2-002__R1-003__0273,GPA-001__R2-002__R1-003,02_inputs_xml_flat/GPA-001__R2-002__R1-003__0273.xml,PASS,INFO,R1.D01=NO;R1.D03=SI;R2.D01=SI;R2.D02=SI;R2.D03=NO,MUNICIPIO30233,MUNICIPIO_SIN_CN_TRAB,Si,No,30233,,Regla 2 coherente para validaciones implementadas.
GPA-001__R2-002__R1-003__0274,GPA-001__R2-002__R1-003,02_inputs_xml_flat/GPA-001__R2-002__R1-003__0274.xml,PASS,INFO,R1.D01=NO;R1.D03=SI;R2.D01=SI;R2.D02=SI;R2.D03=NO,MUNICIPIO30231,MUNICIPIO_SIN_CN_TRAB,Si,No,30231,,Regla 2 coherente para validaciones implementadas.
GPA-001__R2-002__R1-003__0275,GPA-001__R2-002__R1-003,02_inputs_xml_flat/GPA-001__R2-002__R1-003__0275.xml,PASS,INFO,R1.D01=NO;R1.D03=SI;R2.D01=SI;R2.D02=SI;R2.D03=NO,MUNICIPIO30232,MUNICIPIO_SIN_CN_TRAB,Si,No,30232,,Regla 2 coherente para validaciones implementadas.
GPA-001__R2-002__R1-003__0276,GPA-001__R2-002__R1-003,02_inputs_xml_flat/GPA-001__R2-002__R1-003__0276.xml,PASS,INFO,R1.D01=NO;R1.D03=SI;R2.D01=SI;R2.D02=SI;R2.D03=NO,MUNICIPIO30233,MUNICIPIO_SIN_CN_TRAB,Si,No,30233,,Regla 2 coherente para validaciones implementadas.
GPA-001__R2-002__R1-003__0277,GPA-001__R2-002__R1-003,02_inputs_xml_flat/GPA-001__R2-002__R1-003__0277.xml,PASS,INFO,R1.D01=NO;R1.D03=SI;R2.D01=SI;R2.D02=SI;R2.D03=NO,MUNICIPIO30231,MUNICIPIO_SIN_CN_TRAB,Si,No,30231,,Regla 2 coherente para validaciones implementadas.
GPA-001__R2-002__R1-003__0278,GPA-001__R2-002__R1-003,02_inputs_xml_flat/GPA-001__R2-002__R1-003__0278.xml,PASS,INFO,R1.D01=NO;R1.D03=SI;R2.D01=SI;R2.D02=SI;R2.D03=NO,MUNICIPIO30232,MUNICIPIO_SIN_CN_TRAB,Si,No,30232,,Regla 2 coherente para validaciones implementadas.
GPA-001__R2-002__R1-003__0279,GPA-001__R2-002__R1-003,02_inputs_xml_flat/GPA-001__R2-002__R1-003__0279.xml,PASS,INFO,R1.D01=NO;R1.D03=SI;R2.D01=SI;R2.D02=SI;R2.D03=NO,MUNICIPIO30233,MUNICIPIO_SIN_CN_TRAB,Si,No,30233,,Regla 2 coherente para validaciones implementadas.
GPA-001__R2-002__R1-003__0280,GPA-001__R2-002__R1-003,02_inputs_xml_flat/GPA-001__R2-002__R1-003__0280.xml,PASS,INFO,R1.D01=NO;R1.D03=SI;R2.D01=SI;R2.D02=SI;R2.D03=NO,MUNICIPIO30231,MUNICIPIO_SIN_CN_TRAB,Si,No,30231,,Regla 2 coherente para validaciones implementadas.
GPA-001__R2-002__R1-003__0281,GPA-001__R2-002__R1-003,02_inputs_xml_flat/GPA-001__R2-002__R1-003__0281.xml,PASS,INFO,R1.D01=NO;R1.D03=SI;R2.D01=SI;R2.D02=SI;R2.D03=NO,MUNICIPIO30232,MUNICIPIO_SIN_CN_TRAB,Si,No,30232,,Regla 2 coherente para validaciones implementadas.
GPA-001__R2-002__R1-003__0282,GPA-001__R2-002__R1-003,02_inputs_xml_flat/GPA-001__R2-002__R1-003__0282.xml,PASS,INFO,R1.D01=NO;R1.D03=SI;R2.D01=SI;R2.D02=SI;R2.D03=NO,MUNICIPIO30233,MUNICIPIO_SIN_CN_TRAB,Si,No,30233,,Regla 2 coherente para validaciones implementadas.
GPA-001__R2-002__R1-003__0283,GPA-001__R2-002__R1-003,02_inputs_xml_flat/GPA-001__R2-002__R1-003__0283.xml,PASS,INFO,R1.D01=NO;R1.D03=SI;R2.D01=SI;R2.D02=SI;R2.D03=NO,MUNICIPIO30231,MUNICIPIO_SIN_CN_TRAB,Si,No,30231,,Regla 2 coherente para validaciones implementadas.
GPA-001__R2-002__R1-003__0284,GPA-001__R2-002__R1-003,02_inputs_xml_flat/GPA-001__R2-002__R1-003__0284.xml,PASS,INFO,R1.D01=NO;R1.D03=SI;R2.D01=SI;R2.D02=SI;R2.D03=NO,MUNICIPIO30232,MUNICIPIO_SIN_CN_TRAB,Si,No,30232,,Regla 2 coherente para validaciones implementadas.
GPA-001__R2-002__R1-003__0285,GPA-001__R2-002__R1-003,02_inputs_xml_flat/GPA-001__R2-002__R1-003__0285.xml,PASS,INFO,R1.D01=NO;R1.D03=SI;R2.D01=SI;R2.D02=SI;R2.D03=NO,MUNICIPIO30233,MUNICIPIO_SIN_CN_TRAB,Si,No,30233,,Regla 2 coherente para validaciones implementadas.
GPA-001__R2-002__R1-003__0286,GPA-001__R2-002__R1-003,02_inputs_xml_flat/GPA-001__R2-002__R1-003__0286.xml,PASS,INFO,R1.D01=NO;R1.D03=SI;R2.D01=SI;R2.D02=SI;R2.D03=NO,MUNICIPIO30231,MUNICIPIO_SIN_CN_TRAB,Si,No,30231,,Regla 2 coherente para validaciones implementadas.
GPA-001__R2-002__R1-003__0287,GPA-001__R2-002__R1-003,02_inputs_xml_flat/GPA-001__R2-002__R1-003__0287.xml,PASS,INFO,R1.D01=NO;R1.D03=SI;R2.D01=SI;R2.D02=SI;R2.D03=NO,MUNICIPIO30232,MUNICIPIO_SIN_CN_TRAB,Si,No,30232,,Regla 2 coherente para validaciones implementadas.
GPA-001__R2-002__R1-003__0288,GPA-001__R2-002__R1-003,02_inputs_xml_flat/GPA-001__R2-002__R1-003__0288.xml,PASS,INFO,R1.D01=NO;R1.D03=SI;R2.D01=SI;R2.D02=SI;R2.D03=NO,MUNICIPIO30233,MUNICIPIO_SIN_CN_TRAB,Si,No,30233,,Regla 2 coherente para validaciones implementadas.
GPA-001__R2-002__R1-003__0289,GPA-001__R2-002__R1-003,02_inputs_xml_flat/GPA-001__R2-002__R1-003__0289.xml,PASS,INFO,R1.D01=NO;R1.D03=SI;R2.D01=SI;R2.D02=SI;R2.D03=NO,MUNICIPIO30231,MUNICIPIO_SIN_CN_TRAB,Si,No,30231,,Regla 2 coherente para validaciones implementadas.
GPA-001__R2-002__R1-003__0290,GPA-001__R2-002__R1-003,02_inputs_xml_flat/GPA-001__R2-002__R1-003__0290.xml,PASS,INFO,R1.D01=NO;R1.D03=SI;R2.D01=SI;R2.D02=SI;R2.D03=NO,MUNICIPIO30232,MUNICIPIO_SIN_CN_TRAB,Si,No,30232,,Regla 2 coherente para validaciones implementadas.
GPA-001__R2-002__R1-003__0291,GPA-001__R2-002__R1-003,02_inputs_xml_flat/GPA-001__R2-002__R1-003__0291.xml,PASS,INFO,R1.D01=NO;R1.D03=SI;R2.D01=SI;R2.D02=SI;R2.D03=NO,MUNICIPIO30233,MUNICIPIO_SIN_CN_TRAB,Si,No,30233,,Regla 2 coherente para validaciones implementadas.
GPA-001__R2-002__R1-003__0292,GPA-001__R2-002__R1-003,02_inputs_xml_flat/GPA-001__R2-002__R1-003__0292.xml,PASS,INFO,R1.D01=NO;R1.D03=SI;R2.D01=SI;R2.D02=SI;R2.D03=NO,MUNICIPIO30231,MUNICIPIO_SIN_CN_TRAB,Si,No,30231,,Regla 2 coherente para validaciones implementadas.
GPA-001__R2-002__R1-003__0293,GPA-001__R2-002__R1-003,02_inputs_xml_flat/GPA-001__R2-002__R1-003__0293.xml,PASS,INFO,R1.D01=NO;R1.D03=SI;R2.D01=SI;R2.D02=SI;R2.D03=NO,MUNICIPIO30232,MUNICIPIO_SIN_CN_TRAB,Si,No,30232,,Regla 2 coherente para validaciones implementadas.
GPA-001__R2-002__R1-003__0294,GPA-001__R2-002__R1-003,02_inputs_xml_flat/GPA-001__R2-002__R1-003__0294.xml,PASS,INFO,R1.D01=NO;R1.D03=SI;R2.D01=SI;R2.D02=SI;R2.D03=NO,MUNICIPIO30233,MUNICIPIO_SIN_CN_TRAB,Si,No,30233,,Regla 2 coherente para validaciones implementadas.
GPA-001__R2-002__R1-003__0295,GPA-001__R2-002__R1-003,02_inputs_xml_flat/GPA-001__R2-002__R1-003__0295.xml,PASS,INFO,R1.D01=NO;R1.D03=SI;R2.D01=SI;R2.D02=SI;R2.D03=NO,MUNICIPIO30231,MUNICIPIO_SIN_CN_TRAB,Si,No,30231,,Regla 2 coherente para validaciones implementadas.
GPA-001__R2-002__R1-003__0296,GPA-001__R2-002__R1-003,02_inputs_xml_flat/GPA-001__R2-002__R1-003__0296.xml,PASS,INFO,R1.D01=NO;R1.D03=SI;R2.D01=SI;R2.D02=SI;R2.D03=NO,MUNICIPIO30232,MUNICIPIO_SIN_CN_TRAB,Si,No,30232,,Regla 2 coherente para validaciones implementadas.
GPA-001__R2-002__R1-003__0297,GPA-001__R2-002__R1-003,02_inputs_xml_flat/GPA-001__R2-002__R1-003__0297.xml,PASS,INFO,R1.D01=NO;R1.D03=SI;R2.D01=SI;R2.D02=SI;R2.D03=NO,MUNICIPIO30233,MUNICIPIO_SIN_CN_TRAB,Si,No,30233,,Regla 2 coherente para validaciones implementadas.
GPA-001__R2-002__R1-003__0298,GPA-001__R2-002__R1-003,02_inputs_xml_flat/GPA-001__R2-002__R1-003__0298.xml,PASS,INFO,R1.D01=NO;R1.D03=SI;R2.D01=SI;R2.D02=SI;R2.D03=NO,MUNICIPIO30231,MUNICIPIO_SIN_CN_TRAB,Si,No,30231,,Regla 2 coherente para validaciones implementadas.
GPA-001__R2-002__R1-003__0299,GPA-001__R2-002__R1-003,02_inputs_xml_flat/GPA-001__R2-002__R1-003__0299.xml,PASS,INFO,R1.D01=NO;R1.D03=SI;R2.D01=SI;R2.D02=SI;R2.D03=NO,MUNICIPIO30232,MUNICIPIO_SIN_CN_TRAB,Si,No,30232,,Regla 2 coherente para validaciones implementadas.
GPA-001__R2-002__R1-003__0300,GPA-001__R2-002__R1-003,02_inputs_xml_flat/GPA-001__R2-002__R1-003__0300.xml,PASS,INFO,R1.D01=NO;R1.D03=SI;R2.D01=SI;R2.D02=SI;R2.D03=NO,MUNICIPIO30233,MUNICIPIO_SIN_CN_TRAB,Si,No,30233,,Regla 2 coherente para validaciones implementadas.
GPA-001__R2-002__R1-003__0301,GPA-001__R2-002__R1-003,02_inputs_xml_flat/GPA-001__R2-002__R1-003__0301.xml,PASS,INFO,R1.D01=NO;R1.D03=SI;R2.D01=SI;R2.D02=SI;R2.D03=NO,MUNICIPIO30231,MUNICIPIO_SIN_CN_TRAB,Si,No,30231,,Regla 2 coherente para validaciones implementadas.
GPA-001__R2-002__R1-003__0302,GPA-001__R2-002__R1-003,02_inputs_xml_flat/GPA-001__R2-002__R1-003__0302.xml,PASS,INFO,R1.D01=NO;R1.D03=SI;R2.D01=SI;R2.D02=SI;R2.D03=NO,MUNICIPIO30232,MUNICIPIO_SIN_CN_TRAB,Si,No,30232,,Regla 2 coherente para validaciones implementadas.
GPA-001__R2-002__R1-003__0303,GPA-001__R2-002__R1-003,02_inputs_xml_flat/GPA-001__R2-002__R1-003__0303.xml,PASS,INFO,R1.D01=NO;R1.D03=SI;R2.D01=SI;R2.D02=SI;R2.D03=NO,MUNICIPIO30233,MUNICIPIO_SIN_CN_TRAB,Si,No,30233,,Regla 2 coherente para validaciones implementadas.
GPA-001__R2-002__R1-003__0304,GPA-001__R2-002__R1-003,02_inputs_xml_flat/GPA-001__R2-002__R1-003__0304.xml,PASS,INFO,R1.D01=NO;R1.D03=SI;R2.D01=SI;R2.D02=SI;R2.D03=NO,MUNICIPIO30231,MUNICIPIO_SIN_CN_TRAB,Si,No,30231,,Regla 2 coherente para validaciones implementadas.
GPA-001__R2-002__R1-003__0305,GPA-001__R2-002__R1-003,02_inputs_xml_flat/GPA-001__R2-002__R1-003__0305.xml,PASS,INFO,R1.D01=NO;R1.D03=SI;R2.D01=SI;R2.D02=SI;R2.D03=NO,MUNICIPIO30232,MUNICIPIO_SIN_CN_TRAB,Si,No,30232,,Regla 2 coherente para validaciones implementadas.
GPA-001__R2-002__R1-003__0306,GPA-001__R2-002__R1-003,02_inputs_xml_flat/GPA-001__R2-002__R1-003__0306.xml,PASS,INFO,R1.D01=NO;R1.D03=SI;R2.D01=SI;R2.D02=SI;R2.D03=NO,MUNICIPIO30233,MUNICIPIO_SIN_CN_TRAB,Si,No,30233,,Regla 2 coherente para validaciones implementadas.
GPA-001__R2-002__R1-003__0307,GPA-001__R2-002__R1-003,02_inputs_xml_flat/GPA-001__R2-002__R1-003__0307.xml,PASS,INFO,R1.D01=NO;R1.D03=SI;R2.D01=SI;R2.D02=SI;R2.D03=NO,MUNICIPIO30231,MUNICIPIO_SIN_CN_TRAB,Si,No,30231,,Regla 2 coherente para validaciones implementadas.
GPA-001__R2-002__R1-003__0308,GPA-001__R2-002__R1-003,02_inputs_xml_flat/GPA-001__R2-002__R1-003__0308.xml,PASS,INFO,R1.D01=NO;R1.D03=SI;R2.D01=SI;R2.D02=SI;R2.D03=NO,MUNICIPIO30232,MUNICIPIO_SIN_CN_TRAB,Si,No,30232,,Regla 2 coherente para validaciones implementadas.
GPA-001__R2-002__R1-003__0309,GPA-001__R2-002__R1-003,02_inputs_xml_flat/GPA-001__R2-002__R1-003__0309.xml,PASS,INFO,R1.D01=NO;R1.D03=SI;R2.D01=SI;R2.D02=SI;R2.D03=NO,MUNICIPIO30233,MUNICIPIO_SIN_CN_TRAB,Si,No,30233,,Regla 2 coherente para validaciones implementadas.
GPA-001__R2-002__R1-003__0310,GPA-001__R2-002__R1-003,02_inputs_xml_flat/GPA-001__R2-002__R1-003__0310.xml,PASS,INFO,R1.D01=NO;R1.D03=SI;R2.D01=SI;R2.D02=SI;R2.D03=NO,MUNICIPIO30231,MUNICIPIO_SIN_CN_TRAB,Si,No,30231,,Regla 2 coherente para validaciones implementadas.
GPA-001__R2-002__R1-003__0311,GPA-001__R2-002__R1-003,02_inputs_xml_flat/GPA-001__R2-002__R1-003__0311.xml,PASS,INFO,R1.D01=NO;R1.D03=SI;R2.D01=SI;R2.D02=SI;R2.D03=NO,MUNICIPIO30232,MUNICIPIO_SIN_CN_TRAB,Si,No,30232,,Regla 2 coherente para validaciones implementadas.
GPA-001__R2-002__R1-003__0312,GPA-001__R2-002__R1-003,02_inputs_xml_flat/GPA-001__R2-002__R1-003__0312.xml,PASS,INFO,R1.D01=NO;R1.D03=SI;R2.D01=SI;R2.D02=SI;R2.D03=NO,MUNICIPIO30233,MUNICIPIO_SIN_CN_TRAB,Si,No,30233,,Regla 2 coherente para validaciones implementadas.
GPA-001__R2-002__R1-003__0313,GPA-001__R2-002__R1-003,02_inputs_xml_flat/GPA-001__R2-002__R1-003__0313.xml,PASS,INFO,R1.D01=NO;R1.D03=SI;R2.D01=SI;R2.D02=SI;R2.D03=NO,MUNICIPIO30231,MUNICIPIO_SIN_CN_TRAB,Si,No,30231,,Regla 2 coherente para validaciones implementadas.
GPA-001__R2-002__R1-003__0314,GPA-001__R2-002__R1-003,02_inputs_xml_flat/GPA-001__R2-002__R1-003__0314.xml,PASS,INFO,R1.D01=NO;R1.D03=SI;R2.D01=SI;R2.D02=SI;R2.D03=NO,MUNICIPIO30232,MUNICIPIO_SIN_CN_TRAB,Si,No,30232,,Regla 2 coherente para validaciones implementadas.
GPA-001__R2-002__R1-003__0315,GPA-001__R2-002__R1-003,02_inputs_xml_flat/GPA-001__R2-002__R1-003__0315.xml,PASS,INFO,R1.D01=NO;R1.D03=SI;R2.D01=SI;R2.D02=SI;R2.D03=NO,MUNICIPIO30233,MUNICIPIO_SIN_CN_TRAB,Si,No,30233,,Regla 2 coherente para validaciones implementadas.
GPA-001__R2-002__R1-003__0316,GPA-001__R2-002__R1-003,02_inputs_xml_flat/GPA-001__R2-002__R1-003__0316.xml,PASS,INFO,R1.D01=NO;R1.D03=SI;R2.D01=SI;R2.D02=SI;R2.D03=NO,MUNICIPIO30231,MUNICIPIO_SIN_CN_TRAB,Si,No,30231,,Regla 2 coherente para validaciones implementadas.
GPA-001__R2-002__R1-003__0317,GPA-001__R2-002__R1-003,02_inputs_xml_flat/GPA-001__R2-002__R1-003__0317.xml,PASS,INFO,R1.D01=NO;R1.D03=SI;R2.D01=SI;R2.D02=SI;R2.D03=NO,MUNICIPIO30232,MUNICIPIO_SIN_CN_TRAB,Si,No,30232,,Regla 2 coherente para validaciones implementadas.
GPA-001__R2-002__R1-003__0318,GPA-001__R2-002__R1-003,02_inputs_xml_flat/GPA-001__R2-002__R1-003__0318.xml,PASS,INFO,R1.D01=NO;R1.D03=SI;R2.D01=SI;R2.D02=SI;R2.D03=NO,MUNICIPIO30233,MUNICIPIO_SIN_CN_TRAB,Si,No,30233,,Regla 2 coherente para validaciones implementadas.
GPA-001__R2-002__R1-003__0319,GPA-001__R2-002__R1-003,02_inputs_xml_flat/GPA-001__R2-002__R1-003__0319.xml,PASS,INFO,R1.D01=NO;R1.D03=SI;R2.D01=SI;R2.D02=SI;R2.D03=NO,MUNICIPIO30231,MUNICIPIO_SIN_CN_TRAB,Si,No,30231,,Regla 2 coherente para validaciones implementadas.
GPA-001__R2-002__R1-003__0320,GPA-001__R2-002__R1-003,02_inputs_xml_flat/GPA-001__R2-002__R1-003__0320.xml,PASS,INFO,R1.D01=NO;R1.D03=SI;R2.D01=SI;R2.D02=SI;R2.D03=NO,MUNICIPIO30232,MUNICIPIO_SIN_CN_TRAB,Si,No,30232,,Regla 2 coherente para validaciones implementadas.
GPA-001__R2-002__R1-003__0321,GPA-001__R2-002__R1-003,02_inputs_xml_flat/GPA-001__R2-002__R1-003__0321.xml,PASS,INFO,R1.D01=NO;R1.D03=SI;R2.D01=SI;R2.D02=SI;R2.D03=NO,MUNICIPIO30233,MUNICIPIO_SIN_CN_TRAB,Si,No,30233,,Regla 2 coherente para validaciones implementadas.
GPA-001__R2-002__R1-003__0322,GPA-001__R2-002__R1-003,02_inputs_xml_flat/GPA-001__R2-002__R1-003__0322.xml,PASS,INFO,R1.D01=NO;R1.D03=SI;R2.D01=SI;R2.D02=SI;R2.D03=NO,MUNICIPIO30231,MUNICIPIO_SIN_CN_TRAB,Si,No,30231,,Regla 2 coherente para validaciones implementadas.
GPA-001__R2-002__R1-003__0323,GPA-001__R2-002__R1-003,02_inputs_xml_flat/GPA-001__R2-002__R1-003__0323.xml,PASS,INFO,R1.D01=NO;R1.D03=SI;R2.D01=SI;R2.D02=SI;R2.D03=NO,MUNICIPIO30232,MUNICIPIO_SIN_CN_TRAB,Si,No,30232,,Regla 2 coherente para validaciones implementadas.
GPA-001__R2-002__R1-003__0324,GPA-001__R2-002__R1-003,02_inputs_xml_flat/GPA-001__R2-002__R1-003__0324.xml,PASS,INFO,R1.D01=NO;R1.D03=SI;R2.D01=SI;R2.D02=SI;R2.D03=NO,MUNICIPIO30233,MUNICIPIO_SIN_CN_TRAB,Si,No,30233,,Regla 2 coherente para validaciones implementadas.
GPA-001__R2-002__R1-003__0325,GPA-001__R2-002__R1-003,02_inputs_xml_flat/GPA-001__R2-002__R1-003__0325.xml,PASS,INFO,R1.D01=NO;R1.D03=SI;R2.D01=SI;R2.D02=SI;R2.D03=NO,MUNICIPIO30231,MUNICIPIO_SIN_CN_TRAB,Si,No,30231,,Regla 2 coherente para validaciones implementadas.
GPA-001__R2-002__R1-003__0326,GPA-001__R2-002__R1-003,02_inputs_xml_flat/GPA-001__R2-002__R1-003__0326.xml,PASS,INFO,R1.D01=NO;R1.D03=SI;R2.D01=SI;R2.D02=SI;R2.D03=NO,MUNICIPIO30232,MUNICIPIO_SIN_CN_TRAB,Si,No,30232,,Regla 2 coherente para validaciones implementadas.
GPA-001__R2-002__R1-003__0327,GPA-001__R2-002__R1-003,02_inputs_xml_flat/GPA-001__R2-002__R1-003__0327.xml,PASS,INFO,R1.D01=NO;R1.D03=SI;R2.D01=SI;R2.D02=SI;R2.D03=NO,MUNICIPIO30233,MUNICIPIO_SIN_CN_TRAB,Si,No,30233,,Regla 2 coherente para validaciones implementadas.
GPA-001__R2-002__R1-003__0328,GPA-001__R2-002__R1-003,02_inputs_xml_flat/GPA-001__R2-002__R1-003__0328.xml,PASS,INFO,R1.D01=NO;R1.D03=SI;R2.D01=SI;R2.D02=SI;R2.D03=NO,MUNICIPIO30231,MUNICIPIO_SIN_CN_TRAB,Si,No,30231,,Regla 2 coherente para validaciones implementadas.
GPA-001__R2-002__R1-003__0329,GPA-001__R2-002__R1-003,02_inputs_xml_flat/GPA-001__R2-002__R1-003__0329.xml,PASS,INFO,R1.D01=NO;R1.D03=SI;R2.D01=SI;R2.D02=SI;R2.D03=NO,MUNICIPIO30232,MUNICIPIO_SIN_CN_TRAB,Si,No,30232,,Regla 2 coherente para validaciones implementadas.
GPA-001__R2-002__R1-003__0330,GPA-001__R2-002__R1-003,02_inputs_xml_flat/GPA-001__R2-002__R1-003__0330.xml,PASS,INFO,R1.D01=NO;R1.D03=SI;R2.D01=SI;R2.D02=SI;R2.D03=NO,MUNICIPIO30233,MUNICIPIO_SIN_CN_TRAB,Si,No,30233,,Regla 2 coherente para validaciones implementadas.
GPA-001__R2-002__R1-003__0331,GPA-001__R2-002__R1-003,02_inputs_xml_flat/GPA-001__R2-002__R1-003__0331.xml,PASS,INFO,R1.D01=NO;R1.D03=SI;R2.D01=SI;R2.D02=SI;R2.D03=NO,MUNICIPIO30231,MUNICIPIO_SIN_CN_TRAB,Si,No,30231,,Regla 2 coherente para validaciones implementadas.
GPA-001__R2-002__R1-003__0332,GPA-001__R2-002__R1-003,02_inputs_xml_flat/GPA-001__R2-002__R1-003__0332.xml,PASS,INFO,R1.D01=NO;R1.D03=SI;R2.D01=SI;R2.D02=SI;R2.D03=NO,MUNICIPIO30232,MUNICIPIO_SIN_CN_TRAB,Si,No,30232,,Regla 2 coherente para validaciones implementadas.
GPA-001__R2-002__R1-003__0333,GPA-001__R2-002__R1-003,02_inputs_xml_flat/GPA-001__R2-002__R1-003__0333.xml,PASS,INFO,R1.D01=NO;R1.D03=SI;R2.D01=SI;R2.D02=SI;R2.D03=NO,MUNICIPIO30233,MUNICIPIO_SIN_CN_TRAB,Si,No,30233,,Regla 2 coherente para validaciones implementadas.
GPA-001__R2-002__R1-003__0334,GPA-001__R2-002__R1-003,02_inputs_xml_flat/GPA-001__R2-002__R1-003__0334.xml,PASS,INFO,R1.D01=NO;R1.D03=SI;R2.D01=SI;R2.D02=SI;R2.D03=NO,MUNICIPIO30231,MUNICIPIO_SIN_CN_TRAB,Si,No,30231,,Regla 2 coherente para validaciones implementadas.
GPA-001__R2-002__R1-003__0335,GPA-001__R2-002__R1-003,02_inputs_xml_flat/GPA-001__R2-002__R1-003__0335.xml,PASS,INFO,R1.D01=NO;R1.D03=SI;R2.D01=SI;R2.D02=SI;R2.D03=NO,MUNICIPIO30232,MUNICIPIO_SIN_CN_TRAB,Si,No,30232,,Regla 2 coherente para validaciones implementadas.
GPA-001__R2-002__R1-003__0336,GPA-001__R2-002__R1-003,02_inputs_xml_flat/GPA-001__R2-002__R1-003__0336.xml,PASS,INFO,R1.D01=NO;R1.D03=SI;R2.D01=SI;R2.D02=SI;R2.D03=NO,MUNICIPIO30233,MUNICIPIO_SIN_CN_TRAB,Si,No,30233,,Regla 2 coherente para validaciones implementadas.
GPA-001__R2-002__R1-003__0337,GPA-001__R2-002__R1-003,02_inputs_xml_flat/GPA-001__R2-002__R1-003__0337.xml,PASS,INFO,R1.D01=NO;R1.D03=SI;R2.D01=SI;R2.D02=SI;R2.D03=NO,MUNICIPIO30231,MUNICIPIO_SIN_CN_TRAB,Si,No,30231,,Regla 2 coherente para validaciones implementadas.
GPA-001__R2-002__R1-003__0338,GPA-001__R2-002__R1-003,02_inputs_xml_flat/GPA-001__R2-002__R1-003__0338.xml,PASS,INFO,R1.D01=NO;R1.D03=SI;R2.D01=SI;R2.D02=SI;R2.D03=NO,MUNICIPIO30232,MUNICIPIO_SIN_CN_TRAB,Si,No,30232,,Regla 2 coherente para validaciones implementadas.
GPA-001__R2-002__R1-003__0339,GPA-001__R2-002__R1-003,02_inputs_xml_flat/GPA-001__R2-002__R1-003__0339.xml,PASS,INFO,R1.D01=NO;R1.D03=SI;R2.D01=SI;R2.D02=SI;R2.D03=NO,MUNICIPIO30233,MUNICIPIO_SIN_CN_TRAB,Si,No,30233,,Regla 2 coherente para validaciones implementadas.
GPA-001__R2-002__R1-003__0340,GPA-001__R2-002__R1-003,02_inputs_xml_flat/GPA-001__R2-002__R1-003__0340.xml,PASS,INFO,R1.D01=NO;R1.D03=SI;R2.D01=SI;R2.D02=SI;R2.D03=NO,MUNICIPIO30231,MUNICIPIO_SIN_CN_TRAB,Si,No,30231,,Regla 2 coherente para validaciones implementadas.
GPA-001__R2-002__R1-003__0341,GPA-001__R2-002__R1-003,02_inputs_xml_flat/GPA-001__R2-002__R1-003__0341.xml,PASS,INFO,R1.D01=NO;R1.D03=SI;R2.D01=SI;R2.D02=SI;R2.D03=NO,MUNICIPIO30232,MUNICIPIO_SIN_CN_TRAB,Si,No,30232,,Regla 2 coherente para validaciones implementadas.
GPA-001__R2-002__R1-003__0342,GPA-001__R2-002__R1-003,02_inputs_xml_flat/GPA-001__R2-002__R1-003__0342.xml,PASS,INFO,R1.D01=NO;R1.D03=SI;R2.D01=SI;R2.D02=SI;R2.D03=NO,MUNICIPIO30233,MUNICIPIO_SIN_CN_TRAB,Si,No,30233,,Regla 2 coherente para validaciones implementadas.
GPA-001__R2-002__R1-003__0343,GPA-001__R2-002__R1-003,02_inputs_xml_flat/GPA-001__R2-002__R1-003__0343.xml,PASS,INFO,R1.D01=NO;R1.D03=SI;R2.D01=SI;R2.D02=SI;R2.D03=NO,MUNICIPIO30231,MUNICIPIO_SIN_CN_TRAB,Si,No,30231,,Regla 2 coherente para validaciones implementadas.
GPA-001__R2-002__R1-003__0344,GPA-001__R2-002__R1-003,02_inputs_xml_flat/GPA-001__R2-002__R1-003__0344.xml,PASS,INFO,R1.D01=NO;R1.D03=SI;R2.D01=SI;R2.D02=SI;R2.D03=NO,MUNICIPIO30232,MUNICIPIO_SIN_CN_TRAB,Si,No,30232,,Regla 2 coherente para validaciones implementadas.
GPA-001__R2-002__R1-003__0345,GPA-001__R2-002__R1-003,02_inputs_xml_flat/GPA-001__R2-002__R1-003__0345.xml,PASS,INFO,R1.D01=NO;R1.D03=SI;R2.D01=SI;R2.D02=SI;R2.D03=NO,MUNICIPIO30233,MUNICIPIO_SIN_CN_TRAB,Si,No,30233,,Regla 2 coherente para validaciones implementadas.
GPA-001__R2-002__R1-003__0346,GPA-001__R2-002__R1-003,02_inputs_xml_flat/GPA-001__R2-002__R1-003__0346.xml,PASS,INFO,R1.D01=NO;R1.D03=SI;R2.D01=SI;R2.D02=SI;R2.D03=NO,MUNICIPIO30231,MUNICIPIO_SIN_CN_TRAB,Si,No,30231,,Regla 2 coherente para validaciones implementadas.
GPA-001__R2-002__R1-003__0347,GPA-001__R2-002__R1-003,02_inputs_xml_flat/GPA-001__R2-002__R1-003__0347.xml,PASS,INFO,R1.D01=NO;R1.D03=SI;R2.D01=SI;R2.D02=SI;R2.D03=NO,MUNICIPIO30232,MUNICIPIO_SIN_CN_TRAB,Si,No,30232,,Regla 2 coherente para validaciones implementadas.
GPA-001__R2-002__R1-003__0348,GPA-001__R2-002__R1-003,02_inputs_xml_flat/GPA-001__R2-002__R1-003__0348.xml,PASS,INFO,R1.D01=NO;R1.D03=SI;R2.D01=SI;R2.D02=SI;R2.D03=NO,MUNICIPIO30233,MUNICIPIO_SIN_CN_TRAB,Si,No,30233,,Regla 2 coherente para validaciones implementadas.
GPA-001__R2-002__R1-003__0349,GPA-001__R2-002__R1-003,02_inputs_xml_flat/GPA-001__R2-002__R1-003__0349.xml,PASS,INFO,R1.D01=NO;R1.D03=SI;R2.D01=SI;R2.D02=SI;R2.D03=NO,MUNICIPIO30231,MUNICIPIO_SIN_CN_TRAB,Si,No,30231,,Regla 2 coherente para validaciones implementadas.
GPA-001__R2-002__R1-003__0350,GPA-001__R2-002__R1-003,02_inputs_xml_flat/GPA-001__R2-002__R1-003__0350.xml,PASS,INFO,R1.D01=NO;R1.D03=SI;R2.D01=SI;R2.D02=SI;R2.D03=NO,MUNICIPIO30232,MUNICIPIO_SIN_CN_TRAB,Si,No,30232,,Regla 2 coherente para validaciones implementadas.
GPA-001__R2-002__R1-003__0351,GPA-001__R2-002__R1-003,02_inputs_xml_flat/GPA-001__R2-002__R1-003__0351.xml,PASS,INFO,R1.D01=NO;R1.D03=SI;R2.D01=SI;R2.D02=SI;R2.D03=NO,MUNICIPIO30233,MUNICIPIO_SIN_CN_TRAB,Si,No,30233,,Regla 2 coherente para validaciones implementadas.
GPA-001__R2-002__R1-003__0352,GPA-001__R2-002__R1-003,02_inputs_xml_flat/GPA-001__R2-002__R1-003__0352.xml,PASS,INFO,R1.D01=NO;R1.D03=SI;R2.D01=SI;R2.D02=SI;R2.D03=NO,MUNICIPIO30231,MUNICIPIO_SIN_CN_TRAB,Si,No,30231,,Regla 2 coherente para validaciones implementadas.
GPA-001__R2-002__R1-003__0353,GPA-001__R2-002__R1-003,02_inputs_xml_flat/GPA-001__R2-002__R1-003__0353.xml,PASS,INFO,R1.D01=NO;R1.D03=SI;R2.D01=SI;R2.D02=SI;R2.D03=NO,MUNICIPIO30232,MUNICIPIO_SIN_CN_TRAB,Si,No,30232,,Regla 2 coherente para validaciones implementadas.
GPA-001__R2-002__R1-003__0354,GPA-001__R2-002__R1-003,02_inputs_xml_flat/GPA-001__R2-002__R1-003__0354.xml,PASS,INFO,R1.D01=NO;R1.D03=SI;R2.D01=SI;R2.D02=SI;R2.D03=NO,MUNICIPIO30233,MUNICIPIO_SIN_CN_TRAB,Si,No,30233,,Regla 2 coherente para validaciones implementadas.
GPA-001__R2-002__R1-003__0355,GPA-001__R2-002__R1-003,02_inputs_xml_flat/GPA-001__R2-002__R1-003__0355.xml,PASS,INFO,R1.D01=NO;R1.D03=SI;R2.D01=SI;R2.D02=SI;R2.D03=NO,MUNICIPIO30231,MUNICIPIO_SIN_CN_TRAB,Si,No,30231,,Regla 2 coherente para validaciones implementadas.
GPA-001__R2-002__R1-003__0356,GPA-001__R2-002__R1-003,02_inputs_xml_flat/GPA-001__R2-002__R1-003__0356.xml,PASS,INFO,R1.D01=NO;R1.D03=SI;R2.D01=SI;R2.D02=SI;R2.D03=NO,MUNICIPIO30232,MUNICIPIO_SIN_CN_TRAB,Si,No,30232,,Regla 2 coherente para validaciones implementadas.
GPA-001__R2-002__R1-003__0357,GPA-001__R2-002__R1-003,02_inputs_xml_flat/GPA-001__R2-002__R1-003__0357.xml,PASS,INFO,R1.D01=NO;R1.D03=SI;R2.D01=SI;R2.D02=SI;R2.D03=NO,MUNICIPIO30233,MUNICIPIO_SIN_CN_TRAB,Si,No,30233,,Regla 2 coherente para validaciones implementadas.
GPA-001__R2-002__R1-003__0358,GPA-001__R2-002__R1-003,02_inputs_xml_flat/GPA-001__R2-002__R1-003__0358.xml,PASS,INFO,R1.D01=NO;R1.D03=SI;R2.D01=SI;R2.D02=SI;R2.D03=NO,MUNICIPIO30231,MUNICIPIO_SIN_CN_TRAB,Si,No,30231,,Regla 2 coherente para validaciones implementadas.
GPA-001__R2-002__R1-003__0359,GPA-001__R2-002__R1-003,02_inputs_xml_flat/GPA-001__R2-002__R1-003__0359.xml,PASS,INFO,R1.D01=NO;R1.D03=SI;R2.D01=SI;R2.D02=SI;R2.D03=NO,MUNICIPIO30232,MUNICIPIO_SIN_CN_TRAB,Si,No,30232,,Regla 2 coherente para validaciones implementadas.
GPA-001__R2-002__R1-003__0360,GPA-001__R2-002__R1-003,02_inputs_xml_flat/GPA-001__R2-002__R1-003__0360.xml,PASS,INFO,R1.D01=NO;R1.D03=SI;R2.D01=SI;R2.D02=SI;R2.D03=NO,MUNICIPIO30233,MUNICIPIO_SIN_CN_TRAB,Si,No,30233,,Regla 2 coherente para validaciones implementadas.
GPA-001__R2-002__R1-003__0361,GPA-001__R2-002__R1-003,02_inputs_xml_flat/GPA-001__R2-002__R1-003__0361.xml,PASS,INFO,R1.D01=NO;R1.D03=SI;R2.D01=SI;R2.D02=SI;R2.D03=NO,MUNICIPIO30231,MUNICIPIO_SIN_CN_TRAB,Si,No,30231,,Regla 2 coherente para validaciones implementadas.
GPA-001__R2-002__R1-003__0362,GPA-001__R2-002__R1-003,02_inputs_xml_flat/GPA-001__R2-002__R1-003__0362.xml,PASS,INFO,R1.D01=NO;R1.D03=SI;R2.D01=SI;R2.D02=SI;R2.D03=NO,MUNICIPIO30232,MUNICIPIO_SIN_CN_TRAB,Si,No,30232,,Regla 2 coherente para validaciones implementadas.
GPA-001__R2-002__R1-003__0363,GPA-001__R2-002__R1-003,02_inputs_xml_flat/GPA-001__R2-002__R1-003__0363.xml,PASS,INFO,R1.D01=NO;R1.D03=SI;R2.D01=SI;R2.D02=SI;R2.D03=NO,MUNICIPIO30233,MUNICIPIO_SIN_CN_TRAB,Si,No,30233,,Regla 2 coherente para validaciones implementadas.
GPA-001__R2-002__R1-003__0364,GPA-001__R2-002__R1-003,02_inputs_xml_flat/GPA-001__R2-002__R1-003__0364.xml,PASS,INFO,R1.D01=NO;R1.D03=SI;R2.D01=SI;R2.D02=SI;R2.D03=NO,MUNICIPIO30231,MUNICIPIO_SIN_CN_TRAB,Si,No,30231,,Regla 2 coherente para validaciones implementadas.
GPA-001__R2-002__R1-003__0365,GPA-001__R2-002__R1-003,02_inputs_xml_flat/GPA-001__R2-002__R1-003__0365.xml,PASS,INFO,R1.D01=NO;R1.D03=SI;R2.D01=SI;R2.D02=SI;R2.D03=NO,MUNICIPIO30232,MUNICIPIO_SIN_CN_TRAB,Si,No,30232,,Regla 2 coherente para validaciones implementadas.
GPA-001__R2-002__R1-003__0366,GPA-001__R2-002__R1-003,02_inputs_xml_flat/GPA-001__R2-002__R1-003__0366.xml,PASS,INFO,R1.D01=NO;R1.D03=SI;R2.D01=SI;R2.D02=SI;R2.D03=NO,MUNICIPIO30233,MUNICIPIO_SIN_CN_TRAB,Si,No,30233,,Regla 2 coherente para validaciones implementadas.
GPA-001__R2-002__R1-003__0367,GPA-001__R2-002__R1-003,02_inputs_xml_flat/GPA-001__R2-002__R1-003__0367.xml,PASS,INFO,R1.D01=NO;R1.D03=SI;R2.D01=SI;R2.D02=SI;R2.D03=NO,MUNICIPIO30231,MUNICIPIO_SIN_CN_TRAB,Si,No,30231,,Regla 2 coherente para validaciones implementadas.
GPA-001__R2-002__R1-003__0368,GPA-001__R2-002__R1-003,02_inputs_xml_flat/GPA-001__R2-002__R1-003__0368.xml,PASS,INFO,R1.D01=NO;R1.D03=SI;R2.D01=SI;R2.D02=SI;R2.D03=NO,MUNICIPIO30232,MUNICIPIO_SIN_CN_TRAB,Si,No,30232,,Regla 2 coherente para validaciones implementadas.
GPA-001__R2-002__R1-003__0369,GPA-001__R2-002__R1-003,02_inputs_xml_flat/GPA-001__R2-002__R1-003__0369.xml,PASS,INFO,R1.D01=NO;R1.D03=SI;R2.D01=SI;R2.D02=SI;R2.D03=NO,MUNICIPIO30233,MUNICIPIO_SIN_CN_TRAB,Si,No,30233,,Regla 2 coherente para validaciones implementadas.
GPA-001__R2-002__R1-003__0370,GPA-001__R2-002__R1-003,02_inputs_xml_flat/GPA-001__R2-002__R1-003__0370.xml,PASS,INFO,R1.D01=NO;R1.D03=SI;R2.D01=SI;R2.D02=SI;R2.D03=NO,MUNICIPIO30231,MUNICIPIO_SIN_CN_TRAB,Si,No,30231,,Regla 2 coherente para validaciones implementadas.
GPA-001__R2-002__R1-003__0371,GPA-001__R2-002__R1-003,02_inputs_xml_flat/GPA-001__R2-002__R1-003__0371.xml,PASS,INFO,R1.D01=NO;R1.D03=SI;R2.D01=SI;R2.D02=SI;R2.D03=NO,MUNICIPIO30232,MUNICIPIO_SIN_CN_TRAB,Si,No,30232,,Regla 2 coherente para validaciones implementadas.
GPA-001__R2-002__R1-003__0372,GPA-001__R2-002__R1-003,02_inputs_xml_flat/GPA-001__R2-002__R1-003__0372.xml,PASS,INFO,R1.D01=NO;R1.D03=SI;R2.D01=SI;R2.D02=SI;R2.D03=NO,MUNICIPIO30233,MUNICIPIO_SIN_CN_TRAB,Si,No,30233,,Regla 2 coherente para validaciones implementadas.
GPA-001__R2-002__R1-003__0373,GPA-001__R2-002__R1-003,02_inputs_xml_flat/GPA-001__R2-002__R1-003__0373.xml,PASS,INFO,R1.D01=NO;R1.D03=SI;R2.D01=SI;R2.D02=SI;R2.D03=NO,MUNICIPIO30231,MUNICIPIO_SIN_CN_TRAB,Si,No,30231,,Regla 2 coherente para validaciones implementadas.
GPA-001__R2-002__R1-003__0374,GPA-001__R2-002__R1-003,02_inputs_xml_flat/GPA-001__R2-002__R1-003__0374.xml,PASS,INFO,R1.D01=NO;R1.D03=SI;R2.D01=SI;R2.D02=SI;R2.D03=NO,MUNICIPIO30232,MUNICIPIO_SIN_CN_TRAB,Si,No,30232,,Regla 2 coherente para validaciones implementadas.
GPA-001__R2-002__R1-003__0375,GPA-001__R2-002__R1-003,02_inputs_xml_flat/GPA-001__R2-002__R1-003__0375.xml,PASS,INFO,R1.D01=NO;R1.D03=SI;R2.D01=SI;R2.D02=SI;R2.D03=NO,MUNICIPIO30233,MUNICIPIO_SIN_CN_TRAB,Si,No,30233,,Regla 2 coherente para validaciones implementadas.
GPA-001__R2-002__R1-003__0376,GPA-001__R2-002__R1-003,02_inputs_xml_flat/GPA-001__R2-002__R1-003__0376.xml,PASS,INFO,R1.D01=NO;R1.D03=SI;R2.D01=SI;R2.D02=SI;R2.D03=NO,MUNICIPIO30231,MUNICIPIO_SIN_CN_TRAB,Si,No,30231,,Regla 2 coherente para validaciones implementadas.
GPA-001__R2-002__R1-003__0377,GPA-001__R2-002__R1-003,02_inputs_xml_flat/GPA-001__R2-002__R1-003__0377.xml,PASS,INFO,R1.D01=NO;R1.D03=SI;R2.D01=SI;R2.D02=SI;R2.D03=NO,MUNICIPIO30232,MUNICIPIO_SIN_CN_TRAB,Si,No,30232,,Regla 2 coherente para validaciones implementadas.
GPA-001__R2-002__R1-003__0378,GPA-001__R2-002__R1-003,02_inputs_xml_flat/GPA-001__R2-002__R1-003__0378.xml,PASS,INFO,R1.D01=NO;R1.D03=SI;R2.D01=SI;R2.D02=SI;R2.D03=NO,MUNICIPIO30233,MUNICIPIO_SIN_CN_TRAB,Si,No,30233,,Regla 2 coherente para validaciones implementadas.
GPA-001__R2-002__R1-003__0379,GPA-001__R2-002__R1-003,02_inputs_xml_flat/GPA-001__R2-002__R1-003__0379.xml,PASS,INFO,R1.D01=NO;R1.D03=SI;R2.D01=SI;R2.D02=SI;R2.D03=NO,MUNICIPIO30231,MUNICIPIO_SIN_CN_TRAB,Si,No,30231,,Regla 2 coherente para validaciones implementadas.
GPA-001__R2-002__R1-003__0380,GPA-001__R2-002__R1-003,02_inputs_xml_flat/GPA-001__R2-002__R1-003__0380.xml,PASS,INFO,R1.D01=NO;R1.D03=SI;R2.D01=SI;R2.D02=SI;R2.D03=NO,MUNICIPIO30232,MUNICIPIO_SIN_CN_TRAB,Si,No,30232,,Regla 2 coherente para validaciones implementadas.
GPA-001__R2-002__R1-003__0381,GPA-001__R2-002__R1-003,02_inputs_xml_flat/GPA-001__R2-002__R1-003__0381.xml,PASS,INFO,R1.D01=NO;R1.D03=SI;R2.D01=SI;R2.D02=SI;R2.D03=NO,MUNICIPIO30233,MUNICIPIO_SIN_CN_TRAB,Si,No,30233,,Regla 2 coherente para validaciones implementadas.
GPA-001__R2-002__R1-003__0382,GPA-001__R2-002__R1-003,02_inputs_xml_flat/GPA-001__R2-002__R1-003__0382.xml,PASS,INFO,R1.D01=NO;R1.D03=SI;R2.D01=SI;R2.D02=SI;R2.D03=NO,MUNICIPIO30231,MUNICIPIO_SIN_CN_TRAB,Si,No,30231,,Regla 2 coherente para validaciones implementadas.
GPA-001__R2-002__R1-003__0383,GPA-001__R2-002__R1-003,02_inputs_xml_flat/GPA-001__R2-002__R1-003__0383.xml,PASS,INFO,R1.D01=NO;R1.D03=SI;R2.D01=SI;R2.D02=SI;R2.D03=NO,MUNICIPIO30232,MUNICIPIO_SIN_CN_TRAB,Si,No,30232,,Regla 2 coherente para validaciones implementadas.
GPA-001__R2-002__R1-003__0384,GPA-001__R2-002__R1-003,02_inputs_xml_flat/GPA-001__R2-002__R1-003__0384.xml,PASS,INFO,R1.D01=NO;R1.D03=SI;R2.D01=SI;R2.D02=SI;R2.D03=NO,MUNICIPIO30233,MUNICIPIO_SIN_CN_TRAB,Si,No,30233,,Regla 2 coherente para validaciones implementadas.
GPA-001__R2-002__R1-003__0385,GPA-001__R2-002__R1-003,02_inputs_xml_flat/GPA-001__R2-002__R1-003__0385.xml,PASS,INFO,R1.D01=NO;R1.D03=SI;R2.D01=SI;R2.D02=SI;R2.D03=NO,MUNICIPIO30231,MUNICIPIO_SIN_CN_TRAB,Si,No,30231,,Regla 2 coherente para validaciones implementadas.
GPA-001__R2-002__R1-003__0386,GPA-001__R2-002__R1-003,02_inputs_xml_flat/GPA-001__R2-002__R1-003__0386.xml,PASS,INFO,R1.D01=NO;R1.D03=SI;R2.D01=SI;R2.D02=SI;R2.D03=NO,MUNICIPIO30232,MUNICIPIO_SIN_CN_TRAB,Si,No,30232,,Regla 2 coherente para validaciones implementadas.
GPA-001__R2-002__R1-003__0387,GPA-001__R2-002__R1-003,02_inputs_xml_flat/GPA-001__R2-002__R1-003__0387.xml,PASS,INFO,R1.D01=NO;R1.D03=SI;R2.D01=SI;R2.D02=SI;R2.D03=NO,MUNICIPIO30233,MUNICIPIO_SIN_CN_TRAB,Si,No,30233,,Regla 2 coherente para validaciones implementadas.
GPA-001__R2-002__R1-003__0388,GPA-001__R2-002__R1-003,02_inputs_xml_flat/GPA-001__R2-002__R1-003__0388.xml,PASS,INFO,R1.D01=NO;R1.D03=SI;R2.D01=SI;R2.D02=SI;R2.D03=NO,MUNICIPIO30231,MUNICIPIO_SIN_CN_TRAB,Si,No,30231,,Regla 2 coherente para validaciones implementadas.
GPA-001__R2-002__R1-003__0389,GPA-001__R2-002__R1-003,02_inputs_xml_flat/GPA-001__R2-002__R1-003__0389.xml,PASS,INFO,R1.D01=NO;R1.D03=SI;R2.D01=SI;R2.D02=SI;R2.D03=NO,MUNICIPIO30232,MUNICIPIO_SIN_CN_TRAB,Si,No,30232,,Regla 2 coherente para validaciones implementadas.
GPA-001__R2-002__R1-003__0390,GPA-001__R2-002__R1-003,02_inputs_xml_flat/GPA-001__R2-002__R1-003__0390.xml,PASS,INFO,R1.D01=NO;R1.D03=SI;R2.D01=SI;R2.D02=SI;R2.D03=NO,MUNICIPIO30233,MUNICIPIO_SIN_CN_TRAB,Si,No,30233,,Regla 2 coherente para validaciones implementadas.
GPA-001__R2-002__R1-003__0391,GPA-001__R2-002__R1-003,02_inputs_xml_flat/GPA-001__R2-002__R1-003__0391.xml,PASS,INFO,R1.D01=NO;R1.D03=SI;R2.D01=SI;R2.D02=SI;R2.D03=NO,MUNICIPIO30231,MUNICIPIO_SIN_CN_TRAB,Si,No,30231,,Regla 2 coherente para validaciones implementadas.
GPA-001__R2-002__R1-003__0392,GPA-001__R2-002__R1-003,02_inputs_xml_flat/GPA-001__R2-002__R1-003__0392.xml,PASS,INFO,R1.D01=NO;R1.D03=SI;R2.D01=SI;R2.D02=SI;R2.D03=NO,MUNICIPIO30232,MUNICIPIO_SIN_CN_TRAB,Si,No,30232,,Regla 2 coherente para validaciones implementadas.
GPA-001__R2-002__R1-003__0393,GPA-001__R2-002__R1-003,02_inputs_xml_flat/GPA-001__R2-002__R1-003__0393.xml,PASS,INFO,R1.D01=NO;R1.D03=SI;R2.D01=SI;R2.D02=SI;R2.D03=NO,MUNICIPIO30233,MUNICIPIO_SIN_CN_TRAB,Si,No,30233,,Regla 2 coherente para validaciones implementadas.
GPA-001__R2-002__R1-003__0394,GPA-001__R2-002__R1-003,02_inputs_xml_flat/GPA-001__R2-002__R1-003__0394.xml,PASS,INFO,R1.D01=NO;R1.D03=SI;R2.D01=SI;R2.D02=SI;R2.D03=NO,MUNICIPIO30231,MUNICIPIO_SIN_CN_TRAB,Si,No,30231,,Regla 2 coherente para validaciones implementadas.
GPA-001__R2-002__R1-003__0395,GPA-001__R2-002__R1-003,02_inputs_xml_flat/GPA-001__R2-002__R1-003__0395.xml,PASS,INFO,R1.D01=NO;R1.D03=SI;R2.D01=SI;R2.D02=SI;R2.D03=NO,MUNICIPIO30232,MUNICIPIO_SIN_CN_TRAB,Si,No,30232,,Regla 2 coherente para validaciones implementadas.
GPA-001__R2-002__R1-003__0396,GPA-001__R2-002__R1-003,02_inputs_xml_flat/GPA-001__R2-002__R1-003__0396.xml,PASS,INFO,R1.D01=NO;R1.D03=SI;R2.D01=SI;R2.D02=SI;R2.D03=NO,MUNICIPIO30233,MUNICIPIO_SIN_CN_TRAB,Si,No,30233,,Regla 2 coherente para validaciones implementadas.
GPA-001__R2-002__R1-003__0397,GPA-001__R2-002__R1-003,02_inputs_xml_flat/GPA-001__R2-002__R1-003__0397.xml,PASS,INFO,R1.D01=NO;R1.D03=SI;R2.D01=SI;R2.D02=SI;R2.D03=NO,MUNICIPIO30231,MUNICIPIO_SIN_CN_TRAB,Si,No,30231,,Regla 2 coherente para validaciones implementadas.
GPA-001__R2-002__R1-003__0398,GPA-001__R2-002__R1-003,02_inputs_xml_flat/GPA-001__R2-002__R1-003__0398.xml,PASS,INFO,R1.D01=NO;R1.D03=SI;R2.D01=SI;R2.D02=SI;R2.D03=NO,MUNICIPIO30232,MUNICIPIO_SIN_CN_TRAB,Si,No,30232,,Regla 2 coherente para validaciones implementadas.
GPA-001__R2-002__R1-003__0399,GPA-001__R2-002__R1-003,02_inputs_xml_flat/GPA-001__R2-002__R1-003__0399.xml,PASS,INFO,R1.D01=NO;R1.D03=SI;R2.D01=SI;R2.D02=SI;R2.D03=NO,MUNICIPIO30233,MUNICIPIO_SIN_CN_TRAB,Si,No,30233,,Regla 2 coherente para validaciones implementadas.
GPA-001__R2-002__R1-003__0400,GPA-001__R2-002__R1-003,02_inputs_xml_flat/GPA-001__R2-002__R1-003__0400.xml,PASS,INFO,R1.D01=NO;R1.D03=SI;R2.D01=SI;R2.D02=SI;R2.D03=NO,MUNICIPIO30231,MUNICIPIO_SIN_CN_TRAB,Si,No,30231,,Regla 2 coherente para validaciones implementadas.
GPA-001__R2-002__R1-003__0401,GPA-001__R2-002__R1-003,02_inputs_xml_flat/GPA-001__R2-002__R1-003__0401.xml,PASS,INFO,R1.D01=NO;R1.D03=SI;R2.D01=SI;R2.D02=SI;R2.D03=NO,MUNICIPIO30232,MUNICIPIO_SIN_CN_TRAB,Si,No,30232,,Regla 2 coherente para validaciones implementadas.
GPA-001__R2-002__R1-003__0402,GPA-001__R2-002__R1-003,02_inputs_xml_flat/GPA-001__R2-002__R1-003__0402.xml,PASS,INFO,R1.D01=NO;R1.D03=SI;R2.D01=SI;R2.D02=SI;R2.D03=NO,MUNICIPIO30233,MUNICIPIO_SIN_CN_TRAB,Si,No,30233,,Regla 2 coherente para validaciones implementadas.
GPA-001__R2-002__R1-003__0403,GPA-001__R2-002__R1-003,02_inputs_xml_flat/GPA-001__R2-002__R1-003__0403.xml,PASS,INFO,R1.D01=NO;R1.D03=SI;R2.D01=SI;R2.D02=SI;R2.D03=NO,MUNICIPIO30231,MUNICIPIO_SIN_CN_TRAB,Si,No,30231,,Regla 2 coherente para validaciones implementadas.
GPA-001__R2-002__R1-003__0404,GPA-001__R2-002__R1-003,02_inputs_xml_flat/GPA-001__R2-002__R1-003__0404.xml,PASS,INFO,R1.D01=NO;R1.D03=SI;R2.D01=SI;R2.D02=SI;R2.D03=NO,MUNICIPIO30232,MUNICIPIO_SIN_CN_TRAB,Si,No,30232,,Regla 2 coherente para validaciones implementadas.
GPA-001__R2-002__R1-003__0405,GPA-001__R2-002__R1-003,02_inputs_xml_flat/GPA-001__R2-002__R1-003__0405.xml,PASS,INFO,R1.D01=NO;R1.D03=SI;R2.D01=SI;R2.D02=SI;R2.D03=NO,MUNICIPIO30233,MUNICIPIO_SIN_CN_TRAB,Si,No,30233,,Regla 2 coherente para validaciones implementadas.
GPA-001__R2-002__R1-003__0406,GPA-001__R2-002__R1-003,02_inputs_xml_flat/GPA-001__R2-002__R1-003__0406.xml,PASS,INFO,R1.D01=NO;R1.D03=SI;R2.D01=SI;R2.D02=SI;R2.D03=NO,MUNICIPIO30231,MUNICIPIO_SIN_CN_TRAB,Si,No,30231,,Regla 2 coherente para validaciones implementadas.
GPA-001__R2-002__R1-003__0407,GPA-001__R2-002__R1-003,02_inputs_xml_flat/GPA-001__R2-002__R1-003__0407.xml,PASS,INFO,R1.D01=NO;R1.D03=SI;R2.D01=SI;R2.D02=SI;R2.D03=NO,MUNICIPIO30232,MUNICIPIO_SIN_CN_TRAB,Si,No,30232,,Regla 2 coherente para validaciones implementadas.
GPA-001__R2-002__R1-003__0408,GPA-001__R2-002__R1-003,02_inputs_xml_flat/GPA-001__R2-002__R1-003__0408.xml,PASS,INFO,R1.D01=NO;R1.D03=SI;R2.D01=SI;R2.D02=SI;R2.D03=NO,MUNICIPIO30233,MUNICIPIO_SIN_CN_TRAB,Si,No,30233,,Regla 2 coherente para validaciones implementadas.
GPA-001__R2-002__R1-003__0409,GPA-001__R2-002__R1-003,02_inputs_xml_flat/GPA-001__R2-002__R1-003__0409.xml,PASS,INFO,R1.D01=NO;R1.D03=SI;R2.D01=SI;R2.D02=SI;R2.D03=NO,MUNICIPIO30231,MUNICIPIO_SIN_CN_TRAB,Si,No,30231,,Regla 2 coherente para validaciones implementadas.
GPA-001__R2-002__R1-003__0410,GPA-001__R2-002__R1-003,02_inputs_xml_flat/GPA-001__R2-002__R1-003__0410.xml,PASS,INFO,R1.D01=NO;R1.D03=SI;R2.D01=SI;R2.D02=SI;R2.D03=NO,MUNICIPIO30232,MUNICIPIO_SIN_CN_TRAB,Si,No,30232,,Regla 2 coherente para validaciones implementadas.
GPA-001__R2-002__R1-003__0411,GPA-001__R2-002__R1-003,02_inputs_xml_flat/GPA-001__R2-002__R1-003__0411.xml,PASS,INFO,R1.D01=NO;R1.D03=SI;R2.D01=SI;R2.D02=SI;R2.D03=NO,MUNICIPIO30233,MUNICIPIO_SIN_CN_TRAB,Si,No,30233,,Regla 2 coherente para validaciones implementadas.
GPA-001__R2-002__R1-003__0412,GPA-001__R2-002__R1-003,02_inputs_xml_flat/GPA-001__R2-002__R1-003__0412.xml,PASS,INFO,R1.D01=NO;R1.D03=SI;R2.D01=SI;R2.D02=SI;R2.D03=NO,MUNICIPIO30231,MUNICIPIO_SIN_CN_TRAB,Si,No,30231,,Regla 2 coherente para validaciones implementadas.
GPA-001__R2-002__R1-003__0413,GPA-001__R2-002__R1-003,02_inputs_xml_flat/GPA-001__R2-002__R1-003__0413.xml,PASS,INFO,R1.D01=NO;R1.D03=SI;R2.D01=SI;R2.D02=SI;R2.D03=NO,MUNICIPIO30232,MUNICIPIO_SIN_CN_TRAB,Si,No,30232,,Regla 2 coherente para validaciones implementadas.
GPA-001__R2-002__R1-003__0414,GPA-001__R2-002__R1-003,02_inputs_xml_flat/GPA-001__R2-002__R1-003__0414.xml,PASS,INFO,R1.D01=NO;R1.D03=SI;R2.D01=SI;R2.D02=SI;R2.D03=NO,MUNICIPIO30233,MUNICIPIO_SIN_CN_TRAB,Si,No,30233,,Regla 2 coherente para validaciones implementadas.
GPA-001__R2-002__R1-003__0415,GPA-001__R2-002__R1-003,02_inputs_xml_flat/GPA-001__R2-002__R1-003__0415.xml,PASS,INFO,R1.D01=NO;R1.D03=SI;R2.D01=SI;R2.D02=SI;R2.D03=NO,MUNICIPIO30231,MUNICIPIO_SIN_CN_TRAB,Si,No,30231,,Regla 2 coherente para validaciones implementadas.
GPA-001__R2-002__R1-003__0416,GPA-001__R2-002__R1-003,02_inputs_xml_flat/GPA-001__R2-002__R1-003__0416.xml,PASS,INFO,R1.D01=NO;R1.D03=SI;R2.D01=SI;R2.D02=SI;R2.D03=NO,MUNICIPIO30232,MUNICIPIO_SIN_CN_TRAB,Si,No,30232,,Regla 2 coherente para validaciones implementadas.
GPA-001__R2-002__R1-003__0417,GPA-001__R2-002__R1-003,02_inputs_xml_flat/GPA-001__R2-002__R1-003__0417.xml,PASS,INFO,R1.D01=NO;R1.D03=SI;R2.D01=SI;R2.D02=SI;R2.D03=NO,MUNICIPIO30233,MUNICIPIO_SIN_CN_TRAB,Si,No,30233,,Regla 2 coherente para validaciones implementadas.
GPA-001__R2-002__R1-003__0418,GPA-001__R2-002__R1-003,02_inputs_xml_flat/GPA-001__R2-002__R1-003__0418.xml,PASS,INFO,R1.D01=NO;R1.D03=SI;R2.D01=SI;R2.D02=SI;R2.D03=NO,MUNICIPIO30231,MUNICIPIO_SIN_CN_TRAB,Si,No,30231,,Regla 2 coherente para validaciones implementadas.
GPA-001__R2-002__R1-003__0419,GPA-001__R2-002__R1-003,02_inputs_xml_flat/GPA-001__R2-002__R1-003__0419.xml,PASS,INFO,R1.D01=NO;R1.D03=SI;R2.D01=SI;R2.D02=SI;R2.D03=NO,MUNICIPIO30232,MUNICIPIO_SIN_CN_TRAB,Si,No,30232,,Regla 2 coherente para validaciones implementadas.
GPA-001__R2-002__R1-003__0420,GPA-001__R2-002__R1-003,02_inputs_xml_flat/GPA-001__R2-002__R1-003__0420.xml,PASS,INFO,R1.D01=NO;R1.D03=SI;R2.D01=SI;R2.D02=SI;R2.D03=NO,MUNICIPIO30233,MUNICIPIO_SIN_CN_TRAB,Si,No,30233,,Regla 2 coherente para validaciones implementadas.
GPA-001__R2-002__R1-003__0421,GPA-001__R2-002__R1-003,02_inputs_xml_flat/GPA-001__R2-002__R1-003__0421.xml,PASS,INFO,R1.D01=NO;R1.D03=SI;R2.D01=SI;R2.D02=SI;R2.D03=NO,MUNICIPIO30231,MUNICIPIO_SIN_CN_TRAB,Si,No,30231,,Regla 2 coherente para validaciones implementadas.
GPA-001__R2-002__R1-003__0422,GPA-001__R2-002__R1-003,02_inputs_xml_flat/GPA-001__R2-002__R1-003__0422.xml,PASS,INFO,R1.D01=NO;R1.D03=SI;R2.D01=SI;R2.D02=SI;R2.D03=NO,MUNICIPIO30232,MUNICIPIO_SIN_CN_TRAB,Si,No,30232,,Regla 2 coherente para validaciones implementadas.
GPA-001__R2-002__R1-003__0423,GPA-001__R2-002__R1-003,02_inputs_xml_flat/GPA-001__R2-002__R1-003__0423.xml,PASS,INFO,R1.D01=NO;R1.D03=SI;R2.D01=SI;R2.D02=SI;R2.D03=NO,MUNICIPIO30233,MUNICIPIO_SIN_CN_TRAB,Si,No,30233,,Regla 2 coherente para validaciones implementadas.
GPA-001__R2-002__R1-003__0424,GPA-001__R2-002__R1-003,02_inputs_xml_flat/GPA-001__R2-002__R1-003__0424.xml,PASS,INFO,R1.D01=NO;R1.D03=SI;R2.D01=SI;R2.D02=SI;R2.D03=NO,MUNICIPIO30231,MUNICIPIO_SIN_CN_TRAB,Si,No,30231,,Regla 2 coherente para validaciones implementadas.
GPA-001__R2-002__R1-003__0425,GPA-001__R2-002__R1-003,02_inputs_xml_flat/GPA-001__R2-002__R1-003__0425.xml,PASS,INFO,R1.D01=NO;R1.D03=SI;R2.D01=SI;R2.D02=SI;R2.D03=NO,MUNICIPIO30232,MUNICIPIO_SIN_CN_TRAB,Si,No,30232,,Regla 2 coherente para validaciones implementadas.
GPA-001__R2-002__R1-003__0426,GPA-001__R2-002__R1-003,02_inputs_xml_flat/GPA-001__R2-002__R1-003__0426.xml,PASS,INFO,R1.D01=NO;R1.D03=SI;R2.D01=SI;R2.D02=SI;R2.D03=NO,MUNICIPIO30233,MUNICIPIO_SIN_CN_TRAB,Si,No,30233,,Regla 2 coherente para validaciones implementadas.
GPA-001__R2-002__R1-003__0427,GPA-001__R2-002__R1-003,02_inputs_xml_flat/GPA-001__R2-002__R1-003__0427.xml,PASS,INFO,R1.D01=NO;R1.D03=SI;R2.D01=SI;R2.D02=SI;R2.D03=NO,MUNICIPIO30231,MUNICIPIO_SIN_CN_TRAB,Si,No,30231,,Regla 2 coherente para validaciones implementadas.
GPA-001__R2-002__R1-003__0428,GPA-001__R2-002__R1-003,02_inputs_xml_flat/GPA-001__R2-002__R1-003__0428.xml,PASS,INFO,R1.D01=NO;R1.D03=SI;R2.D01=SI;R2.D02=SI;R2.D03=NO,MUNICIPIO30232,MUNICIPIO_SIN_CN_TRAB,Si,No,30232,,Regla 2 coherente para validaciones implementadas.
GPA-001__R2-002__R1-003__0429,GPA-001__R2-002__R1-003,02_inputs_xml_flat/GPA-001__R2-002__R1-003__0429.xml,PASS,INFO,R1.D01=NO;R1.D03=SI;R2.D01=SI;R2.D02=SI;R2.D03=NO,MUNICIPIO30233,MUNICIPIO_SIN_CN_TRAB,Si,No,30233,,Regla 2 coherente para validaciones implementadas.
GPA-001__R2-002__R1-003__0430,GPA-001__R2-002__R1-003,02_inputs_xml_flat/GPA-001__R2-002__R1-003__0430.xml,PASS,INFO,R1.D01=NO;R1.D03=SI;R2.D01=SI;R2.D02=SI;R2.D03=NO,MUNICIPIO30231,MUNICIPIO_SIN_CN_TRAB,Si,No,30231,,Regla 2 coherente para validaciones implementadas.
GPA-001__R2-002__R1-003__0431,GPA-001__R2-002__R1-003,02_inputs_xml_flat/GPA-001__R2-002__R1-003__0431.xml,PASS,INFO,R1.D01=NO;R1.D03=SI;R2.D01=SI;R2.D02=SI;R2.D03=NO,MUNICIPIO30232,MUNICIPIO_SIN_CN_TRAB,Si,No,30232,,Regla 2 coherente para validaciones implementadas.
GPA-001__R2-002__R1-003__0432,GPA-001__R2-002__R1-003,02_inputs_xml_flat/GPA-001__R2-002__R1-003__0432.xml,PASS,INFO,R1.D01=NO;R1.D03=SI;R2.D01=SI;R2.D02=SI;R2.D03=NO,MUNICIPIO30233,MUNICIPIO_SIN_CN_TRAB,Si,No,30233,,Regla 2 coherente para validaciones implementadas.
GPA-001__R2-002__R1-003__0433,GPA-001__R2-002__R1-003,02_inputs_xml_flat/GPA-001__R2-002__R1-003__0433.xml,PASS,INFO,R1.D01=NO;R1.D03=SI;R2.D01=SI;R2.D02=SI;R2.D03=NO,MUNICIPIO30231,MUNICIPIO_SIN_CN_TRAB,Si,No,30231,,Regla 2 coherente para validaciones implementadas.
GPA-001__R2-002__R1-003__0434,GPA-001__R2-002__R1-003,02_inputs_xml_flat/GPA-001__R2-002__R1-003__0434.xml,PASS,INFO,R1.D01=NO;R1.D03=SI;R2.D01=SI;R2.D02=SI;R2.D03=NO,MUNICIPIO30232,MUNICIPIO_SIN_CN_TRAB,Si,No,30232,,Regla 2 coherente para validaciones implementadas.
GPA-001__R2-002__R1-003__0435,GPA-001__R2-002__R1-003,02_inputs_xml_flat/GPA-001__R2-002__R1-003__0435.xml,PASS,INFO,R1.D01=NO;R1.D03=SI;R2.D01=SI;R2.D02=SI;R2.D03=NO,MUNICIPIO30233,MUNICIPIO_SIN_CN_TRAB,Si,No,30233,,Regla 2 coherente para validaciones implementadas.
GPA-001__R2-002__R1-003__0436,GPA-001__R2-002__R1-003,02_inputs_xml_flat/GPA-001__R2-002__R1-003__0436.xml,PASS,INFO,R1.D01=NO;R1.D03=SI;R2.D01=SI;R2.D02=SI;R2.D03=NO,MUNICIPIO30231,MUNICIPIO_SIN_CN_TRAB,Si,No,30231,,Regla 2 coherente para validaciones implementadas.
GPA-001__R2-002__R1-003__0437,GPA-001__R2-002__R1-003,02_inputs_xml_flat/GPA-001__R2-002__R1-003__0437.xml,PASS,INFO,R1.D01=NO;R1.D03=SI;R2.D01=SI;R2.D02=SI;R2.D03=NO,MUNICIPIO30232,MUNICIPIO_SIN_CN_TRAB,Si,No,30232,,Regla 2 coherente para validaciones implementadas.
GPA-001__R2-002__R1-003__0438,GPA-001__R2-002__R1-003,02_inputs_xml_flat/GPA-001__R2-002__R1-003__0438.xml,PASS,INFO,R1.D01=NO;R1.D03=SI;R2.D01=SI;R2.D02=SI;R2.D03=NO,MUNICIPIO30233,MUNICIPIO_SIN_CN_TRAB,Si,No,30233,,Regla 2 coherente para validaciones implementadas.
GPA-001__R2-002__R1-003__0439,GPA-001__R2-002__R1-003,02_inputs_xml_flat/GPA-001__R2-002__R1-003__0439.xml,PASS,INFO,R1.D01=NO;R1.D03=SI;R2.D01=SI;R2.D02=SI;R2.D03=NO,MUNICIPIO30231,MUNICIPIO_SIN_CN_TRAB,Si,No,30231,,Regla 2 coherente para validaciones implementadas.
GPA-001__R2-002__R1-003__0440,GPA-001__R2-002__R1-003,02_inputs_xml_flat/GPA-001__R2-002__R1-003__0440.xml,PASS,INFO,R1.D01=NO;R1.D03=SI;R2.D01=SI;R2.D02=SI;R2.D03=NO,MUNICIPIO30232,MUNICIPIO_SIN_CN_TRAB,Si,No,30232,,Regla 2 coherente para validaciones implementadas.
GPA-001__R2-002__R1-003__0441,GPA-001__R2-002__R1-003,02_inputs_xml_flat/GPA-001__R2-002__R1-003__0441.xml,PASS,INFO,R1.D01=NO;R1.D03=SI;R2.D01=SI;R2.D02=SI;R2.D03=NO,MUNICIPIO30233,MUNICIPIO_SIN_CN_TRAB,Si,No,30233,,Regla 2 coherente para validaciones implementadas.
GPA-001__R2-002__R1-003__0442,GPA-001__R2-002__R1-003,02_inputs_xml_flat/GPA-001__R2-002__R1-003__0442.xml,PASS,INFO,R1.D01=NO;R1.D03=SI;R2.D01=SI;R2.D02=SI;R2.D03=NO,MUNICIPIO30231,MUNICIPIO_SIN_CN_TRAB,Si,No,30231,,Regla 2 coherente para validaciones implementadas.
GPA-001__R2-002__R1-003__0443,GPA-001__R2-002__R1-003,02_inputs_xml_flat/GPA-001__R2-002__R1-003__0443.xml,PASS,INFO,R1.D01=NO;R1.D03=SI;R2.D01=SI;R2.D02=SI;R2.D03=NO,MUNICIPIO30232,MUNICIPIO_SIN_CN_TRAB,Si,No,30232,,Regla 2 coherente para validaciones implementadas.
GPA-001__R2-002__R1-003__0444,GPA-001__R2-002__R1-003,02_inputs_xml_flat/GPA-001__R2-002__R1-003__0444.xml,PASS,INFO,R1.D01=NO;R1.D03=SI;R2.D01=SI;R2.D02=SI;R2.D03=NO,MUNICIPIO30233,MUNICIPIO_SIN_CN_TRAB,Si,No,30233,,Regla 2 coherente para validaciones implementadas.
GPA-001__R2-002__R1-003__0445,GPA-001__R2-002__R1-003,02_inputs_xml_flat/GPA-001__R2-002__R1-003__0445.xml,PASS,INFO,R1.D01=NO;R1.D03=SI;R2.D01=SI;R2.D02=SI;R2.D03=NO,MUNICIPIO30231,MUNICIPIO_SIN_CN_TRAB,Si,No,30231,,Regla 2 coherente para validaciones implementadas.
GPA-001__R2-002__R1-003__0446,GPA-001__R2-002__R1-003,02_inputs_xml_flat/GPA-001__R2-002__R1-003__0446.xml,PASS,INFO,R1.D01=NO;R1.D03=SI;R2.D01=SI;R2.D02=SI;R2.D03=NO,MUNICIPIO30232,MUNICIPIO_SIN_CN_TRAB,Si,No,30232,,Regla 2 coherente para validaciones implementadas.
GPA-001__R2-002__R1-003__0447,GPA-001__R2-002__R1-003,02_inputs_xml_flat/GPA-001__R2-002__R1-003__0447.xml,PASS,INFO,R1.D01=NO;R1.D03=SI;R2.D01=SI;R2.D02=SI;R2.D03=NO,MUNICIPIO30233,MUNICIPIO_SIN_CN_TRAB,Si,No,30233,,Regla 2 coherente para validaciones implementadas.
GPA-001__R2-002__R1-003__0448,GPA-001__R2-002__R1-003,02_inputs_xml_flat/GPA-001__R2-002__R1-003__0448.xml,PASS,INFO,R1.D01=NO;R1.D03=SI;R2.D01=SI;R2.D02=SI;R2.D03=NO,MUNICIPIO30231,MUNICIPIO_SIN_CN_TRAB,Si,No,30231,,Regla 2 coherente para validaciones implementadas.
GPA-001__R2-002__R1-003__0449,GPA-001__R2-002__R1-003,02_inputs_xml_flat/GPA-001__R2-002__R1-003__0449.xml,PASS,INFO,R1.D01=NO;R1.D03=SI;R2.D01=SI;R2.D02=SI;R2.D03=NO,MUNICIPIO30232,MUNICIPIO_SIN_CN_TRAB,Si,No,30232,,Regla 2 coherente para validaciones implementadas.
GPA-001__R2-002__R1-003__0450,GPA-001__R2-002__R1-003,02_inputs_xml_flat/GPA-001__R2-002__R1-003__0450.xml,PASS,INFO,R1.D01=NO;R1.D03=SI;R2.D01=SI;R2.D02=SI;R2.D03=NO,MUNICIPIO30233,MUNICIPIO_SIN_CN_TRAB,Si,No,30233,,Regla 2 coherente para validaciones implementadas.
GPA-001__R2-002__R1-003__0451,GPA-001__R2-002__R1-003,02_inputs_xml_flat/GPA-001__R2-002__R1-003__0451.xml,PASS,INFO,R1.D01=NO;R1.D03=SI;R2.D01=SI;R2.D02=SI;R2.D03=NO,MUNICIPIO30231,MUNICIPIO_SIN_CN_TRAB,Si,No,30231,,Regla 2 coherente para validaciones implementadas.
GPA-001__R2-002__R1-003__0452,GPA-001__R2-002__R1-003,02_inputs_xml_flat/GPA-001__R2-002__R1-003__0452.xml,PASS,INFO,R1.D01=NO;R1.D03=SI;R2.D01=SI;R2.D02=SI;R2.D03=NO,MUNICIPIO30232,MUNICIPIO_SIN_CN_TRAB,Si,No,30232,,Regla 2 coherente para validaciones implementadas.
GPA-001__R2-002__R1-003__0453,GPA-001__R2-002__R1-003,02_inputs_xml_flat/GPA-001__R2-002__R1-003__0453.xml,PASS,INFO,R1.D01=NO;R1.D03=SI;R2.D01=SI;R2.D02=SI;R2.D03=NO,MUNICIPIO30233,MUNICIPIO_SIN_CN_TRAB,Si,No,30233,,Regla 2 coherente para validaciones implementadas.
GPA-001__R2-002__R1-003__0454,GPA-001__R2-002__R1-003,02_inputs_xml_flat/GPA-001__R2-002__R1-003__0454.xml,PASS,INFO,R1.D01=NO;R1.D03=SI;R2.D01=SI;R2.D02=SI;R2.D03=NO,MUNICIPIO30231,MUNICIPIO_SIN_CN_TRAB,Si,No,30231,,Regla 2 coherente para validaciones implementadas.
GPA-001__R2-002__R1-003__0455,GPA-001__R2-002__R1-003,02_inputs_xml_flat/GPA-001__R2-002__R1-003__0455.xml,PASS,INFO,R1.D01=NO;R1.D03=SI;R2.D01=SI;R2.D02=SI;R2.D03=NO,MUNICIPIO30232,MUNICIPIO_SIN_CN_TRAB,Si,No,30232,,Regla 2 coherente para validaciones implementadas.
GPA-001__R2-002__R1-003__0456,GPA-001__R2-002__R1-003,02_inputs_xml_flat/GPA-001__R2-002__R1-003__0456.xml,PASS,INFO,R1.D01=NO;R1.D03=SI;R2.D01=SI;R2.D02=SI;R2.D03=NO,MUNICIPIO30233,MUNICIPIO_SIN_CN_TRAB,Si,No,30233,,Regla 2 coherente para validaciones implementadas.
GPA-001__R2-002__R1-003__0457,GPA-001__R2-002__R1-003,02_inputs_xml_flat/GPA-001__R2-002__R1-003__0457.xml,PASS,INFO,R1.D01=NO;R1.D03=SI;R2.D01=SI;R2.D02=SI;R2.D03=NO,MUNICIPIO30231,MUNICIPIO_SIN_CN_TRAB,Si,No,30231,,Regla 2 coherente para validaciones implementadas.
GPA-001__R2-002__R1-003__0458,GPA-001__R2-002__R1-003,02_inputs_xml_flat/GPA-001__R2-002__R1-003__0458.xml,PASS,INFO,R1.D01=NO;R1.D03=SI;R2.D01=SI;R2.D02=SI;R2.D03=NO,MUNICIPIO30232,MUNICIPIO_SIN_CN_TRAB,Si,No,30232,,Regla 2 coherente para validaciones implementadas.
GPA-001__R2-002__R1-003__0459,GPA-001__R2-002__R1-003,02_inputs_xml_flat/GPA-001__R2-002__R1-003__0459.xml,PASS,INFO,R1.D01=NO;R1.D03=SI;R2.D01=SI;R2.D02=SI;R2.D03=NO,MUNICIPIO30233,MUNICIPIO_SIN_CN_TRAB,Si,No,30233,,Regla 2 coherente para validaciones implementadas.
GPA-001__R2-002__R1-003__0460,GPA-001__R2-002__R1-003,02_inputs_xml_flat/GPA-001__R2-002__R1-003__0460.xml,PASS,INFO,R1.D01=NO;R1.D03=SI;R2.D01=SI;R2.D02=SI;R2.D03=NO,MUNICIPIO30231,MUNICIPIO_SIN_CN_TRAB,Si,No,30231,,Regla 2 coherente para validaciones implementadas.
GPA-001__R2-002__R1-003__0461,GPA-001__R2-002__R1-003,02_inputs_xml_flat/GPA-001__R2-002__R1-003__0461.xml,PASS,INFO,R1.D01=NO;R1.D03=SI;R2.D01=SI;R2.D02=SI;R2.D03=NO,MUNICIPIO30232,MUNICIPIO_SIN_CN_TRAB,Si,No,30232,,Regla 2 coherente para validaciones implementadas.
GPA-001__R2-002__R1-003__0462,GPA-001__R2-002__R1-003,02_inputs_xml_flat/GPA-001__R2-002__R1-003__0462.xml,PASS,INFO,R1.D01=NO;R1.D03=SI;R2.D01=SI;R2.D02=SI;R2.D03=NO,MUNICIPIO30233,MUNICIPIO_SIN_CN_TRAB,Si,No,30233,,Regla 2 coherente para validaciones implementadas.
GPA-001__R2-002__R1-003__0463,GPA-001__R2-002__R1-003,02_inputs_xml_flat/GPA-001__R2-002__R1-003__0463.xml,PASS,INFO,R1.D01=NO;R1.D03=SI;R2.D01=SI;R2.D02=SI;R2.D03=NO,MUNICIPIO30231,MUNICIPIO_SIN_CN_TRAB,Si,No,30231,,Regla 2 coherente para validaciones implementadas.
GPA-001__R2-002__R1-003__0464,GPA-001__R2-002__R1-003,02_inputs_xml_flat/GPA-001__R2-002__R1-003__0464.xml,PASS,INFO,R1.D01=NO;R1.D03=SI;R2.D01=SI;R2.D02=SI;R2.D03=NO,MUNICIPIO30232,MUNICIPIO_SIN_CN_TRAB,Si,No,30232,,Regla 2 coherente para validaciones implementadas.
GPA-001__R2-002__R1-003__0465,GPA-001__R2-002__R1-003,02_inputs_xml_flat/GPA-001__R2-002__R1-003__0465.xml,PASS,INFO,R1.D01=NO;R1.D03=SI;R2.D01=SI;R2.D02=SI;R2.D03=NO,MUNICIPIO30233,MUNICIPIO_SIN_CN_TRAB,Si,No,30233,,Regla 2 coherente para validaciones implementadas.
GPA-001__R2-002__R1-003__0466,GPA-001__R2-002__R1-003,02_inputs_xml_flat/GPA-001__R2-002__R1-003__0466.xml,PASS,INFO,R1.D01=NO;R1.D03=SI;R2.D01=SI;R2.D02=SI;R2.D03=NO,MUNICIPIO30231,MUNICIPIO_SIN_CN_TRAB,Si,No,30231,,Regla 2 coherente para validaciones implementadas.
GPA-001__R2-002__R1-003__0467,GPA-001__R2-002__R1-003,02_inputs_xml_flat/GPA-001__R2-002__R1-003__0467.xml,PASS,INFO,R1.D01=NO;R1.D03=SI;R2.D01=SI;R2.D02=SI;R2.D03=NO,MUNICIPIO30232,MUNICIPIO_SIN_CN_TRAB,Si,No,30232,,Regla 2 coherente para validaciones implementadas.
GPA-001__R2-002__R1-003__0468,GPA-001__R2-002__R1-003,02_inputs_xml_flat/GPA-001__R2-002__R1-003__0468.xml,PASS,INFO,R1.D01=NO;R1.D03=SI;R2.D01=SI;R2.D02=SI;R2.D03=NO,MUNICIPIO30233,MUNICIPIO_SIN_CN_TRAB,Si,No,30233,,Regla 2 coherente para validaciones implementadas.
GPA-001__R2-002__R1-003__0469,GPA-001__R2-002__R1-003,02_inputs_xml_flat/GPA-001__R2-002__R1-003__0469.xml,PASS,INFO,R1.D01=NO;R1.D03=SI;R2.D01=SI;R2.D02=SI;R2.D03=NO,MUNICIPIO30231,MUNICIPIO_SIN_CN_TRAB,Si,No,30231,,Regla 2 coherente para validaciones implementadas.
GPA-001__R2-002__R1-003__0470,GPA-001__R2-002__R1-003,02_inputs_xml_flat/GPA-001__R2-002__R1-003__0470.xml,PASS,INFO,R1.D01=NO;R1.D03=SI;R2.D01=SI;R2.D02=SI;R2.D03=NO,MUNICIPIO30232,MUNICIPIO_SIN_CN_TRAB,Si,No,30232,,Regla 2 coherente para validaciones implementadas.
GPA-001__R2-002__R1-003__0471,GPA-001__R2-002__R1-003,02_inputs_xml_flat/GPA-001__R2-002__R1-003__0471.xml,PASS,INFO,R1.D01=NO;R1.D03=SI;R2.D01=SI;R2.D02=SI;R2.D03=NO,MUNICIPIO30233,MUNICIPIO_SIN_CN_TRAB,Si,No,30233,,Regla 2 coherente para validaciones implementadas.
GPA-001__R2-002__R1-003__0472,GPA-001__R2-002__R1-003,02_inputs_xml_flat/GPA-001__R2-002__R1-003__0472.xml,PASS,INFO,R1.D01=NO;R1.D03=SI;R2.D01=SI;R2.D02=SI;R2.D03=NO,MUNICIPIO30231,MUNICIPIO_SIN_CN_TRAB,Si,No,30231,,Regla 2 coherente para validaciones implementadas.
GPA-001__R2-002__R1-003__0473,GPA-001__R2-002__R1-003,02_inputs_xml_flat/GPA-001__R2-002__R1-003__0473.xml,PASS,INFO,R1.D01=NO;R1.D03=SI;R2.D01=SI;R2.D02=SI;R2.D03=NO,MUNICIPIO30232,MUNICIPIO_SIN_CN_TRAB,Si,No,30232,,Regla 2 coherente para validaciones implementadas.
GPA-001__R2-002__R1-003__0474,GPA-001__R2-002__R1-003,02_inputs_xml_flat/GPA-001__R2-002__R1-003__0474.xml,PASS,INFO,R1.D01=NO;R1.D03=SI;R2.D01=SI;R2.D02=SI;R2.D03=NO,MUNICIPIO30233,MUNICIPIO_SIN_CN_TRAB,Si,No,30233,,Regla 2 coherente para validaciones implementadas.
GPA-001__R2-002__R1-003__0475,GPA-001__R2-002__R1-003,02_inputs_xml_flat/GPA-001__R2-002__R1-003__0475.xml,PASS,INFO,R1.D01=NO;R1.D03=SI;R2.D01=SI;R2.D02=SI;R2.D03=NO,MUNICIPIO30231,MUNICIPIO_SIN_CN_TRAB,Si,No,30231,,Regla 2 coherente para validaciones implementadas.
GPA-001__R2-002__R1-003__0476,GPA-001__R2-002__R1-003,02_inputs_xml_flat/GPA-001__R2-002__R1-003__0476.xml,PASS,INFO,R1.D01=NO;R1.D03=SI;R2.D01=SI;R2.D02=SI;R2.D03=NO,MUNICIPIO30232,MUNICIPIO_SIN_CN_TRAB,Si,No,30232,,Regla 2 coherente para validaciones implementadas.
GPA-001__R2-002__R1-003__0477,GPA-001__R2-002__R1-003,02_inputs_xml_flat/GPA-001__R2-002__R1-003__0477.xml,PASS,INFO,R1.D01=NO;R1.D03=SI;R2.D01=SI;R2.D02=SI;R2.D03=NO,MUNICIPIO30233,MUNICIPIO_SIN_CN_TRAB,Si,No,30233,,Regla 2 coherente para validaciones implementadas.
GPA-001__R2-002__R1-003__0478,GPA-001__R2-002__R1-003,02_inputs_xml_flat/GPA-001__R2-002__R1-003__0478.xml,PASS,INFO,R1.D01=NO;R1.D03=SI;R2.D01=SI;R2.D02=SI;R2.D03=NO,MUNICIPIO30231,MUNICIPIO_SIN_CN_TRAB,Si,No,30231,,Regla 2 coherente para validaciones implementadas.
GPA-001__R2-002__R1-003__0479,GPA-001__R2-002__R1-003,02_inputs_xml_flat/GPA-001__R2-002__R1-003__0479.xml,PASS,INFO,R1.D01=NO;R1.D03=SI;R2.D01=SI;R2.D02=SI;R2.D03=NO,MUNICIPIO30232,MUNICIPIO_SIN_CN_TRAB,Si,No,30232,,Regla 2 coherente para validaciones implementadas.
GPA-001__R2-002__R1-003__0480,GPA-001__R2-002__R1-003,02_inputs_xml_flat/GPA-001__R2-002__R1-003__0480.xml,PASS,INFO,R1.D01=NO;R1.D03=SI;R2.D01=SI;R2.D02=SI;R2.D03=NO,MUNICIPIO30233,MUNICIPIO_SIN_CN_TRAB,Si,No,30233,,Regla 2 coherente para validaciones implementadas.
GPA-001__R2-002__R1-003__0481,GPA-001__R2-002__R1-003,02_inputs_xml_flat/GPA-001__R2-002__R1-003__0481.xml,PASS,INFO,R1.D01=NO;R1.D03=SI;R2.D01=SI;R2.D02=SI;R2.D03=NO,MUNICIPIO30231,MUNICIPIO_SIN_CN_TRAB,Si,No,30231,,Regla 2 coherente para validaciones implementadas.
GPA-001__R2-002__R1-003__0482,GPA-001__R2-002__R1-003,02_inputs_xml_flat/GPA-001__R2-002__R1-003__0482.xml,PASS,INFO,R1.D01=NO;R1.D03=SI;R2.D01=SI;R2.D02=SI;R2.D03=NO,MUNICIPIO30232,MUNICIPIO_SIN_CN_TRAB,Si,No,30232,,Regla 2 coherente para validaciones implementadas.
GPA-001__R2-002__R1-003__0483,GPA-001__R2-002__R1-003,02_inputs_xml_flat/GPA-001__R2-002__R1-003__0483.xml,PASS,INFO,R1.D01=NO;R1.D03=SI;R2.D01=SI;R2.D02=SI;R2.D03=NO,MUNICIPIO30233,MUNICIPIO_SIN_CN_TRAB,Si,No,30233,,Regla 2 coherente para validaciones implementadas.
GPA-001__R2-002__R1-003__0484,GPA-001__R2-002__R1-003,02_inputs_xml_flat/GPA-001__R2-002__R1-003__0484.xml,PASS,INFO,R1.D01=NO;R1.D03=SI;R2.D01=SI;R2.D02=SI;R2.D03=NO,MUNICIPIO30231,MUNICIPIO_SIN_CN_TRAB,Si,No,30231,,Regla 2 coherente para validaciones implementadas.
GPA-001__R2-002__R1-003__0485,GPA-001__R2-002__R1-003,02_inputs_xml_flat/GPA-001__R2-002__R1-003__0485.xml,PASS,INFO,R1.D01=NO;R1.D03=SI;R2.D01=SI;R2.D02=SI;R2.D03=NO,MUNICIPIO30232,MUNICIPIO_SIN_CN_TRAB,Si,No,30232,,Regla 2 coherente para validaciones implementadas.
GPA-001__R2-002__R1-003__0486,GPA-001__R2-002__R1-003,02_inputs_xml_flat/GPA-001__R2-002__R1-003__0486.xml,PASS,INFO,R1.D01=NO;R1.D03=SI;R2.D01=SI;R2.D02=SI;R2.D03=NO,MUNICIPIO30233,MUNICIPIO_SIN_CN_TRAB,Si,No,30233,,Regla 2 coherente para validaciones implementadas.
GPA-001__R2-002__R1-003__0487,GPA-001__R2-002__R1-003,02_inputs_xml_flat/GPA-001__R2-002__R1-003__0487.xml,PASS,INFO,R1.D01=NO;R1.D03=SI;R2.D01=SI;R2.D02=SI;R2.D03=NO,MUNICIPIO30231,MUNICIPIO_SIN_CN_TRAB,Si,No,30231,,Regla 2 coherente para validaciones implementadas.
GPA-001__R2-002__R1-003__0488,GPA-001__R2-002__R1-003,02_inputs_xml_flat/GPA-001__R2-002__R1-003__0488.xml,PASS,INFO,R1.D01=NO;R1.D03=SI;R2.D01=SI;R2.D02=SI;R2.D03=NO,MUNICIPIO30232,MUNICIPIO_SIN_CN_TRAB,Si,No,30232,,Regla 2 coherente para validaciones implementadas.
GPA-001__R2-002__R1-003__0489,GPA-001__R2-002__R1-003,02_inputs_xml_flat/GPA-001__R2-002__R1-003__0489.xml,PASS,INFO,R1.D01=NO;R1.D03=SI;R2.D01=SI;R2.D02=SI;R2.D03=NO,MUNICIPIO30233,MUNICIPIO_SIN_CN_TRAB,Si,No,30233,,Regla 2 coherente para validaciones implementadas.
GPA-001__R2-002__R1-003__0490,GPA-001__R2-002__R1-003,02_inputs_xml_flat/GPA-001__R2-002__R1-003__0490.xml,PASS,INFO,R1.D01=NO;R1.D03=SI;R2.D01=SI;R2.D02=SI;R2.D03=NO,MUNICIPIO30231,MUNICIPIO_SIN_CN_TRAB,Si,No,30231,,Regla 2 coherente para validaciones implementadas.
GPA-001__R2-002__R1-003__0491,GPA-001__R2-002__R1-003,02_inputs_xml_flat/GPA-001__R2-002__R1-003__0491.xml,PASS,INFO,R1.D01=NO;R1.D03=SI;R2.D01=SI;R2.D02=SI;R2.D03=NO,MUNICIPIO30232,MUNICIPIO_SIN_CN_TRAB,Si,No,30232,,Regla 2 coherente para validaciones implementadas.
GPA-001__R2-002__R1-003__0492,GPA-001__R2-002__R1-003,02_inputs_xml_flat/GPA-001__R2-002__R1-003__0492.xml,PASS,INFO,R1.D01=NO;R1.D03=SI;R2.D01=SI;R2.D02=SI;R2.D03=NO,MUNICIPIO30233,MUNICIPIO_SIN_CN_TRAB,Si,No,30233,,Regla 2 coherente para validaciones implementadas.
GPA-001__R2-002__R1-003__0493,GPA-001__R2-002__R1-003,02_inputs_xml_flat/GPA-001__R2-002__R1-003__0493.xml,PASS,INFO,R1.D01=NO;R1.D03=SI;R2.D01=SI;R2.D02=SI;R2.D03=NO,MUNICIPIO30231,MUNICIPIO_SIN_CN_TRAB,Si,No,30231,,Regla 2 coherente para validaciones implementadas.
GPA-001__R2-002__R1-003__0494,GPA-001__R2-002__R1-003,02_inputs_xml_flat/GPA-001__R2-002__R1-003__0494.xml,PASS,INFO,R1.D01=NO;R1.D03=SI;R2.D01=SI;R2.D02=SI;R2.D03=NO,MUNICIPIO30232,MUNICIPIO_SIN_CN_TRAB,Si,No,30232,,Regla 2 coherente para validaciones implementadas.
GPA-001__R2-002__R1-003__0495,GPA-001__R2-002__R1-003,02_inputs_xml_flat/GPA-001__R2-002__R1-003__0495.xml,PASS,INFO,R1.D01=NO;R1.D03=SI;R2.D01=SI;R2.D02=SI;R2.D03=NO,MUNICIPIO30233,MUNICIPIO_SIN_CN_TRAB,Si,No,30233,,Regla 2 coherente para validaciones implementadas.
GPA-001__R2-002__R1-003__0496,GPA-001__R2-002__R1-003,02_inputs_xml_flat/GPA-001__R2-002__R1-003__0496.xml,PASS,INFO,R1.D01=NO;R1.D03=SI;R2.D01=SI;R2.D02=SI;R2.D03=NO,MUNICIPIO30231,MUNICIPIO_SIN_CN_TRAB,Si,No,30231,,Regla 2 coherente para validaciones implementadas.
GPA-001__R2-002__R1-003__0497,GPA-001__R2-002__R1-003,02_inputs_xml_flat/GPA-001__R2-002__R1-003__0497.xml,PASS,INFO,R1.D01=NO;R1.D03=SI;R2.D01=SI;R2.D02=SI;R2.D03=NO,MUNICIPIO30232,MUNICIPIO_SIN_CN_TRAB,Si,No,30232,,Regla 2 coherente para validaciones implementadas.
GPA-001__R2-002__R1-003__0498,GPA-001__R2-002__R1-003,02_inputs_xml_flat/GPA-001__R2-002__R1-003__0498.xml,PASS,INFO,R1.D01=NO;R1.D03=SI;R2.D01=SI;R2.D02=SI;R2.D03=NO,MUNICIPIO30233,MUNICIPIO_SIN_CN_TRAB,Si,No,30233,,Regla 2 coherente para validaciones implementadas.
GPA-001__R2-002__R1-003__0499,GPA-001__R2-002__R1-003,02_inputs_xml_flat/GPA-001__R2-002__R1-003__0499.xml,PASS,INFO,R1.D01=NO;R1.D03=SI;R2.D01=SI;R2.D02=SI;R2.D03=NO,MUNICIPIO30231,MUNICIPIO_SIN_CN_TRAB,Si,No,30231,,Regla 2 coherente para validaciones implementadas.
GPA-001__R2-002__R1-003__0500,GPA-001__R2-002__R1-003,02_inputs_xml_flat/GPA-001__R2-002__R1-003__0500.xml,PASS,INFO,R1.D01=NO;R1.D03=SI;R2.D01=SI;R2.D02=SI;R2.D03=NO,MUNICIPIO30232,MUNICIPIO_SIN_CN_TRAB,Si,No,30232,,Regla 2 coherente para validaciones implementadas.
GPA-001__R2-002__R1-003__0501,GPA-001__R2-002__R1-003,02_inputs_xml_flat/GPA-001__R2-002__R1-003__0501.xml,PASS,INFO,R1.D01=NO;R1.D03=SI;R2.D01=SI;R2.D02=SI;R2.D03=NO,MUNICIPIO30233,MUNICIPIO_SIN_CN_TRAB,Si,No,30233,,Regla 2 coherente para validaciones implementadas.
GPA-001__R2-002__R1-003__0502,GPA-001__R2-002__R1-003,02_inputs_xml_flat/GPA-001__R2-002__R1-003__0502.xml,PASS,INFO,R1.D01=NO;R1.D03=SI;R2.D01=SI;R2.D02=SI;R2.D03=NO,MUNICIPIO30231,MUNICIPIO_SIN_CN_TRAB,Si,No,30231,,Regla 2 coherente para validaciones implementadas.
GPA-001__R2-002__R1-003__0503,GPA-001__R2-002__R1-003,02_inputs_xml_flat/GPA-001__R2-002__R1-003__0503.xml,PASS,INFO,R1.D01=NO;R1.D03=SI;R2.D01=SI;R2.D02=SI;R2.D03=NO,MUNICIPIO30232,MUNICIPIO_SIN_CN_TRAB,Si,No,30232,,Regla 2 coherente para validaciones implementadas.
GPA-001__R2-002__R1-003__0504,GPA-001__R2-002__R1-003,02_inputs_xml_flat/GPA-001__R2-002__R1-003__0504.xml,PASS,INFO,R1.D01=NO;R1.D03=SI;R2.D01=SI;R2.D02=SI;R2.D03=NO,MUNICIPIO30233,MUNICIPIO_SIN_CN_TRAB,Si,No,30233,,Regla 2 coherente para validaciones implementadas.
GPA-001__R2-002__R1-003__0505,GPA-001__R2-002__R1-003,02_inputs_xml_flat/GPA-001__R2-002__R1-003__0505.xml,PASS,INFO,R1.D01=NO;R1.D03=SI;R2.D01=SI;R2.D02=SI;R2.D03=NO,MUNICIPIO30231,MUNICIPIO_SIN_CN_TRAB,Si,No,30231,,Regla 2 coherente para validaciones implementadas.
GPA-001__R2-002__R1-003__0506,GPA-001__R2-002__R1-003,02_inputs_xml_flat/GPA-001__R2-002__R1-003__0506.xml,PASS,INFO,R1.D01=NO;R1.D03=SI;R2.D01=SI;R2.D02=SI;R2.D03=NO,MUNICIPIO30232,MUNICIPIO_SIN_CN_TRAB,Si,No,30232,,Regla 2 coherente para validaciones implementadas.
GPA-001__R2-002__R1-003__0507,GPA-001__R2-002__R1-003,02_inputs_xml_flat/GPA-001__R2-002__R1-003__0507.xml,PASS,INFO,R1.D01=NO;R1.D03=SI;R2.D01=SI;R2.D02=SI;R2.D03=NO,MUNICIPIO30233,MUNICIPIO_SIN_CN_TRAB,Si,No,30233,,Regla 2 coherente para validaciones implementadas.
GPA-001__R2-002__R1-003__0508,GPA-001__R2-002__R1-003,02_inputs_xml_flat/GPA-001__R2-002__R1-003__0508.xml,PASS,INFO,R1.D01=NO;R1.D03=SI;R2.D01=SI;R2.D02=SI;R2.D03=NO,MUNICIPIO30231,MUNICIPIO_SIN_CN_TRAB,Si,No,30231,,Regla 2 coherente para validaciones implementadas.
GPA-001__R2-002__R1-003__0509,GPA-001__R2-002__R1-003,02_inputs_xml_flat/GPA-001__R2-002__R1-003__0509.xml,PASS,INFO,R1.D01=NO;R1.D03=SI;R2.D01=SI;R2.D02=SI;R2.D03=NO,MUNICIPIO30232,MUNICIPIO_SIN_CN_TRAB,Si,No,30232,,Regla 2 coherente para validaciones implementadas.
GPA-001__R2-002__R1-003__0510,GPA-001__R2-002__R1-003,02_inputs_xml_flat/GPA-001__R2-002__R1-003__0510.xml,PASS,INFO,R1.D01=NO;R1.D03=SI;R2.D01=SI;R2.D02=SI;R2.D03=NO,MUNICIPIO30233,MUNICIPIO_SIN_CN_TRAB,Si,No,30233,,Regla 2 coherente para validaciones implementadas.
GPA-001__R2-002__R1-003__0511,GPA-001__R2-002__R1-003,02_inputs_xml_flat/GPA-001__R2-002__R1-003__0511.xml,PASS,INFO,R1.D01=NO;R1.D03=SI;R2.D01=SI;R2.D02=SI;R2.D03=NO,MUNICIPIO30231,MUNICIPIO_SIN_CN_TRAB,Si,No,30231,,Regla 2 coherente para validaciones implementadas.
GPA-001__R2-002__R1-003__0512,GPA-001__R2-002__R1-003,02_inputs_xml_flat/GPA-001__R2-002__R1-003__0512.xml,PASS,INFO,R1.D01=NO;R1.D03=SI;R2.D01=SI;R2.D02=SI;R2.D03=NO,MUNICIPIO30232,MUNICIPIO_SIN_CN_TRAB,Si,No,30232,,Regla 2 coherente para validaciones implementadas.
GPA-001__R2-002__R1-003__0513,GPA-001__R2-002__R1-003,02_inputs_xml_flat/GPA-001__R2-002__R1-003__0513.xml,PASS,INFO,R1.D01=NO;R1.D03=SI;R2.D01=SI;R2.D02=SI;R2.D03=NO,MUNICIPIO30233,MUNICIPIO_SIN_CN_TRAB,Si,No,30233,,Regla 2 coherente para validaciones implementadas.
GPA-001__R2-002__R1-003__0514,GPA-001__R2-002__R1-003,02_inputs_xml_flat/GPA-001__R2-002__R1-003__0514.xml,PASS,INFO,R1.D01=NO;R1.D03=SI;R2.D01=SI;R2.D02=SI;R2.D03=NO,MUNICIPIO30231,MUNICIPIO_SIN_CN_TRAB,Si,No,30231,,Regla 2 coherente para validaciones implementadas.
GPA-001__R2-002__R1-003__0515,GPA-001__R2-002__R1-003,02_inputs_xml_flat/GPA-001__R2-002__R1-003__0515.xml,PASS,INFO,R1.D01=NO;R1.D03=SI;R2.D01=SI;R2.D02=SI;R2.D03=NO,MUNICIPIO30232,MUNICIPIO_SIN_CN_TRAB,Si,No,30232,,Regla 2 coherente para validaciones implementadas.
GPA-001__R2-002__R1-003__0516,GPA-001__R2-002__R1-003,02_inputs_xml_flat/GPA-001__R2-002__R1-003__0516.xml,PASS,INFO,R1.D01=NO;R1.D03=SI;R2.D01=SI;R2.D02=SI;R2.D03=NO,MUNICIPIO30233,MUNICIPIO_SIN_CN_TRAB,Si,No,30233,,Regla 2 coherente para validaciones implementadas.
GPA-001__R2-002__R1-003__0517,GPA-001__R2-002__R1-003,02_inputs_xml_flat/GPA-001__R2-002__R1-003__0517.xml,PASS,INFO,R1.D01=NO;R1.D03=SI;R2.D01=SI;R2.D02=SI;R2.D03=NO,MUNICIPIO30231,MUNICIPIO_SIN_CN_TRAB,Si,No,30231,,Regla 2 coherente para validaciones implementadas.
GPA-001__R2-002__R1-003__0518,GPA-001__R2-002__R1-003,02_inputs_xml_flat/GPA-001__R2-002__R1-003__0518.xml,PASS,INFO,R1.D01=NO;R1.D03=SI;R2.D01=SI;R2.D02=SI;R2.D03=NO,MUNICIPIO30232,MUNICIPIO_SIN_CN_TRAB,Si,No,30232,,Regla 2 coherente para validaciones implementadas.
GPA-001__R2-002__R1-003__0519,GPA-001__R2-002__R1-003,02_inputs_xml_flat/GPA-001__R2-002__R1-003__0519.xml,PASS,INFO,R1.D01=NO;R1.D03=SI;R2.D01=SI;R2.D02=SI;R2.D03=NO,MUNICIPIO30233,MUNICIPIO_SIN_CN_TRAB,Si,No,30233,,Regla 2 coherente para validaciones implementadas.
GPA-001__R2-002__R1-003__0520,GPA-001__R2-002__R1-003,02_inputs_xml_flat/GPA-001__R2-002__R1-003__0520.xml,PASS,INFO,R1.D01=NO;R1.D03=SI;R2.D01=SI;R2.D02=SI;R2.D03=NO,MUNICIPIO30231,MUNICIPIO_SIN_CN_TRAB,Si,No,30231,,Regla 2 coherente para validaciones implementadas.
GPA-001__R2-002__R1-003__0521,GPA-001__R2-002__R1-003,02_inputs_xml_flat/GPA-001__R2-002__R1-003__0521.xml,PASS,INFO,R1.D01=NO;R1.D03=SI;R2.D01=SI;R2.D02=SI;R2.D03=NO,MUNICIPIO30232,MUNICIPIO_SIN_CN_TRAB,Si,No,30232,,Regla 2 coherente para validaciones implementadas.
GPA-001__R2-002__R1-003__0522,GPA-001__R2-002__R1-003,02_inputs_xml_flat/GPA-001__R2-002__R1-003__0522.xml,PASS,INFO,R1.D01=NO;R1.D03=SI;R2.D01=SI;R2.D02=SI;R2.D03=NO,MUNICIPIO30233,MUNICIPIO_SIN_CN_TRAB,Si,No,30233,,Regla 2 coherente para validaciones implementadas.
GPA-001__R2-002__R1-003__0523,GPA-001__R2-002__R1-003,02_inputs_xml_flat/GPA-001__R2-002__R1-003__0523.xml,PASS,INFO,R1.D01=NO;R1.D03=SI;R2.D01=SI;R2.D02=SI;R2.D03=NO,MUNICIPIO30231,MUNICIPIO_SIN_CN_TRAB,Si,No,30231,,Regla 2 coherente para validaciones implementadas.
GPA-001__R2-002__R1-003__0524,GPA-001__R2-002__R1-003,02_inputs_xml_flat/GPA-001__R2-002__R1-003__0524.xml,PASS,INFO,R1.D01=NO;R1.D03=SI;R2.D01=SI;R2.D02=SI;R2.D03=NO,MUNICIPIO30232,MUNICIPIO_SIN_CN_TRAB,Si,No,30232,,Regla 2 coherente para validaciones implementadas.
GPA-001__R2-002__R1-003__0525,GPA-001__R2-002__R1-003,02_inputs_xml_flat/GPA-001__R2-002__R1-003__0525.xml,PASS,INFO,R1.D01=NO;R1.D03=SI;R2.D01=SI;R2.D02=SI;R2.D03=NO,MUNICIPIO30233,MUNICIPIO_SIN_CN_TRAB,Si,No,30233,,Regla 2 coherente para validaciones implementadas.
GPA-001__R2-002__R1-003__0526,GPA-001__R2-002__R1-003,02_inputs_xml_flat/GPA-001__R2-002__R1-003__0526.xml,PASS,INFO,R1.D01=NO;R1.D03=SI;R2.D01=SI;R2.D02=SI;R2.D03=NO,MUNICIPIO30231,MUNICIPIO_SIN_CN_TRAB,Si,No,30231,,Regla 2 coherente para validaciones implementadas.
GPA-001__R2-002__R1-003__0527,GPA-001__R2-002__R1-003,02_inputs_xml_flat/GPA-001__R2-002__R1-003__0527.xml,PASS,INFO,R1.D01=NO;R1.D03=SI;R2.D01=SI;R2.D02=SI;R2.D03=NO,MUNICIPIO30232,MUNICIPIO_SIN_CN_TRAB,Si,No,30232,,Regla 2 coherente para validaciones implementadas.
GPA-001__R2-002__R1-003__0528,GPA-001__R2-002__R1-003,02_inputs_xml_flat/GPA-001__R2-002__R1-003__0528.xml,PASS,INFO,R1.D01=NO;R1.D03=SI;R2.D01=SI;R2.D02=SI;R2.D03=NO,MUNICIPIO30233,MUNICIPIO_SIN_CN_TRAB,Si,No,30233,,Regla 2 coherente para validaciones implementadas.
GPA-001__R2-002__R1-003__0529,GPA-001__R2-002__R1-003,02_inputs_xml_flat/GPA-001__R2-002__R1-003__0529.xml,PASS,INFO,R1.D01=NO;R1.D03=SI;R2.D01=SI;R2.D02=SI;R2.D03=NO,MUNICIPIO30231,MUNICIPIO_SIN_CN_TRAB,Si,No,30231,,Regla 2 coherente para validaciones implementadas.
GPA-001__R2-002__R1-003__0530,GPA-001__R2-002__R1-003,02_inputs_xml_flat/GPA-001__R2-002__R1-003__0530.xml,PASS,INFO,R1.D01=NO;R1.D03=SI;R2.D01=SI;R2.D02=SI;R2.D03=NO,MUNICIPIO30232,MUNICIPIO_SIN_CN_TRAB,Si,No,30232,,Regla 2 coherente para validaciones implementadas.
GPA-001__R2-002__R1-003__0531,GPA-001__R2-002__R1-003,02_inputs_xml_flat/GPA-001__R2-002__R1-003__0531.xml,PASS,INFO,R1.D01=NO;R1.D03=SI;R2.D01=SI;R2.D02=SI;R2.D03=NO,MUNICIPIO30233,MUNICIPIO_SIN_CN_TRAB,Si,No,30233,,Regla 2 coherente para validaciones implementadas.
GPA-001__R2-002__R1-003__0532,GPA-001__R2-002__R1-003,02_inputs_xml_flat/GPA-001__R2-002__R1-003__0532.xml,PASS,INFO,R1.D01=NO;R1.D03=SI;R2.D01=SI;R2.D02=SI;R2.D03=NO,MUNICIPIO30231,MUNICIPIO_SIN_CN_TRAB,Si,No,30231,,Regla 2 coherente para validaciones implementadas.
GPA-001__R2-002__R1-003__0533,GPA-001__R2-002__R1-003,02_inputs_xml_flat/GPA-001__R2-002__R1-003__0533.xml,PASS,INFO,R1.D01=NO;R1.D03=SI;R2.D01=SI;R2.D02=SI;R2.D03=NO,MUNICIPIO30232,MUNICIPIO_SIN_CN_TRAB,Si,No,30232,,Regla 2 coherente para validaciones implementadas.
GPA-001__R2-002__R1-003__0534,GPA-001__R2-002__R1-003,02_inputs_xml_flat/GPA-001__R2-002__R1-003__0534.xml,PASS,INFO,R1.D01=NO;R1.D03=SI;R2.D01=SI;R2.D02=SI;R2.D03=NO,MUNICIPIO30233,MUNICIPIO_SIN_CN_TRAB,Si,No,30233,,Regla 2 coherente para validaciones implementadas.
GPA-001__R2-002__R1-003__0535,GPA-001__R2-002__R1-003,02_inputs_xml_flat/GPA-001__R2-002__R1-003__0535.xml,PASS,INFO,R1.D01=NO;R1.D03=SI;R2.D01=SI;R2.D02=SI;R2.D03=NO,MUNICIPIO30231,MUNICIPIO_SIN_CN_TRAB,Si,No,30231,,Regla 2 coherente para validaciones implementadas.
GPA-001__R2-002__R1-003__0536,GPA-001__R2-002__R1-003,02_inputs_xml_flat/GPA-001__R2-002__R1-003__0536.xml,PASS,INFO,R1.D01=NO;R1.D03=SI;R2.D01=SI;R2.D02=SI;R2.D03=NO,MUNICIPIO30232,MUNICIPIO_SIN_CN_TRAB,Si,No,30232,,Regla 2 coherente para validaciones implementadas.
GPA-001__R2-002__R1-003__0537,GPA-001__R2-002__R1-003,02_inputs_xml_flat/GPA-001__R2-002__R1-003__0537.xml,PASS,INFO,R1.D01=NO;R1.D03=SI;R2.D01=SI;R2.D02=SI;R2.D03=NO,MUNICIPIO30233,MUNICIPIO_SIN_CN_TRAB,Si,No,30233,,Regla 2 coherente para validaciones implementadas.
GPA-001__R2-002__R1-003__0538,GPA-001__R2-002__R1-003,02_inputs_xml_flat/GPA-001__R2-002__R1-003__0538.xml,PASS,INFO,R1.D01=NO;R1.D03=SI;R2.D01=SI;R2.D02=SI;R2.D03=NO,MUNICIPIO30231,MUNICIPIO_SIN_CN_TRAB,Si,No,30231,,Regla 2 coherente para validaciones implementadas.
GPA-001__R2-002__R1-003__0539,GPA-001__R2-002__R1-003,02_inputs_xml_flat/GPA-001__R2-002__R1-003__0539.xml,PASS,INFO,R1.D01=NO;R1.D03=SI;R2.D01=SI;R2.D02=SI;R2.D03=NO,MUNICIPIO30232,MUNICIPIO_SIN_CN_TRAB,Si,No,30232,,Regla 2 coherente para validaciones implementadas.
GPA-001__R2-002__R1-003__0540,GPA-001__R2-002__R1-003,02_inputs_xml_flat/GPA-001__R2-002__R1-003__0540.xml,PASS,INFO,R1.D01=NO;R1.D03=SI;R2.D01=SI;R2.D02=SI;R2.D03=NO,MUNICIPIO30233,MUNICIPIO_SIN_CN_TRAB,Si,No,30233,,Regla 2 coherente para validaciones implementadas.
GPA-001__R2-002__R1-003__0541,GPA-001__R2-002__R1-003,02_inputs_xml_flat/GPA-001__R2-002__R1-003__0541.xml,PASS,INFO,R1.D01=NO;R1.D03=SI;R2.D01=SI;R2.D02=SI;R2.D03=NO,MUNICIPIO30231,MUNICIPIO_SIN_CN_TRAB,Si,No,30231,,Regla 2 coherente para validaciones implementadas.
GPA-001__R2-002__R1-003__0542,GPA-001__R2-002__R1-003,02_inputs_xml_flat/GPA-001__R2-002__R1-003__0542.xml,PASS,INFO,R1.D01=NO;R1.D03=SI;R2.D01=SI;R2.D02=SI;R2.D03=NO,MUNICIPIO30232,MUNICIPIO_SIN_CN_TRAB,Si,No,30232,,Regla 2 coherente para validaciones implementadas.
GPA-001__R2-002__R1-003__0543,GPA-001__R2-002__R1-003,02_inputs_xml_flat/GPA-001__R2-002__R1-003__0543.xml,PASS,INFO,R1.D01=NO;R1.D03=SI;R2.D01=SI;R2.D02=SI;R2.D03=NO,MUNICIPIO30233,MUNICIPIO_SIN_CN_TRAB,Si,No,30233,,Regla 2 coherente para validaciones implementadas.
GPA-001__R2-002__R1-003__0544,GPA-001__R2-002__R1-003,02_inputs_xml_flat/GPA-001__R2-002__R1-003__0544.xml,PASS,INFO,R1.D01=NO;R1.D03=SI;R2.D01=SI;R2.D02=SI;R2.D03=NO,MUNICIPIO30231,MUNICIPIO_SIN_CN_TRAB,Si,No,30231,,Regla 2 coherente para validaciones implementadas.
GPA-001__R2-002__R1-003__0545,GPA-001__R2-002__R1-003,02_inputs_xml_flat/GPA-001__R2-002__R1-003__0545.xml,PASS,INFO,R1.D01=NO;R1.D03=SI;R2.D01=SI;R2.D02=SI;R2.D03=NO,MUNICIPIO30232,MUNICIPIO_SIN_CN_TRAB,Si,No,30232,,Regla 2 coherente para validaciones implementadas.
GPA-001__R2-002__R1-003__0546,GPA-001__R2-002__R1-003,02_inputs_xml_flat/GPA-001__R2-002__R1-003__0546.xml,PASS,INFO,R1.D01=NO;R1.D03=SI;R2.D01=SI;R2.D02=SI;R2.D03=NO,MUNICIPIO30233,MUNICIPIO_SIN_CN_TRAB,Si,No,30233,,Regla 2 coherente para validaciones implementadas.
GPA-001__R2-002__R1-003__0547,GPA-001__R2-002__R1-003,02_inputs_xml_flat/GPA-001__R2-002__R1-003__0547.xml,PASS,INFO,R1.D01=NO;R1.D03=SI;R2.D01=SI;R2.D02=SI;R2.D03=NO,MUNICIPIO30231,MUNICIPIO_SIN_CN_TRAB,Si,No,30231,,Regla 2 coherente para validaciones implementadas.
GPA-001__R2-002__R1-003__0548,GPA-001__R2-002__R1-003,02_inputs_xml_flat/GPA-001__R2-002__R1-003__0548.xml,PASS,INFO,R1.D01=NO;R1.D03=SI;R2.D01=SI;R2.D02=SI;R2.D03=NO,MUNICIPIO30232,MUNICIPIO_SIN_CN_TRAB,Si,No,30232,,Regla 2 coherente para validaciones implementadas.
GPA-001__R2-002__R1-003__0549,GPA-001__R2-002__R1-003,02_inputs_xml_flat/GPA-001__R2-002__R1-003__0549.xml,PASS,INFO,R1.D01=NO;R1.D03=SI;R2.D01=SI;R2.D02=SI;R2.D03=NO,MUNICIPIO30233,MUNICIPIO_SIN_CN_TRAB,Si,No,30233,,Regla 2 coherente para validaciones implementadas.
GPA-001__R2-002__R1-003__0550,GPA-001__R2-002__R1-003,02_inputs_xml_flat/GPA-001__R2-002__R1-003__0550.xml,PASS,INFO,R1.D01=NO;R1.D03=SI;R2.D01=SI;R2.D02=SI;R2.D03=NO,MUNICIPIO30231,MUNICIPIO_SIN_CN_TRAB,Si,No,30231,,Regla 2 coherente para validaciones implementadas.
GPA-001__R2-002__R1-003__0551,GPA-001__R2-002__R1-003,02_inputs_xml_flat/GPA-001__R2-002__R1-003__0551.xml,PASS,INFO,R1.D01=NO;R1.D03=SI;R2.D01=SI;R2.D02=SI;R2.D03=NO,MUNICIPIO30232,MUNICIPIO_SIN_CN_TRAB,Si,No,30232,,Regla 2 coherente para validaciones implementadas.
GPA-001__R2-002__R1-003__0552,GPA-001__R2-002__R1-003,02_inputs_xml_flat/GPA-001__R2-002__R1-003__0552.xml,PASS,INFO,R1.D01=NO;R1.D03=SI;R2.D01=SI;R2.D02=SI;R2.D03=NO,MUNICIPIO30233,MUNICIPIO_SIN_CN_TRAB,Si,No,30233,,Regla 2 coherente para validaciones implementadas.
GPA-001__R2-002__R1-003__0553,GPA-001__R2-002__R1-003,02_inputs_xml_flat/GPA-001__R2-002__R1-003__0553.xml,PASS,INFO,R1.D01=NO;R1.D03=SI;R2.D01=SI;R2.D02=SI;R2.D03=NO,MUNICIPIO30231,MUNICIPIO_SIN_CN_TRAB,Si,No,30231,,Regla 2 coherente para validaciones implementadas.
GPA-001__R2-002__R1-003__0554,GPA-001__R2-002__R1-003,02_inputs_xml_flat/GPA-001__R2-002__R1-003__0554.xml,PASS,INFO,R1.D01=NO;R1.D03=SI;R2.D01=SI;R2.D02=SI;R2.D03=NO,MUNICIPIO30232,MUNICIPIO_SIN_CN_TRAB,Si,No,30232,,Regla 2 coherente para validaciones implementadas.
GPA-001__R2-002__R1-003__0555,GPA-001__R2-002__R1-003,02_inputs_xml_flat/GPA-001__R2-002__R1-003__0555.xml,PASS,INFO,R1.D01=NO;R1.D03=SI;R2.D01=SI;R2.D02=SI;R2.D03=NO,MUNICIPIO30233,MUNICIPIO_SIN_CN_TRAB,Si,No,30233,,Regla 2 coherente para validaciones implementadas.
GPA-001__R2-002__R1-003__0556,GPA-001__R2-002__R1-003,02_inputs_xml_flat/GPA-001__R2-002__R1-003__0556.xml,PASS,INFO,R1.D01=NO;R1.D03=SI;R2.D01=SI;R2.D02=SI;R2.D03=NO,MUNICIPIO30231,MUNICIPIO_SIN_CN_TRAB,Si,No,30231,,Regla 2 coherente para validaciones implementadas.
GPA-001__R2-002__R1-003__0557,GPA-001__R2-002__R1-003,02_inputs_xml_flat/GPA-001__R2-002__R1-003__0557.xml,PASS,INFO,R1.D01=NO;R1.D03=SI;R2.D01=SI;R2.D02=SI;R2.D03=NO,MUNICIPIO30232,MUNICIPIO_SIN_CN_TRAB,Si,No,30232,,Regla 2 coherente para validaciones implementadas.
GPA-001__R2-002__R1-003__0558,GPA-001__R2-002__R1-003,02_inputs_xml_flat/GPA-001__R2-002__R1-003__0558.xml,PASS,INFO,R1.D01=NO;R1.D03=SI;R2.D01=SI;R2.D02=SI;R2.D03=NO,MUNICIPIO30233,MUNICIPIO_SIN_CN_TRAB,Si,No,30233,,Regla 2 coherente para validaciones implementadas.
GPA-001__R2-002__R1-003__0559,GPA-001__R2-002__R1-003,02_inputs_xml_flat/GPA-001__R2-002__R1-003__0559.xml,PASS,INFO,R1.D01=NO;R1.D03=SI;R2.D01=SI;R2.D02=SI;R2.D03=NO,MUNICIPIO30231,MUNICIPIO_SIN_CN_TRAB,Si,No,30231,,Regla 2 coherente para validaciones implementadas.
GPA-001__R2-002__R1-003__0560,GPA-001__R2-002__R1-003,02_inputs_xml_flat/GPA-001__R2-002__R1-003__0560.xml,PASS,INFO,R1.D01=NO;R1.D03=SI;R2.D01=SI;R2.D02=SI;R2.D03=NO,MUNICIPIO30232,MUNICIPIO_SIN_CN_TRAB,Si,No,30232,,Regla 2 coherente para validaciones implementadas.
GPA-001__R2-002__R1-003__0561,GPA-001__R2-002__R1-003,02_inputs_xml_flat/GPA-001__R2-002__R1-003__0561.xml,PASS,INFO,R1.D01=NO;R1.D03=SI;R2.D01=SI;R2.D02=SI;R2.D03=NO,MUNICIPIO30233,MUNICIPIO_SIN_CN_TRAB,Si,No,30233,,Regla 2 coherente para validaciones implementadas.
GPA-001__R2-002__R1-003__0562,GPA-001__R2-002__R1-003,02_inputs_xml_flat/GPA-001__R2-002__R1-003__0562.xml,PASS,INFO,R1.D01=NO;R1.D03=SI;R2.D01=SI;R2.D02=SI;R2.D03=NO,MUNICIPIO30231,MUNICIPIO_SIN_CN_TRAB,Si,No,30231,,Regla 2 coherente para validaciones implementadas.
GPA-001__R2-002__R1-003__0563,GPA-001__R2-002__R1-003,02_inputs_xml_flat/GPA-001__R2-002__R1-003__0563.xml,PASS,INFO,R1.D01=NO;R1.D03=SI;R2.D01=SI;R2.D02=SI;R2.D03=NO,MUNICIPIO30232,MUNICIPIO_SIN_CN_TRAB,Si,No,30232,,Regla 2 coherente para validaciones implementadas.
GPA-001__R2-002__R1-003__0564,GPA-001__R2-002__R1-003,02_inputs_xml_flat/GPA-001__R2-002__R1-003__0564.xml,PASS,INFO,R1.D01=NO;R1.D03=SI;R2.D01=SI;R2.D02=SI;R2.D03=NO,MUNICIPIO30233,MUNICIPIO_SIN_CN_TRAB,Si,No,30233,,Regla 2 coherente para validaciones implementadas.
GPA-001__R2-002__R1-003__0565,GPA-001__R2-002__R1-003,02_inputs_xml_flat/GPA-001__R2-002__R1-003__0565.xml,PASS,INFO,R1.D01=NO;R1.D03=SI;R2.D01=SI;R2.D02=SI;R2.D03=NO,MUNICIPIO30231,MUNICIPIO_SIN_CN_TRAB,Si,No,30231,,Regla 2 coherente para validaciones implementadas.
GPA-001__R2-002__R1-003__0566,GPA-001__R2-002__R1-003,02_inputs_xml_flat/GPA-001__R2-002__R1-003__0566.xml,PASS,INFO,R1.D01=NO;R1.D03=SI;R2.D01=SI;R2.D02=SI;R2.D03=NO,MUNICIPIO30232,MUNICIPIO_SIN_CN_TRAB,Si,No,30232,,Regla 2 coherente para validaciones implementadas.
GPA-001__R2-002__R1-003__0567,GPA-001__R2-002__R1-003,02_inputs_xml_flat/GPA-001__R2-002__R1-003__0567.xml,PASS,INFO,R1.D01=NO;R1.D03=SI;R2.D01=SI;R2.D02=SI;R2.D03=NO,MUNICIPIO30233,MUNICIPIO_SIN_CN_TRAB,Si,No,30233,,Regla 2 coherente para validaciones implementadas.
GPA-001__R2-002__R1-003__0568,GPA-001__R2-002__R1-003,02_inputs_xml_flat/GPA-001__R2-002__R1-003__0568.xml,PASS,INFO,R1.D01=NO;R1.D03=SI;R2.D01=SI;R2.D02=SI;R2.D03=NO,MUNICIPIO30231,MUNICIPIO_SIN_CN_TRAB,Si,No,30231,,Regla 2 coherente para validaciones implementadas.
GPA-001__R2-002__R1-003__0569,GPA-001__R2-002__R1-003,02_inputs_xml_flat/GPA-001__R2-002__R1-003__0569.xml,PASS,INFO,R1.D01=NO;R1.D03=SI;R2.D01=SI;R2.D02=SI;R2.D03=NO,MUNICIPIO30232,MUNICIPIO_SIN_CN_TRAB,Si,No,30232,,Regla 2 coherente para validaciones implementadas.
GPA-001__R2-002__R1-003__0570,GPA-001__R2-002__R1-003,02_inputs_xml_flat/GPA-001__R2-002__R1-003__0570.xml,PASS,INFO,R1.D01=NO;R1.D03=SI;R2.D01=SI;R2.D02=SI;R2.D03=NO,MUNICIPIO30233,MUNICIPIO_SIN_CN_TRAB,Si,No,30233,,Regla 2 coherente para validaciones implementadas.
GPA-001__R2-002__R1-003__0571,GPA-001__R2-002__R1-003,02_inputs_xml_flat/GPA-001__R2-002__R1-003__0571.xml,PASS,INFO,R1.D01=NO;R1.D03=SI;R2.D01=SI;R2.D02=SI;R2.D03=NO,MUNICIPIO30231,MUNICIPIO_SIN_CN_TRAB,Si,No,30231,,Regla 2 coherente para validaciones implementadas.
GPA-001__R2-002__R1-003__0572,GPA-001__R2-002__R1-003,02_inputs_xml_flat/GPA-001__R2-002__R1-003__0572.xml,PASS,INFO,R1.D01=NO;R1.D03=SI;R2.D01=SI;R2.D02=SI;R2.D03=NO,MUNICIPIO30232,MUNICIPIO_SIN_CN_TRAB,Si,No,30232,,Regla 2 coherente para validaciones implementadas.
GPA-001__R2-002__R1-003__0573,GPA-001__R2-002__R1-003,02_inputs_xml_flat/GPA-001__R2-002__R1-003__0573.xml,PASS,INFO,R1.D01=NO;R1.D03=SI;R2.D01=SI;R2.D02=SI;R2.D03=NO,MUNICIPIO30233,MUNICIPIO_SIN_CN_TRAB,Si,No,30233,,Regla 2 coherente para validaciones implementadas.
GPA-001__R2-002__R1-003__0574,GPA-001__R2-002__R1-003,02_inputs_xml_flat/GPA-001__R2-002__R1-003__0574.xml,PASS,INFO,R1.D01=NO;R1.D03=SI;R2.D01=SI;R2.D02=SI;R2.D03=NO,MUNICIPIO30231,MUNICIPIO_SIN_CN_TRAB,Si,No,30231,,Regla 2 coherente para validaciones implementadas.
GPA-001__R2-002__R1-003__0575,GPA-001__R2-002__R1-003,02_inputs_xml_flat/GPA-001__R2-002__R1-003__0575.xml,PASS,INFO,R1.D01=NO;R1.D03=SI;R2.D01=SI;R2.D02=SI;R2.D03=NO,MUNICIPIO30232,MUNICIPIO_SIN_CN_TRAB,Si,No,30232,,Regla 2 coherente para validaciones implementadas.
GPA-001__R2-002__R1-003__0576,GPA-001__R2-002__R1-003,02_inputs_xml_flat/GPA-001__R2-002__R1-003__0576.xml,PASS,INFO,R1.D01=NO;R1.D03=SI;R2.D01=SI;R2.D02=SI;R2.D03=NO,MUNICIPIO30233,MUNICIPIO_SIN_CN_TRAB,Si,No,30233,,Regla 2 coherente para validaciones implementadas.
GPA-001__R2-002__R1-003__0577,GPA-001__R2-002__R1-003,02_inputs_xml_flat/GPA-001__R2-002__R1-003__0577.xml,PASS,INFO,R1.D01=NO;R1.D03=SI;R2.D01=SI;R2.D02=SI;R2.D03=NO,MUNICIPIO30231,MUNICIPIO_SIN_CN_TRAB,Si,No,30231,,Regla 2 coherente para validaciones implementadas.
GPA-001__R2-002__R1-003__0578,GPA-001__R2-002__R1-003,02_inputs_xml_flat/GPA-001__R2-002__R1-003__0578.xml,PASS,INFO,R1.D01=NO;R1.D03=SI;R2.D01=SI;R2.D02=SI;R2.D03=NO,MUNICIPIO30232,MUNICIPIO_SIN_CN_TRAB,Si,No,30232,,Regla 2 coherente para validaciones implementadas.
GPA-001__R2-002__R1-003__0579,GPA-001__R2-002__R1-003,02_inputs_xml_flat/GPA-001__R2-002__R1-003__0579.xml,PASS,INFO,R1.D01=NO;R1.D03=SI;R2.D01=SI;R2.D02=SI;R2.D03=NO,MUNICIPIO30233,MUNICIPIO_SIN_CN_TRAB,Si,No,30233,,Regla 2 coherente para validaciones implementadas.
GPA-001__R2-002__R1-003__0580,GPA-001__R2-002__R1-003,02_inputs_xml_flat/GPA-001__R2-002__R1-003__0580.xml,PASS,INFO,R1.D01=NO;R1.D03=SI;R2.D01=SI;R2.D02=SI;R2.D03=NO,MUNICIPIO30231,MUNICIPIO_SIN_CN_TRAB,Si,No,30231,,Regla 2 coherente para validaciones implementadas.
GPA-001__R2-002__R1-003__0581,GPA-001__R2-002__R1-003,02_inputs_xml_flat/GPA-001__R2-002__R1-003__0581.xml,PASS,INFO,R1.D01=NO;R1.D03=SI;R2.D01=SI;R2.D02=SI;R2.D03=NO,MUNICIPIO30232,MUNICIPIO_SIN_CN_TRAB,Si,No,30232,,Regla 2 coherente para validaciones implementadas.
GPA-001__R2-002__R1-003__0582,GPA-001__R2-002__R1-003,02_inputs_xml_flat/GPA-001__R2-002__R1-003__0582.xml,PASS,INFO,R1.D01=NO;R1.D03=SI;R2.D01=SI;R2.D02=SI;R2.D03=NO,MUNICIPIO30233,MUNICIPIO_SIN_CN_TRAB,Si,No,30233,,Regla 2 coherente para validaciones implementadas.
GPA-001__R2-002__R1-003__0583,GPA-001__R2-002__R1-003,02_inputs_xml_flat/GPA-001__R2-002__R1-003__0583.xml,PASS,INFO,R1.D01=NO;R1.D03=SI;R2.D01=SI;R2.D02=SI;R2.D03=NO,MUNICIPIO30231,MUNICIPIO_SIN_CN_TRAB,Si,No,30231,,Regla 2 coherente para validaciones implementadas.
GPA-001__R2-002__R1-003__0584,GPA-001__R2-002__R1-003,02_inputs_xml_flat/GPA-001__R2-002__R1-003__0584.xml,PASS,INFO,R1.D01=NO;R1.D03=SI;R2.D01=SI;R2.D02=SI;R2.D03=NO,MUNICIPIO30232,MUNICIPIO_SIN_CN_TRAB,Si,No,30232,,Regla 2 coherente para validaciones implementadas.
GPA-001__R2-002__R1-003__0585,GPA-001__R2-002__R1-003,02_inputs_xml_flat/GPA-001__R2-002__R1-003__0585.xml,PASS,INFO,R1.D01=NO;R1.D03=SI;R2.D01=SI;R2.D02=SI;R2.D03=NO,MUNICIPIO30233,MUNICIPIO_SIN_CN_TRAB,Si,No,30233,,Regla 2 coherente para validaciones implementadas.
GPA-001__R2-002__R1-003__0586,GPA-001__R2-002__R1-003,02_inputs_xml_flat/GPA-001__R2-002__R1-003__0586.xml,PASS,INFO,R1.D01=NO;R1.D03=SI;R2.D01=SI;R2.D02=SI;R2.D03=NO,MUNICIPIO30231,MUNICIPIO_SIN_CN_TRAB,Si,No,30231,,Regla 2 coherente para validaciones implementadas.
GPA-001__R2-002__R1-003__0587,GPA-001__R2-002__R1-003,02_inputs_xml_flat/GPA-001__R2-002__R1-003__0587.xml,PASS,INFO,R1.D01=NO;R1.D03=SI;R2.D01=SI;R2.D02=SI;R2.D03=NO,MUNICIPIO30232,MUNICIPIO_SIN_CN_TRAB,Si,No,30232,,Regla 2 coherente para validaciones implementadas.
GPA-001__R2-002__R1-003__0588,GPA-001__R2-002__R1-003,02_inputs_xml_flat/GPA-001__R2-002__R1-003__0588.xml,PASS,INFO,R1.D01=NO;R1.D03=SI;R2.D01=SI;R2.D02=SI;R2.D03=NO,MUNICIPIO30233,MUNICIPIO_SIN_CN_TRAB,Si,No,30233,,Regla 2 coherente para validaciones implementadas.
GPA-001__R2-002__R1-003__0589,GPA-001__R2-002__R1-003,02_inputs_xml_flat/GPA-001__R2-002__R1-003__0589.xml,PASS,INFO,R1.D01=NO;R1.D03=SI;R2.D01=SI;R2.D02=SI;R2.D03=NO,MUNICIPIO30231,MUNICIPIO_SIN_CN_TRAB,Si,No,30231,,Regla 2 coherente para validaciones implementadas.
GPA-001__R2-002__R1-003__0590,GPA-001__R2-002__R1-003,02_inputs_xml_flat/GPA-001__R2-002__R1-003__0590.xml,PASS,INFO,R1.D01=NO;R1.D03=SI;R2.D01=SI;R2.D02=SI;R2.D03=NO,MUNICIPIO30232,MUNICIPIO_SIN_CN_TRAB,Si,No,30232,,Regla 2 coherente para validaciones implementadas.
GPA-001__R2-002__R1-003__0591,GPA-001__R2-002__R1-003,02_inputs_xml_flat/GPA-001__R2-002__R1-003__0591.xml,PASS,INFO,R1.D01=NO;R1.D03=SI;R2.D01=SI;R2.D02=SI;R2.D03=NO,MUNICIPIO30233,MUNICIPIO_SIN_CN_TRAB,Si,No,30233,,Regla 2 coherente para validaciones implementadas.
GPA-001__R2-002__R1-003__0592,GPA-001__R2-002__R1-003,02_inputs_xml_flat/GPA-001__R2-002__R1-003__0592.xml,PASS,INFO,R1.D01=NO;R1.D03=SI;R2.D01=SI;R2.D02=SI;R2.D03=NO,MUNICIPIO30231,MUNICIPIO_SIN_CN_TRAB,Si,No,30231,,Regla 2 coherente para validaciones implementadas.
GPA-001__R2-002__R1-003__0593,GPA-001__R2-002__R1-003,02_inputs_xml_flat/GPA-001__R2-002__R1-003__0593.xml,PASS,INFO,R1.D01=NO;R1.D03=SI;R2.D01=SI;R2.D02=SI;R2.D03=NO,MUNICIPIO30232,MUNICIPIO_SIN_CN_TRAB,Si,No,30232,,Regla 2 coherente para validaciones implementadas.
GPA-001__R2-002__R1-003__0594,GPA-001__R2-002__R1-003,02_inputs_xml_flat/GPA-001__R2-002__R1-003__0594.xml,PASS,INFO,R1.D01=NO;R1.D03=SI;R2.D01=SI;R2.D02=SI;R2.D03=NO,MUNICIPIO30233,MUNICIPIO_SIN_CN_TRAB,Si,No,30233,,Regla 2 coherente para validaciones implementadas.
GPA-001__R2-002__R1-003__0595,GPA-001__R2-002__R1-003,02_inputs_xml_flat/GPA-001__R2-002__R1-003__0595.xml,PASS,INFO,R1.D01=NO;R1.D03=SI;R2.D01=SI;R2.D02=SI;R2.D03=NO,MUNICIPIO30231,MUNICIPIO_SIN_CN_TRAB,Si,No,30231,,Regla 2 coherente para validaciones implementadas.
GPA-001__R2-002__R1-003__0596,GPA-001__R2-002__R1-003,02_inputs_xml_flat/GPA-001__R2-002__R1-003__0596.xml,PASS,INFO,R1.D01=NO;R1.D03=SI;R2.D01=SI;R2.D02=SI;R2.D03=NO,MUNICIPIO30232,MUNICIPIO_SIN_CN_TRAB,Si,No,30232,,Regla 2 coherente para validaciones implementadas.
GPA-001__R2-002__R1-003__0597,GPA-001__R2-002__R1-003,02_inputs_xml_flat/GPA-001__R2-002__R1-003__0597.xml,PASS,INFO,R1.D01=NO;R1.D03=SI;R2.D01=SI;R2.D02=SI;R2.D03=NO,MUNICIPIO30233,MUNICIPIO_SIN_CN_TRAB,Si,No,30233,,Regla 2 coherente para validaciones implementadas.
GPA-001__R2-002__R1-003__0598,GPA-001__R2-002__R1-003,02_inputs_xml_flat/GPA-001__R2-002__R1-003__0598.xml,PASS,INFO,R1.D01=NO;R1.D03=SI;R2.D01=SI;R2.D02=SI;R2.D03=NO,MUNICIPIO30231,MUNICIPIO_SIN_CN_TRAB,Si,No,30231,,Regla 2 coherente para validaciones implementadas.
GPA-001__R2-002__R1-003__0599,GPA-001__R2-002__R1-003,02_inputs_xml_flat/GPA-001__R2-002__R1-003__0599.xml,PASS,INFO,R1.D01=NO;R1.D03=SI;R2.D01=SI;R2.D02=SI;R2.D03=NO,MUNICIPIO30232,MUNICIPIO_SIN_CN_TRAB,Si,No,30232,,Regla 2 coherente para validaciones implementadas.
GPA-001__R2-002__R1-003__0600,GPA-001__R2-002__R1-003,02_inputs_xml_flat/GPA-001__R2-002__R1-003__0600.xml,PASS,INFO,R1.D01=NO;R1.D03=SI;R2.D01=SI;R2.D02=SI;R2.D03=NO,MUNICIPIO30233,MUNICIPIO_SIN_CN_TRAB,Si,No,30233,,Regla 2 coherente para validaciones implementadas.
GPA-001__R2-002__R1-003__0601,GPA-001__R2-002__R1-003,02_inputs_xml_flat/GPA-001__R2-002__R1-003__0601.xml,PASS,INFO,R1.D01=NO;R1.D03=SI;R2.D01=SI;R2.D02=SI;R2.D03=NO,MUNICIPIO30231,MUNICIPIO_SIN_CN_TRAB,Si,No,30231,,Regla 2 coherente para validaciones implementadas.
GPA-001__R2-002__R1-003__0602,GPA-001__R2-002__R1-003,02_inputs_xml_flat/GPA-001__R2-002__R1-003__0602.xml,PASS,INFO,R1.D01=NO;R1.D03=SI;R2.D01=SI;R2.D02=SI;R2.D03=NO,MUNICIPIO30232,MUNICIPIO_SIN_CN_TRAB,Si,No,30232,,Regla 2 coherente para validaciones implementadas.
GPA-001__R2-002__R1-003__0603,GPA-001__R2-002__R1-003,02_inputs_xml_flat/GPA-001__R2-002__R1-003__0603.xml,PASS,INFO,R1.D01=NO;R1.D03=SI;R2.D01=SI;R2.D02=SI;R2.D03=NO,MUNICIPIO30233,MUNICIPIO_SIN_CN_TRAB,Si,No,30233,,Regla 2 coherente para validaciones implementadas.
GPA-001__R2-002__R1-003__0604,GPA-001__R2-002__R1-003,02_inputs_xml_flat/GPA-001__R2-002__R1-003__0604.xml,PASS,INFO,R1.D01=NO;R1.D03=SI;R2.D01=SI;R2.D02=SI;R2.D03=NO,MUNICIPIO30231,MUNICIPIO_SIN_CN_TRAB,Si,No,30231,,Regla 2 coherente para validaciones implementadas.
GPA-001__R2-002__R1-003__0605,GPA-001__R2-002__R1-003,02_inputs_xml_flat/GPA-001__R2-002__R1-003__0605.xml,PASS,INFO,R1.D01=NO;R1.D03=SI;R2.D01=SI;R2.D02=SI;R2.D03=NO,MUNICIPIO30232,MUNICIPIO_SIN_CN_TRAB,Si,No,30232,,Regla 2 coherente para validaciones implementadas.
GPA-001__R2-002__R1-003__0606,GPA-001__R2-002__R1-003,02_inputs_xml_flat/GPA-001__R2-002__R1-003__0606.xml,PASS,INFO,R1.D01=NO;R1.D03=SI;R2.D01=SI;R2.D02=SI;R2.D03=NO,MUNICIPIO30233,MUNICIPIO_SIN_CN_TRAB,Si,No,30233,,Regla 2 coherente para validaciones implementadas.
GPA-001__R2-002__R1-003__0607,GPA-001__R2-002__R1-003,02_inputs_xml_flat/GPA-001__R2-002__R1-003__0607.xml,PASS,INFO,R1.D01=NO;R1.D03=SI;R2.D01=SI;R2.D02=SI;R2.D03=NO,MUNICIPIO30231,MUNICIPIO_SIN_CN_TRAB,Si,No,30231,,Regla 2 coherente para validaciones implementadas.
GPA-001__R2-002__R1-003__0608,GPA-001__R2-002__R1-003,02_inputs_xml_flat/GPA-001__R2-002__R1-003__0608.xml,PASS,INFO,R1.D01=NO;R1.D03=SI;R2.D01=SI;R2.D02=SI;R2.D03=NO,MUNICIPIO30232,MUNICIPIO_SIN_CN_TRAB,Si,No,30232,,Regla 2 coherente para validaciones implementadas.
GPA-001__R2-002__R1-003__0609,GPA-001__R2-002__R1-003,02_inputs_xml_flat/GPA-001__R2-002__R1-003__0609.xml,PASS,INFO,R1.D01=NO;R1.D03=SI;R2.D01=SI;R2.D02=SI;R2.D03=NO,MUNICIPIO30233,MUNICIPIO_SIN_CN_TRAB,Si,No,30233,,Regla 2 coherente para validaciones implementadas.
GPA-001__R2-002__R1-003__0610,GPA-001__R2-002__R1-003,02_inputs_xml_flat/GPA-001__R2-002__R1-003__0610.xml,PASS,INFO,R1.D01=NO;R1.D03=SI;R2.D01=SI;R2.D02=SI;R2.D03=NO,MUNICIPIO30231,MUNICIPIO_SIN_CN_TRAB,Si,No,30231,,Regla 2 coherente para validaciones implementadas.
GPA-001__R2-002__R1-003__0611,GPA-001__R2-002__R1-003,02_inputs_xml_flat/GPA-001__R2-002__R1-003__0611.xml,PASS,INFO,R1.D01=NO;R1.D03=SI;R2.D01=SI;R2.D02=SI;R2.D03=NO,MUNICIPIO30232,MUNICIPIO_SIN_CN_TRAB,Si,No,30232,,Regla 2 coherente para validaciones implementadas.
GPA-001__R2-002__R1-003__0612,GPA-001__R2-002__R1-003,02_inputs_xml_flat/GPA-001__R2-002__R1-003__0612.xml,PASS,INFO,R1.D01=NO;R1.D03=SI;R2.D01=SI;R2.D02=SI;R2.D03=NO,MUNICIPIO30233,MUNICIPIO_SIN_CN_TRAB,Si,No,30233,,Regla 2 coherente para validaciones implementadas.
GPA-001__R2-002__R1-003__0613,GPA-001__R2-002__R1-003,02_inputs_xml_flat/GPA-001__R2-002__R1-003__0613.xml,PASS,INFO,R1.D01=NO;R1.D03=SI;R2.D01=SI;R2.D02=SI;R2.D03=NO,MUNICIPIO30231,MUNICIPIO_SIN_CN_TRAB,Si,No,30231,,Regla 2 coherente para validaciones implementadas.
GPA-001__R2-002__R1-003__0614,GPA-001__R2-002__R1-003,02_inputs_xml_flat/GPA-001__R2-002__R1-003__0614.xml,PASS,INFO,R1.D01=NO;R1.D03=SI;R2.D01=SI;R2.D02=SI;R2.D03=NO,MUNICIPIO30232,MUNICIPIO_SIN_CN_TRAB,Si,No,30232,,Regla 2 coherente para validaciones implementadas.
GPA-001__R2-002__R1-003__0615,GPA-001__R2-002__R1-003,02_inputs_xml_flat/GPA-001__R2-002__R1-003__0615.xml,PASS,INFO,R1.D01=NO;R1.D03=SI;R2.D01=SI;R2.D02=SI;R2.D03=NO,MUNICIPIO30233,MUNICIPIO_SIN_CN_TRAB,Si,No,30233,,Regla 2 coherente para validaciones implementadas.
GPA-001__R2-002__R1-003__0616,GPA-001__R2-002__R1-003,02_inputs_xml_flat/GPA-001__R2-002__R1-003__0616.xml,PASS,INFO,R1.D01=NO;R1.D03=SI;R2.D01=SI;R2.D02=SI;R2.D03=NO,MUNICIPIO30231,MUNICIPIO_SIN_CN_TRAB,Si,No,30231,,Regla 2 coherente para validaciones implementadas.
GPA-001__R2-002__R1-003__0617,GPA-001__R2-002__R1-003,02_inputs_xml_flat/GPA-001__R2-002__R1-003__0617.xml,PASS,INFO,R1.D01=NO;R1.D03=SI;R2.D01=SI;R2.D02=SI;R2.D03=NO,MUNICIPIO30232,MUNICIPIO_SIN_CN_TRAB,Si,No,30232,,Regla 2 coherente para validaciones implementadas.
GPA-001__R2-002__R1-003__0618,GPA-001__R2-002__R1-003,02_inputs_xml_flat/GPA-001__R2-002__R1-003__0618.xml,PASS,INFO,R1.D01=NO;R1.D03=SI;R2.D01=SI;R2.D02=SI;R2.D03=NO,MUNICIPIO30233,MUNICIPIO_SIN_CN_TRAB,Si,No,30233,,Regla 2 coherente para validaciones implementadas.
GPA-001__R2-002__R1-003__0619,GPA-001__R2-002__R1-003,02_inputs_xml_flat/GPA-001__R2-002__R1-003__0619.xml,PASS,INFO,R1.D01=NO;R1.D03=SI;R2.D01=SI;R2.D02=SI;R2.D03=NO,MUNICIPIO30231,MUNICIPIO_SIN_CN_TRAB,Si,No,30231,,Regla 2 coherente para validaciones implementadas.
GPA-001__R2-002__R1-003__0620,GPA-001__R2-002__R1-003,02_inputs_xml_flat/GPA-001__R2-002__R1-003__0620.xml,PASS,INFO,R1.D01=NO;R1.D03=SI;R2.D01=SI;R2.D02=SI;R2.D03=NO,MUNICIPIO30232,MUNICIPIO_SIN_CN_TRAB,Si,No,30232,,Regla 2 coherente para validaciones implementadas.
GPA-001__R2-002__R1-003__0621,GPA-001__R2-002__R1-003,02_inputs_xml_flat/GPA-001__R2-002__R1-003__0621.xml,PASS,INFO,R1.D01=NO;R1.D03=SI;R2.D01=SI;R2.D02=SI;R2.D03=NO,MUNICIPIO30233,MUNICIPIO_SIN_CN_TRAB,Si,No,30233,,Regla 2 coherente para validaciones implementadas.
GPA-001__R2-002__R1-003__0622,GPA-001__R2-002__R1-003,02_inputs_xml_flat/GPA-001__R2-002__R1-003__0622.xml,PASS,INFO,R1.D01=NO;R1.D03=SI;R2.D01=SI;R2.D02=SI;R2.D03=NO,MUNICIPIO30231,MUNICIPIO_SIN_CN_TRAB,Si,No,30231,,Regla 2 coherente para validaciones implementadas.
GPA-001__R2-002__R1-003__0623,GPA-001__R2-002__R1-003,02_inputs_xml_flat/GPA-001__R2-002__R1-003__0623.xml,PASS,INFO,R1.D01=NO;R1.D03=SI;R2.D01=SI;R2.D02=SI;R2.D03=NO,MUNICIPIO30232,MUNICIPIO_SIN_CN_TRAB,Si,No,30232,,Regla 2 coherente para validaciones implementadas.
GPA-001__R2-002__R1-003__0624,GPA-001__R2-002__R1-003,02_inputs_xml_flat/GPA-001__R2-002__R1-003__0624.xml,PASS,INFO,R1.D01=NO;R1.D03=SI;R2.D01=SI;R2.D02=SI;R2.D03=NO,MUNICIPIO30233,MUNICIPIO_SIN_CN_TRAB,Si,No,30233,,Regla 2 coherente para validaciones implementadas.
GPA-001__R2-002__R1-003__0625,GPA-001__R2-002__R1-003,02_inputs_xml_flat/GPA-001__R2-002__R1-003__0625.xml,PASS,INFO,R1.D01=NO;R1.D03=SI;R2.D01=SI;R2.D02=SI;R2.D03=NO,MUNICIPIO30231,MUNICIPIO_SIN_CN_TRAB,Si,No,30231,,Regla 2 coherente para validaciones implementadas.
GPA-001__R2-002__R1-003__0626,GPA-001__R2-002__R1-003,02_inputs_xml_flat/GPA-001__R2-002__R1-003__0626.xml,PASS,INFO,R1.D01=NO;R1.D03=SI;R2.D01=SI;R2.D02=SI;R2.D03=NO,MUNICIPIO30232,MUNICIPIO_SIN_CN_TRAB,Si,No,30232,,Regla 2 coherente para validaciones implementadas.
GPA-001__R2-002__R1-003__0627,GPA-001__R2-002__R1-003,02_inputs_xml_flat/GPA-001__R2-002__R1-003__0627.xml,PASS,INFO,R1.D01=NO;R1.D03=SI;R2.D01=SI;R2.D02=SI;R2.D03=NO,MUNICIPIO30233,MUNICIPIO_SIN_CN_TRAB,Si,No,30233,,Regla 2 coherente para validaciones implementadas.
GPA-001__R2-002__R1-003__0628,GPA-001__R2-002__R1-003,02_inputs_xml_flat/GPA-001__R2-002__R1-003__0628.xml,PASS,INFO,R1.D01=NO;R1.D03=SI;R2.D01=SI;R2.D02=SI;R2.D03=NO,MUNICIPIO30231,MUNICIPIO_SIN_CN_TRAB,Si,No,30231,,Regla 2 coherente para validaciones implementadas.
GPA-001__R2-002__R1-003__0629,GPA-001__R2-002__R1-003,02_inputs_xml_flat/GPA-001__R2-002__R1-003__0629.xml,PASS,INFO,R1.D01=NO;R1.D03=SI;R2.D01=SI;R2.D02=SI;R2.D03=NO,MUNICIPIO30232,MUNICIPIO_SIN_CN_TRAB,Si,No,30232,,Regla 2 coherente para validaciones implementadas.
GPA-001__R2-002__R1-003__0630,GPA-001__R2-002__R1-003,02_inputs_xml_flat/GPA-001__R2-002__R1-003__0630.xml,PASS,INFO,R1.D01=NO;R1.D03=SI;R2.D01=SI;R2.D02=SI;R2.D03=NO,MUNICIPIO30233,MUNICIPIO_SIN_CN_TRAB,Si,No,30233,,Regla 2 coherente para validaciones implementadas.
GPA-001__R2-002__R1-003__0631,GPA-001__R2-002__R1-003,02_inputs_xml_flat/GPA-001__R2-002__R1-003__0631.xml,PASS,INFO,R1.D01=NO;R1.D03=SI;R2.D01=SI;R2.D02=SI;R2.D03=NO,MUNICIPIO30231,MUNICIPIO_SIN_CN_TRAB,Si,No,30231,,Regla 2 coherente para validaciones implementadas.
GPA-001__R2-002__R1-003__0632,GPA-001__R2-002__R1-003,02_inputs_xml_flat/GPA-001__R2-002__R1-003__0632.xml,PASS,INFO,R1.D01=NO;R1.D03=SI;R2.D01=SI;R2.D02=SI;R2.D03=NO,MUNICIPIO30232,MUNICIPIO_SIN_CN_TRAB,Si,No,30232,,Regla 2 coherente para validaciones implementadas.
GPA-001__R2-002__R1-003__0633,GPA-001__R2-002__R1-003,02_inputs_xml_flat/GPA-001__R2-002__R1-003__0633.xml,PASS,INFO,R1.D01=NO;R1.D03=SI;R2.D01=SI;R2.D02=SI;R2.D03=NO,MUNICIPIO30233,MUNICIPIO_SIN_CN_TRAB,Si,No,30233,,Regla 2 coherente para validaciones implementadas.
GPA-001__R2-002__R1-003__0634,GPA-001__R2-002__R1-003,02_inputs_xml_flat/GPA-001__R2-002__R1-003__0634.xml,PASS,INFO,R1.D01=NO;R1.D03=SI;R2.D01=SI;R2.D02=SI;R2.D03=NO,MUNICIPIO30231,MUNICIPIO_SIN_CN_TRAB,Si,No,30231,,Regla 2 coherente para validaciones implementadas.
GPA-001__R2-002__R1-003__0635,GPA-001__R2-002__R1-003,02_inputs_xml_flat/GPA-001__R2-002__R1-003__0635.xml,PASS,INFO,R1.D01=NO;R1.D03=SI;R2.D01=SI;R2.D02=SI;R2.D03=NO,MUNICIPIO30232,MUNICIPIO_SIN_CN_TRAB,Si,No,30232,,Regla 2 coherente para validaciones implementadas.
GPA-001__R2-002__R1-003__0636,GPA-001__R2-002__R1-003,02_inputs_xml_flat/GPA-001__R2-002__R1-003__0636.xml,PASS,INFO,R1.D01=NO;R1.D03=SI;R2.D01=SI;R2.D02=SI;R2.D03=NO,MUNICIPIO30233,MUNICIPIO_SIN_CN_TRAB,Si,No,30233,,Regla 2 coherente para validaciones implementadas.
GPA-001__R2-002__R1-003__0637,GPA-001__R2-002__R1-003,02_inputs_xml_flat/GPA-001__R2-002__R1-003__0637.xml,PASS,INFO,R1.D01=NO;R1.D03=SI;R2.D01=SI;R2.D02=SI;R2.D03=NO,MUNICIPIO30231,MUNICIPIO_SIN_CN_TRAB,Si,No,30231,,Regla 2 coherente para validaciones implementadas.
GPA-001__R2-002__R1-003__0638,GPA-001__R2-002__R1-003,02_inputs_xml_flat/GPA-001__R2-002__R1-003__0638.xml,PASS,INFO,R1.D01=NO;R1.D03=SI;R2.D01=SI;R2.D02=SI;R2.D03=NO,MUNICIPIO30232,MUNICIPIO_SIN_CN_TRAB,Si,No,30232,,Regla 2 coherente para validaciones implementadas.
GPA-001__R2-002__R1-003__0639,GPA-001__R2-002__R1-003,02_inputs_xml_flat/GPA-001__R2-002__R1-003__0639.xml,PASS,INFO,R1.D01=NO;R1.D03=SI;R2.D01=SI;R2.D02=SI;R2.D03=NO,MUNICIPIO30233,MUNICIPIO_SIN_CN_TRAB,Si,No,30233,,Regla 2 coherente para validaciones implementadas.
GPA-001__R2-002__R1-003__0640,GPA-001__R2-002__R1-003,02_inputs_xml_flat/GPA-001__R2-002__R1-003__0640.xml,PASS,INFO,R1.D01=NO;R1.D03=SI;R2.D01=SI;R2.D02=SI;R2.D03=NO,MUNICIPIO30231,MUNICIPIO_SIN_CN_TRAB,Si,No,30231,,Regla 2 coherente para validaciones implementadas.
GPA-001__R2-002__R1-003__0641,GPA-001__R2-002__R1-003,02_inputs_xml_flat/GPA-001__R2-002__R1-003__0641.xml,PASS,INFO,R1.D01=NO;R1.D03=SI;R2.D01=SI;R2.D02=SI;R2.D03=NO,MUNICIPIO30232,MUNICIPIO_SIN_CN_TRAB,Si,No,30232,,Regla 2 coherente para validaciones implementadas.
GPA-001__R2-002__R1-003__0642,GPA-001__R2-002__R1-003,02_inputs_xml_flat/GPA-001__R2-002__R1-003__0642.xml,PASS,INFO,R1.D01=NO;R1.D03=SI;R2.D01=SI;R2.D02=SI;R2.D03=NO,MUNICIPIO30233,MUNICIPIO_SIN_CN_TRAB,Si,No,30233,,Regla 2 coherente para validaciones implementadas.
GPA-001__R2-002__R1-003__0643,GPA-001__R2-002__R1-003,02_inputs_xml_flat/GPA-001__R2-002__R1-003__0643.xml,PASS,INFO,R1.D01=NO;R1.D03=SI;R2.D01=SI;R2.D02=SI;R2.D03=NO,MUNICIPIO30231,MUNICIPIO_SIN_CN_TRAB,Si,No,30231,,Regla 2 coherente para validaciones implementadas.
GPA-001__R2-002__R1-003__0644,GPA-001__R2-002__R1-003,02_inputs_xml_flat/GPA-001__R2-002__R1-003__0644.xml,PASS,INFO,R1.D01=NO;R1.D03=SI;R2.D01=SI;R2.D02=SI;R2.D03=NO,MUNICIPIO30232,MUNICIPIO_SIN_CN_TRAB,Si,No,30232,,Regla 2 coherente para validaciones implementadas.
GPA-001__R2-002__R1-003__0645,GPA-001__R2-002__R1-003,02_inputs_xml_flat/GPA-001__R2-002__R1-003__0645.xml,PASS,INFO,R1.D01=NO;R1.D03=SI;R2.D01=SI;R2.D02=SI;R2.D03=NO,MUNICIPIO30233,MUNICIPIO_SIN_CN_TRAB,Si,No,30233,,Regla 2 coherente para validaciones implementadas.
GPA-001__R2-002__R1-003__0646,GPA-001__R2-002__R1-003,02_inputs_xml_flat/GPA-001__R2-002__R1-003__0646.xml,PASS,INFO,R1.D01=NO;R1.D03=SI;R2.D01=SI;R2.D02=SI;R2.D03=NO,MUNICIPIO30231,MUNICIPIO_SIN_CN_TRAB,Si,No,30231,,Regla 2 coherente para validaciones implementadas.
GPA-001__R2-002__R1-003__0647,GPA-001__R2-002__R1-003,02_inputs_xml_flat/GPA-001__R2-002__R1-003__0647.xml,PASS,INFO,R1.D01=NO;R1.D03=SI;R2.D01=SI;R2.D02=SI;R2.D03=NO,MUNICIPIO30232,MUNICIPIO_SIN_CN_TRAB,Si,No,30232,,Regla 2 coherente para validaciones implementadas.
GPA-001__R2-002__R1-003__0648,GPA-001__R2-002__R1-003,02_inputs_xml_flat/GPA-001__R2-002__R1-003__0648.xml,PASS,INFO,R1.D01=NO;R1.D03=SI;R2.D01=SI;R2.D02=SI;R2.D03=NO,MUNICIPIO30233,MUNICIPIO_SIN_CN_TRAB,Si,No,30233,,Regla 2 coherente para validaciones implementadas.
GPA-001__R2-002__R1-003__0649,GPA-001__R2-002__R1-003,02_inputs_xml_flat/GPA-001__R2-002__R1-003__0649.xml,PASS,INFO,R1.D01=NO;R1.D03=SI;R2.D01=SI;R2.D02=SI;R2.D03=NO,MUNICIPIO30231,MUNICIPIO_SIN_CN_TRAB,Si,No,30231,,Regla 2 coherente para validaciones implementadas.
GPA-001__R2-002__R1-003__0650,GPA-001__R2-002__R1-003,02_inputs_xml_flat/GPA-001__R2-002__R1-003__0650.xml,PASS,INFO,R1.D01=NO;R1.D03=SI;R2.D01=SI;R2.D02=SI;R2.D03=NO,MUNICIPIO30232,MUNICIPIO_SIN_CN_TRAB,Si,No,30232,,Regla 2 coherente para validaciones implementadas.
GPA-001__R2-002__R1-003__0651,GPA-001__R2-002__R1-003,02_inputs_xml_flat/GPA-001__R2-002__R1-003__0651.xml,PASS,INFO,R1.D01=NO;R1.D03=SI;R2.D01=SI;R2.D02=SI;R2.D03=NO,MUNICIPIO30233,MUNICIPIO_SIN_CN_TRAB,Si,No,30233,,Regla 2 coherente para validaciones implementadas.
GPA-001__R2-002__R1-003__0652,GPA-001__R2-002__R1-003,02_inputs_xml_flat/GPA-001__R2-002__R1-003__0652.xml,PASS,INFO,R1.D01=NO;R1.D03=SI;R2.D01=SI;R2.D02=SI;R2.D03=NO,MUNICIPIO30231,MUNICIPIO_SIN_CN_TRAB,Si,No,30231,,Regla 2 coherente para validaciones implementadas.
GPA-001__R2-002__R1-003__0653,GPA-001__R2-002__R1-003,02_inputs_xml_flat/GPA-001__R2-002__R1-003__0653.xml,PASS,INFO,R1.D01=NO;R1.D03=SI;R2.D01=SI;R2.D02=SI;R2.D03=NO,MUNICIPIO30232,MUNICIPIO_SIN_CN_TRAB,Si,No,30232,,Regla 2 coherente para validaciones implementadas.
GPA-001__R2-002__R1-003__0654,GPA-001__R2-002__R1-003,02_inputs_xml_flat/GPA-001__R2-002__R1-003__0654.xml,PASS,INFO,R1.D01=NO;R1.D03=SI;R2.D01=SI;R2.D02=SI;R2.D03=NO,MUNICIPIO30233,MUNICIPIO_SIN_CN_TRAB,Si,No,30233,,Regla 2 coherente para validaciones implementadas.
GPA-001__R2-002__R1-003__0655,GPA-001__R2-002__R1-003,02_inputs_xml_flat/GPA-001__R2-002__R1-003__0655.xml,PASS,INFO,R1.D01=NO;R1.D03=SI;R2.D01=SI;R2.D02=SI;R2.D03=NO,MUNICIPIO30231,MUNICIPIO_SIN_CN_TRAB,Si,No,30231,,Regla 2 coherente para validaciones implementadas.
GPA-001__R2-002__R1-003__0656,GPA-001__R2-002__R1-003,02_inputs_xml_flat/GPA-001__R2-002__R1-003__0656.xml,PASS,INFO,R1.D01=NO;R1.D03=SI;R2.D01=SI;R2.D02=SI;R2.D03=NO,MUNICIPIO30232,MUNICIPIO_SIN_CN_TRAB,Si,No,30232,,Regla 2 coherente para validaciones implementadas.
GPA-001__R2-002__R1-003__0657,GPA-001__R2-002__R1-003,02_inputs_xml_flat/GPA-001__R2-002__R1-003__0657.xml,PASS,INFO,R1.D01=NO;R1.D03=SI;R2.D01=SI;R2.D02=SI;R2.D03=NO,MUNICIPIO30233,MUNICIPIO_SIN_CN_TRAB,Si,No,30233,,Regla 2 coherente para validaciones implementadas.
GPA-001__R2-002__R1-003__0658,GPA-001__R2-002__R1-003,02_inputs_xml_flat/GPA-001__R2-002__R1-003__0658.xml,PASS,INFO,R1.D01=NO;R1.D03=SI;R2.D01=SI;R2.D02=SI;R2.D03=NO,MUNICIPIO30231,MUNICIPIO_SIN_CN_TRAB,Si,No,30231,,Regla 2 coherente para validaciones implementadas.
GPA-001__R2-002__R1-003__0659,GPA-001__R2-002__R1-003,02_inputs_xml_flat/GPA-001__R2-002__R1-003__0659.xml,PASS,INFO,R1.D01=NO;R1.D03=SI;R2.D01=SI;R2.D02=SI;R2.D03=NO,MUNICIPIO30232,MUNICIPIO_SIN_CN_TRAB,Si,No,30232,,Regla 2 coherente para validaciones implementadas.
GPA-001__R2-002__R1-003__0660,GPA-001__R2-002__R1-003,02_inputs_xml_flat/GPA-001__R2-002__R1-003__0660.xml,PASS,INFO,R1.D01=NO;R1.D03=SI;R2.D01=SI;R2.D02=SI;R2.D03=NO,MUNICIPIO30233,MUNICIPIO_SIN_CN_TRAB,Si,No,30233,,Regla 2 coherente para validaciones implementadas.
GPA-001__R2-002__R1-003__0661,GPA-001__R2-002__R1-003,02_inputs_xml_flat/GPA-001__R2-002__R1-003__0661.xml,PASS,INFO,R1.D01=NO;R1.D03=SI;R2.D01=SI;R2.D02=SI;R2.D03=NO,MUNICIPIO30231,MUNICIPIO_SIN_CN_TRAB,Si,No,30231,,Regla 2 coherente para validaciones implementadas.
GPA-001__R2-002__R1-003__0662,GPA-001__R2-002__R1-003,02_inputs_xml_flat/GPA-001__R2-002__R1-003__0662.xml,PASS,INFO,R1.D01=NO;R1.D03=SI;R2.D01=SI;R2.D02=SI;R2.D03=NO,MUNICIPIO30232,MUNICIPIO_SIN_CN_TRAB,Si,No,30232,,Regla 2 coherente para validaciones implementadas.
GPA-001__R2-002__R1-003__0663,GPA-001__R2-002__R1-003,02_inputs_xml_flat/GPA-001__R2-002__R1-003__0663.xml,PASS,INFO,R1.D01=NO;R1.D03=SI;R2.D01=SI;R2.D02=SI;R2.D03=NO,MUNICIPIO30233,MUNICIPIO_SIN_CN_TRAB,Si,No,30233,,Regla 2 coherente para validaciones implementadas.
GPA-001__R2-002__R1-003__0664,GPA-001__R2-002__R1-003,02_inputs_xml_flat/GPA-001__R2-002__R1-003__0664.xml,PASS,INFO,R1.D01=NO;R1.D03=SI;R2.D01=SI;R2.D02=SI;R2.D03=NO,MUNICIPIO30231,MUNICIPIO_SIN_CN_TRAB,Si,No,30231,,Regla 2 coherente para validaciones implementadas.
GPA-001__R2-002__R1-003__0665,GPA-001__R2-002__R1-003,02_inputs_xml_flat/GPA-001__R2-002__R1-003__0665.xml,PASS,INFO,R1.D01=NO;R1.D03=SI;R2.D01=SI;R2.D02=SI;R2.D03=NO,MUNICIPIO30232,MUNICIPIO_SIN_CN_TRAB,Si,No,30232,,Regla 2 coherente para validaciones implementadas.
GPA-001__R2-002__R1-003__0666,GPA-001__R2-002__R1-003,02_inputs_xml_flat/GPA-001__R2-002__R1-003__0666.xml,PASS,INFO,R1.D01=NO;R1.D03=SI;R2.D01=SI;R2.D02=SI;R2.D03=NO,MUNICIPIO30233,MUNICIPIO_SIN_CN_TRAB,Si,No,30233,,Regla 2 coherente para validaciones implementadas.
GPA-001__R2-002__R1-003__0667,GPA-001__R2-002__R1-003,02_inputs_xml_flat/GPA-001__R2-002__R1-003__0667.xml,PASS,INFO,R1.D01=NO;R1.D03=SI;R2.D01=SI;R2.D02=SI;R2.D03=NO,MUNICIPIO30231,MUNICIPIO_SIN_CN_TRAB,Si,No,30231,,Regla 2 coherente para validaciones implementadas.
GPA-001__R2-002__R1-003__0668,GPA-001__R2-002__R1-003,02_inputs_xml_flat/GPA-001__R2-002__R1-003__0668.xml,PASS,INFO,R1.D01=NO;R1.D03=SI;R2.D01=SI;R2.D02=SI;R2.D03=NO,MUNICIPIO30232,MUNICIPIO_SIN_CN_TRAB,Si,No,30232,,Regla 2 coherente para validaciones implementadas.
GPA-001__R2-002__R1-003__0669,GPA-001__R2-002__R1-003,02_inputs_xml_flat/GPA-001__R2-002__R1-003__0669.xml,PASS,INFO,R1.D01=NO;R1.D03=SI;R2.D01=SI;R2.D02=SI;R2.D03=NO,MUNICIPIO30233,MUNICIPIO_SIN_CN_TRAB,Si,No,30233,,Regla 2 coherente para validaciones implementadas.
GPA-001__R2-002__R1-003__0670,GPA-001__R2-002__R1-003,02_inputs_xml_flat/GPA-001__R2-002__R1-003__0670.xml,PASS,INFO,R1.D01=NO;R1.D03=SI;R2.D01=SI;R2.D02=SI;R2.D03=NO,MUNICIPIO30231,MUNICIPIO_SIN_CN_TRAB,Si,No,30231,,Regla 2 coherente para validaciones implementadas.
GPA-001__R2-002__R1-003__0671,GPA-001__R2-002__R1-003,02_inputs_xml_flat/GPA-001__R2-002__R1-003__0671.xml,PASS,INFO,R1.D01=NO;R1.D03=SI;R2.D01=SI;R2.D02=SI;R2.D03=NO,MUNICIPIO30232,MUNICIPIO_SIN_CN_TRAB,Si,No,30232,,Regla 2 coherente para validaciones implementadas.
GPA-001__R2-002__R1-003__0672,GPA-001__R2-002__R1-003,02_inputs_xml_flat/GPA-001__R2-002__R1-003__0672.xml,PASS,INFO,R1.D01=NO;R1.D03=SI;R2.D01=SI;R2.D02=SI;R2.D03=NO,MUNICIPIO30233,MUNICIPIO_SIN_CN_TRAB,Si,No,30233,,Regla 2 coherente para validaciones implementadas.
GPA-001__R2-002__R1-003__0673,GPA-001__R2-002__R1-003,02_inputs_xml_flat/GPA-001__R2-002__R1-003__0673.xml,PASS,INFO,R1.D01=NO;R1.D03=SI;R2.D01=SI;R2.D02=SI;R2.D03=NO,MUNICIPIO30231,MUNICIPIO_SIN_CN_TRAB,Si,No,30231,,Regla 2 coherente para validaciones implementadas.
GPA-001__R2-002__R1-003__0674,GPA-001__R2-002__R1-003,02_inputs_xml_flat/GPA-001__R2-002__R1-003__0674.xml,PASS,INFO,R1.D01=NO;R1.D03=SI;R2.D01=SI;R2.D02=SI;R2.D03=NO,MUNICIPIO30232,MUNICIPIO_SIN_CN_TRAB,Si,No,30232,,Regla 2 coherente para validaciones implementadas.
GPA-001__R2-002__R1-003__0675,GPA-001__R2-002__R1-003,02_inputs_xml_flat/GPA-001__R2-002__R1-003__0675.xml,PASS,INFO,R1.D01=NO;R1.D03=SI;R2.D01=SI;R2.D02=SI;R2.D03=NO,MUNICIPIO30233,MUNICIPIO_SIN_CN_TRAB,Si,No,30233,,Regla 2 coherente para validaciones implementadas.
GPA-001__R2-002__R1-003__0676,GPA-001__R2-002__R1-003,02_inputs_xml_flat/GPA-001__R2-002__R1-003__0676.xml,PASS,INFO,R1.D01=NO;R1.D03=SI;R2.D01=SI;R2.D02=SI;R2.D03=NO,MUNICIPIO30231,MUNICIPIO_SIN_CN_TRAB,Si,No,30231,,Regla 2 coherente para validaciones implementadas.
GPA-001__R2-002__R1-003__0677,GPA-001__R2-002__R1-003,02_inputs_xml_flat/GPA-001__R2-002__R1-003__0677.xml,PASS,INFO,R1.D01=NO;R1.D03=SI;R2.D01=SI;R2.D02=SI;R2.D03=NO,MUNICIPIO30232,MUNICIPIO_SIN_CN_TRAB,Si,No,30232,,Regla 2 coherente para validaciones implementadas.
GPA-001__R2-002__R1-003__0678,GPA-001__R2-002__R1-003,02_inputs_xml_flat/GPA-001__R2-002__R1-003__0678.xml,PASS,INFO,R1.D01=NO;R1.D03=SI;R2.D01=SI;R2.D02=SI;R2.D03=NO,MUNICIPIO30233,MUNICIPIO_SIN_CN_TRAB,Si,No,30233,,Regla 2 coherente para validaciones implementadas.
GPA-001__R2-002__R1-003__0679,GPA-001__R2-002__R1-003,02_inputs_xml_flat/GPA-001__R2-002__R1-003__0679.xml,PASS,INFO,R1.D01=NO;R1.D03=SI;R2.D01=SI;R2.D02=SI;R2.D03=NO,MUNICIPIO30231,MUNICIPIO_SIN_CN_TRAB,Si,No,30231,,Regla 2 coherente para validaciones implementadas.
GPA-001__R2-002__R1-003__0680,GPA-001__R2-002__R1-003,02_inputs_xml_flat/GPA-001__R2-002__R1-003__0680.xml,PASS,INFO,R1.D01=NO;R1.D03=SI;R2.D01=SI;R2.D02=SI;R2.D03=NO,MUNICIPIO30232,MUNICIPIO_SIN_CN_TRAB,Si,No,30232,,Regla 2 coherente para validaciones implementadas.
GPA-001__R2-002__R1-003__0681,GPA-001__R2-002__R1-003,02_inputs_xml_flat/GPA-001__R2-002__R1-003__0681.xml,PASS,INFO,R1.D01=NO;R1.D03=SI;R2.D01=SI;R2.D02=SI;R2.D03=NO,MUNICIPIO30233,MUNICIPIO_SIN_CN_TRAB,Si,No,30233,,Regla 2 coherente para validaciones implementadas.
GPA-001__R2-002__R1-003__0682,GPA-001__R2-002__R1-003,02_inputs_xml_flat/GPA-001__R2-002__R1-003__0682.xml,PASS,INFO,R1.D01=NO;R1.D03=SI;R2.D01=SI;R2.D02=SI;R2.D03=NO,MUNICIPIO30231,MUNICIPIO_SIN_CN_TRAB,Si,No,30231,,Regla 2 coherente para validaciones implementadas.
GPA-001__R2-002__R1-003__0683,GPA-001__R2-002__R1-003,02_inputs_xml_flat/GPA-001__R2-002__R1-003__0683.xml,PASS,INFO,R1.D01=NO;R1.D03=SI;R2.D01=SI;R2.D02=SI;R2.D03=NO,MUNICIPIO30232,MUNICIPIO_SIN_CN_TRAB,Si,No,30232,,Regla 2 coherente para validaciones implementadas.
GPA-001__R2-002__R1-003__0684,GPA-001__R2-002__R1-003,02_inputs_xml_flat/GPA-001__R2-002__R1-003__0684.xml,PASS,INFO,R1.D01=NO;R1.D03=SI;R2.D01=SI;R2.D02=SI;R2.D03=NO,MUNICIPIO30233,MUNICIPIO_SIN_CN_TRAB,Si,No,30233,,Regla 2 coherente para validaciones implementadas.
GPA-001__R2-002__R1-003__0685,GPA-001__R2-002__R1-003,02_inputs_xml_flat/GPA-001__R2-002__R1-003__0685.xml,PASS,INFO,R1.D01=NO;R1.D03=SI;R2.D01=SI;R2.D02=SI;R2.D03=NO,MUNICIPIO30231,MUNICIPIO_SIN_CN_TRAB,Si,No,30231,,Regla 2 coherente para validaciones implementadas.
GPA-001__R2-002__R1-003__0686,GPA-001__R2-002__R1-003,02_inputs_xml_flat/GPA-001__R2-002__R1-003__0686.xml,PASS,INFO,R1.D01=NO;R1.D03=SI;R2.D01=SI;R2.D02=SI;R2.D03=NO,MUNICIPIO30232,MUNICIPIO_SIN_CN_TRAB,Si,No,30232,,Regla 2 coherente para validaciones implementadas.
GPA-001__R2-002__R1-003__0687,GPA-001__R2-002__R1-003,02_inputs_xml_flat/GPA-001__R2-002__R1-003__0687.xml,PASS,INFO,R1.D01=NO;R1.D03=SI;R2.D01=SI;R2.D02=SI;R2.D03=NO,MUNICIPIO30233,MUNICIPIO_SIN_CN_TRAB,Si,No,30233,,Regla 2 coherente para validaciones implementadas.
GPA-001__R2-002__R1-003__0688,GPA-001__R2-002__R1-003,02_inputs_xml_flat/GPA-001__R2-002__R1-003__0688.xml,PASS,INFO,R1.D01=NO;R1.D03=SI;R2.D01=SI;R2.D02=SI;R2.D03=NO,MUNICIPIO30231,MUNICIPIO_SIN_CN_TRAB,Si,No,30231,,Regla 2 coherente para validaciones implementadas.
GPA-001__R2-002__R1-003__0689,GPA-001__R2-002__R1-003,02_inputs_xml_flat/GPA-001__R2-002__R1-003__0689.xml,PASS,INFO,R1.D01=NO;R1.D03=SI;R2.D01=SI;R2.D02=SI;R2.D03=NO,MUNICIPIO30232,MUNICIPIO_SIN_CN_TRAB,Si,No,30232,,Regla 2 coherente para validaciones implementadas.
GPA-001__R2-002__R1-003__0690,GPA-001__R2-002__R1-003,02_inputs_xml_flat/GPA-001__R2-002__R1-003__0690.xml,PASS,INFO,R1.D01=NO;R1.D03=SI;R2.D01=SI;R2.D02=SI;R2.D03=NO,MUNICIPIO30233,MUNICIPIO_SIN_CN_TRAB,Si,No,30233,,Regla 2 coherente para validaciones implementadas.
GPA-001__R2-002__R1-003__0691,GPA-001__R2-002__R1-003,02_inputs_xml_flat/GPA-001__R2-002__R1-003__0691.xml,PASS,INFO,R1.D01=NO;R1.D03=SI;R2.D01=SI;R2.D02=SI;R2.D03=NO,MUNICIPIO30231,MUNICIPIO_SIN_CN_TRAB,Si,No,30231,,Regla 2 coherente para validaciones implementadas.
GPA-001__R2-002__R1-003__0692,GPA-001__R2-002__R1-003,02_inputs_xml_flat/GPA-001__R2-002__R1-003__0692.xml,PASS,INFO,R1.D01=NO;R1.D03=SI;R2.D01=SI;R2.D02=SI;R2.D03=NO,MUNICIPIO30232,MUNICIPIO_SIN_CN_TRAB,Si,No,30232,,Regla 2 coherente para validaciones implementadas.
GPA-001__R2-002__R1-003__0693,GPA-001__R2-002__R1-003,02_inputs_xml_flat/GPA-001__R2-002__R1-003__0693.xml,PASS,INFO,R1.D01=NO;R1.D03=SI;R2.D01=SI;R2.D02=SI;R2.D03=NO,MUNICIPIO30233,MUNICIPIO_SIN_CN_TRAB,Si,No,30233,,Regla 2 coherente para validaciones implementadas.
GPA-001__R2-002__R1-003__0694,GPA-001__R2-002__R1-003,02_inputs_xml_flat/GPA-001__R2-002__R1-003__0694.xml,PASS,INFO,R1.D01=NO;R1.D03=SI;R2.D01=SI;R2.D02=SI;R2.D03=NO,MUNICIPIO30231,MUNICIPIO_SIN_CN_TRAB,Si,No,30231,,Regla 2 coherente para validaciones implementadas.
GPA-001__R2-002__R1-003__0695,GPA-001__R2-002__R1-003,02_inputs_xml_flat/GPA-001__R2-002__R1-003__0695.xml,PASS,INFO,R1.D01=NO;R1.D03=SI;R2.D01=SI;R2.D02=SI;R2.D03=NO,MUNICIPIO30232,MUNICIPIO_SIN_CN_TRAB,Si,No,30232,,Regla 2 coherente para validaciones implementadas.
GPA-001__R2-002__R1-003__0696,GPA-001__R2-002__R1-003,02_inputs_xml_flat/GPA-001__R2-002__R1-003__0696.xml,PASS,INFO,R1.D01=NO;R1.D03=SI;R2.D01=SI;R2.D02=SI;R2.D03=NO,MUNICIPIO30233,MUNICIPIO_SIN_CN_TRAB,Si,No,30233,,Regla 2 coherente para validaciones implementadas.
GPA-001__R2-002__R1-003__0697,GPA-001__R2-002__R1-003,02_inputs_xml_flat/GPA-001__R2-002__R1-003__0697.xml,PASS,INFO,R1.D01=NO;R1.D03=SI;R2.D01=SI;R2.D02=SI;R2.D03=NO,MUNICIPIO30231,MUNICIPIO_SIN_CN_TRAB,Si,No,30231,,Regla 2 coherente para validaciones implementadas.
GPA-001__R2-002__R1-003__0698,GPA-001__R2-002__R1-003,02_inputs_xml_flat/GPA-001__R2-002__R1-003__0698.xml,PASS,INFO,R1.D01=NO;R1.D03=SI;R2.D01=SI;R2.D02=SI;R2.D03=NO,MUNICIPIO30232,MUNICIPIO_SIN_CN_TRAB,Si,No,30232,,Regla 2 coherente para validaciones implementadas.
GPA-001__R2-002__R1-003__0699,GPA-001__R2-002__R1-003,02_inputs_xml_flat/GPA-001__R2-002__R1-003__0699.xml,PASS,INFO,R1.D01=NO;R1.D03=SI;R2.D01=SI;R2.D02=SI;R2.D03=NO,MUNICIPIO30233,MUNICIPIO_SIN_CN_TRAB,Si,No,30233,,Regla 2 coherente para validaciones implementadas.
GPA-001__R2-002__R1-003__0700,GPA-001__R2-002__R1-003,02_inputs_xml_flat/GPA-001__R2-002__R1-003__0700.xml,PASS,INFO,R1.D01=NO;R1.D03=SI;R2.D01=SI;R2.D02=SI;R2.D03=NO,MUNICIPIO30231,MUNICIPIO_SIN_CN_TRAB,Si,No,30231,,Regla 2 coherente para validaciones implementadas.
GPA-001__R2-002__R1-003__0701,GPA-001__R2-002__R1-003,02_inputs_xml_flat/GPA-001__R2-002__R1-003__0701.xml,PASS,INFO,R1.D01=NO;R1.D03=SI;R2.D01=SI;R2.D02=SI;R2.D03=NO,MUNICIPIO30232,MUNICIPIO_SIN_CN_TRAB,Si,No,30232,,Regla 2 coherente para validaciones implementadas.
GPA-001__R2-002__R1-003__0702,GPA-001__R2-002__R1-003,02_inputs_xml_flat/GPA-001__R2-002__R1-003__0702.xml,PASS,INFO,R1.D01=NO;R1.D03=SI;R2.D01=SI;R2.D02=SI;R2.D03=NO,MUNICIPIO30233,MUNICIPIO_SIN_CN_TRAB,Si,No,30233,,Regla 2 coherente para validaciones implementadas.
GPA-001__R2-002__R1-003__0703,GPA-001__R2-002__R1-003,02_inputs_xml_flat/GPA-001__R2-002__R1-003__0703.xml,PASS,INFO,R1.D01=NO;R1.D03=SI;R2.D01=SI;R2.D02=SI;R2.D03=NO,MUNICIPIO30231,MUNICIPIO_SIN_CN_TRAB,Si,No,30231,,Regla 2 coherente para validaciones implementadas.
GPA-001__R2-002__R1-003__0704,GPA-001__R2-002__R1-003,02_inputs_xml_flat/GPA-001__R2-002__R1-003__0704.xml,PASS,INFO,R1.D01=NO;R1.D03=SI;R2.D01=SI;R2.D02=SI;R2.D03=NO,MUNICIPIO30232,MUNICIPIO_SIN_CN_TRAB,Si,No,30232,,Regla 2 coherente para validaciones implementadas.
GPA-001__R2-002__R1-003__0705,GPA-001__R2-002__R1-003,02_inputs_xml_flat/GPA-001__R2-002__R1-003__0705.xml,PASS,INFO,R1.D01=NO;R1.D03=SI;R2.D01=SI;R2.D02=SI;R2.D03=NO,MUNICIPIO30233,MUNICIPIO_SIN_CN_TRAB,Si,No,30233,,Regla 2 coherente para validaciones implementadas.
GPA-001__R2-002__R1-003__0706,GPA-001__R2-002__R1-003,02_inputs_xml_flat/GPA-001__R2-002__R1-003__0706.xml,PASS,INFO,R1.D01=NO;R1.D03=SI;R2.D01=SI;R2.D02=SI;R2.D03=NO,MUNICIPIO30231,MUNICIPIO_SIN_CN_TRAB,Si,No,30231,,Regla 2 coherente para validaciones implementadas.
GPA-001__R2-002__R1-003__0707,GPA-001__R2-002__R1-003,02_inputs_xml_flat/GPA-001__R2-002__R1-003__0707.xml,PASS,INFO,R1.D01=NO;R1.D03=SI;R2.D01=SI;R2.D02=SI;R2.D03=NO,MUNICIPIO30232,MUNICIPIO_SIN_CN_TRAB,Si,No,30232,,Regla 2 coherente para validaciones implementadas.
GPA-001__R2-002__R1-003__0708,GPA-001__R2-002__R1-003,02_inputs_xml_flat/GPA-001__R2-002__R1-003__0708.xml,PASS,INFO,R1.D01=NO;R1.D03=SI;R2.D01=SI;R2.D02=SI;R2.D03=NO,MUNICIPIO30233,MUNICIPIO_SIN_CN_TRAB,Si,No,30233,,Regla 2 coherente para validaciones implementadas.
GPA-001__R2-002__R1-003__0709,GPA-001__R2-002__R1-003,02_inputs_xml_flat/GPA-001__R2-002__R1-003__0709.xml,PASS,INFO,R1.D01=NO;R1.D03=SI;R2.D01=SI;R2.D02=SI;R2.D03=NO,MUNICIPIO30231,MUNICIPIO_SIN_CN_TRAB,Si,No,30231,,Regla 2 coherente para validaciones implementadas.
GPA-001__R2-002__R1-003__0710,GPA-001__R2-002__R1-003,02_inputs_xml_flat/GPA-001__R2-002__R1-003__0710.xml,PASS,INFO,R1.D01=NO;R1.D03=SI;R2.D01=SI;R2.D02=SI;R2.D03=NO,MUNICIPIO30232,MUNICIPIO_SIN_CN_TRAB,Si,No,30232,,Regla 2 coherente para validaciones implementadas.
GPA-001__R2-002__R1-003__0711,GPA-001__R2-002__R1-003,02_inputs_xml_flat/GPA-001__R2-002__R1-003__0711.xml,PASS,INFO,R1.D01=NO;R1.D03=SI;R2.D01=SI;R2.D02=SI;R2.D03=NO,MUNICIPIO30233,MUNICIPIO_SIN_CN_TRAB,Si,No,30233,,Regla 2 coherente para validaciones implementadas.
GPA-001__R2-002__R1-003__0712,GPA-001__R2-002__R1-003,02_inputs_xml_flat/GPA-001__R2-002__R1-003__0712.xml,PASS,INFO,R1.D01=NO;R1.D03=SI;R2.D01=SI;R2.D02=SI;R2.D03=NO,MUNICIPIO30231,MUNICIPIO_SIN_CN_TRAB,Si,No,30231,,Regla 2 coherente para validaciones implementadas.
GPA-001__R2-002__R1-003__0713,GPA-001__R2-002__R1-003,02_inputs_xml_flat/GPA-001__R2-002__R1-003__0713.xml,PASS,INFO,R1.D01=NO;R1.D03=SI;R2.D01=SI;R2.D02=SI;R2.D03=NO,MUNICIPIO30232,MUNICIPIO_SIN_CN_TRAB,Si,No,30232,,Regla 2 coherente para validaciones implementadas.
GPA-001__R2-002__R1-003__0714,GPA-001__R2-002__R1-003,02_inputs_xml_flat/GPA-001__R2-002__R1-003__0714.xml,PASS,INFO,R1.D01=NO;R1.D03=SI;R2.D01=SI;R2.D02=SI;R2.D03=NO,MUNICIPIO30233,MUNICIPIO_SIN_CN_TRAB,Si,No,30233,,Regla 2 coherente para validaciones implementadas.
GPA-001__R2-002__R1-003__0715,GPA-001__R2-002__R1-003,02_inputs_xml_flat/GPA-001__R2-002__R1-003__0715.xml,PASS,INFO,R1.D01=NO;R1.D03=SI;R2.D01=SI;R2.D02=SI;R2.D03=NO,MUNICIPIO30231,MUNICIPIO_SIN_CN_TRAB,Si,No,30231,,Regla 2 coherente para validaciones implementadas.
GPA-001__R2-002__R1-003__0716,GPA-001__R2-002__R1-003,02_inputs_xml_flat/GPA-001__R2-002__R1-003__0716.xml,PASS,INFO,R1.D01=NO;R1.D03=SI;R2.D01=SI;R2.D02=SI;R2.D03=NO,MUNICIPIO30232,MUNICIPIO_SIN_CN_TRAB,Si,No,30232,,Regla 2 coherente para validaciones implementadas.
GPA-001__R2-002__R1-003__0717,GPA-001__R2-002__R1-003,02_inputs_xml_flat/GPA-001__R2-002__R1-003__0717.xml,PASS,INFO,R1.D01=NO;R1.D03=SI;R2.D01=SI;R2.D02=SI;R2.D03=NO,MUNICIPIO30233,MUNICIPIO_SIN_CN_TRAB,Si,No,30233,,Regla 2 coherente para validaciones implementadas.
GPA-001__R2-002__R1-003__0718,GPA-001__R2-002__R1-003,02_inputs_xml_flat/GPA-001__R2-002__R1-003__0718.xml,PASS,INFO,R1.D01=NO;R1.D03=SI;R2.D01=SI;R2.D02=SI;R2.D03=NO,MUNICIPIO30231,MUNICIPIO_SIN_CN_TRAB,Si,No,30231,,Regla 2 coherente para validaciones implementadas.
GPA-001__R2-002__R1-003__0719,GPA-001__R2-002__R1-003,02_inputs_xml_flat/GPA-001__R2-002__R1-003__0719.xml,PASS,INFO,R1.D01=NO;R1.D03=SI;R2.D01=SI;R2.D02=SI;R2.D03=NO,MUNICIPIO30232,MUNICIPIO_SIN_CN_TRAB,Si,No,30232,,Regla 2 coherente para validaciones implementadas.
GPA-001__R2-002__R1-003__0720,GPA-001__R2-002__R1-003,02_inputs_xml_flat/GPA-001__R2-002__R1-003__0720.xml,PASS,INFO,R1.D01=NO;R1.D03=SI;R2.D01=SI;R2.D02=SI;R2.D03=NO,MUNICIPIO30233,MUNICIPIO_SIN_CN_TRAB,Si,No,30233,,Regla 2 coherente para validaciones implementadas.
GPA-001__R2-002__R1-003__0721,GPA-001__R2-002__R1-003,02_inputs_xml_flat/GPA-001__R2-002__R1-003__0721.xml,PASS,INFO,R1.D01=NO;R1.D03=SI;R2.D01=SI;R2.D02=SI;R2.D03=NO,MUNICIPIO30231,MUNICIPIO_SIN_CN_TRAB,Si,No,30231,,Regla 2 coherente para validaciones implementadas.
GPA-001__R2-002__R1-003__0722,GPA-001__R2-002__R1-003,02_inputs_xml_flat/GPA-001__R2-002__R1-003__0722.xml,PASS,INFO,R1.D01=NO;R1.D03=SI;R2.D01=SI;R2.D02=SI;R2.D03=NO,MUNICIPIO30232,MUNICIPIO_SIN_CN_TRAB,Si,No,30232,,Regla 2 coherente para validaciones implementadas.
GPA-001__R2-002__R1-003__0723,GPA-001__R2-002__R1-003,02_inputs_xml_flat/GPA-001__R2-002__R1-003__0723.xml,PASS,INFO,R1.D01=NO;R1.D03=SI;R2.D01=SI;R2.D02=SI;R2.D03=NO,MUNICIPIO30233,MUNICIPIO_SIN_CN_TRAB,Si,No,30233,,Regla 2 coherente para validaciones implementadas.
GPA-001__R2-002__R1-003__0724,GPA-001__R2-002__R1-003,02_inputs_xml_flat/GPA-001__R2-002__R1-003__0724.xml,PASS,INFO,R1.D01=NO;R1.D03=SI;R2.D01=SI;R2.D02=SI;R2.D03=NO,MUNICIPIO30231,MUNICIPIO_SIN_CN_TRAB,Si,No,30231,,Regla 2 coherente para validaciones implementadas.
GPA-001__R2-002__R1-003__0725,GPA-001__R2-002__R1-003,02_inputs_xml_flat/GPA-001__R2-002__R1-003__0725.xml,PASS,INFO,R1.D01=NO;R1.D03=SI;R2.D01=SI;R2.D02=SI;R2.D03=NO,MUNICIPIO30232,MUNICIPIO_SIN_CN_TRAB,Si,No,30232,,Regla 2 coherente para validaciones implementadas.
GPA-001__R2-002__R1-003__0726,GPA-001__R2-002__R1-003,02_inputs_xml_flat/GPA-001__R2-002__R1-003__0726.xml,PASS,INFO,R1.D01=NO;R1.D03=SI;R2.D01=SI;R2.D02=SI;R2.D03=NO,MUNICIPIO30233,MUNICIPIO_SIN_CN_TRAB,Si,No,30233,,Regla 2 coherente para validaciones implementadas.
GPA-001__R2-002__R1-003__0727,GPA-001__R2-002__R1-003,02_inputs_xml_flat/GPA-001__R2-002__R1-003__0727.xml,PASS,INFO,R1.D01=NO;R1.D03=SI;R2.D01=SI;R2.D02=SI;R2.D03=NO,MUNICIPIO30231,MUNICIPIO_SIN_CN_TRAB,Si,No,30231,,Regla 2 coherente para validaciones implementadas.
GPA-001__R2-002__R1-003__0728,GPA-001__R2-002__R1-003,02_inputs_xml_flat/GPA-001__R2-002__R1-003__0728.xml,PASS,INFO,R1.D01=NO;R1.D03=SI;R2.D01=SI;R2.D02=SI;R2.D03=NO,MUNICIPIO30232,MUNICIPIO_SIN_CN_TRAB,Si,No,30232,,Regla 2 coherente para validaciones implementadas.
GPA-001__R2-002__R1-003__0729,GPA-001__R2-002__R1-003,02_inputs_xml_flat/GPA-001__R2-002__R1-003__0729.xml,PASS,INFO,R1.D01=NO;R1.D03=SI;R2.D01=SI;R2.D02=SI;R2.D03=NO,MUNICIPIO30233,MUNICIPIO_SIN_CN_TRAB,Si,No,30233,,Regla 2 coherente para validaciones implementadas.
GPA-001__R2-002__R1-003__0730,GPA-001__R2-002__R1-003,02_inputs_xml_flat/GPA-001__R2-002__R1-003__0730.xml,PASS,INFO,R1.D01=NO;R1.D03=SI;R2.D01=SI;R2.D02=SI;R2.D03=NO,MUNICIPIO30231,MUNICIPIO_SIN_CN_TRAB,Si,No,30231,,Regla 2 coherente para validaciones implementadas.
GPA-001__R2-002__R1-003__0731,GPA-001__R2-002__R1-003,02_inputs_xml_flat/GPA-001__R2-002__R1-003__0731.xml,PASS,INFO,R1.D01=NO;R1.D03=SI;R2.D01=SI;R2.D02=SI;R2.D03=NO,MUNICIPIO30232,MUNICIPIO_SIN_CN_TRAB,Si,No,30232,,Regla 2 coherente para validaciones implementadas.
GPA-001__R2-002__R1-003__0732,GPA-001__R2-002__R1-003,02_inputs_xml_flat/GPA-001__R2-002__R1-003__0732.xml,PASS,INFO,R1.D01=NO;R1.D03=SI;R2.D01=SI;R2.D02=SI;R2.D03=NO,MUNICIPIO30233,MUNICIPIO_SIN_CN_TRAB,Si,No,30233,,Regla 2 coherente para validaciones implementadas.
GPA-001__R2-002__R1-003__0733,GPA-001__R2-002__R1-003,02_inputs_xml_flat/GPA-001__R2-002__R1-003__0733.xml,PASS,INFO,R1.D01=NO;R1.D03=SI;R2.D01=SI;R2.D02=SI;R2.D03=NO,MUNICIPIO30231,MUNICIPIO_SIN_CN_TRAB,Si,No,30231,,Regla 2 coherente para validaciones implementadas.
GPA-001__R2-002__R1-003__0734,GPA-001__R2-002__R1-003,02_inputs_xml_flat/GPA-001__R2-002__R1-003__0734.xml,PASS,INFO,R1.D01=NO;R1.D03=SI;R2.D01=SI;R2.D02=SI;R2.D03=NO,MUNICIPIO30232,MUNICIPIO_SIN_CN_TRAB,Si,No,30232,,Regla 2 coherente para validaciones implementadas.
GPA-001__R2-002__R1-003__0735,GPA-001__R2-002__R1-003,02_inputs_xml_flat/GPA-001__R2-002__R1-003__0735.xml,PASS,INFO,R1.D01=NO;R1.D03=SI;R2.D01=SI;R2.D02=SI;R2.D03=NO,MUNICIPIO30233,MUNICIPIO_SIN_CN_TRAB,Si,No,30233,,Regla 2 coherente para validaciones implementadas.
GPA-001__R2-002__R1-003__0736,GPA-001__R2-002__R1-003,02_inputs_xml_flat/GPA-001__R2-002__R1-003__0736.xml,PASS,INFO,R1.D01=NO;R1.D03=SI;R2.D01=SI;R2.D02=SI;R2.D03=NO,MUNICIPIO30231,MUNICIPIO_SIN_CN_TRAB,Si,No,30231,,Regla 2 coherente para validaciones implementadas.
GPA-001__R2-002__R1-003__0737,GPA-001__R2-002__R1-003,02_inputs_xml_flat/GPA-001__R2-002__R1-003__0737.xml,PASS,INFO,R1.D01=NO;R1.D03=SI;R2.D01=SI;R2.D02=SI;R2.D03=NO,MUNICIPIO30232,MUNICIPIO_SIN_CN_TRAB,Si,No,30232,,Regla 2 coherente para validaciones implementadas.
GPA-001__R2-002__R1-003__0738,GPA-001__R2-002__R1-003,02_inputs_xml_flat/GPA-001__R2-002__R1-003__0738.xml,PASS,INFO,R1.D01=NO;R1.D03=SI;R2.D01=SI;R2.D02=SI;R2.D03=NO,MUNICIPIO30233,MUNICIPIO_SIN_CN_TRAB,Si,No,30233,,Regla 2 coherente para validaciones implementadas.
GPA-001__R2-002__R1-003__0739,GPA-001__R2-002__R1-003,02_inputs_xml_flat/GPA-001__R2-002__R1-003__0739.xml,PASS,INFO,R1.D01=NO;R1.D03=SI;R2.D01=SI;R2.D02=SI;R2.D03=NO,MUNICIPIO30231,MUNICIPIO_SIN_CN_TRAB,Si,No,30231,,Regla 2 coherente para validaciones implementadas.
GPA-001__R2-002__R1-003__0740,GPA-001__R2-002__R1-003,02_inputs_xml_flat/GPA-001__R2-002__R1-003__0740.xml,PASS,INFO,R1.D01=NO;R1.D03=SI;R2.D01=SI;R2.D02=SI;R2.D03=NO,MUNICIPIO30232,MUNICIPIO_SIN_CN_TRAB,Si,No,30232,,Regla 2 coherente para validaciones implementadas.
GPA-001__R2-002__R1-003__0741,GPA-001__R2-002__R1-003,02_inputs_xml_flat/GPA-001__R2-002__R1-003__0741.xml,PASS,INFO,R1.D01=NO;R1.D03=SI;R2.D01=SI;R2.D02=SI;R2.D03=NO,MUNICIPIO30233,MUNICIPIO_SIN_CN_TRAB,Si,No,30233,,Regla 2 coherente para validaciones implementadas.
GPA-001__R2-002__R1-003__0742,GPA-001__R2-002__R1-003,02_inputs_xml_flat/GPA-001__R2-002__R1-003__0742.xml,PASS,INFO,R1.D01=NO;R1.D03=SI;R2.D01=SI;R2.D02=SI;R2.D03=NO,MUNICIPIO30231,MUNICIPIO_SIN_CN_TRAB,Si,No,30231,,Regla 2 coherente para validaciones implementadas.
GPA-001__R2-002__R1-003__0743,GPA-001__R2-002__R1-003,02_inputs_xml_flat/GPA-001__R2-002__R1-003__0743.xml,PASS,INFO,R1.D01=NO;R1.D03=SI;R2.D01=SI;R2.D02=SI;R2.D03=NO,MUNICIPIO30232,MUNICIPIO_SIN_CN_TRAB,Si,No,30232,,Regla 2 coherente para validaciones implementadas.
GPA-001__R2-002__R1-003__0744,GPA-001__R2-002__R1-003,02_inputs_xml_flat/GPA-001__R2-002__R1-003__0744.xml,PASS,INFO,R1.D01=NO;R1.D03=SI;R2.D01=SI;R2.D02=SI;R2.D03=NO,MUNICIPIO30233,MUNICIPIO_SIN_CN_TRAB,Si,No,30233,,Regla 2 coherente para validaciones implementadas.
GPA-001__R2-002__R1-003__0745,GPA-001__R2-002__R1-003,02_inputs_xml_flat/GPA-001__R2-002__R1-003__0745.xml,PASS,INFO,R1.D01=NO;R1.D03=SI;R2.D01=SI;R2.D02=SI;R2.D03=NO,MUNICIPIO30231,MUNICIPIO_SIN_CN_TRAB,Si,No,30231,,Regla 2 coherente para validaciones implementadas.
GPA-001__R2-002__R1-003__0746,GPA-001__R2-002__R1-003,02_inputs_xml_flat/GPA-001__R2-002__R1-003__0746.xml,PASS,INFO,R1.D01=NO;R1.D03=SI;R2.D01=SI;R2.D02=SI;R2.D03=NO,MUNICIPIO30232,MUNICIPIO_SIN_CN_TRAB,Si,No,30232,,Regla 2 coherente para validaciones implementadas.
GPA-001__R2-002__R1-003__0747,GPA-001__R2-002__R1-003,02_inputs_xml_flat/GPA-001__R2-002__R1-003__0747.xml,PASS,INFO,R1.D01=NO;R1.D03=SI;R2.D01=SI;R2.D02=SI;R2.D03=NO,MUNICIPIO30233,MUNICIPIO_SIN_CN_TRAB,Si,No,30233,,Regla 2 coherente para validaciones implementadas.
GPA-001__R2-002__R1-003__0748,GPA-001__R2-002__R1-003,02_inputs_xml_flat/GPA-001__R2-002__R1-003__0748.xml,PASS,INFO,R1.D01=NO;R1.D03=SI;R2.D01=SI;R2.D02=SI;R2.D03=NO,MUNICIPIO30231,MUNICIPIO_SIN_CN_TRAB,Si,No,30231,,Regla 2 coherente para validaciones implementadas.
GPA-001__R2-002__R1-003__0749,GPA-001__R2-002__R1-003,02_inputs_xml_flat/GPA-001__R2-002__R1-003__0749.xml,PASS,INFO,R1.D01=NO;R1.D03=SI;R2.D01=SI;R2.D02=SI;R2.D03=NO,MUNICIPIO30232,MUNICIPIO_SIN_CN_TRAB,Si,No,30232,,Regla 2 coherente para validaciones implementadas.
GPA-001__R2-002__R1-003__0750,GPA-001__R2-002__R1-003,02_inputs_xml_flat/GPA-001__R2-002__R1-003__0750.xml,PASS,INFO,R1.D01=NO;R1.D03=SI;R2.D01=SI;R2.D02=SI;R2.D03=NO,MUNICIPIO30233,MUNICIPIO_SIN_CN_TRAB,Si,No,30233,,Regla 2 coherente para validaciones implementadas.
GPA-001__R2-002__R1-003__0751,GPA-001__R2-002__R1-003,02_inputs_xml_flat/GPA-001__R2-002__R1-003__0751.xml,PASS,INFO,R1.D01=NO;R1.D03=SI;R2.D01=SI;R2.D02=SI;R2.D03=NO,MUNICIPIO30231,MUNICIPIO_SIN_CN_TRAB,Si,No,30231,,Regla 2 coherente para validaciones implementadas.
GPA-001__R2-002__R1-003__0752,GPA-001__R2-002__R1-003,02_inputs_xml_flat/GPA-001__R2-002__R1-003__0752.xml,PASS,INFO,R1.D01=NO;R1.D03=SI;R2.D01=SI;R2.D02=SI;R2.D03=NO,MUNICIPIO30232,MUNICIPIO_SIN_CN_TRAB,Si,No,30232,,Regla 2 coherente para validaciones implementadas.
GPA-001__R2-002__R1-003__0753,GPA-001__R2-002__R1-003,02_inputs_xml_flat/GPA-001__R2-002__R1-003__0753.xml,PASS,INFO,R1.D01=NO;R1.D03=SI;R2.D01=SI;R2.D02=SI;R2.D03=NO,MUNICIPIO30233,MUNICIPIO_SIN_CN_TRAB,Si,No,30233,,Regla 2 coherente para validaciones implementadas.
GPA-001__R2-002__R1-003__0754,GPA-001__R2-002__R1-003,02_inputs_xml_flat/GPA-001__R2-002__R1-003__0754.xml,PASS,INFO,R1.D01=NO;R1.D03=SI;R2.D01=SI;R2.D02=SI;R2.D03=NO,MUNICIPIO30231,MUNICIPIO_SIN_CN_TRAB,Si,No,30231,,Regla 2 coherente para validaciones implementadas.
GPA-001__R2-002__R1-003__0755,GPA-001__R2-002__R1-003,02_inputs_xml_flat/GPA-001__R2-002__R1-003__0755.xml,PASS,INFO,R1.D01=NO;R1.D03=SI;R2.D01=SI;R2.D02=SI;R2.D03=NO,MUNICIPIO30232,MUNICIPIO_SIN_CN_TRAB,Si,No,30232,,Regla 2 coherente para validaciones implementadas.
GPA-001__R2-002__R1-003__0756,GPA-001__R2-002__R1-003,02_inputs_xml_flat/GPA-001__R2-002__R1-003__0756.xml,PASS,INFO,R1.D01=NO;R1.D03=SI;R2.D01=SI;R2.D02=SI;R2.D03=NO,MUNICIPIO30233,MUNICIPIO_SIN_CN_TRAB,Si,No,30233,,Regla 2 coherente para validaciones implementadas.
GPA-001__R2-002__R1-003__0757,GPA-001__R2-002__R1-003,02_inputs_xml_flat/GPA-001__R2-002__R1-003__0757.xml,PASS,INFO,R1.D01=NO;R1.D03=SI;R2.D01=SI;R2.D02=SI;R2.D03=NO,MUNICIPIO30231,MUNICIPIO_SIN_CN_TRAB,Si,No,30231,,Regla 2 coherente para validaciones implementadas.
GPA-001__R2-002__R1-003__0758,GPA-001__R2-002__R1-003,02_inputs_xml_flat/GPA-001__R2-002__R1-003__0758.xml,PASS,INFO,R1.D01=NO;R1.D03=SI;R2.D01=SI;R2.D02=SI;R2.D03=NO,MUNICIPIO30232,MUNICIPIO_SIN_CN_TRAB,Si,No,30232,,Regla 2 coherente para validaciones implementadas.
GPA-001__R2-002__R1-003__0759,GPA-001__R2-002__R1-003,02_inputs_xml_flat/GPA-001__R2-002__R1-003__0759.xml,PASS,INFO,R1.D01=NO;R1.D03=SI;R2.D01=SI;R2.D02=SI;R2.D03=NO,MUNICIPIO30233,MUNICIPIO_SIN_CN_TRAB,Si,No,30233,,Regla 2 coherente para validaciones implementadas.
GPA-001__R2-002__R1-003__0760,GPA-001__R2-002__R1-003,02_inputs_xml_flat/GPA-001__R2-002__R1-003__0760.xml,PASS,INFO,R1.D01=NO;R1.D03=SI;R2.D01=SI;R2.D02=SI;R2.D03=NO,MUNICIPIO30231,MUNICIPIO_SIN_CN_TRAB,Si,No,30231,,Regla 2 coherente para validaciones implementadas.
GPA-001__R2-002__R1-003__0761,GPA-001__R2-002__R1-003,02_inputs_xml_flat/GPA-001__R2-002__R1-003__0761.xml,PASS,INFO,R1.D01=NO;R1.D03=SI;R2.D01=SI;R2.D02=SI;R2.D03=NO,MUNICIPIO30232,MUNICIPIO_SIN_CN_TRAB,Si,No,30232,,Regla 2 coherente para validaciones implementadas.
GPA-001__R2-002__R1-003__0762,GPA-001__R2-002__R1-003,02_inputs_xml_flat/GPA-001__R2-002__R1-003__0762.xml,PASS,INFO,R1.D01=NO;R1.D03=SI;R2.D01=SI;R2.D02=SI;R2.D03=NO,MUNICIPIO30233,MUNICIPIO_SIN_CN_TRAB,Si,No,30233,,Regla 2 coherente para validaciones implementadas.
GPA-001__R2-002__R1-003__0763,GPA-001__R2-002__R1-003,02_inputs_xml_flat/GPA-001__R2-002__R1-003__0763.xml,PASS,INFO,R1.D01=NO;R1.D03=SI;R2.D01=SI;R2.D02=SI;R2.D03=NO,MUNICIPIO30231,MUNICIPIO_SIN_CN_TRAB,Si,No,30231,,Regla 2 coherente para validaciones implementadas.
GPA-001__R2-002__R1-003__0764,GPA-001__R2-002__R1-003,02_inputs_xml_flat/GPA-001__R2-002__R1-003__0764.xml,PASS,INFO,R1.D01=NO;R1.D03=SI;R2.D01=SI;R2.D02=SI;R2.D03=NO,MUNICIPIO30232,MUNICIPIO_SIN_CN_TRAB,Si,No,30232,,Regla 2 coherente para validaciones implementadas.
GPA-001__R2-002__R1-003__0765,GPA-001__R2-002__R1-003,02_inputs_xml_flat/GPA-001__R2-002__R1-003__0765.xml,PASS,INFO,R1.D01=NO;R1.D03=SI;R2.D01=SI;R2.D02=SI;R2.D03=NO,MUNICIPIO30233,MUNICIPIO_SIN_CN_TRAB,Si,No,30233,,Regla 2 coherente para validaciones implementadas.
GPA-001__R2-002__R1-003__0766,GPA-001__R2-002__R1-003,02_inputs_xml_flat/GPA-001__R2-002__R1-003__0766.xml,PASS,INFO,R1.D01=NO;R1.D03=SI;R2.D01=SI;R2.D02=SI;R2.D03=NO,MUNICIPIO30231,MUNICIPIO_SIN_CN_TRAB,Si,No,30231,,Regla 2 coherente para validaciones implementadas.
GPA-001__R2-002__R1-003__0767,GPA-001__R2-002__R1-003,02_inputs_xml_flat/GPA-001__R2-002__R1-003__0767.xml,PASS,INFO,R1.D01=NO;R1.D03=SI;R2.D01=SI;R2.D02=SI;R2.D03=NO,MUNICIPIO30232,MUNICIPIO_SIN_CN_TRAB,Si,No,30232,,Regla 2 coherente para validaciones implementadas.
GPA-001__R2-002__R1-003__0768,GPA-001__R2-002__R1-003,02_inputs_xml_flat/GPA-001__R2-002__R1-003__0768.xml,PASS,INFO,R1.D01=NO;R1.D03=SI;R2.D01=SI;R2.D02=SI;R2.D03=NO,MUNICIPIO30233,MUNICIPIO_SIN_CN_TRAB,Si,No,30233,,Regla 2 coherente para validaciones implementadas.
GPA-001__R2-002__R1-003__0769,GPA-001__R2-002__R1-003,02_inputs_xml_flat/GPA-001__R2-002__R1-003__0769.xml,PASS,INFO,R1.D01=NO;R1.D03=SI;R2.D01=SI;R2.D02=SI;R2.D03=NO,MUNICIPIO30231,MUNICIPIO_SIN_CN_TRAB,Si,No,30231,,Regla 2 coherente para validaciones implementadas.
GPA-001__R2-002__R1-003__0770,GPA-001__R2-002__R1-003,02_inputs_xml_flat/GPA-001__R2-002__R1-003__0770.xml,PASS,INFO,R1.D01=NO;R1.D03=SI;R2.D01=SI;R2.D02=SI;R2.D03=NO,MUNICIPIO30232,MUNICIPIO_SIN_CN_TRAB,Si,No,30232,,Regla 2 coherente para validaciones implementadas.
GPA-001__R2-002__R1-003__0771,GPA-001__R2-002__R1-003,02_inputs_xml_flat/GPA-001__R2-002__R1-003__0771.xml,PASS,INFO,R1.D01=NO;R1.D03=SI;R2.D01=SI;R2.D02=SI;R2.D03=NO,MUNICIPIO30233,MUNICIPIO_SIN_CN_TRAB,Si,No,30233,,Regla 2 coherente para validaciones implementadas.
GPA-001__R2-002__R1-003__0772,GPA-001__R2-002__R1-003,02_inputs_xml_flat/GPA-001__R2-002__R1-003__0772.xml,PASS,INFO,R1.D01=NO;R1.D03=SI;R2.D01=SI;R2.D02=SI;R2.D03=NO,MUNICIPIO30231,MUNICIPIO_SIN_CN_TRAB,Si,No,30231,,Regla 2 coherente para validaciones implementadas.
GPA-001__R2-002__R1-003__0773,GPA-001__R2-002__R1-003,02_inputs_xml_flat/GPA-001__R2-002__R1-003__0773.xml,PASS,INFO,R1.D01=NO;R1.D03=SI;R2.D01=SI;R2.D02=SI;R2.D03=NO,MUNICIPIO30232,MUNICIPIO_SIN_CN_TRAB,Si,No,30232,,Regla 2 coherente para validaciones implementadas.
GPA-001__R2-002__R1-003__0774,GPA-001__R2-002__R1-003,02_inputs_xml_flat/GPA-001__R2-002__R1-003__0774.xml,PASS,INFO,R1.D01=NO;R1.D03=SI;R2.D01=SI;R2.D02=SI;R2.D03=NO,MUNICIPIO30233,MUNICIPIO_SIN_CN_TRAB,Si,No,30233,,Regla 2 coherente para validaciones implementadas.
GPA-001__R2-002__R1-003__0775,GPA-001__R2-002__R1-003,02_inputs_xml_flat/GPA-001__R2-002__R1-003__0775.xml,PASS,INFO,R1.D01=NO;R1.D03=SI;R2.D01=SI;R2.D02=SI;R2.D03=NO,MUNICIPIO30231,MUNICIPIO_SIN_CN_TRAB,Si,No,30231,,Regla 2 coherente para validaciones implementadas.
GPA-001__R2-002__R1-003__0776,GPA-001__R2-002__R1-003,02_inputs_xml_flat/GPA-001__R2-002__R1-003__0776.xml,PASS,INFO,R1.D01=NO;R1.D03=SI;R2.D01=SI;R2.D02=SI;R2.D03=NO,MUNICIPIO30232,MUNICIPIO_SIN_CN_TRAB,Si,No,30232,,Regla 2 coherente para validaciones implementadas.
GPA-001__R2-002__R1-003__0777,GPA-001__R2-002__R1-003,02_inputs_xml_flat/GPA-001__R2-002__R1-003__0777.xml,PASS,INFO,R1.D01=NO;R1.D03=SI;R2.D01=SI;R2.D02=SI;R2.D03=NO,MUNICIPIO30233,MUNICIPIO_SIN_CN_TRAB,Si,No,30233,,Regla 2 coherente para validaciones implementadas.
GPA-001__R2-002__R1-003__0778,GPA-001__R2-002__R1-003,02_inputs_xml_flat/GPA-001__R2-002__R1-003__0778.xml,PASS,INFO,R1.D01=NO;R1.D03=SI;R2.D01=SI;R2.D02=SI;R2.D03=NO,MUNICIPIO30231,MUNICIPIO_SIN_CN_TRAB,Si,No,30231,,Regla 2 coherente para validaciones implementadas.
GPA-001__R2-002__R1-003__0779,GPA-001__R2-002__R1-003,02_inputs_xml_flat/GPA-001__R2-002__R1-003__0779.xml,PASS,INFO,R1.D01=NO;R1.D03=SI;R2.D01=SI;R2.D02=SI;R2.D03=NO,MUNICIPIO30232,MUNICIPIO_SIN_CN_TRAB,Si,No,30232,,Regla 2 coherente para validaciones implementadas.
GPA-001__R2-002__R1-003__0780,GPA-001__R2-002__R1-003,02_inputs_xml_flat/GPA-001__R2-002__R1-003__0780.xml,PASS,INFO,R1.D01=NO;R1.D03=SI;R2.D01=SI;R2.D02=SI;R2.D03=NO,MUNICIPIO30233,MUNICIPIO_SIN_CN_TRAB,Si,No,30233,,Regla 2 coherente para validaciones implementadas.
GPA-001__R2-002__R1-003__0781,GPA-001__R2-002__R1-003,02_inputs_xml_flat/GPA-001__R2-002__R1-003__0781.xml,PASS,INFO,R1.D01=NO;R1.D03=SI;R2.D01=SI;R2.D02=SI;R2.D03=NO,MUNICIPIO30231,MUNICIPIO_SIN_CN_TRAB,Si,No,30231,,Regla 2 coherente para validaciones implementadas.
GPA-001__R2-002__R1-003__0782,GPA-001__R2-002__R1-003,02_inputs_xml_flat/GPA-001__R2-002__R1-003__0782.xml,PASS,INFO,R1.D01=NO;R1.D03=SI;R2.D01=SI;R2.D02=SI;R2.D03=NO,MUNICIPIO30232,MUNICIPIO_SIN_CN_TRAB,Si,No,30232,,Regla 2 coherente para validaciones implementadas.
GPA-001__R2-002__R1-003__0783,GPA-001__R2-002__R1-003,02_inputs_xml_flat/GPA-001__R2-002__R1-003__0783.xml,PASS,INFO,R1.D01=NO;R1.D03=SI;R2.D01=SI;R2.D02=SI;R2.D03=NO,MUNICIPIO30233,MUNICIPIO_SIN_CN_TRAB,Si,No,30233,,Regla 2 coherente para validaciones implementadas.
GPA-001__R2-002__R1-003__0784,GPA-001__R2-002__R1-003,02_inputs_xml_flat/GPA-001__R2-002__R1-003__0784.xml,PASS,INFO,R1.D01=NO;R1.D03=SI;R2.D01=SI;R2.D02=SI;R2.D03=NO,MUNICIPIO30231,MUNICIPIO_SIN_CN_TRAB,Si,No,30231,,Regla 2 coherente para validaciones implementadas.
GPA-001__R2-002__R1-003__0785,GPA-001__R2-002__R1-003,02_inputs_xml_flat/GPA-001__R2-002__R1-003__0785.xml,PASS,INFO,R1.D01=NO;R1.D03=SI;R2.D01=SI;R2.D02=SI;R2.D03=NO,MUNICIPIO30232,MUNICIPIO_SIN_CN_TRAB,Si,No,30232,,Regla 2 coherente para validaciones implementadas.
GPA-001__R2-002__R1-003__0786,GPA-001__R2-002__R1-003,02_inputs_xml_flat/GPA-001__R2-002__R1-003__0786.xml,PASS,INFO,R1.D01=NO;R1.D03=SI;R2.D01=SI;R2.D02=SI;R2.D03=NO,MUNICIPIO30233,MUNICIPIO_SIN_CN_TRAB,Si,No,30233,,Regla 2 coherente para validaciones implementadas.
GPA-001__R2-002__R1-003__0787,GPA-001__R2-002__R1-003,02_inputs_xml_flat/GPA-001__R2-002__R1-003__0787.xml,PASS,INFO,R1.D01=NO;R1.D03=SI;R2.D01=SI;R2.D02=SI;R2.D03=NO,MUNICIPIO30231,MUNICIPIO_SIN_CN_TRAB,Si,No,30231,,Regla 2 coherente para validaciones implementadas.
GPA-001__R2-002__R1-003__0788,GPA-001__R2-002__R1-003,02_inputs_xml_flat/GPA-001__R2-002__R1-003__0788.xml,PASS,INFO,R1.D01=NO;R1.D03=SI;R2.D01=SI;R2.D02=SI;R2.D03=NO,MUNICIPIO30232,MUNICIPIO_SIN_CN_TRAB,Si,No,30232,,Regla 2 coherente para validaciones implementadas.
GPA-001__R2-002__R1-003__0789,GPA-001__R2-002__R1-003,02_inputs_xml_flat/GPA-001__R2-002__R1-003__0789.xml,PASS,INFO,R1.D01=NO;R1.D03=SI;R2.D01=SI;R2.D02=SI;R2.D03=NO,MUNICIPIO30233,MUNICIPIO_SIN_CN_TRAB,Si,No,30233,,Regla 2 coherente para validaciones implementadas.
GPA-001__R2-002__R1-003__0790,GPA-001__R2-002__R1-003,02_inputs_xml_flat/GPA-001__R2-002__R1-003__0790.xml,PASS,INFO,R1.D01=NO;R1.D03=SI;R2.D01=SI;R2.D02=SI;R2.D03=NO,MUNICIPIO30231,MUNICIPIO_SIN_CN_TRAB,Si,No,30231,,Regla 2 coherente para validaciones implementadas.
GPA-001__R2-002__R1-003__0791,GPA-001__R2-002__R1-003,02_inputs_xml_flat/GPA-001__R2-002__R1-003__0791.xml,PASS,INFO,R1.D01=NO;R1.D03=SI;R2.D01=SI;R2.D02=SI;R2.D03=NO,MUNICIPIO30232,MUNICIPIO_SIN_CN_TRAB,Si,No,30232,,Regla 2 coherente para validaciones implementadas.
GPA-001__R2-002__R1-003__0792,GPA-001__R2-002__R1-003,02_inputs_xml_flat/GPA-001__R2-002__R1-003__0792.xml,PASS,INFO,R1.D01=NO;R1.D03=SI;R2.D01=SI;R2.D02=SI;R2.D03=NO,MUNICIPIO30233,MUNICIPIO_SIN_CN_TRAB,Si,No,30233,,Regla 2 coherente para validaciones implementadas.
GPA-001__R2-002__R1-003__0793,GPA-001__R2-002__R1-003,02_inputs_xml_flat/GPA-001__R2-002__R1-003__0793.xml,PASS,INFO,R1.D01=NO;R1.D03=SI;R2.D01=SI;R2.D02=SI;R2.D03=NO,MUNICIPIO30231,MUNICIPIO_SIN_CN_TRAB,Si,No,30231,,Regla 2 coherente para validaciones implementadas.
GPA-001__R2-002__R1-003__0794,GPA-001__R2-002__R1-003,02_inputs_xml_flat/GPA-001__R2-002__R1-003__0794.xml,PASS,INFO,R1.D01=NO;R1.D03=SI;R2.D01=SI;R2.D02=SI;R2.D03=NO,MUNICIPIO30232,MUNICIPIO_SIN_CN_TRAB,Si,No,30232,,Regla 2 coherente para validaciones implementadas.
GPA-001__R2-002__R1-003__0795,GPA-001__R2-002__R1-003,02_inputs_xml_flat/GPA-001__R2-002__R1-003__0795.xml,PASS,INFO,R1.D01=NO;R1.D03=SI;R2.D01=SI;R2.D02=SI;R2.D03=NO,MUNICIPIO30233,MUNICIPIO_SIN_CN_TRAB,Si,No,30233,,Regla 2 coherente para validaciones implementadas.
GPA-001__R2-002__R1-003__0796,GPA-001__R2-002__R1-003,02_inputs_xml_flat/GPA-001__R2-002__R1-003__0796.xml,PASS,INFO,R1.D01=NO;R1.D03=SI;R2.D01=SI;R2.D02=SI;R2.D03=NO,MUNICIPIO30231,MUNICIPIO_SIN_CN_TRAB,Si,No,30231,,Regla 2 coherente para validaciones implementadas.
GPA-001__R2-002__R1-003__0797,GPA-001__R2-002__R1-003,02_inputs_xml_flat/GPA-001__R2-002__R1-003__0797.xml,PASS,INFO,R1.D01=NO;R1.D03=SI;R2.D01=SI;R2.D02=SI;R2.D03=NO,MUNICIPIO30232,MUNICIPIO_SIN_CN_TRAB,Si,No,30232,,Regla 2 coherente para validaciones implementadas.
GPA-001__R2-002__R1-003__0798,GPA-001__R2-002__R1-003,02_inputs_xml_flat/GPA-001__R2-002__R1-003__0798.xml,PASS,INFO,R1.D01=NO;R1.D03=SI;R2.D01=SI;R2.D02=SI;R2.D03=NO,MUNICIPIO30233,MUNICIPIO_SIN_CN_TRAB,Si,No,30233,,Regla 2 coherente para validaciones implementadas.
GPA-001__R2-002__R1-003__0799,GPA-001__R2-002__R1-003,02_inputs_xml_flat/GPA-001__R2-002__R1-003__0799.xml,PASS,INFO,R1.D01=NO;R1.D03=SI;R2.D01=SI;R2.D02=SI;R2.D03=NO,MUNICIPIO30231,MUNICIPIO_SIN_CN_TRAB,Si,No,30231,,Regla 2 coherente para validaciones implementadas.
GPA-001__R2-002__R1-003__0800,GPA-001__R2-002__R1-003,02_inputs_xml_flat/GPA-001__R2-002__R1-003__0800.xml,PASS,INFO,R1.D01=NO;R1.D03=SI;R2.D01=SI;R2.D02=SI;R2.D03=NO,MUNICIPIO30232,MUNICIPIO_SIN_CN_TRAB,Si,No,30232,,Regla 2 coherente para validaciones implementadas.
GPA-001__R2-002__R1-003__0801,GPA-001__R2-002__R1-003,02_inputs_xml_flat/GPA-001__R2-002__R1-003__0801.xml,PASS,INFO,R1.D01=NO;R1.D03=SI;R2.D01=SI;R2.D02=SI;R2.D03=NO,MUNICIPIO30233,MUNICIPIO_SIN_CN_TRAB,Si,No,30233,,Regla 2 coherente para validaciones implementadas.
GPA-001__R2-002__R1-003__0802,GPA-001__R2-002__R1-003,02_inputs_xml_flat/GPA-001__R2-002__R1-003__0802.xml,PASS,INFO,R1.D01=NO;R1.D03=SI;R2.D01=SI;R2.D02=SI;R2.D03=NO,MUNICIPIO30231,MUNICIPIO_SIN_CN_TRAB,Si,No,30231,,Regla 2 coherente para validaciones implementadas.
GPA-001__R2-002__R1-003__0803,GPA-001__R2-002__R1-003,02_inputs_xml_flat/GPA-001__R2-002__R1-003__0803.xml,PASS,INFO,R1.D01=NO;R1.D03=SI;R2.D01=SI;R2.D02=SI;R2.D03=NO,MUNICIPIO30232,MUNICIPIO_SIN_CN_TRAB,Si,No,30232,,Regla 2 coherente para validaciones implementadas.
GPA-001__R2-002__R1-003__0804,GPA-001__R2-002__R1-003,02_inputs_xml_flat/GPA-001__R2-002__R1-003__0804.xml,PASS,INFO,R1.D01=NO;R1.D03=SI;R2.D01=SI;R2.D02=SI;R2.D03=NO,MUNICIPIO30233,MUNICIPIO_SIN_CN_TRAB,Si,No,30233,,Regla 2 coherente para validaciones implementadas.
GPA-001__R2-002__R1-003__0805,GPA-001__R2-002__R1-003,02_inputs_xml_flat/GPA-001__R2-002__R1-003__0805.xml,PASS,INFO,R1.D01=NO;R1.D03=SI;R2.D01=SI;R2.D02=SI;R2.D03=NO,MUNICIPIO30231,MUNICIPIO_SIN_CN_TRAB,Si,No,30231,,Regla 2 coherente para validaciones implementadas.
GPA-001__R2-002__R1-003__0806,GPA-001__R2-002__R1-003,02_inputs_xml_flat/GPA-001__R2-002__R1-003__0806.xml,PASS,INFO,R1.D01=NO;R1.D03=SI;R2.D01=SI;R2.D02=SI;R2.D03=NO,MUNICIPIO30232,MUNICIPIO_SIN_CN_TRAB,Si,No,30232,,Regla 2 coherente para validaciones implementadas.
GPA-001__R2-002__R1-003__0807,GPA-001__R2-002__R1-003,02_inputs_xml_flat/GPA-001__R2-002__R1-003__0807.xml,PASS,INFO,R1.D01=NO;R1.D03=SI;R2.D01=SI;R2.D02=SI;R2.D03=NO,MUNICIPIO30233,MUNICIPIO_SIN_CN_TRAB,Si,No,30233,,Regla 2 coherente para validaciones implementadas.
GPA-001__R2-002__R1-003__0808,GPA-001__R2-002__R1-003,02_inputs_xml_flat/GPA-001__R2-002__R1-003__0808.xml,PASS,INFO,R1.D01=NO;R1.D03=SI;R2.D01=SI;R2.D02=SI;R2.D03=NO,MUNICIPIO30231,MUNICIPIO_SIN_CN_TRAB,Si,No,30231,,Regla 2 coherente para validaciones implementadas.
GPA-001__R2-002__R1-003__0809,GPA-001__R2-002__R1-003,02_inputs_xml_flat/GPA-001__R2-002__R1-003__0809.xml,PASS,INFO,R1.D01=NO;R1.D03=SI;R2.D01=SI;R2.D02=SI;R2.D03=NO,MUNICIPIO30232,MUNICIPIO_SIN_CN_TRAB,Si,No,30232,,Regla 2 coherente para validaciones implementadas.
GPA-001__R2-002__R1-003__0810,GPA-001__R2-002__R1-003,02_inputs_xml_flat/GPA-001__R2-002__R1-003__0810.xml,PASS,INFO,R1.D01=NO;R1.D03=SI;R2.D01=SI;R2.D02=SI;R2.D03=NO,MUNICIPIO30233,MUNICIPIO_SIN_CN_TRAB,Si,No,30233,,Regla 2 coherente para validaciones implementadas.
GPA-001__R2-002__R1-003__0811,GPA-001__R2-002__R1-003,02_inputs_xml_flat/GPA-001__R2-002__R1-003__0811.xml,PASS,INFO,R1.D01=NO;R1.D03=SI;R2.D01=SI;R2.D02=SI;R2.D03=NO,MUNICIPIO30231,MUNICIPIO_SIN_CN_TRAB,Si,No,30231,,Regla 2 coherente para validaciones implementadas.
GPA-001__R2-002__R1-003__0812,GPA-001__R2-002__R1-003,02_inputs_xml_flat/GPA-001__R2-002__R1-003__0812.xml,PASS,INFO,R1.D01=NO;R1.D03=SI;R2.D01=SI;R2.D02=SI;R2.D03=NO,MUNICIPIO30232,MUNICIPIO_SIN_CN_TRAB,Si,No,30232,,Regla 2 coherente para validaciones implementadas.
GPA-001__R2-002__R1-003__0813,GPA-001__R2-002__R1-003,02_inputs_xml_flat/GPA-001__R2-002__R1-003__0813.xml,PASS,INFO,R1.D01=NO;R1.D03=SI;R2.D01=SI;R2.D02=SI;R2.D03=NO,MUNICIPIO30233,MUNICIPIO_SIN_CN_TRAB,Si,No,30233,,Regla 2 coherente para validaciones implementadas.
GPA-001__R2-002__R1-003__0814,GPA-001__R2-002__R1-003,02_inputs_xml_flat/GPA-001__R2-002__R1-003__0814.xml,PASS,INFO,R1.D01=NO;R1.D03=SI;R2.D01=SI;R2.D02=SI;R2.D03=NO,MUNICIPIO30231,MUNICIPIO_SIN_CN_TRAB,Si,No,30231,,Regla 2 coherente para validaciones implementadas.
GPA-001__R2-002__R1-003__0815,GPA-001__R2-002__R1-003,02_inputs_xml_flat/GPA-001__R2-002__R1-003__0815.xml,PASS,INFO,R1.D01=NO;R1.D03=SI;R2.D01=SI;R2.D02=SI;R2.D03=NO,MUNICIPIO30232,MUNICIPIO_SIN_CN_TRAB,Si,No,30232,,Regla 2 coherente para validaciones implementadas.
GPA-001__R2-002__R1-003__0816,GPA-001__R2-002__R1-003,02_inputs_xml_flat/GPA-001__R2-002__R1-003__0816.xml,PASS,INFO,R1.D01=NO;R1.D03=SI;R2.D01=SI;R2.D02=SI;R2.D03=NO,MUNICIPIO30233,MUNICIPIO_SIN_CN_TRAB,Si,No,30233,,Regla 2 coherente para validaciones implementadas.
GPA-001__R2-002__R1-003__0817,GPA-001__R2-002__R1-003,02_inputs_xml_flat/GPA-001__R2-002__R1-003__0817.xml,PASS,INFO,R1.D01=NO;R1.D03=SI;R2.D01=SI;R2.D02=SI;R2.D03=NO,MUNICIPIO30231,MUNICIPIO_SIN_CN_TRAB,Si,No,30231,,Regla 2 coherente para validaciones implementadas.
GPA-001__R2-002__R1-003__0818,GPA-001__R2-002__R1-003,02_inputs_xml_flat/GPA-001__R2-002__R1-003__0818.xml,PASS,INFO,R1.D01=NO;R1.D03=SI;R2.D01=SI;R2.D02=SI;R2.D03=NO,MUNICIPIO30232,MUNICIPIO_SIN_CN_TRAB,Si,No,30232,,Regla 2 coherente para validaciones implementadas.
GPA-001__R2-002__R1-003__0819,GPA-001__R2-002__R1-003,02_inputs_xml_flat/GPA-001__R2-002__R1-003__0819.xml,PASS,INFO,R1.D01=NO;R1.D03=SI;R2.D01=SI;R2.D02=SI;R2.D03=NO,MUNICIPIO30233,MUNICIPIO_SIN_CN_TRAB,Si,No,30233,,Regla 2 coherente para validaciones implementadas.
GPA-001__R2-002__R1-003__0820,GPA-001__R2-002__R1-003,02_inputs_xml_flat/GPA-001__R2-002__R1-003__0820.xml,PASS,INFO,R1.D01=NO;R1.D03=SI;R2.D01=SI;R2.D02=SI;R2.D03=NO,MUNICIPIO30231,MUNICIPIO_SIN_CN_TRAB,Si,No,30231,,Regla 2 coherente para validaciones implementadas.
GPA-001__R2-002__R1-003__0821,GPA-001__R2-002__R1-003,02_inputs_xml_flat/GPA-001__R2-002__R1-003__0821.xml,PASS,INFO,R1.D01=NO;R1.D03=SI;R2.D01=SI;R2.D02=SI;R2.D03=NO,MUNICIPIO30232,MUNICIPIO_SIN_CN_TRAB,Si,No,30232,,Regla 2 coherente para validaciones implementadas.
GPA-001__R2-002__R1-003__0822,GPA-001__R2-002__R1-003,02_inputs_xml_flat/GPA-001__R2-002__R1-003__0822.xml,PASS,INFO,R1.D01=NO;R1.D03=SI;R2.D01=SI;R2.D02=SI;R2.D03=NO,MUNICIPIO30233,MUNICIPIO_SIN_CN_TRAB,Si,No,30233,,Regla 2 coherente para validaciones implementadas.
GPA-001__R2-002__R1-003__0823,GPA-001__R2-002__R1-003,02_inputs_xml_flat/GPA-001__R2-002__R1-003__0823.xml,PASS,INFO,R1.D01=NO;R1.D03=SI;R2.D01=SI;R2.D02=SI;R2.D03=NO,MUNICIPIO30231,MUNICIPIO_SIN_CN_TRAB,Si,No,30231,,Regla 2 coherente para validaciones implementadas.
GPA-001__R2-002__R1-003__0824,GPA-001__R2-002__R1-003,02_inputs_xml_flat/GPA-001__R2-002__R1-003__0824.xml,PASS,INFO,R1.D01=NO;R1.D03=SI;R2.D01=SI;R2.D02=SI;R2.D03=NO,MUNICIPIO30232,MUNICIPIO_SIN_CN_TRAB,Si,No,30232,,Regla 2 coherente para validaciones implementadas.
GPA-001__R2-002__R1-003__0825,GPA-001__R2-002__R1-003,02_inputs_xml_flat/GPA-001__R2-002__R1-003__0825.xml,PASS,INFO,R1.D01=NO;R1.D03=SI;R2.D01=SI;R2.D02=SI;R2.D03=NO,MUNICIPIO30233,MUNICIPIO_SIN_CN_TRAB,Si,No,30233,,Regla 2 coherente para validaciones implementadas.
GPA-001__R2-002__R1-003__0826,GPA-001__R2-002__R1-003,02_inputs_xml_flat/GPA-001__R2-002__R1-003__0826.xml,PASS,INFO,R1.D01=NO;R1.D03=SI;R2.D01=SI;R2.D02=SI;R2.D03=NO,MUNICIPIO30231,MUNICIPIO_SIN_CN_TRAB,Si,No,30231,,Regla 2 coherente para validaciones implementadas.
GPA-001__R2-002__R1-003__0827,GPA-001__R2-002__R1-003,02_inputs_xml_flat/GPA-001__R2-002__R1-003__0827.xml,PASS,INFO,R1.D01=NO;R1.D03=SI;R2.D01=SI;R2.D02=SI;R2.D03=NO,MUNICIPIO30232,MUNICIPIO_SIN_CN_TRAB,Si,No,30232,,Regla 2 coherente para validaciones implementadas.
GPA-001__R2-002__R1-003__0828,GPA-001__R2-002__R1-003,02_inputs_xml_flat/GPA-001__R2-002__R1-003__0828.xml,PASS,INFO,R1.D01=NO;R1.D03=SI;R2.D01=SI;R2.D02=SI;R2.D03=NO,MUNICIPIO30233,MUNICIPIO_SIN_CN_TRAB,Si,No,30233,,Regla 2 coherente para validaciones implementadas.
GPA-001__R2-002__R1-003__0829,GPA-001__R2-002__R1-003,02_inputs_xml_flat/GPA-001__R2-002__R1-003__0829.xml,PASS,INFO,R1.D01=NO;R1.D03=SI;R2.D01=SI;R2.D02=SI;R2.D03=NO,MUNICIPIO30231,MUNICIPIO_SIN_CN_TRAB,Si,No,30231,,Regla 2 coherente para validaciones implementadas.
GPA-001__R2-002__R1-003__0830,GPA-001__R2-002__R1-003,02_inputs_xml_flat/GPA-001__R2-002__R1-003__0830.xml,PASS,INFO,R1.D01=NO;R1.D03=SI;R2.D01=SI;R2.D02=SI;R2.D03=NO,MUNICIPIO30232,MUNICIPIO_SIN_CN_TRAB,Si,No,30232,,Regla 2 coherente para validaciones implementadas.
GPA-001__R2-002__R1-003__0831,GPA-001__R2-002__R1-003,02_inputs_xml_flat/GPA-001__R2-002__R1-003__0831.xml,PASS,INFO,R1.D01=NO;R1.D03=SI;R2.D01=SI;R2.D02=SI;R2.D03=NO,MUNICIPIO30233,MUNICIPIO_SIN_CN_TRAB,Si,No,30233,,Regla 2 coherente para validaciones implementadas.
GPA-001__R2-002__R1-003__0832,GPA-001__R2-002__R1-003,02_inputs_xml_flat/GPA-001__R2-002__R1-003__0832.xml,PASS,INFO,R1.D01=NO;R1.D03=SI;R2.D01=SI;R2.D02=SI;R2.D03=NO,MUNICIPIO30231,MUNICIPIO_SIN_CN_TRAB,Si,No,30231,,Regla 2 coherente para validaciones implementadas.
GPA-001__R2-002__R1-003__0833,GPA-001__R2-002__R1-003,02_inputs_xml_flat/GPA-001__R2-002__R1-003__0833.xml,PASS,INFO,R1.D01=NO;R1.D03=SI;R2.D01=SI;R2.D02=SI;R2.D03=NO,MUNICIPIO30232,MUNICIPIO_SIN_CN_TRAB,Si,No,30232,,Regla 2 coherente para validaciones implementadas.
GPA-001__R2-002__R1-003__0834,GPA-001__R2-002__R1-003,02_inputs_xml_flat/GPA-001__R2-002__R1-003__0834.xml,PASS,INFO,R1.D01=NO;R1.D03=SI;R2.D01=SI;R2.D02=SI;R2.D03=NO,MUNICIPIO30233,MUNICIPIO_SIN_CN_TRAB,Si,No,30233,,Regla 2 coherente para validaciones implementadas.
GPA-001__R2-002__R1-003__0835,GPA-001__R2-002__R1-003,02_inputs_xml_flat/GPA-001__R2-002__R1-003__0835.xml,PASS,INFO,R1.D01=NO;R1.D03=SI;R2.D01=SI;R2.D02=SI;R2.D03=NO,MUNICIPIO30231,MUNICIPIO_SIN_CN_TRAB,Si,No,30231,,Regla 2 coherente para validaciones implementadas.
GPA-001__R2-002__R1-003__0836,GPA-001__R2-002__R1-003,02_inputs_xml_flat/GPA-001__R2-002__R1-003__0836.xml,PASS,INFO,R1.D01=NO;R1.D03=SI;R2.D01=SI;R2.D02=SI;R2.D03=NO,MUNICIPIO30232,MUNICIPIO_SIN_CN_TRAB,Si,No,30232,,Regla 2 coherente para validaciones implementadas.
GPA-001__R2-002__R1-003__0837,GPA-001__R2-002__R1-003,02_inputs_xml_flat/GPA-001__R2-002__R1-003__0837.xml,PASS,INFO,R1.D01=NO;R1.D03=SI;R2.D01=SI;R2.D02=SI;R2.D03=NO,MUNICIPIO30233,MUNICIPIO_SIN_CN_TRAB,Si,No,30233,,Regla 2 coherente para validaciones implementadas.
GPA-001__R2-002__R1-003__0838,GPA-001__R2-002__R1-003,02_inputs_xml_flat/GPA-001__R2-002__R1-003__0838.xml,PASS,INFO,R1.D01=NO;R1.D03=SI;R2.D01=SI;R2.D02=SI;R2.D03=NO,MUNICIPIO30231,MUNICIPIO_SIN_CN_TRAB,Si,No,30231,,Regla 2 coherente para validaciones implementadas.
GPA-001__R2-002__R1-003__0839,GPA-001__R2-002__R1-003,02_inputs_xml_flat/GPA-001__R2-002__R1-003__0839.xml,PASS,INFO,R1.D01=NO;R1.D03=SI;R2.D01=SI;R2.D02=SI;R2.D03=NO,MUNICIPIO30232,MUNICIPIO_SIN_CN_TRAB,Si,No,30232,,Regla 2 coherente para validaciones implementadas.
GPA-001__R2-002__R1-003__0840,GPA-001__R2-002__R1-003,02_inputs_xml_flat/GPA-001__R2-002__R1-003__0840.xml,PASS,INFO,R1.D01=NO;R1.D03=SI;R2.D01=SI;R2.D02=SI;R2.D03=NO,MUNICIPIO30233,MUNICIPIO_SIN_CN_TRAB,Si,No,30233,,Regla 2 coherente para validaciones implementadas.
GPA-001__R2-002__R1-003__0841,GPA-001__R2-002__R1-003,02_inputs_xml_flat/GPA-001__R2-002__R1-003__0841.xml,PASS,INFO,R1.D01=NO;R1.D03=SI;R2.D01=SI;R2.D02=SI;R2.D03=NO,MUNICIPIO30231,MUNICIPIO_SIN_CN_TRAB,Si,No,30231,,Regla 2 coherente para validaciones implementadas.
GPA-001__R2-002__R1-003__0842,GPA-001__R2-002__R1-003,02_inputs_xml_flat/GPA-001__R2-002__R1-003__0842.xml,PASS,INFO,R1.D01=NO;R1.D03=SI;R2.D01=SI;R2.D02=SI;R2.D03=NO,MUNICIPIO30232,MUNICIPIO_SIN_CN_TRAB,Si,No,30232,,Regla 2 coherente para validaciones implementadas.
GPA-001__R2-002__R1-003__0843,GPA-001__R2-002__R1-003,02_inputs_xml_flat/GPA-001__R2-002__R1-003__0843.xml,PASS,INFO,R1.D01=NO;R1.D03=SI;R2.D01=SI;R2.D02=SI;R2.D03=NO,MUNICIPIO30233,MUNICIPIO_SIN_CN_TRAB,Si,No,30233,,Regla 2 coherente para validaciones implementadas.
GPA-001__R2-002__R1-003__0844,GPA-001__R2-002__R1-003,02_inputs_xml_flat/GPA-001__R2-002__R1-003__0844.xml,PASS,INFO,R1.D01=NO;R1.D03=SI;R2.D01=SI;R2.D02=SI;R2.D03=NO,MUNICIPIO30231,MUNICIPIO_SIN_CN_TRAB,Si,No,30231,,Regla 2 coherente para validaciones implementadas.
GPA-001__R2-002__R1-003__0845,GPA-001__R2-002__R1-003,02_inputs_xml_flat/GPA-001__R2-002__R1-003__0845.xml,PASS,INFO,R1.D01=NO;R1.D03=SI;R2.D01=SI;R2.D02=SI;R2.D03=NO,MUNICIPIO30232,MUNICIPIO_SIN_CN_TRAB,Si,No,30232,,Regla 2 coherente para validaciones implementadas.
GPA-001__R2-002__R1-003__0846,GPA-001__R2-002__R1-003,02_inputs_xml_flat/GPA-001__R2-002__R1-003__0846.xml,PASS,INFO,R1.D01=NO;R1.D03=SI;R2.D01=SI;R2.D02=SI;R2.D03=NO,MUNICIPIO30233,MUNICIPIO_SIN_CN_TRAB,Si,No,30233,,Regla 2 coherente para validaciones implementadas.
GPA-001__R2-002__R1-003__0847,GPA-001__R2-002__R1-003,02_inputs_xml_flat/GPA-001__R2-002__R1-003__0847.xml,PASS,INFO,R1.D01=NO;R1.D03=SI;R2.D01=SI;R2.D02=SI;R2.D03=NO,MUNICIPIO30231,MUNICIPIO_SIN_CN_TRAB,Si,No,30231,,Regla 2 coherente para validaciones implementadas.
GPA-001__R2-002__R1-003__0848,GPA-001__R2-002__R1-003,02_inputs_xml_flat/GPA-001__R2-002__R1-003__0848.xml,PASS,INFO,R1.D01=NO;R1.D03=SI;R2.D01=SI;R2.D02=SI;R2.D03=NO,MUNICIPIO30232,MUNICIPIO_SIN_CN_TRAB,Si,No,30232,,Regla 2 coherente para validaciones implementadas.
GPA-001__R2-002__R1-003__0849,GPA-001__R2-002__R1-003,02_inputs_xml_flat/GPA-001__R2-002__R1-003__0849.xml,PASS,INFO,R1.D01=NO;R1.D03=SI;R2.D01=SI;R2.D02=SI;R2.D03=NO,MUNICIPIO30233,MUNICIPIO_SIN_CN_TRAB,Si,No,30233,,Regla 2 coherente para validaciones implementadas.
GPA-001__R2-002__R1-003__0850,GPA-001__R2-002__R1-003,02_inputs_xml_flat/GPA-001__R2-002__R1-003__0850.xml,PASS,INFO,R1.D01=NO;R1.D03=SI;R2.D01=SI;R2.D02=SI;R2.D03=NO,MUNICIPIO30231,MUNICIPIO_SIN_CN_TRAB,Si,No,30231,,Regla 2 coherente para validaciones implementadas.
GPA-001__R2-002__R1-003__0851,GPA-001__R2-002__R1-003,02_inputs_xml_flat/GPA-001__R2-002__R1-003__0851.xml,PASS,INFO,R1.D01=NO;R1.D03=SI;R2.D01=SI;R2.D02=SI;R2.D03=NO,MUNICIPIO30232,MUNICIPIO_SIN_CN_TRAB,Si,No,30232,,Regla 2 coherente para validaciones implementadas.
GPA-001__R2-002__R1-003__0852,GPA-001__R2-002__R1-003,02_inputs_xml_flat/GPA-001__R2-002__R1-003__0852.xml,PASS,INFO,R1.D01=NO;R1.D03=SI;R2.D01=SI;R2.D02=SI;R2.D03=NO,MUNICIPIO30233,MUNICIPIO_SIN_CN_TRAB,Si,No,30233,,Regla 2 coherente para validaciones implementadas.
GPA-001__R2-002__R1-003__0853,GPA-001__R2-002__R1-003,02_inputs_xml_flat/GPA-001__R2-002__R1-003__0853.xml,PASS,INFO,R1.D01=NO;R1.D03=SI;R2.D01=SI;R2.D02=SI;R2.D03=NO,MUNICIPIO30231,MUNICIPIO_SIN_CN_TRAB,Si,No,30231,,Regla 2 coherente para validaciones implementadas.
GPA-001__R2-002__R1-003__0854,GPA-001__R2-002__R1-003,02_inputs_xml_flat/GPA-001__R2-002__R1-003__0854.xml,PASS,INFO,R1.D01=NO;R1.D03=SI;R2.D01=SI;R2.D02=SI;R2.D03=NO,MUNICIPIO30232,MUNICIPIO_SIN_CN_TRAB,Si,No,30232,,Regla 2 coherente para validaciones implementadas.
GPA-001__R2-002__R1-003__0855,GPA-001__R2-002__R1-003,02_inputs_xml_flat/GPA-001__R2-002__R1-003__0855.xml,PASS,INFO,R1.D01=NO;R1.D03=SI;R2.D01=SI;R2.D02=SI;R2.D03=NO,MUNICIPIO30233,MUNICIPIO_SIN_CN_TRAB,Si,No,30233,,Regla 2 coherente para validaciones implementadas.
GPA-001__R2-002__R1-003__0856,GPA-001__R2-002__R1-003,02_inputs_xml_flat/GPA-001__R2-002__R1-003__0856.xml,PASS,INFO,R1.D01=NO;R1.D03=SI;R2.D01=SI;R2.D02=SI;R2.D03=NO,MUNICIPIO30231,MUNICIPIO_SIN_CN_TRAB,Si,No,30231,,Regla 2 coherente para validaciones implementadas.
GPA-001__R2-002__R1-003__0857,GPA-001__R2-002__R1-003,02_inputs_xml_flat/GPA-001__R2-002__R1-003__0857.xml,PASS,INFO,R1.D01=NO;R1.D03=SI;R2.D01=SI;R2.D02=SI;R2.D03=NO,MUNICIPIO30232,MUNICIPIO_SIN_CN_TRAB,Si,No,30232,,Regla 2 coherente para validaciones implementadas.
GPA-001__R2-002__R1-003__0858,GPA-001__R2-002__R1-003,02_inputs_xml_flat/GPA-001__R2-002__R1-003__0858.xml,PASS,INFO,R1.D01=NO;R1.D03=SI;R2.D01=SI;R2.D02=SI;R2.D03=NO,MUNICIPIO30233,MUNICIPIO_SIN_CN_TRAB,Si,No,30233,,Regla 2 coherente para validaciones implementadas.
GPA-001__R2-002__R1-003__0859,GPA-001__R2-002__R1-003,02_inputs_xml_flat/GPA-001__R2-002__R1-003__0859.xml,PASS,INFO,R1.D01=NO;R1.D03=SI;R2.D01=SI;R2.D02=SI;R2.D03=NO,MUNICIPIO30231,MUNICIPIO_SIN_CN_TRAB,Si,No,30231,,Regla 2 coherente para validaciones implementadas.
GPA-001__R2-002__R1-003__0860,GPA-001__R2-002__R1-003,02_inputs_xml_flat/GPA-001__R2-002__R1-003__0860.xml,PASS,INFO,R1.D01=NO;R1.D03=SI;R2.D01=SI;R2.D02=SI;R2.D03=NO,MUNICIPIO30232,MUNICIPIO_SIN_CN_TRAB,Si,No,30232,,Regla 2 coherente para validaciones implementadas.
GPA-001__R2-002__R1-003__0861,GPA-001__R2-002__R1-003,02_inputs_xml_flat/GPA-001__R2-002__R1-003__0861.xml,PASS,INFO,R1.D01=NO;R1.D03=SI;R2.D01=SI;R2.D02=SI;R2.D03=NO,MUNICIPIO30233,MUNICIPIO_SIN_CN_TRAB,Si,No,30233,,Regla 2 coherente para validaciones implementadas.
GPA-001__R2-002__R1-003__0862,GPA-001__R2-002__R1-003,02_inputs_xml_flat/GPA-001__R2-002__R1-003__0862.xml,PASS,INFO,R1.D01=NO;R1.D03=SI;R2.D01=SI;R2.D02=SI;R2.D03=NO,MUNICIPIO30231,MUNICIPIO_SIN_CN_TRAB,Si,No,30231,,Regla 2 coherente para validaciones implementadas.
GPA-001__R2-002__R1-003__0863,GPA-001__R2-002__R1-003,02_inputs_xml_flat/GPA-001__R2-002__R1-003__0863.xml,PASS,INFO,R1.D01=NO;R1.D03=SI;R2.D01=SI;R2.D02=SI;R2.D03=NO,MUNICIPIO30232,MUNICIPIO_SIN_CN_TRAB,Si,No,30232,,Regla 2 coherente para validaciones implementadas.
GPA-001__R2-002__R1-003__0864,GPA-001__R2-002__R1-003,02_inputs_xml_flat/GPA-001__R2-002__R1-003__0864.xml,PASS,INFO,R1.D01=NO;R1.D03=SI;R2.D01=SI;R2.D02=SI;R2.D03=NO,MUNICIPIO30233,MUNICIPIO_SIN_CN_TRAB,Si,No,30233,,Regla 2 coherente para validaciones implementadas.
GPA-001__R2-002__R1-003__0865,GPA-001__R2-002__R1-003,02_inputs_xml_flat/GPA-001__R2-002__R1-003__0865.xml,PASS,INFO,R1.D01=NO;R1.D03=SI;R2.D01=SI;R2.D02=SI;R2.D03=NO,MUNICIPIO30231,MUNICIPIO_SIN_CN_TRAB,Si,No,30231,,Regla 2 coherente para validaciones implementadas.
GPA-001__R2-002__R1-003__0866,GPA-001__R2-002__R1-003,02_inputs_xml_flat/GPA-001__R2-002__R1-003__0866.xml,PASS,INFO,R1.D01=NO;R1.D03=SI;R2.D01=SI;R2.D02=SI;R2.D03=NO,MUNICIPIO30232,MUNICIPIO_SIN_CN_TRAB,Si,No,30232,,Regla 2 coherente para validaciones implementadas.
GPA-001__R2-002__R1-003__0867,GPA-001__R2-002__R1-003,02_inputs_xml_flat/GPA-001__R2-002__R1-003__0867.xml,PASS,INFO,R1.D01=NO;R1.D03=SI;R2.D01=SI;R2.D02=SI;R2.D03=NO,MUNICIPIO30233,MUNICIPIO_SIN_CN_TRAB,Si,No,30233,,Regla 2 coherente para validaciones implementadas.
GPA-001__R2-002__R1-003__0868,GPA-001__R2-002__R1-003,02_inputs_xml_flat/GPA-001__R2-002__R1-003__0868.xml,PASS,INFO,R1.D01=NO;R1.D03=SI;R2.D01=SI;R2.D02=SI;R2.D03=NO,MUNICIPIO30231,MUNICIPIO_SIN_CN_TRAB,Si,No,30231,,Regla 2 coherente para validaciones implementadas.
GPA-001__R2-002__R1-003__0869,GPA-001__R2-002__R1-003,02_inputs_xml_flat/GPA-001__R2-002__R1-003__0869.xml,PASS,INFO,R1.D01=NO;R1.D03=SI;R2.D01=SI;R2.D02=SI;R2.D03=NO,MUNICIPIO30232,MUNICIPIO_SIN_CN_TRAB,Si,No,30232,,Regla 2 coherente para validaciones implementadas.
GPA-001__R2-002__R1-003__0870,GPA-001__R2-002__R1-003,02_inputs_xml_flat/GPA-001__R2-002__R1-003__0870.xml,PASS,INFO,R1.D01=NO;R1.D03=SI;R2.D01=SI;R2.D02=SI;R2.D03=NO,MUNICIPIO30233,MUNICIPIO_SIN_CN_TRAB,Si,No,30233,,Regla 2 coherente para validaciones implementadas.
GPA-001__R2-002__R1-003__0871,GPA-001__R2-002__R1-003,02_inputs_xml_flat/GPA-001__R2-002__R1-003__0871.xml,PASS,INFO,R1.D01=NO;R1.D03=SI;R2.D01=SI;R2.D02=SI;R2.D03=NO,MUNICIPIO30231,MUNICIPIO_SIN_CN_TRAB,Si,No,30231,,Regla 2 coherente para validaciones implementadas.
GPA-001__R2-002__R1-003__0872,GPA-001__R2-002__R1-003,02_inputs_xml_flat/GPA-001__R2-002__R1-003__0872.xml,PASS,INFO,R1.D01=NO;R1.D03=SI;R2.D01=SI;R2.D02=SI;R2.D03=NO,MUNICIPIO30232,MUNICIPIO_SIN_CN_TRAB,Si,No,30232,,Regla 2 coherente para validaciones implementadas.
GPA-001__R2-002__R1-003__0873,GPA-001__R2-002__R1-003,02_inputs_xml_flat/GPA-001__R2-002__R1-003__0873.xml,PASS,INFO,R1.D01=NO;R1.D03=SI;R2.D01=SI;R2.D02=SI;R2.D03=NO,MUNICIPIO30233,MUNICIPIO_SIN_CN_TRAB,Si,No,30233,,Regla 2 coherente para validaciones implementadas.
GPA-001__R2-002__R1-003__0874,GPA-001__R2-002__R1-003,02_inputs_xml_flat/GPA-001__R2-002__R1-003__0874.xml,PASS,INFO,R1.D01=NO;R1.D03=SI;R2.D01=SI;R2.D02=SI;R2.D03=NO,MUNICIPIO30231,MUNICIPIO_SIN_CN_TRAB,Si,No,30231,,Regla 2 coherente para validaciones implementadas.
GPA-001__R2-002__R1-003__0875,GPA-001__R2-002__R1-003,02_inputs_xml_flat/GPA-001__R2-002__R1-003__0875.xml,PASS,INFO,R1.D01=NO;R1.D03=SI;R2.D01=SI;R2.D02=SI;R2.D03=NO,MUNICIPIO30232,MUNICIPIO_SIN_CN_TRAB,Si,No,30232,,Regla 2 coherente para validaciones implementadas.
GPA-001__R2-002__R1-003__0876,GPA-001__R2-002__R1-003,02_inputs_xml_flat/GPA-001__R2-002__R1-003__0876.xml,PASS,INFO,R1.D01=NO;R1.D03=SI;R2.D01=SI;R2.D02=SI;R2.D03=NO,MUNICIPIO30233,MUNICIPIO_SIN_CN_TRAB,Si,No,30233,,Regla 2 coherente para validaciones implementadas.
GPA-001__R2-002__R1-003__0877,GPA-001__R2-002__R1-003,02_inputs_xml_flat/GPA-001__R2-002__R1-003__0877.xml,PASS,INFO,R1.D01=NO;R1.D03=SI;R2.D01=SI;R2.D02=SI;R2.D03=NO,MUNICIPIO30231,MUNICIPIO_SIN_CN_TRAB,Si,No,30231,,Regla 2 coherente para validaciones implementadas.
GPA-001__R2-002__R1-003__0878,GPA-001__R2-002__R1-003,02_inputs_xml_flat/GPA-001__R2-002__R1-003__0878.xml,PASS,INFO,R1.D01=NO;R1.D03=SI;R2.D01=SI;R2.D02=SI;R2.D03=NO,MUNICIPIO30232,MUNICIPIO_SIN_CN_TRAB,Si,No,30232,,Regla 2 coherente para validaciones implementadas.
GPA-001__R2-002__R1-003__0879,GPA-001__R2-002__R1-003,02_inputs_xml_flat/GPA-001__R2-002__R1-003__0879.xml,PASS,INFO,R1.D01=NO;R1.D03=SI;R2.D01=SI;R2.D02=SI;R2.D03=NO,MUNICIPIO30233,MUNICIPIO_SIN_CN_TRAB,Si,No,30233,,Regla 2 coherente para validaciones implementadas.
GPA-001__R2-002__R1-003__0880,GPA-001__R2-002__R1-003,02_inputs_xml_flat/GPA-001__R2-002__R1-003__0880.xml,PASS,INFO,R1.D01=NO;R1.D03=SI;R2.D01=SI;R2.D02=SI;R2.D03=NO,MUNICIPIO30231,MUNICIPIO_SIN_CN_TRAB,Si,No,30231,,Regla 2 coherente para validaciones implementadas.
GPA-001__R2-002__R1-003__0881,GPA-001__R2-002__R1-003,02_inputs_xml_flat/GPA-001__R2-002__R1-003__0881.xml,PASS,INFO,R1.D01=NO;R1.D03=SI;R2.D01=SI;R2.D02=SI;R2.D03=NO,MUNICIPIO30232,MUNICIPIO_SIN_CN_TRAB,Si,No,30232,,Regla 2 coherente para validaciones implementadas.
GPA-001__R2-002__R1-003__0882,GPA-001__R2-002__R1-003,02_inputs_xml_flat/GPA-001__R2-002__R1-003__0882.xml,PASS,INFO,R1.D01=NO;R1.D03=SI;R2.D01=SI;R2.D02=SI;R2.D03=NO,MUNICIPIO30233,MUNICIPIO_SIN_CN_TRAB,Si,No,30233,,Regla 2 coherente para validaciones implementadas.
GPA-001__R2-002__R1-003__0883,GPA-001__R2-002__R1-003,02_inputs_xml_flat/GPA-001__R2-002__R1-003__0883.xml,PASS,INFO,R1.D01=NO;R1.D03=SI;R2.D01=SI;R2.D02=SI;R2.D03=NO,MUNICIPIO30231,MUNICIPIO_SIN_CN_TRAB,Si,No,30231,,Regla 2 coherente para validaciones implementadas.
GPA-001__R2-002__R1-003__0884,GPA-001__R2-002__R1-003,02_inputs_xml_flat/GPA-001__R2-002__R1-003__0884.xml,PASS,INFO,R1.D01=NO;R1.D03=SI;R2.D01=SI;R2.D02=SI;R2.D03=NO,MUNICIPIO30232,MUNICIPIO_SIN_CN_TRAB,Si,No,30232,,Regla 2 coherente para validaciones implementadas.
GPA-001__R2-002__R1-003__0885,GPA-001__R2-002__R1-003,02_inputs_xml_flat/GPA-001__R2-002__R1-003__0885.xml,PASS,INFO,R1.D01=NO;R1.D03=SI;R2.D01=SI;R2.D02=SI;R2.D03=NO,MUNICIPIO30233,MUNICIPIO_SIN_CN_TRAB,Si,No,30233,,Regla 2 coherente para validaciones implementadas.
GPA-001__R2-002__R1-003__0886,GPA-001__R2-002__R1-003,02_inputs_xml_flat/GPA-001__R2-002__R1-003__0886.xml,PASS,INFO,R1.D01=NO;R1.D03=SI;R2.D01=SI;R2.D02=SI;R2.D03=NO,MUNICIPIO30231,MUNICIPIO_SIN_CN_TRAB,Si,No,30231,,Regla 2 coherente para validaciones implementadas.
GPA-001__R2-002__R1-003__0887,GPA-001__R2-002__R1-003,02_inputs_xml_flat/GPA-001__R2-002__R1-003__0887.xml,PASS,INFO,R1.D01=NO;R1.D03=SI;R2.D01=SI;R2.D02=SI;R2.D03=NO,MUNICIPIO30232,MUNICIPIO_SIN_CN_TRAB,Si,No,30232,,Regla 2 coherente para validaciones implementadas.
GPA-001__R2-002__R1-003__0888,GPA-001__R2-002__R1-003,02_inputs_xml_flat/GPA-001__R2-002__R1-003__0888.xml,PASS,INFO,R1.D01=NO;R1.D03=SI;R2.D01=SI;R2.D02=SI;R2.D03=NO,MUNICIPIO30233,MUNICIPIO_SIN_CN_TRAB,Si,No,30233,,Regla 2 coherente para validaciones implementadas.
GPA-001__R2-002__R1-003__0889,GPA-001__R2-002__R1-003,02_inputs_xml_flat/GPA-001__R2-002__R1-003__0889.xml,PASS,INFO,R1.D01=NO;R1.D03=SI;R2.D01=SI;R2.D02=SI;R2.D03=NO,MUNICIPIO30231,MUNICIPIO_SIN_CN_TRAB,Si,No,30231,,Regla 2 coherente para validaciones implementadas.
GPA-001__R2-002__R1-003__0890,GPA-001__R2-002__R1-003,02_inputs_xml_flat/GPA-001__R2-002__R1-003__0890.xml,PASS,INFO,R1.D01=NO;R1.D03=SI;R2.D01=SI;R2.D02=SI;R2.D03=NO,MUNICIPIO30232,MUNICIPIO_SIN_CN_TRAB,Si,No,30232,,Regla 2 coherente para validaciones implementadas.
GPA-001__R2-002__R1-003__0891,GPA-001__R2-002__R1-003,02_inputs_xml_flat/GPA-001__R2-002__R1-003__0891.xml,PASS,INFO,R1.D01=NO;R1.D03=SI;R2.D01=SI;R2.D02=SI;R2.D03=NO,MUNICIPIO30233,MUNICIPIO_SIN_CN_TRAB,Si,No,30233,,Regla 2 coherente para validaciones implementadas.
GPA-001__R2-002__R1-003__0892,GPA-001__R2-002__R1-003,02_inputs_xml_flat/GPA-001__R2-002__R1-003__0892.xml,PASS,INFO,R1.D01=NO;R1.D03=SI;R2.D01=SI;R2.D02=SI;R2.D03=NO,MUNICIPIO30231,MUNICIPIO_SIN_CN_TRAB,Si,No,30231,,Regla 2 coherente para validaciones implementadas.
GPA-001__R2-002__R1-003__0893,GPA-001__R2-002__R1-003,02_inputs_xml_flat/GPA-001__R2-002__R1-003__0893.xml,PASS,INFO,R1.D01=NO;R1.D03=SI;R2.D01=SI;R2.D02=SI;R2.D03=NO,MUNICIPIO30232,MUNICIPIO_SIN_CN_TRAB,Si,No,30232,,Regla 2 coherente para validaciones implementadas.
GPA-001__R2-002__R1-003__0894,GPA-001__R2-002__R1-003,02_inputs_xml_flat/GPA-001__R2-002__R1-003__0894.xml,PASS,INFO,R1.D01=NO;R1.D03=SI;R2.D01=SI;R2.D02=SI;R2.D03=NO,MUNICIPIO30233,MUNICIPIO_SIN_CN_TRAB,Si,No,30233,,Regla 2 coherente para validaciones implementadas.
GPA-001__R2-002__R1-003__0895,GPA-001__R2-002__R1-003,02_inputs_xml_flat/GPA-001__R2-002__R1-003__0895.xml,PASS,INFO,R1.D01=NO;R1.D03=SI;R2.D01=SI;R2.D02=SI;R2.D03=NO,MUNICIPIO30231,MUNICIPIO_SIN_CN_TRAB,Si,No,30231,,Regla 2 coherente para validaciones implementadas.
GPA-001__R2-002__R1-003__0896,GPA-001__R2-002__R1-003,02_inputs_xml_flat/GPA-001__R2-002__R1-003__0896.xml,PASS,INFO,R1.D01=NO;R1.D03=SI;R2.D01=SI;R2.D02=SI;R2.D03=NO,MUNICIPIO30232,MUNICIPIO_SIN_CN_TRAB,Si,No,30232,,Regla 2 coherente para validaciones implementadas.
GPA-001__R2-002__R1-003__0897,GPA-001__R2-002__R1-003,02_inputs_xml_flat/GPA-001__R2-002__R1-003__0897.xml,PASS,INFO,R1.D01=NO;R1.D03=SI;R2.D01=SI;R2.D02=SI;R2.D03=NO,MUNICIPIO30233,MUNICIPIO_SIN_CN_TRAB,Si,No,30233,,Regla 2 coherente para validaciones implementadas.
GPA-001__R2-002__R1-003__0898,GPA-001__R2-002__R1-003,02_inputs_xml_flat/GPA-001__R2-002__R1-003__0898.xml,PASS,INFO,R1.D01=NO;R1.D03=SI;R2.D01=SI;R2.D02=SI;R2.D03=NO,MUNICIPIO30231,MUNICIPIO_SIN_CN_TRAB,Si,No,30231,,Regla 2 coherente para validaciones implementadas.
GPA-001__R2-002__R1-003__0899,GPA-001__R2-002__R1-003,02_inputs_xml_flat/GPA-001__R2-002__R1-003__0899.xml,PASS,INFO,R1.D01=NO;R1.D03=SI;R2.D01=SI;R2.D02=SI;R2.D03=NO,MUNICIPIO30232,MUNICIPIO_SIN_CN_TRAB,Si,No,30232,,Regla 2 coherente para validaciones implementadas.
GPA-001__R2-002__R1-003__0900,GPA-001__R2-002__R1-003,02_inputs_xml_flat/GPA-001__R2-002__R1-003__0900.xml,PASS,INFO,R1.D01=NO;R1.D03=SI;R2.D01=SI;R2.D02=SI;R2.D03=NO,MUNICIPIO30233,MUNICIPIO_SIN_CN_TRAB,Si,No,30233,,Regla 2 coherente para validaciones implementadas.
GPA-001__R2-002__R1-003__0901,GPA-001__R2-002__R1-003,02_inputs_xml_flat/GPA-001__R2-002__R1-003__0901.xml,PASS,INFO,R1.D01=NO;R1.D03=SI;R2.D01=SI;R2.D02=SI;R2.D03=NO,MUNICIPIO30231,MUNICIPIO_SIN_CN_TRAB,Si,No,30231,,Regla 2 coherente para validaciones implementadas.
GPA-001__R2-002__R1-003__0902,GPA-001__R2-002__R1-003,02_inputs_xml_flat/GPA-001__R2-002__R1-003__0902.xml,PASS,INFO,R1.D01=NO;R1.D03=SI;R2.D01=SI;R2.D02=SI;R2.D03=NO,MUNICIPIO30232,MUNICIPIO_SIN_CN_TRAB,Si,No,30232,,Regla 2 coherente para validaciones implementadas.
GPA-001__R2-002__R1-003__0903,GPA-001__R2-002__R1-003,02_inputs_xml_flat/GPA-001__R2-002__R1-003__0903.xml,PASS,INFO,R1.D01=NO;R1.D03=SI;R2.D01=SI;R2.D02=SI;R2.D03=NO,MUNICIPIO30233,MUNICIPIO_SIN_CN_TRAB,Si,No,30233,,Regla 2 coherente para validaciones implementadas.
GPA-001__R2-002__R1-003__0904,GPA-001__R2-002__R1-003,02_inputs_xml_flat/GPA-001__R2-002__R1-003__0904.xml,PASS,INFO,R1.D01=NO;R1.D03=SI;R2.D01=SI;R2.D02=SI;R2.D03=NO,MUNICIPIO30231,MUNICIPIO_SIN_CN_TRAB,Si,No,30231,,Regla 2 coherente para validaciones implementadas.
GPA-001__R2-002__R1-003__0905,GPA-001__R2-002__R1-003,02_inputs_xml_flat/GPA-001__R2-002__R1-003__0905.xml,PASS,INFO,R1.D01=NO;R1.D03=SI;R2.D01=SI;R2.D02=SI;R2.D03=NO,MUNICIPIO30232,MUNICIPIO_SIN_CN_TRAB,Si,No,30232,,Regla 2 coherente para validaciones implementadas.
GPA-001__R2-002__R1-003__0906,GPA-001__R2-002__R1-003,02_inputs_xml_flat/GPA-001__R2-002__R1-003__0906.xml,PASS,INFO,R1.D01=NO;R1.D03=SI;R2.D01=SI;R2.D02=SI;R2.D03=NO,MUNICIPIO30233,MUNICIPIO_SIN_CN_TRAB,Si,No,30233,,Regla 2 coherente para validaciones implementadas.
GPA-001__R2-002__R1-003__0907,GPA-001__R2-002__R1-003,02_inputs_xml_flat/GPA-001__R2-002__R1-003__0907.xml,PASS,INFO,R1.D01=NO;R1.D03=SI;R2.D01=SI;R2.D02=SI;R2.D03=NO,MUNICIPIO30231,MUNICIPIO_SIN_CN_TRAB,Si,No,30231,,Regla 2 coherente para validaciones implementadas.
GPA-001__R2-002__R1-003__0908,GPA-001__R2-002__R1-003,02_inputs_xml_flat/GPA-001__R2-002__R1-003__0908.xml,PASS,INFO,R1.D01=NO;R1.D03=SI;R2.D01=SI;R2.D02=SI;R2.D03=NO,MUNICIPIO30232,MUNICIPIO_SIN_CN_TRAB,Si,No,30232,,Regla 2 coherente para validaciones implementadas.
GPA-001__R2-002__R1-003__0909,GPA-001__R2-002__R1-003,02_inputs_xml_flat/GPA-001__R2-002__R1-003__0909.xml,PASS,INFO,R1.D01=NO;R1.D03=SI;R2.D01=SI;R2.D02=SI;R2.D03=NO,MUNICIPIO30233,MUNICIPIO_SIN_CN_TRAB,Si,No,30233,,Regla 2 coherente para validaciones implementadas.
GPA-001__R2-002__R1-003__0910,GPA-001__R2-002__R1-003,02_inputs_xml_flat/GPA-001__R2-002__R1-003__0910.xml,PASS,INFO,R1.D01=NO;R1.D03=SI;R2.D01=SI;R2.D02=SI;R2.D03=NO,MUNICIPIO30231,MUNICIPIO_SIN_CN_TRAB,Si,No,30231,,Regla 2 coherente para validaciones implementadas.
GPA-001__R2-002__R1-003__0911,GPA-001__R2-002__R1-003,02_inputs_xml_flat/GPA-001__R2-002__R1-003__0911.xml,PASS,INFO,R1.D01=NO;R1.D03=SI;R2.D01=SI;R2.D02=SI;R2.D03=NO,MUNICIPIO30232,MUNICIPIO_SIN_CN_TRAB,Si,No,30232,,Regla 2 coherente para validaciones implementadas.
GPA-001__R2-002__R1-003__0912,GPA-001__R2-002__R1-003,02_inputs_xml_flat/GPA-001__R2-002__R1-003__0912.xml,PASS,INFO,R1.D01=NO;R1.D03=SI;R2.D01=SI;R2.D02=SI;R2.D03=NO,MUNICIPIO30233,MUNICIPIO_SIN_CN_TRAB,Si,No,30233,,Regla 2 coherente para validaciones implementadas.
GPA-001__R2-002__R1-003__0913,GPA-001__R2-002__R1-003,02_inputs_xml_flat/GPA-001__R2-002__R1-003__0913.xml,PASS,INFO,R1.D01=NO;R1.D03=SI;R2.D01=SI;R2.D02=SI;R2.D03=NO,MUNICIPIO30231,MUNICIPIO_SIN_CN_TRAB,Si,No,30231,,Regla 2 coherente para validaciones implementadas.
GPA-001__R2-002__R1-003__0914,GPA-001__R2-002__R1-003,02_inputs_xml_flat/GPA-001__R2-002__R1-003__0914.xml,PASS,INFO,R1.D01=NO;R1.D03=SI;R2.D01=SI;R2.D02=SI;R2.D03=NO,MUNICIPIO30232,MUNICIPIO_SIN_CN_TRAB,Si,No,30232,,Regla 2 coherente para validaciones implementadas.
GPA-001__R2-002__R1-003__0915,GPA-001__R2-002__R1-003,02_inputs_xml_flat/GPA-001__R2-002__R1-003__0915.xml,PASS,INFO,R1.D01=NO;R1.D03=SI;R2.D01=SI;R2.D02=SI;R2.D03=NO,MUNICIPIO30233,MUNICIPIO_SIN_CN_TRAB,Si,No,30233,,Regla 2 coherente para validaciones implementadas.
GPA-001__R2-002__R1-003__0916,GPA-001__R2-002__R1-003,02_inputs_xml_flat/GPA-001__R2-002__R1-003__0916.xml,PASS,INFO,R1.D01=NO;R1.D03=SI;R2.D01=SI;R2.D02=SI;R2.D03=NO,MUNICIPIO30231,MUNICIPIO_SIN_CN_TRAB,Si,No,30231,,Regla 2 coherente para validaciones implementadas.
GPA-001__R2-002__R1-003__0917,GPA-001__R2-002__R1-003,02_inputs_xml_flat/GPA-001__R2-002__R1-003__0917.xml,PASS,INFO,R1.D01=NO;R1.D03=SI;R2.D01=SI;R2.D02=SI;R2.D03=NO,MUNICIPIO30232,MUNICIPIO_SIN_CN_TRAB,Si,No,30232,,Regla 2 coherente para validaciones implementadas.
GPA-001__R2-002__R1-003__0918,GPA-001__R2-002__R1-003,02_inputs_xml_flat/GPA-001__R2-002__R1-003__0918.xml,PASS,INFO,R1.D01=NO;R1.D03=SI;R2.D01=SI;R2.D02=SI;R2.D03=NO,MUNICIPIO30233,MUNICIPIO_SIN_CN_TRAB,Si,No,30233,,Regla 2 coherente para validaciones implementadas.
GPA-001__R2-002__R1-003__0919,GPA-001__R2-002__R1-003,02_inputs_xml_flat/GPA-001__R2-002__R1-003__0919.xml,PASS,INFO,R1.D01=NO;R1.D03=SI;R2.D01=SI;R2.D02=SI;R2.D03=NO,MUNICIPIO30231,MUNICIPIO_SIN_CN_TRAB,Si,No,30231,,Regla 2 coherente para validaciones implementadas.
GPA-001__R2-002__R1-003__0920,GPA-001__R2-002__R1-003,02_inputs_xml_flat/GPA-001__R2-002__R1-003__0920.xml,PASS,INFO,R1.D01=NO;R1.D03=SI;R2.D01=SI;R2.D02=SI;R2.D03=NO,MUNICIPIO30232,MUNICIPIO_SIN_CN_TRAB,Si,No,30232,,Regla 2 coherente para validaciones implementadas.
GPA-001__R2-002__R1-003__0921,GPA-001__R2-002__R1-003,02_inputs_xml_flat/GPA-001__R2-002__R1-003__0921.xml,PASS,INFO,R1.D01=NO;R1.D03=SI;R2.D01=SI;R2.D02=SI;R2.D03=NO,MUNICIPIO30233,MUNICIPIO_SIN_CN_TRAB,Si,No,30233,,Regla 2 coherente para validaciones implementadas.
GPA-001__R2-002__R1-003__0922,GPA-001__R2-002__R1-003,02_inputs_xml_flat/GPA-001__R2-002__R1-003__0922.xml,PASS,INFO,R1.D01=NO;R1.D03=SI;R2.D01=SI;R2.D02=SI;R2.D03=NO,MUNICIPIO30231,MUNICIPIO_SIN_CN_TRAB,Si,No,30231,,Regla 2 coherente para validaciones implementadas.
GPA-001__R2-002__R1-003__0923,GPA-001__R2-002__R1-003,02_inputs_xml_flat/GPA-001__R2-002__R1-003__0923.xml,PASS,INFO,R1.D01=NO;R1.D03=SI;R2.D01=SI;R2.D02=SI;R2.D03=NO,MUNICIPIO30232,MUNICIPIO_SIN_CN_TRAB,Si,No,30232,,Regla 2 coherente para validaciones implementadas.
GPA-001__R2-002__R1-003__0924,GPA-001__R2-002__R1-003,02_inputs_xml_flat/GPA-001__R2-002__R1-003__0924.xml,PASS,INFO,R1.D01=NO;R1.D03=SI;R2.D01=SI;R2.D02=SI;R2.D03=NO,MUNICIPIO30233,MUNICIPIO_SIN_CN_TRAB,Si,No,30233,,Regla 2 coherente para validaciones implementadas.
GPA-001__R2-002__R1-003__0925,GPA-001__R2-002__R1-003,02_inputs_xml_flat/GPA-001__R2-002__R1-003__0925.xml,PASS,INFO,R1.D01=NO;R1.D03=SI;R2.D01=SI;R2.D02=SI;R2.D03=NO,MUNICIPIO30231,MUNICIPIO_SIN_CN_TRAB,Si,No,30231,,Regla 2 coherente para validaciones implementadas.
GPA-001__R2-002__R1-003__0926,GPA-001__R2-002__R1-003,02_inputs_xml_flat/GPA-001__R2-002__R1-003__0926.xml,PASS,INFO,R1.D01=NO;R1.D03=SI;R2.D01=SI;R2.D02=SI;R2.D03=NO,MUNICIPIO30232,MUNICIPIO_SIN_CN_TRAB,Si,No,30232,,Regla 2 coherente para validaciones implementadas.
GPA-001__R2-002__R1-003__0927,GPA-001__R2-002__R1-003,02_inputs_xml_flat/GPA-001__R2-002__R1-003__0927.xml,PASS,INFO,R1.D01=NO;R1.D03=SI;R2.D01=SI;R2.D02=SI;R2.D03=NO,MUNICIPIO30233,MUNICIPIO_SIN_CN_TRAB,Si,No,30233,,Regla 2 coherente para validaciones implementadas.
GPA-001__R2-002__R1-003__0928,GPA-001__R2-002__R1-003,02_inputs_xml_flat/GPA-001__R2-002__R1-003__0928.xml,PASS,INFO,R1.D01=NO;R1.D03=SI;R2.D01=SI;R2.D02=SI;R2.D03=NO,MUNICIPIO30231,MUNICIPIO_SIN_CN_TRAB,Si,No,30231,,Regla 2 coherente para validaciones implementadas.
GPA-001__R2-002__R1-003__0929,GPA-001__R2-002__R1-003,02_inputs_xml_flat/GPA-001__R2-002__R1-003__0929.xml,PASS,INFO,R1.D01=NO;R1.D03=SI;R2.D01=SI;R2.D02=SI;R2.D03=NO,MUNICIPIO30232,MUNICIPIO_SIN_CN_TRAB,Si,No,30232,,Regla 2 coherente para validaciones implementadas.
GPA-001__R2-002__R1-003__0930,GPA-001__R2-002__R1-003,02_inputs_xml_flat/GPA-001__R2-002__R1-003__0930.xml,PASS,INFO,R1.D01=NO;R1.D03=SI;R2.D01=SI;R2.D02=SI;R2.D03=NO,MUNICIPIO30233,MUNICIPIO_SIN_CN_TRAB,Si,No,30233,,Regla 2 coherente para validaciones implementadas.
GPA-001__R2-002__R1-003__0931,GPA-001__R2-002__R1-003,02_inputs_xml_flat/GPA-001__R2-002__R1-003__0931.xml,PASS,INFO,R1.D01=NO;R1.D03=SI;R2.D01=SI;R2.D02=SI;R2.D03=NO,MUNICIPIO30231,MUNICIPIO_SIN_CN_TRAB,Si,No,30231,,Regla 2 coherente para validaciones implementadas.
GPA-001__R2-002__R1-003__0932,GPA-001__R2-002__R1-003,02_inputs_xml_flat/GPA-001__R2-002__R1-003__0932.xml,PASS,INFO,R1.D01=NO;R1.D03=SI;R2.D01=SI;R2.D02=SI;R2.D03=NO,MUNICIPIO30232,MUNICIPIO_SIN_CN_TRAB,Si,No,30232,,Regla 2 coherente para validaciones implementadas.
GPA-001__R2-002__R1-003__0933,GPA-001__R2-002__R1-003,02_inputs_xml_flat/GPA-001__R2-002__R1-003__0933.xml,PASS,INFO,R1.D01=NO;R1.D03=SI;R2.D01=SI;R2.D02=SI;R2.D03=NO,MUNICIPIO30233,MUNICIPIO_SIN_CN_TRAB,Si,No,30233,,Regla 2 coherente para validaciones implementadas.
GPA-001__R2-002__R1-003__0934,GPA-001__R2-002__R1-003,02_inputs_xml_flat/GPA-001__R2-002__R1-003__0934.xml,PASS,INFO,R1.D01=NO;R1.D03=SI;R2.D01=SI;R2.D02=SI;R2.D03=NO,MUNICIPIO30231,MUNICIPIO_SIN_CN_TRAB,Si,No,30231,,Regla 2 coherente para validaciones implementadas.
GPA-001__R2-002__R1-003__0935,GPA-001__R2-002__R1-003,02_inputs_xml_flat/GPA-001__R2-002__R1-003__0935.xml,PASS,INFO,R1.D01=NO;R1.D03=SI;R2.D01=SI;R2.D02=SI;R2.D03=NO,MUNICIPIO30232,MUNICIPIO_SIN_CN_TRAB,Si,No,30232,,Regla 2 coherente para validaciones implementadas.
GPA-001__R2-002__R1-003__0936,GPA-001__R2-002__R1-003,02_inputs_xml_flat/GPA-001__R2-002__R1-003__0936.xml,PASS,INFO,R1.D01=NO;R1.D03=SI;R2.D01=SI;R2.D02=SI;R2.D03=NO,MUNICIPIO30233,MUNICIPIO_SIN_CN_TRAB,Si,No,30233,,Regla 2 coherente para validaciones implementadas.
GPA-001__R2-002__R1-003__0937,GPA-001__R2-002__R1-003,02_inputs_xml_flat/GPA-001__R2-002__R1-003__0937.xml,PASS,INFO,R1.D01=NO;R1.D03=SI;R2.D01=SI;R2.D02=SI;R2.D03=NO,MUNICIPIO30231,MUNICIPIO_SIN_CN_TRAB,Si,No,30231,,Regla 2 coherente para validaciones implementadas.
GPA-001__R2-002__R1-003__0938,GPA-001__R2-002__R1-003,02_inputs_xml_flat/GPA-001__R2-002__R1-003__0938.xml,PASS,INFO,R1.D01=NO;R1.D03=SI;R2.D01=SI;R2.D02=SI;R2.D03=NO,MUNICIPIO30232,MUNICIPIO_SIN_CN_TRAB,Si,No,30232,,Regla 2 coherente para validaciones implementadas.
GPA-001__R2-002__R1-003__0939,GPA-001__R2-002__R1-003,02_inputs_xml_flat/GPA-001__R2-002__R1-003__0939.xml,PASS,INFO,R1.D01=NO;R1.D03=SI;R2.D01=SI;R2.D02=SI;R2.D03=NO,MUNICIPIO30233,MUNICIPIO_SIN_CN_TRAB,Si,No,30233,,Regla 2 coherente para validaciones implementadas.
GPA-001__R2-002__R1-003__0940,GPA-001__R2-002__R1-003,02_inputs_xml_flat/GPA-001__R2-002__R1-003__0940.xml,PASS,INFO,R1.D01=NO;R1.D03=SI;R2.D01=SI;R2.D02=SI;R2.D03=NO,MUNICIPIO30231,MUNICIPIO_SIN_CN_TRAB,Si,No,30231,,Regla 2 coherente para validaciones implementadas.
GPA-001__R2-002__R1-003__0941,GPA-001__R2-002__R1-003,02_inputs_xml_flat/GPA-001__R2-002__R1-003__0941.xml,PASS,INFO,R1.D01=NO;R1.D03=SI;R2.D01=SI;R2.D02=SI;R2.D03=NO,MUNICIPIO30232,MUNICIPIO_SIN_CN_TRAB,Si,No,30232,,Regla 2 coherente para validaciones implementadas.
GPA-001__R2-002__R1-003__0942,GPA-001__R2-002__R1-003,02_inputs_xml_flat/GPA-001__R2-002__R1-003__0942.xml,PASS,INFO,R1.D01=NO;R1.D03=SI;R2.D01=SI;R2.D02=SI;R2.D03=NO,MUNICIPIO30233,MUNICIPIO_SIN_CN_TRAB,Si,No,30233,,Regla 2 coherente para validaciones implementadas.
GPA-001__R2-002__R1-003__0943,GPA-001__R2-002__R1-003,02_inputs_xml_flat/GPA-001__R2-002__R1-003__0943.xml,PASS,INFO,R1.D01=NO;R1.D03=SI;R2.D01=SI;R2.D02=SI;R2.D03=NO,MUNICIPIO30231,MUNICIPIO_SIN_CN_TRAB,Si,No,30231,,Regla 2 coherente para validaciones implementadas.
GPA-001__R2-002__R1-003__0944,GPA-001__R2-002__R1-003,02_inputs_xml_flat/GPA-001__R2-002__R1-003__0944.xml,PASS,INFO,R1.D01=NO;R1.D03=SI;R2.D01=SI;R2.D02=SI;R2.D03=NO,MUNICIPIO30232,MUNICIPIO_SIN_CN_TRAB,Si,No,30232,,Regla 2 coherente para validaciones implementadas.
GPA-001__R2-002__R1-003__0945,GPA-001__R2-002__R1-003,02_inputs_xml_flat/GPA-001__R2-002__R1-003__0945.xml,PASS,INFO,R1.D01=NO;R1.D03=SI;R2.D01=SI;R2.D02=SI;R2.D03=NO,MUNICIPIO30233,MUNICIPIO_SIN_CN_TRAB,Si,No,30233,,Regla 2 coherente para validaciones implementadas.
GPA-001__R2-002__R1-003__0946,GPA-001__R2-002__R1-003,02_inputs_xml_flat/GPA-001__R2-002__R1-003__0946.xml,PASS,INFO,R1.D01=NO;R1.D03=SI;R2.D01=SI;R2.D02=SI;R2.D03=NO,MUNICIPIO30231,MUNICIPIO_SIN_CN_TRAB,Si,No,30231,,Regla 2 coherente para validaciones implementadas.
GPA-001__R2-002__R1-003__0947,GPA-001__R2-002__R1-003,02_inputs_xml_flat/GPA-001__R2-002__R1-003__0947.xml,PASS,INFO,R1.D01=NO;R1.D03=SI;R2.D01=SI;R2.D02=SI;R2.D03=NO,MUNICIPIO30232,MUNICIPIO_SIN_CN_TRAB,Si,No,30232,,Regla 2 coherente para validaciones implementadas.
GPA-001__R2-002__R1-003__0948,GPA-001__R2-002__R1-003,02_inputs_xml_flat/GPA-001__R2-002__R1-003__0948.xml,PASS,INFO,R1.D01=NO;R1.D03=SI;R2.D01=SI;R2.D02=SI;R2.D03=NO,MUNICIPIO30233,MUNICIPIO_SIN_CN_TRAB,Si,No,30233,,Regla 2 coherente para validaciones implementadas.
GPA-001__R2-002__R1-003__0949,GPA-001__R2-002__R1-003,02_inputs_xml_flat/GPA-001__R2-002__R1-003__0949.xml,PASS,INFO,R1.D01=NO;R1.D03=SI;R2.D01=SI;R2.D02=SI;R2.D03=NO,MUNICIPIO30231,MUNICIPIO_SIN_CN_TRAB,Si,No,30231,,Regla 2 coherente para validaciones implementadas.
GPA-001__R2-002__R1-003__0950,GPA-001__R2-002__R1-003,02_inputs_xml_flat/GPA-001__R2-002__R1-003__0950.xml,PASS,INFO,R1.D01=NO;R1.D03=SI;R2.D01=SI;R2.D02=SI;R2.D03=NO,MUNICIPIO30232,MUNICIPIO_SIN_CN_TRAB,Si,No,30232,,Regla 2 coherente para validaciones implementadas.
GPA-001__R2-002__R1-003__0951,GPA-001__R2-002__R1-003,02_inputs_xml_flat/GPA-001__R2-002__R1-003__0951.xml,PASS,INFO,R1.D01=NO;R1.D03=SI;R2.D01=SI;R2.D02=SI;R2.D03=NO,MUNICIPIO30233,MUNICIPIO_SIN_CN_TRAB,Si,No,30233,,Regla 2 coherente para validaciones implementadas.
GPA-001__R2-002__R1-003__0952,GPA-001__R2-002__R1-003,02_inputs_xml_flat/GPA-001__R2-002__R1-003__0952.xml,PASS,INFO,R1.D01=NO;R1.D03=SI;R2.D01=SI;R2.D02=SI;R2.D03=NO,MUNICIPIO30231,MUNICIPIO_SIN_CN_TRAB,Si,No,30231,,Regla 2 coherente para validaciones implementadas.
GPA-001__R2-002__R1-003__0953,GPA-001__R2-002__R1-003,02_inputs_xml_flat/GPA-001__R2-002__R1-003__0953.xml,PASS,INFO,R1.D01=NO;R1.D03=SI;R2.D01=SI;R2.D02=SI;R2.D03=NO,MUNICIPIO30232,MUNICIPIO_SIN_CN_TRAB,Si,No,30232,,Regla 2 coherente para validaciones implementadas.
GPA-001__R2-002__R1-003__0954,GPA-001__R2-002__R1-003,02_inputs_xml_flat/GPA-001__R2-002__R1-003__0954.xml,PASS,INFO,R1.D01=NO;R1.D03=SI;R2.D01=SI;R2.D02=SI;R2.D03=NO,MUNICIPIO30233,MUNICIPIO_SIN_CN_TRAB,Si,No,30233,,Regla 2 coherente para validaciones implementadas.
GPA-001__R2-002__R1-003__0955,GPA-001__R2-002__R1-003,02_inputs_xml_flat/GPA-001__R2-002__R1-003__0955.xml,PASS,INFO,R1.D01=NO;R1.D03=SI;R2.D01=SI;R2.D02=SI;R2.D03=NO,MUNICIPIO30231,MUNICIPIO_SIN_CN_TRAB,Si,No,30231,,Regla 2 coherente para validaciones implementadas.
GPA-001__R2-002__R1-003__0956,GPA-001__R2-002__R1-003,02_inputs_xml_flat/GPA-001__R2-002__R1-003__0956.xml,PASS,INFO,R1.D01=NO;R1.D03=SI;R2.D01=SI;R2.D02=SI;R2.D03=NO,MUNICIPIO30232,MUNICIPIO_SIN_CN_TRAB,Si,No,30232,,Regla 2 coherente para validaciones implementadas.
GPA-001__R2-002__R1-003__0957,GPA-001__R2-002__R1-003,02_inputs_xml_flat/GPA-001__R2-002__R1-003__0957.xml,PASS,INFO,R1.D01=NO;R1.D03=SI;R2.D01=SI;R2.D02=SI;R2.D03=NO,MUNICIPIO30233,MUNICIPIO_SIN_CN_TRAB,Si,No,30233,,Regla 2 coherente para validaciones implementadas.
GPA-001__R2-002__R1-003__0958,GPA-001__R2-002__R1-003,02_inputs_xml_flat/GPA-001__R2-002__R1-003__0958.xml,PASS,INFO,R1.D01=NO;R1.D03=SI;R2.D01=SI;R2.D02=SI;R2.D03=NO,MUNICIPIO30231,MUNICIPIO_SIN_CN_TRAB,Si,No,30231,,Regla 2 coherente para validaciones implementadas.
GPA-001__R2-002__R1-003__0959,GPA-001__R2-002__R1-003,02_inputs_xml_flat/GPA-001__R2-002__R1-003__0959.xml,PASS,INFO,R1.D01=NO;R1.D03=SI;R2.D01=SI;R2.D02=SI;R2.D03=NO,MUNICIPIO30232,MUNICIPIO_SIN_CN_TRAB,Si,No,30232,,Regla 2 coherente para validaciones implementadas.
GPA-001__R2-002__R1-003__0960,GPA-001__R2-002__R1-003,02_inputs_xml_flat/GPA-001__R2-002__R1-003__0960.xml,PASS,INFO,R1.D01=NO;R1.D03=SI;R2.D01=SI;R2.D02=SI;R2.D03=NO,MUNICIPIO30233,MUNICIPIO_SIN_CN_TRAB,Si,No,30233,,Regla 2 coherente para validaciones implementadas.
GPA-001__R2-002__R1-003__0961,GPA-001__R2-002__R1-003,02_inputs_xml_flat/GPA-001__R2-002__R1-003__0961.xml,PASS,INFO,R1.D01=NO;R1.D03=SI;R2.D01=SI;R2.D02=SI;R2.D03=NO,MUNICIPIO30231,MUNICIPIO_SIN_CN_TRAB,Si,No,30231,,Regla 2 coherente para validaciones implementadas.
GPA-001__R2-002__R1-003__0962,GPA-001__R2-002__R1-003,02_inputs_xml_flat/GPA-001__R2-002__R1-003__0962.xml,PASS,INFO,R1.D01=NO;R1.D03=SI;R2.D01=SI;R2.D02=SI;R2.D03=NO,MUNICIPIO30232,MUNICIPIO_SIN_CN_TRAB,Si,No,30232,,Regla 2 coherente para validaciones implementadas.
GPA-001__R2-002__R1-003__0963,GPA-001__R2-002__R1-003,02_inputs_xml_flat/GPA-001__R2-002__R1-003__0963.xml,PASS,INFO,R1.D01=NO;R1.D03=SI;R2.D01=SI;R2.D02=SI;R2.D03=NO,MUNICIPIO30233,MUNICIPIO_SIN_CN_TRAB,Si,No,30233,,Regla 2 coherente para validaciones implementadas.
GPA-001__R2-002__R1-003__0964,GPA-001__R2-002__R1-003,02_inputs_xml_flat/GPA-001__R2-002__R1-003__0964.xml,PASS,INFO,R1.D01=NO;R1.D03=SI;R2.D01=SI;R2.D02=SI;R2.D03=NO,MUNICIPIO30231,MUNICIPIO_SIN_CN_TRAB,Si,No,30231,,Regla 2 coherente para validaciones implementadas.
GPA-001__R2-002__R1-003__0965,GPA-001__R2-002__R1-003,02_inputs_xml_flat/GPA-001__R2-002__R1-003__0965.xml,PASS,INFO,R1.D01=NO;R1.D03=SI;R2.D01=SI;R2.D02=SI;R2.D03=NO,MUNICIPIO30232,MUNICIPIO_SIN_CN_TRAB,Si,No,30232,,Regla 2 coherente para validaciones implementadas.
GPA-001__R2-002__R1-003__0966,GPA-001__R2-002__R1-003,02_inputs_xml_flat/GPA-001__R2-002__R1-003__0966.xml,PASS,INFO,R1.D01=NO;R1.D03=SI;R2.D01=SI;R2.D02=SI;R2.D03=NO,MUNICIPIO30233,MUNICIPIO_SIN_CN_TRAB,Si,No,30233,,Regla 2 coherente para validaciones implementadas.
GPA-001__R2-002__R1-003__0967,GPA-001__R2-002__R1-003,02_inputs_xml_flat/GPA-001__R2-002__R1-003__0967.xml,PASS,INFO,R1.D01=NO;R1.D03=SI;R2.D01=SI;R2.D02=SI;R2.D03=NO,MUNICIPIO30231,MUNICIPIO_SIN_CN_TRAB,Si,No,30231,,Regla 2 coherente para validaciones implementadas.
GPA-001__R2-002__R1-003__0968,GPA-001__R2-002__R1-003,02_inputs_xml_flat/GPA-001__R2-002__R1-003__0968.xml,PASS,INFO,R1.D01=NO;R1.D03=SI;R2.D01=SI;R2.D02=SI;R2.D03=NO,MUNICIPIO30232,MUNICIPIO_SIN_CN_TRAB,Si,No,30232,,Regla 2 coherente para validaciones implementadas.
GPA-001__R2-002__R1-003__0969,GPA-001__R2-002__R1-003,02_inputs_xml_flat/GPA-001__R2-002__R1-003__0969.xml,PASS,INFO,R1.D01=NO;R1.D03=SI;R2.D01=SI;R2.D02=SI;R2.D03=NO,MUNICIPIO30233,MUNICIPIO_SIN_CN_TRAB,Si,No,30233,,Regla 2 coherente para validaciones implementadas.
GPA-001__R2-002__R1-003__0970,GPA-001__R2-002__R1-003,02_inputs_xml_flat/GPA-001__R2-002__R1-003__0970.xml,PASS,INFO,R1.D01=NO;R1.D03=SI;R2.D01=SI;R2.D02=SI;R2.D03=NO,MUNICIPIO30231,MUNICIPIO_SIN_CN_TRAB,Si,No,30231,,Regla 2 coherente para validaciones implementadas.
GPA-001__R2-002__R1-003__0971,GPA-001__R2-002__R1-003,02_inputs_xml_flat/GPA-001__R2-002__R1-003__0971.xml,PASS,INFO,R1.D01=NO;R1.D03=SI;R2.D01=SI;R2.D02=SI;R2.D03=NO,MUNICIPIO30232,MUNICIPIO_SIN_CN_TRAB,Si,No,30232,,Regla 2 coherente para validaciones implementadas.
GPA-001__R2-002__R1-003__0972,GPA-001__R2-002__R1-003,02_inputs_xml_flat/GPA-001__R2-002__R1-003__0972.xml,PASS,INFO,R1.D01=NO;R1.D03=SI;R2.D01=SI;R2.D02=SI;R2.D03=NO,MUNICIPIO30233,MUNICIPIO_SIN_CN_TRAB,Si,No,30233,,Regla 2 coherente para validaciones implementadas.
GPA-001__R2-002__R1-003__0973,GPA-001__R2-002__R1-003,02_inputs_xml_flat/GPA-001__R2-002__R1-003__0973.xml,PASS,INFO,R1.D01=NO;R1.D03=SI;R2.D01=SI;R2.D02=SI;R2.D03=NO,MUNICIPIO30231,MUNICIPIO_SIN_CN_TRAB,Si,No,30231,,Regla 2 coherente para validaciones implementadas.
GPA-001__R2-002__R1-003__0974,GPA-001__R2-002__R1-003,02_inputs_xml_flat/GPA-001__R2-002__R1-003__0974.xml,PASS,INFO,R1.D01=NO;R1.D03=SI;R2.D01=SI;R2.D02=SI;R2.D03=NO,MUNICIPIO30232,MUNICIPIO_SIN_CN_TRAB,Si,No,30232,,Regla 2 coherente para validaciones implementadas.
GPA-001__R2-002__R1-003__0975,GPA-001__R2-002__R1-003,02_inputs_xml_flat/GPA-001__R2-002__R1-003__0975.xml,PASS,INFO,R1.D01=NO;R1.D03=SI;R2.D01=SI;R2.D02=SI;R2.D03=NO,MUNICIPIO30233,MUNICIPIO_SIN_CN_TRAB,Si,No,30233,,Regla 2 coherente para validaciones implementadas.
GPA-001__R2-002__R1-003__0976,GPA-001__R2-002__R1-003,02_inputs_xml_flat/GPA-001__R2-002__R1-003__0976.xml,PASS,INFO,R1.D01=NO;R1.D03=SI;R2.D01=SI;R2.D02=SI;R2.D03=NO,MUNICIPIO30231,MUNICIPIO_SIN_CN_TRAB,Si,No,30231,,Regla 2 coherente para validaciones implementadas.
GPA-001__R2-002__R1-003__0977,GPA-001__R2-002__R1-003,02_inputs_xml_flat/GPA-001__R2-002__R1-003__0977.xml,PASS,INFO,R1.D01=NO;R1.D03=SI;R2.D01=SI;R2.D02=SI;R2.D03=NO,MUNICIPIO30232,MUNICIPIO_SIN_CN_TRAB,Si,No,30232,,Regla 2 coherente para validaciones implementadas.
GPA-001__R2-002__R1-003__0978,GPA-001__R2-002__R1-003,02_inputs_xml_flat/GPA-001__R2-002__R1-003__0978.xml,PASS,INFO,R1.D01=NO;R1.D03=SI;R2.D01=SI;R2.D02=SI;R2.D03=NO,MUNICIPIO30233,MUNICIPIO_SIN_CN_TRAB,Si,No,30233,,Regla 2 coherente para validaciones implementadas.
GPA-001__R2-002__R1-003__0979,GPA-001__R2-002__R1-003,02_inputs_xml_flat/GPA-001__R2-002__R1-003__0979.xml,PASS,INFO,R1.D01=NO;R1.D03=SI;R2.D01=SI;R2.D02=SI;R2.D03=NO,MUNICIPIO30231,MUNICIPIO_SIN_CN_TRAB,Si,No,30231,,Regla 2 coherente para validaciones implementadas.
GPA-001__R2-002__R1-003__0980,GPA-001__R2-002__R1-003,02_inputs_xml_flat/GPA-001__R2-002__R1-003__0980.xml,PASS,INFO,R1.D01=NO;R1.D03=SI;R2.D01=SI;R2.D02=SI;R2.D03=NO,MUNICIPIO30232,MUNICIPIO_SIN_CN_TRAB,Si,No,30232,,Regla 2 coherente para validaciones implementadas.
GPA-001__R2-002__R1-003__0981,GPA-001__R2-002__R1-003,02_inputs_xml_flat/GPA-001__R2-002__R1-003__0981.xml,PASS,INFO,R1.D01=NO;R1.D03=SI;R2.D01=SI;R2.D02=SI;R2.D03=NO,MUNICIPIO30233,MUNICIPIO_SIN_CN_TRAB,Si,No,30233,,Regla 2 coherente para validaciones implementadas.
GPA-001__R2-002__R1-003__0982,GPA-001__R2-002__R1-003,02_inputs_xml_flat/GPA-001__R2-002__R1-003__0982.xml,PASS,INFO,R1.D01=NO;R1.D03=SI;R2.D01=SI;R2.D02=SI;R2.D03=NO,MUNICIPIO30231,MUNICIPIO_SIN_CN_TRAB,Si,No,30231,,Regla 2 coherente para validaciones implementadas.
GPA-001__R2-002__R1-003__0983,GPA-001__R2-002__R1-003,02_inputs_xml_flat/GPA-001__R2-002__R1-003__0983.xml,PASS,INFO,R1.D01=NO;R1.D03=SI;R2.D01=SI;R2.D02=SI;R2.D03=NO,MUNICIPIO30232,MUNICIPIO_SIN_CN_TRAB,Si,No,30232,,Regla 2 coherente para validaciones implementadas.
GPA-001__R2-002__R1-003__0984,GPA-001__R2-002__R1-003,02_inputs_xml_flat/GPA-001__R2-002__R1-003__0984.xml,PASS,INFO,R1.D01=NO;R1.D03=SI;R2.D01=SI;R2.D02=SI;R2.D03=NO,MUNICIPIO30233,MUNICIPIO_SIN_CN_TRAB,Si,No,30233,,Regla 2 coherente para validaciones implementadas.
GPA-001__R2-002__R1-003__0985,GPA-001__R2-002__R1-003,02_inputs_xml_flat/GPA-001__R2-002__R1-003__0985.xml,PASS,INFO,R1.D01=NO;R1.D03=SI;R2.D01=SI;R2.D02=SI;R2.D03=NO,MUNICIPIO30231,MUNICIPIO_SIN_CN_TRAB,Si,No,30231,,Regla 2 coherente para validaciones implementadas.
GPA-001__R2-002__R1-003__0986,GPA-001__R2-002__R1-003,02_inputs_xml_flat/GPA-001__R2-002__R1-003__0986.xml,PASS,INFO,R1.D01=NO;R1.D03=SI;R2.D01=SI;R2.D02=SI;R2.D03=NO,MUNICIPIO30232,MUNICIPIO_SIN_CN_TRAB,Si,No,30232,,Regla 2 coherente para validaciones implementadas.
GPA-001__R2-002__R1-003__0987,GPA-001__R2-002__R1-003,02_inputs_xml_flat/GPA-001__R2-002__R1-003__0987.xml,PASS,INFO,R1.D01=NO;R1.D03=SI;R2.D01=SI;R2.D02=SI;R2.D03=NO,MUNICIPIO30233,MUNICIPIO_SIN_CN_TRAB,Si,No,30233,,Regla 2 coherente para validaciones implementadas.
GPA-001__R2-002__R1-003__0988,GPA-001__R2-002__R1-003,02_inputs_xml_flat/GPA-001__R2-002__R1-003__0988.xml,PASS,INFO,R1.D01=NO;R1.D03=SI;R2.D01=SI;R2.D02=SI;R2.D03=NO,MUNICIPIO30231,MUNICIPIO_SIN_CN_TRAB,Si,No,30231,,Regla 2 coherente para validaciones implementadas.
GPA-001__R2-002__R1-003__0989,GPA-001__R2-002__R1-003,02_inputs_xml_flat/GPA-001__R2-002__R1-003__0989.xml,PASS,INFO,R1.D01=NO;R1.D03=SI;R2.D01=SI;R2.D02=SI;R2.D03=NO,MUNICIPIO30232,MUNICIPIO_SIN_CN_TRAB,Si,No,30232,,Regla 2 coherente para validaciones implementadas.
GPA-001__R2-002__R1-003__0990,GPA-001__R2-002__R1-003,02_inputs_xml_flat/GPA-001__R2-002__R1-003__0990.xml,PASS,INFO,R1.D01=NO;R1.D03=SI;R2.D01=SI;R2.D02=SI;R2.D03=NO,MUNICIPIO30233,MUNICIPIO_SIN_CN_TRAB,Si,No,30233,,Regla 2 coherente para validaciones implementadas.
GPA-001__R2-002__R1-003__0991,GPA-001__R2-002__R1-003,02_inputs_xml_flat/GPA-001__R2-002__R1-003__0991.xml,PASS,INFO,R1.D01=NO;R1.D03=SI;R2.D01=SI;R2.D02=SI;R2.D03=NO,MUNICIPIO30231,MUNICIPIO_SIN_CN_TRAB,Si,No,30231,,Regla 2 coherente para validaciones implementadas.
GPA-001__R2-002__R1-003__0992,GPA-001__R2-002__R1-003,02_inputs_xml_flat/GPA-001__R2-002__R1-003__0992.xml,PASS,INFO,R1.D01=NO;R1.D03=SI;R2.D01=SI;R2.D02=SI;R2.D03=NO,MUNICIPIO30232,MUNICIPIO_SIN_CN_TRAB,Si,No,30232,,Regla 2 coherente para validaciones implementadas.
GPA-001__R2-002__R1-003__0993,GPA-001__R2-002__R1-003,02_inputs_xml_flat/GPA-001__R2-002__R1-003__0993.xml,PASS,INFO,R1.D01=NO;R1.D03=SI;R2.D01=SI;R2.D02=SI;R2.D03=NO,MUNICIPIO30233,MUNICIPIO_SIN_CN_TRAB,Si,No,30233,,Regla 2 coherente para validaciones implementadas.
GPA-001__R2-002__R1-003__0994,GPA-001__R2-002__R1-003,02_inputs_xml_flat/GPA-001__R2-002__R1-003__0994.xml,PASS,INFO,R1.D01=NO;R1.D03=SI;R2.D01=SI;R2.D02=SI;R2.D03=NO,MUNICIPIO30231,MUNICIPIO_SIN_CN_TRAB,Si,No,30231,,Regla 2 coherente para validaciones implementadas.
GPA-001__R2-002__R1-003__0995,GPA-001__R2-002__R1-003,02_inputs_xml_flat/GPA-001__R2-002__R1-003__0995.xml,PASS,INFO,R1.D01=NO;R1.D03=SI;R2.D01=SI;R2.D02=SI;R2.D03=NO,MUNICIPIO30232,MUNICIPIO_SIN_CN_TRAB,Si,No,30232,,Regla 2 coherente para validaciones implementadas.
GPA-001__R2-002__R1-003__0996,GPA-001__R2-002__R1-003,02_inputs_xml_flat/GPA-001__R2-002__R1-003__0996.xml,PASS,INFO,R1.D01=NO;R1.D03=SI;R2.D01=SI;R2.D02=SI;R2.D03=NO,MUNICIPIO30233,MUNICIPIO_SIN_CN_TRAB,Si,No,30233,,Regla 2 coherente para validaciones implementadas.
GPA-001__R2-002__R1-003__0997,GPA-001__R2-002__R1-003,02_inputs_xml_flat/GPA-001__R2-002__R1-003__0997.xml,PASS,INFO,R1.D01=NO;R1.D03=SI;R2.D01=SI;R2.D02=SI;R2.D03=NO,MUNICIPIO30231,MUNICIPIO_SIN_CN_TRAB,Si,No,30231,,Regla 2 coherente para validaciones implementadas.
GPA-001__R2-002__R1-003__0998,GPA-001__R2-002__R1-003,02_inputs_xml_flat/GPA-001__R2-002__R1-003__0998.xml,PASS,INFO,R1.D01=NO;R1.D03=SI;R2.D01=SI;R2.D02=SI;R2.D03=NO,MUNICIPIO30232,MUNICIPIO_SIN_CN_TRAB,Si,No,30232,,Regla 2 coherente para validaciones implementadas.
GPA-001__R2-002__R1-003__0999,GPA-001__R2-002__R1-003,02_inputs_xml_flat/GPA-001__R2-002__R1-003__0999.xml,PASS,INFO,R1.D01=NO;R1.D03=SI;R2.D01=SI;R2.D02=SI;R2.D03=NO,MUNICIPIO30233,MUNICIPIO_SIN_CN_TRAB,Si,No,30233,,Regla 2 coherente para validaciones implementadas.
GPA-001__R2-002__R1-003__1000,GPA-001__R2-002__R1-003,02_inputs_xml_flat/GPA-001__R2-002__R1-003__1000.xml,PASS,INFO,R1.D01=NO;R1.D03=SI;R2.D01=SI;R2.D02=SI;R2.D03=NO,MUNICIPIO30231,MUNICIPIO_SIN_CN_TRAB,Si,No,30231,,Regla 2 coherente para validaciones implementadas.
GPA-001__R2-002__R1-004__0001,GPA-001__R2-002__R1-004,02_inputs_xml_flat/GPA-001__R2-002__R1-004__0001.xml,PASS,INFO,R1.D01=NO;R1.D03=NO;R2.D01=SI;R2.D02=SI;R2.D03=NO,MUNICIPIO30241,MUNICIPIO_SIN_CN_TRAB,Si,No,30241,,Regla 2 coherente para validaciones implementadas.
GPA-001__R2-002__R1-004__0002,GPA-001__R2-002__R1-004,02_inputs_xml_flat/GPA-001__R2-002__R1-004__0002.xml,PASS,INFO,R1.D01=NO;R1.D03=NO;R2.D01=SI;R2.D02=SI;R2.D03=NO,MUNICIPIO30242,MUNICIPIO_SIN_CN_TRAB,Si,No,30242,,Regla 2 coherente para validaciones implementadas.
GPA-001__R2-002__R1-004__0003,GPA-001__R2-002__R1-004,02_inputs_xml_flat/GPA-001__R2-002__R1-004__0003.xml,PASS,INFO,R1.D01=NO;R1.D03=NO;R2.D01=SI;R2.D02=SI;R2.D03=NO,MUNICIPIO30243,MUNICIPIO_SIN_CN_TRAB,Si,No,30243,,Regla 2 coherente para validaciones implementadas.
GPA-001__R2-002__R1-004__0004,GPA-001__R2-002__R1-004,02_inputs_xml_flat/GPA-001__R2-002__R1-004__0004.xml,PASS,INFO,R1.D01=NO;R1.D03=NO;R2.D01=SI;R2.D02=SI;R2.D03=NO,MUNICIPIO30241,MUNICIPIO_SIN_CN_TRAB,Si,No,30241,,Regla 2 coherente para validaciones implementadas.
GPA-001__R2-002__R1-004__0005,GPA-001__R2-002__R1-004,02_inputs_xml_flat/GPA-001__R2-002__R1-004__0005.xml,PASS,INFO,R1.D01=NO;R1.D03=NO;R2.D01=SI;R2.D02=SI;R2.D03=NO,MUNICIPIO30242,MUNICIPIO_SIN_CN_TRAB,Si,No,30242,,Regla 2 coherente para validaciones implementadas.
GPA-001__R2-002__R1-004__0006,GPA-001__R2-002__R1-004,02_inputs_xml_flat/GPA-001__R2-002__R1-004__0006.xml,PASS,INFO,R1.D01=NO;R1.D03=NO;R2.D01=SI;R2.D02=SI;R2.D03=NO,MUNICIPIO30243,MUNICIPIO_SIN_CN_TRAB,Si,No,30243,,Regla 2 coherente para validaciones implementadas.
GPA-001__R2-002__R1-004__0007,GPA-001__R2-002__R1-004,02_inputs_xml_flat/GPA-001__R2-002__R1-004__0007.xml,PASS,INFO,R1.D01=NO;R1.D03=NO;R2.D01=SI;R2.D02=SI;R2.D03=NO,MUNICIPIO30241,MUNICIPIO_SIN_CN_TRAB,Si,No,30241,,Regla 2 coherente para validaciones implementadas.
GPA-001__R2-002__R1-004__0008,GPA-001__R2-002__R1-004,02_inputs_xml_flat/GPA-001__R2-002__R1-004__0008.xml,PASS,INFO,R1.D01=NO;R1.D03=NO;R2.D01=SI;R2.D02=SI;R2.D03=NO,MUNICIPIO30242,MUNICIPIO_SIN_CN_TRAB,Si,No,30242,,Regla 2 coherente para validaciones implementadas.
GPA-001__R2-002__R1-004__0009,GPA-001__R2-002__R1-004,02_inputs_xml_flat/GPA-001__R2-002__R1-004__0009.xml,PASS,INFO,R1.D01=NO;R1.D03=NO;R2.D01=SI;R2.D02=SI;R2.D03=NO,MUNICIPIO30243,MUNICIPIO_SIN_CN_TRAB,Si,No,30243,,Regla 2 coherente para validaciones implementadas.
GPA-001__R2-002__R1-004__0010,GPA-001__R2-002__R1-004,02_inputs_xml_flat/GPA-001__R2-002__R1-004__0010.xml,PASS,INFO,R1.D01=NO;R1.D03=NO;R2.D01=SI;R2.D02=SI;R2.D03=NO,MUNICIPIO30241,MUNICIPIO_SIN_CN_TRAB,Si,No,30241,,Regla 2 coherente para validaciones implementadas.
GPA-001__R2-002__R1-004__0011,GPA-001__R2-002__R1-004,02_inputs_xml_flat/GPA-001__R2-002__R1-004__0011.xml,PASS,INFO,R1.D01=NO;R1.D03=NO;R2.D01=SI;R2.D02=SI;R2.D03=NO,MUNICIPIO30242,MUNICIPIO_SIN_CN_TRAB,Si,No,30242,,Regla 2 coherente para validaciones implementadas.
GPA-001__R2-002__R1-004__0012,GPA-001__R2-002__R1-004,02_inputs_xml_flat/GPA-001__R2-002__R1-004__0012.xml,PASS,INFO,R1.D01=NO;R1.D03=NO;R2.D01=SI;R2.D02=SI;R2.D03=NO,MUNICIPIO30243,MUNICIPIO_SIN_CN_TRAB,Si,No,30243,,Regla 2 coherente para validaciones implementadas.
GPA-001__R2-002__R1-004__0013,GPA-001__R2-002__R1-004,02_inputs_xml_flat/GPA-001__R2-002__R1-004__0013.xml,PASS,INFO,R1.D01=NO;R1.D03=NO;R2.D01=SI;R2.D02=SI;R2.D03=NO,MUNICIPIO30241,MUNICIPIO_SIN_CN_TRAB,Si,No,30241,,Regla 2 coherente para validaciones implementadas.
GPA-001__R2-002__R1-004__0014,GPA-001__R2-002__R1-004,02_inputs_xml_flat/GPA-001__R2-002__R1-004__0014.xml,PASS,INFO,R1.D01=NO;R1.D03=NO;R2.D01=SI;R2.D02=SI;R2.D03=NO,MUNICIPIO30242,MUNICIPIO_SIN_CN_TRAB,Si,No,30242,,Regla 2 coherente para validaciones implementadas.
GPA-001__R2-002__R1-004__0015,GPA-001__R2-002__R1-004,02_inputs_xml_flat/GPA-001__R2-002__R1-004__0015.xml,PASS,INFO,R1.D01=NO;R1.D03=NO;R2.D01=SI;R2.D02=SI;R2.D03=NO,MUNICIPIO30243,MUNICIPIO_SIN_CN_TRAB,Si,No,30243,,Regla 2 coherente para validaciones implementadas.
GPA-001__R2-002__R1-004__0016,GPA-001__R2-002__R1-004,02_inputs_xml_flat/GPA-001__R2-002__R1-004__0016.xml,PASS,INFO,R1.D01=NO;R1.D03=NO;R2.D01=SI;R2.D02=SI;R2.D03=NO,MUNICIPIO30241,MUNICIPIO_SIN_CN_TRAB,Si,No,30241,,Regla 2 coherente para validaciones implementadas.
GPA-001__R2-002__R1-004__0017,GPA-001__R2-002__R1-004,02_inputs_xml_flat/GPA-001__R2-002__R1-004__0017.xml,PASS,INFO,R1.D01=NO;R1.D03=NO;R2.D01=SI;R2.D02=SI;R2.D03=NO,MUNICIPIO30242,MUNICIPIO_SIN_CN_TRAB,Si,No,30242,,Regla 2 coherente para validaciones implementadas.
GPA-001__R2-002__R1-004__0018,GPA-001__R2-002__R1-004,02_inputs_xml_flat/GPA-001__R2-002__R1-004__0018.xml,PASS,INFO,R1.D01=NO;R1.D03=NO;R2.D01=SI;R2.D02=SI;R2.D03=NO,MUNICIPIO30243,MUNICIPIO_SIN_CN_TRAB,Si,No,30243,,Regla 2 coherente para validaciones implementadas.
GPA-001__R2-002__R1-004__0019,GPA-001__R2-002__R1-004,02_inputs_xml_flat/GPA-001__R2-002__R1-004__0019.xml,PASS,INFO,R1.D01=NO;R1.D03=NO;R2.D01=SI;R2.D02=SI;R2.D03=NO,MUNICIPIO30241,MUNICIPIO_SIN_CN_TRAB,Si,No,30241,,Regla 2 coherente para validaciones implementadas.
GPA-001__R2-002__R1-004__0020,GPA-001__R2-002__R1-004,02_inputs_xml_flat/GPA-001__R2-002__R1-004__0020.xml,PASS,INFO,R1.D01=NO;R1.D03=NO;R2.D01=SI;R2.D02=SI;R2.D03=NO,MUNICIPIO30242,MUNICIPIO_SIN_CN_TRAB,Si,No,30242,,Regla 2 coherente para validaciones implementadas.
GPA-001__R2-002__R1-004__0021,GPA-001__R2-002__R1-004,02_inputs_xml_flat/GPA-001__R2-002__R1-004__0021.xml,PASS,INFO,R1.D01=NO;R1.D03=NO;R2.D01=SI;R2.D02=SI;R2.D03=NO,MUNICIPIO30243,MUNICIPIO_SIN_CN_TRAB,Si,No,30243,,Regla 2 coherente para validaciones implementadas.
GPA-001__R2-002__R1-004__0022,GPA-001__R2-002__R1-004,02_inputs_xml_flat/GPA-001__R2-002__R1-004__0022.xml,PASS,INFO,R1.D01=NO;R1.D03=NO;R2.D01=SI;R2.D02=SI;R2.D03=NO,MUNICIPIO30241,MUNICIPIO_SIN_CN_TRAB,Si,No,30241,,Regla 2 coherente para validaciones implementadas.
GPA-001__R2-002__R1-004__0023,GPA-001__R2-002__R1-004,02_inputs_xml_flat/GPA-001__R2-002__R1-004__0023.xml,PASS,INFO,R1.D01=NO;R1.D03=NO;R2.D01=SI;R2.D02=SI;R2.D03=NO,MUNICIPIO30242,MUNICIPIO_SIN_CN_TRAB,Si,No,30242,,Regla 2 coherente para validaciones implementadas.
GPA-001__R2-002__R1-004__0024,GPA-001__R2-002__R1-004,02_inputs_xml_flat/GPA-001__R2-002__R1-004__0024.xml,PASS,INFO,R1.D01=NO;R1.D03=NO;R2.D01=SI;R2.D02=SI;R2.D03=NO,MUNICIPIO30243,MUNICIPIO_SIN_CN_TRAB,Si,No,30243,,Regla 2 coherente para validaciones implementadas.
GPA-001__R2-002__R1-004__0025,GPA-001__R2-002__R1-004,02_inputs_xml_flat/GPA-001__R2-002__R1-004__0025.xml,PASS,INFO,R1.D01=NO;R1.D03=NO;R2.D01=SI;R2.D02=SI;R2.D03=NO,MUNICIPIO30241,MUNICIPIO_SIN_CN_TRAB,Si,No,30241,,Regla 2 coherente para validaciones implementadas.
GPA-001__R2-002__R1-004__0026,GPA-001__R2-002__R1-004,02_inputs_xml_flat/GPA-001__R2-002__R1-004__0026.xml,PASS,INFO,R1.D01=NO;R1.D03=NO;R2.D01=SI;R2.D02=SI;R2.D03=NO,MUNICIPIO30242,MUNICIPIO_SIN_CN_TRAB,Si,No,30242,,Regla 2 coherente para validaciones implementadas.
GPA-001__R2-002__R1-004__0027,GPA-001__R2-002__R1-004,02_inputs_xml_flat/GPA-001__R2-002__R1-004__0027.xml,PASS,INFO,R1.D01=NO;R1.D03=NO;R2.D01=SI;R2.D02=SI;R2.D03=NO,MUNICIPIO30243,MUNICIPIO_SIN_CN_TRAB,Si,No,30243,,Regla 2 coherente para validaciones implementadas.
GPA-001__R2-002__R1-004__0028,GPA-001__R2-002__R1-004,02_inputs_xml_flat/GPA-001__R2-002__R1-004__0028.xml,PASS,INFO,R1.D01=NO;R1.D03=NO;R2.D01=SI;R2.D02=SI;R2.D03=NO,MUNICIPIO30241,MUNICIPIO_SIN_CN_TRAB,Si,No,30241,,Regla 2 coherente para validaciones implementadas.
GPA-001__R2-002__R1-004__0029,GPA-001__R2-002__R1-004,02_inputs_xml_flat/GPA-001__R2-002__R1-004__0029.xml,PASS,INFO,R1.D01=NO;R1.D03=NO;R2.D01=SI;R2.D02=SI;R2.D03=NO,MUNICIPIO30242,MUNICIPIO_SIN_CN_TRAB,Si,No,30242,,Regla 2 coherente para validaciones implementadas.
GPA-001__R2-002__R1-004__0030,GPA-001__R2-002__R1-004,02_inputs_xml_flat/GPA-001__R2-002__R1-004__0030.xml,PASS,INFO,R1.D01=NO;R1.D03=NO;R2.D01=SI;R2.D02=SI;R2.D03=NO,MUNICIPIO30243,MUNICIPIO_SIN_CN_TRAB,Si,No,30243,,Regla 2 coherente para validaciones implementadas.
GPA-001__R2-002__R1-004__0031,GPA-001__R2-002__R1-004,02_inputs_xml_flat/GPA-001__R2-002__R1-004__0031.xml,PASS,INFO,R1.D01=NO;R1.D03=NO;R2.D01=SI;R2.D02=SI;R2.D03=NO,MUNICIPIO30241,MUNICIPIO_SIN_CN_TRAB,Si,No,30241,,Regla 2 coherente para validaciones implementadas.
GPA-001__R2-002__R1-004__0032,GPA-001__R2-002__R1-004,02_inputs_xml_flat/GPA-001__R2-002__R1-004__0032.xml,PASS,INFO,R1.D01=NO;R1.D03=NO;R2.D01=SI;R2.D02=SI;R2.D03=NO,MUNICIPIO30242,MUNICIPIO_SIN_CN_TRAB,Si,No,30242,,Regla 2 coherente para validaciones implementadas.
GPA-001__R2-002__R1-004__0033,GPA-001__R2-002__R1-004,02_inputs_xml_flat/GPA-001__R2-002__R1-004__0033.xml,PASS,INFO,R1.D01=NO;R1.D03=NO;R2.D01=SI;R2.D02=SI;R2.D03=NO,MUNICIPIO30243,MUNICIPIO_SIN_CN_TRAB,Si,No,30243,,Regla 2 coherente para validaciones implementadas.
GPA-001__R2-002__R1-004__0034,GPA-001__R2-002__R1-004,02_inputs_xml_flat/GPA-001__R2-002__R1-004__0034.xml,PASS,INFO,R1.D01=NO;R1.D03=NO;R2.D01=SI;R2.D02=SI;R2.D03=NO,MUNICIPIO30241,MUNICIPIO_SIN_CN_TRAB,Si,No,30241,,Regla 2 coherente para validaciones implementadas.
GPA-001__R2-002__R1-004__0035,GPA-001__R2-002__R1-004,02_inputs_xml_flat/GPA-001__R2-002__R1-004__0035.xml,PASS,INFO,R1.D01=NO;R1.D03=NO;R2.D01=SI;R2.D02=SI;R2.D03=NO,MUNICIPIO30242,MUNICIPIO_SIN_CN_TRAB,Si,No,30242,,Regla 2 coherente para validaciones implementadas.
GPA-001__R2-002__R1-004__0036,GPA-001__R2-002__R1-004,02_inputs_xml_flat/GPA-001__R2-002__R1-004__0036.xml,PASS,INFO,R1.D01=NO;R1.D03=NO;R2.D01=SI;R2.D02=SI;R2.D03=NO,MUNICIPIO30243,MUNICIPIO_SIN_CN_TRAB,Si,No,30243,,Regla 2 coherente para validaciones implementadas.
GPA-001__R2-002__R1-004__0037,GPA-001__R2-002__R1-004,02_inputs_xml_flat/GPA-001__R2-002__R1-004__0037.xml,PASS,INFO,R1.D01=NO;R1.D03=NO;R2.D01=SI;R2.D02=SI;R2.D03=NO,MUNICIPIO30241,MUNICIPIO_SIN_CN_TRAB,Si,No,30241,,Regla 2 coherente para validaciones implementadas.
GPA-001__R2-002__R1-004__0038,GPA-001__R2-002__R1-004,02_inputs_xml_flat/GPA-001__R2-002__R1-004__0038.xml,PASS,INFO,R1.D01=NO;R1.D03=NO;R2.D01=SI;R2.D02=SI;R2.D03=NO,MUNICIPIO30242,MUNICIPIO_SIN_CN_TRAB,Si,No,30242,,Regla 2 coherente para validaciones implementadas.
GPA-001__R2-002__R1-004__0039,GPA-001__R2-002__R1-004,02_inputs_xml_flat/GPA-001__R2-002__R1-004__0039.xml,PASS,INFO,R1.D01=NO;R1.D03=NO;R2.D01=SI;R2.D02=SI;R2.D03=NO,MUNICIPIO30243,MUNICIPIO_SIN_CN_TRAB,Si,No,30243,,Regla 2 coherente para validaciones implementadas.
GPA-001__R2-002__R1-004__0040,GPA-001__R2-002__R1-004,02_inputs_xml_flat/GPA-001__R2-002__R1-004__0040.xml,PASS,INFO,R1.D01=NO;R1.D03=NO;R2.D01=SI;R2.D02=SI;R2.D03=NO,MUNICIPIO30241,MUNICIPIO_SIN_CN_TRAB,Si,No,30241,,Regla 2 coherente para validaciones implementadas.
GPA-001__R2-002__R1-004__0041,GPA-001__R2-002__R1-004,02_inputs_xml_flat/GPA-001__R2-002__R1-004__0041.xml,PASS,INFO,R1.D01=NO;R1.D03=NO;R2.D01=SI;R2.D02=SI;R2.D03=NO,MUNICIPIO30242,MUNICIPIO_SIN_CN_TRAB,Si,No,30242,,Regla 2 coherente para validaciones implementadas.
GPA-001__R2-002__R1-004__0042,GPA-001__R2-002__R1-004,02_inputs_xml_flat/GPA-001__R2-002__R1-004__0042.xml,PASS,INFO,R1.D01=NO;R1.D03=NO;R2.D01=SI;R2.D02=SI;R2.D03=NO,MUNICIPIO30243,MUNICIPIO_SIN_CN_TRAB,Si,No,30243,,Regla 2 coherente para validaciones implementadas.
GPA-001__R2-002__R1-004__0043,GPA-001__R2-002__R1-004,02_inputs_xml_flat/GPA-001__R2-002__R1-004__0043.xml,PASS,INFO,R1.D01=NO;R1.D03=NO;R2.D01=SI;R2.D02=SI;R2.D03=NO,MUNICIPIO30241,MUNICIPIO_SIN_CN_TRAB,Si,No,30241,,Regla 2 coherente para validaciones implementadas.
GPA-001__R2-002__R1-004__0044,GPA-001__R2-002__R1-004,02_inputs_xml_flat/GPA-001__R2-002__R1-004__0044.xml,PASS,INFO,R1.D01=NO;R1.D03=NO;R2.D01=SI;R2.D02=SI;R2.D03=NO,MUNICIPIO30242,MUNICIPIO_SIN_CN_TRAB,Si,No,30242,,Regla 2 coherente para validaciones implementadas.
GPA-001__R2-002__R1-004__0045,GPA-001__R2-002__R1-004,02_inputs_xml_flat/GPA-001__R2-002__R1-004__0045.xml,PASS,INFO,R1.D01=NO;R1.D03=NO;R2.D01=SI;R2.D02=SI;R2.D03=NO,MUNICIPIO30243,MUNICIPIO_SIN_CN_TRAB,Si,No,30243,,Regla 2 coherente para validaciones implementadas.
GPA-001__R2-002__R1-004__0046,GPA-001__R2-002__R1-004,02_inputs_xml_flat/GPA-001__R2-002__R1-004__0046.xml,PASS,INFO,R1.D01=NO;R1.D03=NO;R2.D01=SI;R2.D02=SI;R2.D03=NO,MUNICIPIO30241,MUNICIPIO_SIN_CN_TRAB,Si,No,30241,,Regla 2 coherente para validaciones implementadas.
GPA-001__R2-002__R1-004__0047,GPA-001__R2-002__R1-004,02_inputs_xml_flat/GPA-001__R2-002__R1-004__0047.xml,PASS,INFO,R1.D01=NO;R1.D03=NO;R2.D01=SI;R2.D02=SI;R2.D03=NO,MUNICIPIO30242,MUNICIPIO_SIN_CN_TRAB,Si,No,30242,,Regla 2 coherente para validaciones implementadas.
GPA-001__R2-002__R1-004__0048,GPA-001__R2-002__R1-004,02_inputs_xml_flat/GPA-001__R2-002__R1-004__0048.xml,PASS,INFO,R1.D01=NO;R1.D03=NO;R2.D01=SI;R2.D02=SI;R2.D03=NO,MUNICIPIO30243,MUNICIPIO_SIN_CN_TRAB,Si,No,30243,,Regla 2 coherente para validaciones implementadas.
GPA-001__R2-002__R1-004__0049,GPA-001__R2-002__R1-004,02_inputs_xml_flat/GPA-001__R2-002__R1-004__0049.xml,PASS,INFO,R1.D01=NO;R1.D03=NO;R2.D01=SI;R2.D02=SI;R2.D03=NO,MUNICIPIO30241,MUNICIPIO_SIN_CN_TRAB,Si,No,30241,,Regla 2 coherente para validaciones implementadas.
GPA-001__R2-002__R1-004__0050,GPA-001__R2-002__R1-004,02_inputs_xml_flat/GPA-001__R2-002__R1-004__0050.xml,PASS,INFO,R1.D01=NO;R1.D03=NO;R2.D01=SI;R2.D02=SI;R2.D03=NO,MUNICIPIO30242,MUNICIPIO_SIN_CN_TRAB,Si,No,30242,,Regla 2 coherente para validaciones implementadas.
GPA-001__R2-002__R1-004__0051,GPA-001__R2-002__R1-004,02_inputs_xml_flat/GPA-001__R2-002__R1-004__0051.xml,PASS,INFO,R1.D01=NO;R1.D03=NO;R2.D01=SI;R2.D02=SI;R2.D03=NO,MUNICIPIO30243,MUNICIPIO_SIN_CN_TRAB,Si,No,30243,,Regla 2 coherente para validaciones implementadas.
GPA-001__R2-002__R1-004__0052,GPA-001__R2-002__R1-004,02_inputs_xml_flat/GPA-001__R2-002__R1-004__0052.xml,PASS,INFO,R1.D01=NO;R1.D03=NO;R2.D01=SI;R2.D02=SI;R2.D03=NO,MUNICIPIO30241,MUNICIPIO_SIN_CN_TRAB,Si,No,30241,,Regla 2 coherente para validaciones implementadas.
GPA-001__R2-002__R1-004__0053,GPA-001__R2-002__R1-004,02_inputs_xml_flat/GPA-001__R2-002__R1-004__0053.xml,PASS,INFO,R1.D01=NO;R1.D03=NO;R2.D01=SI;R2.D02=SI;R2.D03=NO,MUNICIPIO30242,MUNICIPIO_SIN_CN_TRAB,Si,No,30242,,Regla 2 coherente para validaciones implementadas.
GPA-001__R2-002__R1-004__0054,GPA-001__R2-002__R1-004,02_inputs_xml_flat/GPA-001__R2-002__R1-004__0054.xml,PASS,INFO,R1.D01=NO;R1.D03=NO;R2.D01=SI;R2.D02=SI;R2.D03=NO,MUNICIPIO30243,MUNICIPIO_SIN_CN_TRAB,Si,No,30243,,Regla 2 coherente para validaciones implementadas.
GPA-001__R2-002__R1-004__0055,GPA-001__R2-002__R1-004,02_inputs_xml_flat/GPA-001__R2-002__R1-004__0055.xml,PASS,INFO,R1.D01=NO;R1.D03=NO;R2.D01=SI;R2.D02=SI;R2.D03=NO,MUNICIPIO30241,MUNICIPIO_SIN_CN_TRAB,Si,No,30241,,Regla 2 coherente para validaciones implementadas.
GPA-001__R2-002__R1-004__0056,GPA-001__R2-002__R1-004,02_inputs_xml_flat/GPA-001__R2-002__R1-004__0056.xml,PASS,INFO,R1.D01=NO;R1.D03=NO;R2.D01=SI;R2.D02=SI;R2.D03=NO,MUNICIPIO30242,MUNICIPIO_SIN_CN_TRAB,Si,No,30242,,Regla 2 coherente para validaciones implementadas.
GPA-001__R2-002__R1-004__0057,GPA-001__R2-002__R1-004,02_inputs_xml_flat/GPA-001__R2-002__R1-004__0057.xml,PASS,INFO,R1.D01=NO;R1.D03=NO;R2.D01=SI;R2.D02=SI;R2.D03=NO,MUNICIPIO30243,MUNICIPIO_SIN_CN_TRAB,Si,No,30243,,Regla 2 coherente para validaciones implementadas.
GPA-001__R2-002__R1-004__0058,GPA-001__R2-002__R1-004,02_inputs_xml_flat/GPA-001__R2-002__R1-004__0058.xml,PASS,INFO,R1.D01=NO;R1.D03=NO;R2.D01=SI;R2.D02=SI;R2.D03=NO,MUNICIPIO30241,MUNICIPIO_SIN_CN_TRAB,Si,No,30241,,Regla 2 coherente para validaciones implementadas.
GPA-001__R2-002__R1-004__0059,GPA-001__R2-002__R1-004,02_inputs_xml_flat/GPA-001__R2-002__R1-004__0059.xml,PASS,INFO,R1.D01=NO;R1.D03=NO;R2.D01=SI;R2.D02=SI;R2.D03=NO,MUNICIPIO30242,MUNICIPIO_SIN_CN_TRAB,Si,No,30242,,Regla 2 coherente para validaciones implementadas.
GPA-001__R2-002__R1-004__0060,GPA-001__R2-002__R1-004,02_inputs_xml_flat/GPA-001__R2-002__R1-004__0060.xml,PASS,INFO,R1.D01=NO;R1.D03=NO;R2.D01=SI;R2.D02=SI;R2.D03=NO,MUNICIPIO30243,MUNICIPIO_SIN_CN_TRAB,Si,No,30243,,Regla 2 coherente para validaciones implementadas.
GPA-001__R2-002__R1-004__0061,GPA-001__R2-002__R1-004,02_inputs_xml_flat/GPA-001__R2-002__R1-004__0061.xml,PASS,INFO,R1.D01=NO;R1.D03=NO;R2.D01=SI;R2.D02=SI;R2.D03=NO,MUNICIPIO30241,MUNICIPIO_SIN_CN_TRAB,Si,No,30241,,Regla 2 coherente para validaciones implementadas.
GPA-001__R2-002__R1-004__0062,GPA-001__R2-002__R1-004,02_inputs_xml_flat/GPA-001__R2-002__R1-004__0062.xml,PASS,INFO,R1.D01=NO;R1.D03=NO;R2.D01=SI;R2.D02=SI;R2.D03=NO,MUNICIPIO30242,MUNICIPIO_SIN_CN_TRAB,Si,No,30242,,Regla 2 coherente para validaciones implementadas.
GPA-001__R2-002__R1-004__0063,GPA-001__R2-002__R1-004,02_inputs_xml_flat/GPA-001__R2-002__R1-004__0063.xml,PASS,INFO,R1.D01=NO;R1.D03=NO;R2.D01=SI;R2.D02=SI;R2.D03=NO,MUNICIPIO30243,MUNICIPIO_SIN_CN_TRAB,Si,No,30243,,Regla 2 coherente para validaciones implementadas.
GPA-001__R2-002__R1-004__0064,GPA-001__R2-002__R1-004,02_inputs_xml_flat/GPA-001__R2-002__R1-004__0064.xml,PASS,INFO,R1.D01=NO;R1.D03=NO;R2.D01=SI;R2.D02=SI;R2.D03=NO,MUNICIPIO30241,MUNICIPIO_SIN_CN_TRAB,Si,No,30241,,Regla 2 coherente para validaciones implementadas.
GPA-001__R2-002__R1-004__0065,GPA-001__R2-002__R1-004,02_inputs_xml_flat/GPA-001__R2-002__R1-004__0065.xml,PASS,INFO,R1.D01=NO;R1.D03=NO;R2.D01=SI;R2.D02=SI;R2.D03=NO,MUNICIPIO30242,MUNICIPIO_SIN_CN_TRAB,Si,No,30242,,Regla 2 coherente para validaciones implementadas.
GPA-001__R2-002__R1-004__0066,GPA-001__R2-002__R1-004,02_inputs_xml_flat/GPA-001__R2-002__R1-004__0066.xml,PASS,INFO,R1.D01=NO;R1.D03=NO;R2.D01=SI;R2.D02=SI;R2.D03=NO,MUNICIPIO30243,MUNICIPIO_SIN_CN_TRAB,Si,No,30243,,Regla 2 coherente para validaciones implementadas.
GPA-001__R2-002__R1-004__0067,GPA-001__R2-002__R1-004,02_inputs_xml_flat/GPA-001__R2-002__R1-004__0067.xml,PASS,INFO,R1.D01=NO;R1.D03=NO;R2.D01=SI;R2.D02=SI;R2.D03=NO,MUNICIPIO30241,MUNICIPIO_SIN_CN_TRAB,Si,No,30241,,Regla 2 coherente para validaciones implementadas.
GPA-001__R2-002__R1-004__0068,GPA-001__R2-002__R1-004,02_inputs_xml_flat/GPA-001__R2-002__R1-004__0068.xml,PASS,INFO,R1.D01=NO;R1.D03=NO;R2.D01=SI;R2.D02=SI;R2.D03=NO,MUNICIPIO30242,MUNICIPIO_SIN_CN_TRAB,Si,No,30242,,Regla 2 coherente para validaciones implementadas.
GPA-001__R2-002__R1-004__0069,GPA-001__R2-002__R1-004,02_inputs_xml_flat/GPA-001__R2-002__R1-004__0069.xml,PASS,INFO,R1.D01=NO;R1.D03=NO;R2.D01=SI;R2.D02=SI;R2.D03=NO,MUNICIPIO30243,MUNICIPIO_SIN_CN_TRAB,Si,No,30243,,Regla 2 coherente para validaciones implementadas.
GPA-001__R2-002__R1-004__0070,GPA-001__R2-002__R1-004,02_inputs_xml_flat/GPA-001__R2-002__R1-004__0070.xml,PASS,INFO,R1.D01=NO;R1.D03=NO;R2.D01=SI;R2.D02=SI;R2.D03=NO,MUNICIPIO30241,MUNICIPIO_SIN_CN_TRAB,Si,No,30241,,Regla 2 coherente para validaciones implementadas.
GPA-001__R2-002__R1-004__0071,GPA-001__R2-002__R1-004,02_inputs_xml_flat/GPA-001__R2-002__R1-004__0071.xml,PASS,INFO,R1.D01=NO;R1.D03=NO;R2.D01=SI;R2.D02=SI;R2.D03=NO,MUNICIPIO30242,MUNICIPIO_SIN_CN_TRAB,Si,No,30242,,Regla 2 coherente para validaciones implementadas.
GPA-001__R2-002__R1-004__0072,GPA-001__R2-002__R1-004,02_inputs_xml_flat/GPA-001__R2-002__R1-004__0072.xml,PASS,INFO,R1.D01=NO;R1.D03=NO;R2.D01=SI;R2.D02=SI;R2.D03=NO,MUNICIPIO30243,MUNICIPIO_SIN_CN_TRAB,Si,No,30243,,Regla 2 coherente para validaciones implementadas.
GPA-001__R2-002__R1-004__0073,GPA-001__R2-002__R1-004,02_inputs_xml_flat/GPA-001__R2-002__R1-004__0073.xml,PASS,INFO,R1.D01=NO;R1.D03=NO;R2.D01=SI;R2.D02=SI;R2.D03=NO,MUNICIPIO30241,MUNICIPIO_SIN_CN_TRAB,Si,No,30241,,Regla 2 coherente para validaciones implementadas.
GPA-001__R2-002__R1-004__0074,GPA-001__R2-002__R1-004,02_inputs_xml_flat/GPA-001__R2-002__R1-004__0074.xml,PASS,INFO,R1.D01=NO;R1.D03=NO;R2.D01=SI;R2.D02=SI;R2.D03=NO,MUNICIPIO30242,MUNICIPIO_SIN_CN_TRAB,Si,No,30242,,Regla 2 coherente para validaciones implementadas.
GPA-001__R2-002__R1-004__0075,GPA-001__R2-002__R1-004,02_inputs_xml_flat/GPA-001__R2-002__R1-004__0075.xml,PASS,INFO,R1.D01=NO;R1.D03=NO;R2.D01=SI;R2.D02=SI;R2.D03=NO,MUNICIPIO30243,MUNICIPIO_SIN_CN_TRAB,Si,No,30243,,Regla 2 coherente para validaciones implementadas.
GPA-001__R2-002__R1-004__0076,GPA-001__R2-002__R1-004,02_inputs_xml_flat/GPA-001__R2-002__R1-004__0076.xml,PASS,INFO,R1.D01=NO;R1.D03=NO;R2.D01=SI;R2.D02=SI;R2.D03=NO,MUNICIPIO30241,MUNICIPIO_SIN_CN_TRAB,Si,No,30241,,Regla 2 coherente para validaciones implementadas.
GPA-001__R2-002__R1-004__0077,GPA-001__R2-002__R1-004,02_inputs_xml_flat/GPA-001__R2-002__R1-004__0077.xml,PASS,INFO,R1.D01=NO;R1.D03=NO;R2.D01=SI;R2.D02=SI;R2.D03=NO,MUNICIPIO30242,MUNICIPIO_SIN_CN_TRAB,Si,No,30242,,Regla 2 coherente para validaciones implementadas.
GPA-001__R2-002__R1-004__0078,GPA-001__R2-002__R1-004,02_inputs_xml_flat/GPA-001__R2-002__R1-004__0078.xml,PASS,INFO,R1.D01=NO;R1.D03=NO;R2.D01=SI;R2.D02=SI;R2.D03=NO,MUNICIPIO30243,MUNICIPIO_SIN_CN_TRAB,Si,No,30243,,Regla 2 coherente para validaciones implementadas.
GPA-001__R2-002__R1-004__0079,GPA-001__R2-002__R1-004,02_inputs_xml_flat/GPA-001__R2-002__R1-004__0079.xml,PASS,INFO,R1.D01=NO;R1.D03=NO;R2.D01=SI;R2.D02=SI;R2.D03=NO,MUNICIPIO30241,MUNICIPIO_SIN_CN_TRAB,Si,No,30241,,Regla 2 coherente para validaciones implementadas.
GPA-001__R2-002__R1-004__0080,GPA-001__R2-002__R1-004,02_inputs_xml_flat/GPA-001__R2-002__R1-004__0080.xml,PASS,INFO,R1.D01=NO;R1.D03=NO;R2.D01=SI;R2.D02=SI;R2.D03=NO,MUNICIPIO30242,MUNICIPIO_SIN_CN_TRAB,Si,No,30242,,Regla 2 coherente para validaciones implementadas.
GPA-001__R2-002__R1-004__0081,GPA-001__R2-002__R1-004,02_inputs_xml_flat/GPA-001__R2-002__R1-004__0081.xml,PASS,INFO,R1.D01=NO;R1.D03=NO;R2.D01=SI;R2.D02=SI;R2.D03=NO,MUNICIPIO30243,MUNICIPIO_SIN_CN_TRAB,Si,No,30243,,Regla 2 coherente para validaciones implementadas.
GPA-001__R2-002__R1-004__0082,GPA-001__R2-002__R1-004,02_inputs_xml_flat/GPA-001__R2-002__R1-004__0082.xml,PASS,INFO,R1.D01=NO;R1.D03=NO;R2.D01=SI;R2.D02=SI;R2.D03=NO,MUNICIPIO30241,MUNICIPIO_SIN_CN_TRAB,Si,No,30241,,Regla 2 coherente para validaciones implementadas.
GPA-001__R2-002__R1-004__0083,GPA-001__R2-002__R1-004,02_inputs_xml_flat/GPA-001__R2-002__R1-004__0083.xml,PASS,INFO,R1.D01=NO;R1.D03=NO;R2.D01=SI;R2.D02=SI;R2.D03=NO,MUNICIPIO30242,MUNICIPIO_SIN_CN_TRAB,Si,No,30242,,Regla 2 coherente para validaciones implementadas.
GPA-001__R2-002__R1-004__0084,GPA-001__R2-002__R1-004,02_inputs_xml_flat/GPA-001__R2-002__R1-004__0084.xml,PASS,INFO,R1.D01=NO;R1.D03=NO;R2.D01=SI;R2.D02=SI;R2.D03=NO,MUNICIPIO30243,MUNICIPIO_SIN_CN_TRAB,Si,No,30243,,Regla 2 coherente para validaciones implementadas.
GPA-001__R2-002__R1-004__0085,GPA-001__R2-002__R1-004,02_inputs_xml_flat/GPA-001__R2-002__R1-004__0085.xml,PASS,INFO,R1.D01=NO;R1.D03=NO;R2.D01=SI;R2.D02=SI;R2.D03=NO,MUNICIPIO30241,MUNICIPIO_SIN_CN_TRAB,Si,No,30241,,Regla 2 coherente para validaciones implementadas.
GPA-001__R2-002__R1-004__0086,GPA-001__R2-002__R1-004,02_inputs_xml_flat/GPA-001__R2-002__R1-004__0086.xml,PASS,INFO,R1.D01=NO;R1.D03=NO;R2.D01=SI;R2.D02=SI;R2.D03=NO,MUNICIPIO30242,MUNICIPIO_SIN_CN_TRAB,Si,No,30242,,Regla 2 coherente para validaciones implementadas.
GPA-001__R2-002__R1-004__0087,GPA-001__R2-002__R1-004,02_inputs_xml_flat/GPA-001__R2-002__R1-004__0087.xml,PASS,INFO,R1.D01=NO;R1.D03=NO;R2.D01=SI;R2.D02=SI;R2.D03=NO,MUNICIPIO30243,MUNICIPIO_SIN_CN_TRAB,Si,No,30243,,Regla 2 coherente para validaciones implementadas.
GPA-001__R2-002__R1-004__0088,GPA-001__R2-002__R1-004,02_inputs_xml_flat/GPA-001__R2-002__R1-004__0088.xml,PASS,INFO,R1.D01=NO;R1.D03=NO;R2.D01=SI;R2.D02=SI;R2.D03=NO,MUNICIPIO30241,MUNICIPIO_SIN_CN_TRAB,Si,No,30241,,Regla 2 coherente para validaciones implementadas.
GPA-001__R2-002__R1-004__0089,GPA-001__R2-002__R1-004,02_inputs_xml_flat/GPA-001__R2-002__R1-004__0089.xml,PASS,INFO,R1.D01=NO;R1.D03=NO;R2.D01=SI;R2.D02=SI;R2.D03=NO,MUNICIPIO30242,MUNICIPIO_SIN_CN_TRAB,Si,No,30242,,Regla 2 coherente para validaciones implementadas.
GPA-001__R2-002__R1-004__0090,GPA-001__R2-002__R1-004,02_inputs_xml_flat/GPA-001__R2-002__R1-004__0090.xml,PASS,INFO,R1.D01=NO;R1.D03=NO;R2.D01=SI;R2.D02=SI;R2.D03=NO,MUNICIPIO30243,MUNICIPIO_SIN_CN_TRAB,Si,No,30243,,Regla 2 coherente para validaciones implementadas.
GPA-001__R2-002__R1-004__0091,GPA-001__R2-002__R1-004,02_inputs_xml_flat/GPA-001__R2-002__R1-004__0091.xml,PASS,INFO,R1.D01=NO;R1.D03=NO;R2.D01=SI;R2.D02=SI;R2.D03=NO,MUNICIPIO30241,MUNICIPIO_SIN_CN_TRAB,Si,No,30241,,Regla 2 coherente para validaciones implementadas.
GPA-001__R2-002__R1-004__0092,GPA-001__R2-002__R1-004,02_inputs_xml_flat/GPA-001__R2-002__R1-004__0092.xml,PASS,INFO,R1.D01=NO;R1.D03=NO;R2.D01=SI;R2.D02=SI;R2.D03=NO,MUNICIPIO30242,MUNICIPIO_SIN_CN_TRAB,Si,No,30242,,Regla 2 coherente para validaciones implementadas.
GPA-001__R2-002__R1-004__0093,GPA-001__R2-002__R1-004,02_inputs_xml_flat/GPA-001__R2-002__R1-004__0093.xml,PASS,INFO,R1.D01=NO;R1.D03=NO;R2.D01=SI;R2.D02=SI;R2.D03=NO,MUNICIPIO30243,MUNICIPIO_SIN_CN_TRAB,Si,No,30243,,Regla 2 coherente para validaciones implementadas.
GPA-001__R2-002__R1-004__0094,GPA-001__R2-002__R1-004,02_inputs_xml_flat/GPA-001__R2-002__R1-004__0094.xml,PASS,INFO,R1.D01=NO;R1.D03=NO;R2.D01=SI;R2.D02=SI;R2.D03=NO,MUNICIPIO30241,MUNICIPIO_SIN_CN_TRAB,Si,No,30241,,Regla 2 coherente para validaciones implementadas.
GPA-001__R2-002__R1-004__0095,GPA-001__R2-002__R1-004,02_inputs_xml_flat/GPA-001__R2-002__R1-004__0095.xml,PASS,INFO,R1.D01=NO;R1.D03=NO;R2.D01=SI;R2.D02=SI;R2.D03=NO,MUNICIPIO30242,MUNICIPIO_SIN_CN_TRAB,Si,No,30242,,Regla 2 coherente para validaciones implementadas.
GPA-001__R2-002__R1-004__0096,GPA-001__R2-002__R1-004,02_inputs_xml_flat/GPA-001__R2-002__R1-004__0096.xml,PASS,INFO,R1.D01=NO;R1.D03=NO;R2.D01=SI;R2.D02=SI;R2.D03=NO,MUNICIPIO30243,MUNICIPIO_SIN_CN_TRAB,Si,No,30243,,Regla 2 coherente para validaciones implementadas.
GPA-001__R2-002__R1-004__0097,GPA-001__R2-002__R1-004,02_inputs_xml_flat/GPA-001__R2-002__R1-004__0097.xml,PASS,INFO,R1.D01=NO;R1.D03=NO;R2.D01=SI;R2.D02=SI;R2.D03=NO,MUNICIPIO30241,MUNICIPIO_SIN_CN_TRAB,Si,No,30241,,Regla 2 coherente para validaciones implementadas.
GPA-001__R2-002__R1-004__0098,GPA-001__R2-002__R1-004,02_inputs_xml_flat/GPA-001__R2-002__R1-004__0098.xml,PASS,INFO,R1.D01=NO;R1.D03=NO;R2.D01=SI;R2.D02=SI;R2.D03=NO,MUNICIPIO30242,MUNICIPIO_SIN_CN_TRAB,Si,No,30242,,Regla 2 coherente para validaciones implementadas.
GPA-001__R2-002__R1-004__0099,GPA-001__R2-002__R1-004,02_inputs_xml_flat/GPA-001__R2-002__R1-004__0099.xml,PASS,INFO,R1.D01=NO;R1.D03=NO;R2.D01=SI;R2.D02=SI;R2.D03=NO,MUNICIPIO30243,MUNICIPIO_SIN_CN_TRAB,Si,No,30243,,Regla 2 coherente para validaciones implementadas.
GPA-001__R2-002__R1-004__0100,GPA-001__R2-002__R1-004,02_inputs_xml_flat/GPA-001__R2-002__R1-004__0100.xml,PASS,INFO,R1.D01=NO;R1.D03=NO;R2.D01=SI;R2.D02=SI;R2.D03=NO,MUNICIPIO30241,MUNICIPIO_SIN_CN_TRAB,Si,No,30241,,Regla 2 coherente para validaciones implementadas.
GPA-001__R2-002__R1-004__0101,GPA-001__R2-002__R1-004,02_inputs_xml_flat/GPA-001__R2-002__R1-004__0101.xml,PASS,INFO,R1.D01=NO;R1.D03=NO;R2.D01=SI;R2.D02=SI;R2.D03=NO,MUNICIPIO30242,MUNICIPIO_SIN_CN_TRAB,Si,No,30242,,Regla 2 coherente para validaciones implementadas.
GPA-001__R2-002__R1-004__0102,GPA-001__R2-002__R1-004,02_inputs_xml_flat/GPA-001__R2-002__R1-004__0102.xml,PASS,INFO,R1.D01=NO;R1.D03=NO;R2.D01=SI;R2.D02=SI;R2.D03=NO,MUNICIPIO30243,MUNICIPIO_SIN_CN_TRAB,Si,No,30243,,Regla 2 coherente para validaciones implementadas.
GPA-001__R2-002__R1-004__0103,GPA-001__R2-002__R1-004,02_inputs_xml_flat/GPA-001__R2-002__R1-004__0103.xml,PASS,INFO,R1.D01=NO;R1.D03=NO;R2.D01=SI;R2.D02=SI;R2.D03=NO,MUNICIPIO30241,MUNICIPIO_SIN_CN_TRAB,Si,No,30241,,Regla 2 coherente para validaciones implementadas.
GPA-001__R2-002__R1-004__0104,GPA-001__R2-002__R1-004,02_inputs_xml_flat/GPA-001__R2-002__R1-004__0104.xml,PASS,INFO,R1.D01=NO;R1.D03=NO;R2.D01=SI;R2.D02=SI;R2.D03=NO,MUNICIPIO30242,MUNICIPIO_SIN_CN_TRAB,Si,No,30242,,Regla 2 coherente para validaciones implementadas.
GPA-001__R2-002__R1-004__0105,GPA-001__R2-002__R1-004,02_inputs_xml_flat/GPA-001__R2-002__R1-004__0105.xml,PASS,INFO,R1.D01=NO;R1.D03=NO;R2.D01=SI;R2.D02=SI;R2.D03=NO,MUNICIPIO30243,MUNICIPIO_SIN_CN_TRAB,Si,No,30243,,Regla 2 coherente para validaciones implementadas.
GPA-001__R2-002__R1-004__0106,GPA-001__R2-002__R1-004,02_inputs_xml_flat/GPA-001__R2-002__R1-004__0106.xml,PASS,INFO,R1.D01=NO;R1.D03=NO;R2.D01=SI;R2.D02=SI;R2.D03=NO,MUNICIPIO30241,MUNICIPIO_SIN_CN_TRAB,Si,No,30241,,Regla 2 coherente para validaciones implementadas.
GPA-001__R2-002__R1-004__0107,GPA-001__R2-002__R1-004,02_inputs_xml_flat/GPA-001__R2-002__R1-004__0107.xml,PASS,INFO,R1.D01=NO;R1.D03=NO;R2.D01=SI;R2.D02=SI;R2.D03=NO,MUNICIPIO30242,MUNICIPIO_SIN_CN_TRAB,Si,No,30242,,Regla 2 coherente para validaciones implementadas.
GPA-001__R2-002__R1-004__0108,GPA-001__R2-002__R1-004,02_inputs_xml_flat/GPA-001__R2-002__R1-004__0108.xml,PASS,INFO,R1.D01=NO;R1.D03=NO;R2.D01=SI;R2.D02=SI;R2.D03=NO,MUNICIPIO30243,MUNICIPIO_SIN_CN_TRAB,Si,No,30243,,Regla 2 coherente para validaciones implementadas.
GPA-001__R2-002__R1-004__0109,GPA-001__R2-002__R1-004,02_inputs_xml_flat/GPA-001__R2-002__R1-004__0109.xml,PASS,INFO,R1.D01=NO;R1.D03=NO;R2.D01=SI;R2.D02=SI;R2.D03=NO,MUNICIPIO30241,MUNICIPIO_SIN_CN_TRAB,Si,No,30241,,Regla 2 coherente para validaciones implementadas.
GPA-001__R2-002__R1-004__0110,GPA-001__R2-002__R1-004,02_inputs_xml_flat/GPA-001__R2-002__R1-004__0110.xml,PASS,INFO,R1.D01=NO;R1.D03=NO;R2.D01=SI;R2.D02=SI;R2.D03=NO,MUNICIPIO30242,MUNICIPIO_SIN_CN_TRAB,Si,No,30242,,Regla 2 coherente para validaciones implementadas.
GPA-001__R2-002__R1-004__0111,GPA-001__R2-002__R1-004,02_inputs_xml_flat/GPA-001__R2-002__R1-004__0111.xml,PASS,INFO,R1.D01=NO;R1.D03=NO;R2.D01=SI;R2.D02=SI;R2.D03=NO,MUNICIPIO30243,MUNICIPIO_SIN_CN_TRAB,Si,No,30243,,Regla 2 coherente para validaciones implementadas.
GPA-001__R2-002__R1-004__0112,GPA-001__R2-002__R1-004,02_inputs_xml_flat/GPA-001__R2-002__R1-004__0112.xml,PASS,INFO,R1.D01=NO;R1.D03=NO;R2.D01=SI;R2.D02=SI;R2.D03=NO,MUNICIPIO30241,MUNICIPIO_SIN_CN_TRAB,Si,No,30241,,Regla 2 coherente para validaciones implementadas.
GPA-001__R2-002__R1-004__0113,GPA-001__R2-002__R1-004,02_inputs_xml_flat/GPA-001__R2-002__R1-004__0113.xml,PASS,INFO,R1.D01=NO;R1.D03=NO;R2.D01=SI;R2.D02=SI;R2.D03=NO,MUNICIPIO30242,MUNICIPIO_SIN_CN_TRAB,Si,No,30242,,Regla 2 coherente para validaciones implementadas.
GPA-001__R2-002__R1-004__0114,GPA-001__R2-002__R1-004,02_inputs_xml_flat/GPA-001__R2-002__R1-004__0114.xml,PASS,INFO,R1.D01=NO;R1.D03=NO;R2.D01=SI;R2.D02=SI;R2.D03=NO,MUNICIPIO30243,MUNICIPIO_SIN_CN_TRAB,Si,No,30243,,Regla 2 coherente para validaciones implementadas.
GPA-001__R2-002__R1-004__0115,GPA-001__R2-002__R1-004,02_inputs_xml_flat/GPA-001__R2-002__R1-004__0115.xml,PASS,INFO,R1.D01=NO;R1.D03=NO;R2.D01=SI;R2.D02=SI;R2.D03=NO,MUNICIPIO30241,MUNICIPIO_SIN_CN_TRAB,Si,No,30241,,Regla 2 coherente para validaciones implementadas.
GPA-001__R2-002__R1-004__0116,GPA-001__R2-002__R1-004,02_inputs_xml_flat/GPA-001__R2-002__R1-004__0116.xml,PASS,INFO,R1.D01=NO;R1.D03=NO;R2.D01=SI;R2.D02=SI;R2.D03=NO,MUNICIPIO30242,MUNICIPIO_SIN_CN_TRAB,Si,No,30242,,Regla 2 coherente para validaciones implementadas.
GPA-001__R2-002__R1-004__0117,GPA-001__R2-002__R1-004,02_inputs_xml_flat/GPA-001__R2-002__R1-004__0117.xml,PASS,INFO,R1.D01=NO;R1.D03=NO;R2.D01=SI;R2.D02=SI;R2.D03=NO,MUNICIPIO30243,MUNICIPIO_SIN_CN_TRAB,Si,No,30243,,Regla 2 coherente para validaciones implementadas.
GPA-001__R2-002__R1-004__0118,GPA-001__R2-002__R1-004,02_inputs_xml_flat/GPA-001__R2-002__R1-004__0118.xml,PASS,INFO,R1.D01=NO;R1.D03=NO;R2.D01=SI;R2.D02=SI;R2.D03=NO,MUNICIPIO30241,MUNICIPIO_SIN_CN_TRAB,Si,No,30241,,Regla 2 coherente para validaciones implementadas.
GPA-001__R2-002__R1-004__0119,GPA-001__R2-002__R1-004,02_inputs_xml_flat/GPA-001__R2-002__R1-004__0119.xml,PASS,INFO,R1.D01=NO;R1.D03=NO;R2.D01=SI;R2.D02=SI;R2.D03=NO,MUNICIPIO30242,MUNICIPIO_SIN_CN_TRAB,Si,No,30242,,Regla 2 coherente para validaciones implementadas.
GPA-001__R2-002__R1-004__0120,GPA-001__R2-002__R1-004,02_inputs_xml_flat/GPA-001__R2-002__R1-004__0120.xml,PASS,INFO,R1.D01=NO;R1.D03=NO;R2.D01=SI;R2.D02=SI;R2.D03=NO,MUNICIPIO30243,MUNICIPIO_SIN_CN_TRAB,Si,No,30243,,Regla 2 coherente para validaciones implementadas.
GPA-001__R2-002__R1-004__0121,GPA-001__R2-002__R1-004,02_inputs_xml_flat/GPA-001__R2-002__R1-004__0121.xml,PASS,INFO,R1.D01=NO;R1.D03=NO;R2.D01=SI;R2.D02=SI;R2.D03=NO,MUNICIPIO30241,MUNICIPIO_SIN_CN_TRAB,Si,No,30241,,Regla 2 coherente para validaciones implementadas.
GPA-001__R2-002__R1-004__0122,GPA-001__R2-002__R1-004,02_inputs_xml_flat/GPA-001__R2-002__R1-004__0122.xml,PASS,INFO,R1.D01=NO;R1.D03=NO;R2.D01=SI;R2.D02=SI;R2.D03=NO,MUNICIPIO30242,MUNICIPIO_SIN_CN_TRAB,Si,No,30242,,Regla 2 coherente para validaciones implementadas.
GPA-001__R2-002__R1-004__0123,GPA-001__R2-002__R1-004,02_inputs_xml_flat/GPA-001__R2-002__R1-004__0123.xml,PASS,INFO,R1.D01=NO;R1.D03=NO;R2.D01=SI;R2.D02=SI;R2.D03=NO,MUNICIPIO30243,MUNICIPIO_SIN_CN_TRAB,Si,No,30243,,Regla 2 coherente para validaciones implementadas.
GPA-001__R2-002__R1-004__0124,GPA-001__R2-002__R1-004,02_inputs_xml_flat/GPA-001__R2-002__R1-004__0124.xml,PASS,INFO,R1.D01=NO;R1.D03=NO;R2.D01=SI;R2.D02=SI;R2.D03=NO,MUNICIPIO30241,MUNICIPIO_SIN_CN_TRAB,Si,No,30241,,Regla 2 coherente para validaciones implementadas.
GPA-001__R2-002__R1-004__0125,GPA-001__R2-002__R1-004,02_inputs_xml_flat/GPA-001__R2-002__R1-004__0125.xml,PASS,INFO,R1.D01=NO;R1.D03=NO;R2.D01=SI;R2.D02=SI;R2.D03=NO,MUNICIPIO30242,MUNICIPIO_SIN_CN_TRAB,Si,No,30242,,Regla 2 coherente para validaciones implementadas.
GPA-001__R2-002__R1-004__0126,GPA-001__R2-002__R1-004,02_inputs_xml_flat/GPA-001__R2-002__R1-004__0126.xml,PASS,INFO,R1.D01=NO;R1.D03=NO;R2.D01=SI;R2.D02=SI;R2.D03=NO,MUNICIPIO30243,MUNICIPIO_SIN_CN_TRAB,Si,No,30243,,Regla 2 coherente para validaciones implementadas.
GPA-001__R2-002__R1-004__0127,GPA-001__R2-002__R1-004,02_inputs_xml_flat/GPA-001__R2-002__R1-004__0127.xml,PASS,INFO,R1.D01=NO;R1.D03=NO;R2.D01=SI;R2.D02=SI;R2.D03=NO,MUNICIPIO30241,MUNICIPIO_SIN_CN_TRAB,Si,No,30241,,Regla 2 coherente para validaciones implementadas.
GPA-001__R2-002__R1-004__0128,GPA-001__R2-002__R1-004,02_inputs_xml_flat/GPA-001__R2-002__R1-004__0128.xml,PASS,INFO,R1.D01=NO;R1.D03=NO;R2.D01=SI;R2.D02=SI;R2.D03=NO,MUNICIPIO30242,MUNICIPIO_SIN_CN_TRAB,Si,No,30242,,Regla 2 coherente para validaciones implementadas.
GPA-001__R2-002__R1-004__0129,GPA-001__R2-002__R1-004,02_inputs_xml_flat/GPA-001__R2-002__R1-004__0129.xml,PASS,INFO,R1.D01=NO;R1.D03=NO;R2.D01=SI;R2.D02=SI;R2.D03=NO,MUNICIPIO30243,MUNICIPIO_SIN_CN_TRAB,Si,No,30243,,Regla 2 coherente para validaciones implementadas.
GPA-001__R2-002__R1-004__0130,GPA-001__R2-002__R1-004,02_inputs_xml_flat/GPA-001__R2-002__R1-004__0130.xml,PASS,INFO,R1.D01=NO;R1.D03=NO;R2.D01=SI;R2.D02=SI;R2.D03=NO,MUNICIPIO30241,MUNICIPIO_SIN_CN_TRAB,Si,No,30241,,Regla 2 coherente para validaciones implementadas.
GPA-001__R2-002__R1-004__0131,GPA-001__R2-002__R1-004,02_inputs_xml_flat/GPA-001__R2-002__R1-004__0131.xml,PASS,INFO,R1.D01=NO;R1.D03=NO;R2.D01=SI;R2.D02=SI;R2.D03=NO,MUNICIPIO30242,MUNICIPIO_SIN_CN_TRAB,Si,No,30242,,Regla 2 coherente para validaciones implementadas.
GPA-001__R2-002__R1-004__0132,GPA-001__R2-002__R1-004,02_inputs_xml_flat/GPA-001__R2-002__R1-004__0132.xml,PASS,INFO,R1.D01=NO;R1.D03=NO;R2.D01=SI;R2.D02=SI;R2.D03=NO,MUNICIPIO30243,MUNICIPIO_SIN_CN_TRAB,Si,No,30243,,Regla 2 coherente para validaciones implementadas.
GPA-001__R2-002__R1-004__0133,GPA-001__R2-002__R1-004,02_inputs_xml_flat/GPA-001__R2-002__R1-004__0133.xml,PASS,INFO,R1.D01=NO;R1.D03=NO;R2.D01=SI;R2.D02=SI;R2.D03=NO,MUNICIPIO30241,MUNICIPIO_SIN_CN_TRAB,Si,No,30241,,Regla 2 coherente para validaciones implementadas.
GPA-001__R2-002__R1-004__0134,GPA-001__R2-002__R1-004,02_inputs_xml_flat/GPA-001__R2-002__R1-004__0134.xml,PASS,INFO,R1.D01=NO;R1.D03=NO;R2.D01=SI;R2.D02=SI;R2.D03=NO,MUNICIPIO30242,MUNICIPIO_SIN_CN_TRAB,Si,No,30242,,Regla 2 coherente para validaciones implementadas.
GPA-001__R2-002__R1-004__0135,GPA-001__R2-002__R1-004,02_inputs_xml_flat/GPA-001__R2-002__R1-004__0135.xml,PASS,INFO,R1.D01=NO;R1.D03=NO;R2.D01=SI;R2.D02=SI;R2.D03=NO,MUNICIPIO30243,MUNICIPIO_SIN_CN_TRAB,Si,No,30243,,Regla 2 coherente para validaciones implementadas.
GPA-001__R2-002__R1-004__0136,GPA-001__R2-002__R1-004,02_inputs_xml_flat/GPA-001__R2-002__R1-004__0136.xml,PASS,INFO,R1.D01=NO;R1.D03=NO;R2.D01=SI;R2.D02=SI;R2.D03=NO,MUNICIPIO30241,MUNICIPIO_SIN_CN_TRAB,Si,No,30241,,Regla 2 coherente para validaciones implementadas.
GPA-001__R2-002__R1-004__0137,GPA-001__R2-002__R1-004,02_inputs_xml_flat/GPA-001__R2-002__R1-004__0137.xml,PASS,INFO,R1.D01=NO;R1.D03=NO;R2.D01=SI;R2.D02=SI;R2.D03=NO,MUNICIPIO30242,MUNICIPIO_SIN_CN_TRAB,Si,No,30242,,Regla 2 coherente para validaciones implementadas.
GPA-001__R2-002__R1-004__0138,GPA-001__R2-002__R1-004,02_inputs_xml_flat/GPA-001__R2-002__R1-004__0138.xml,PASS,INFO,R1.D01=NO;R1.D03=NO;R2.D01=SI;R2.D02=SI;R2.D03=NO,MUNICIPIO30243,MUNICIPIO_SIN_CN_TRAB,Si,No,30243,,Regla 2 coherente para validaciones implementadas.
GPA-001__R2-002__R1-004__0139,GPA-001__R2-002__R1-004,02_inputs_xml_flat/GPA-001__R2-002__R1-004__0139.xml,PASS,INFO,R1.D01=NO;R1.D03=NO;R2.D01=SI;R2.D02=SI;R2.D03=NO,MUNICIPIO30241,MUNICIPIO_SIN_CN_TRAB,Si,No,30241,,Regla 2 coherente para validaciones implementadas.
GPA-001__R2-002__R1-004__0140,GPA-001__R2-002__R1-004,02_inputs_xml_flat/GPA-001__R2-002__R1-004__0140.xml,PASS,INFO,R1.D01=NO;R1.D03=NO;R2.D01=SI;R2.D02=SI;R2.D03=NO,MUNICIPIO30242,MUNICIPIO_SIN_CN_TRAB,Si,No,30242,,Regla 2 coherente para validaciones implementadas.
GPA-001__R2-002__R1-004__0141,GPA-001__R2-002__R1-004,02_inputs_xml_flat/GPA-001__R2-002__R1-004__0141.xml,PASS,INFO,R1.D01=NO;R1.D03=NO;R2.D01=SI;R2.D02=SI;R2.D03=NO,MUNICIPIO30243,MUNICIPIO_SIN_CN_TRAB,Si,No,30243,,Regla 2 coherente para validaciones implementadas.
GPA-001__R2-002__R1-004__0142,GPA-001__R2-002__R1-004,02_inputs_xml_flat/GPA-001__R2-002__R1-004__0142.xml,PASS,INFO,R1.D01=NO;R1.D03=NO;R2.D01=SI;R2.D02=SI;R2.D03=NO,MUNICIPIO30241,MUNICIPIO_SIN_CN_TRAB,Si,No,30241,,Regla 2 coherente para validaciones implementadas.
GPA-001__R2-002__R1-004__0143,GPA-001__R2-002__R1-004,02_inputs_xml_flat/GPA-001__R2-002__R1-004__0143.xml,PASS,INFO,R1.D01=NO;R1.D03=NO;R2.D01=SI;R2.D02=SI;R2.D03=NO,MUNICIPIO30242,MUNICIPIO_SIN_CN_TRAB,Si,No,30242,,Regla 2 coherente para validaciones implementadas.
GPA-001__R2-002__R1-004__0144,GPA-001__R2-002__R1-004,02_inputs_xml_flat/GPA-001__R2-002__R1-004__0144.xml,PASS,INFO,R1.D01=NO;R1.D03=NO;R2.D01=SI;R2.D02=SI;R2.D03=NO,MUNICIPIO30243,MUNICIPIO_SIN_CN_TRAB,Si,No,30243,,Regla 2 coherente para validaciones implementadas.
GPA-001__R2-002__R1-004__0145,GPA-001__R2-002__R1-004,02_inputs_xml_flat/GPA-001__R2-002__R1-004__0145.xml,PASS,INFO,R1.D01=NO;R1.D03=NO;R2.D01=SI;R2.D02=SI;R2.D03=NO,MUNICIPIO30241,MUNICIPIO_SIN_CN_TRAB,Si,No,30241,,Regla 2 coherente para validaciones implementadas.
GPA-001__R2-002__R1-004__0146,GPA-001__R2-002__R1-004,02_inputs_xml_flat/GPA-001__R2-002__R1-004__0146.xml,PASS,INFO,R1.D01=NO;R1.D03=NO;R2.D01=SI;R2.D02=SI;R2.D03=NO,MUNICIPIO30242,MUNICIPIO_SIN_CN_TRAB,Si,No,30242,,Regla 2 coherente para validaciones implementadas.
GPA-001__R2-002__R1-004__0147,GPA-001__R2-002__R1-004,02_inputs_xml_flat/GPA-001__R2-002__R1-004__0147.xml,PASS,INFO,R1.D01=NO;R1.D03=NO;R2.D01=SI;R2.D02=SI;R2.D03=NO,MUNICIPIO30243,MUNICIPIO_SIN_CN_TRAB,Si,No,30243,,Regla 2 coherente para validaciones implementadas.
GPA-001__R2-002__R1-004__0148,GPA-001__R2-002__R1-004,02_inputs_xml_flat/GPA-001__R2-002__R1-004__0148.xml,PASS,INFO,R1.D01=NO;R1.D03=NO;R2.D01=SI;R2.D02=SI;R2.D03=NO,MUNICIPIO30241,MUNICIPIO_SIN_CN_TRAB,Si,No,30241,,Regla 2 coherente para validaciones implementadas.
GPA-001__R2-002__R1-004__0149,GPA-001__R2-002__R1-004,02_inputs_xml_flat/GPA-001__R2-002__R1-004__0149.xml,PASS,INFO,R1.D01=NO;R1.D03=NO;R2.D01=SI;R2.D02=SI;R2.D03=NO,MUNICIPIO30242,MUNICIPIO_SIN_CN_TRAB,Si,No,30242,,Regla 2 coherente para validaciones implementadas.
GPA-001__R2-002__R1-004__0150,GPA-001__R2-002__R1-004,02_inputs_xml_flat/GPA-001__R2-002__R1-004__0150.xml,PASS,INFO,R1.D01=NO;R1.D03=NO;R2.D01=SI;R2.D02=SI;R2.D03=NO,MUNICIPIO30243,MUNICIPIO_SIN_CN_TRAB,Si,No,30243,,Regla 2 coherente para validaciones implementadas.
GPA-001__R2-002__R1-004__0151,GPA-001__R2-002__R1-004,02_inputs_xml_flat/GPA-001__R2-002__R1-004__0151.xml,PASS,INFO,R1.D01=NO;R1.D03=NO;R2.D01=SI;R2.D02=SI;R2.D03=NO,MUNICIPIO30241,MUNICIPIO_SIN_CN_TRAB,Si,No,30241,,Regla 2 coherente para validaciones implementadas.
GPA-001__R2-002__R1-004__0152,GPA-001__R2-002__R1-004,02_inputs_xml_flat/GPA-001__R2-002__R1-004__0152.xml,PASS,INFO,R1.D01=NO;R1.D03=NO;R2.D01=SI;R2.D02=SI;R2.D03=NO,MUNICIPIO30242,MUNICIPIO_SIN_CN_TRAB,Si,No,30242,,Regla 2 coherente para validaciones implementadas.
GPA-001__R2-002__R1-004__0153,GPA-001__R2-002__R1-004,02_inputs_xml_flat/GPA-001__R2-002__R1-004__0153.xml,PASS,INFO,R1.D01=NO;R1.D03=NO;R2.D01=SI;R2.D02=SI;R2.D03=NO,MUNICIPIO30243,MUNICIPIO_SIN_CN_TRAB,Si,No,30243,,Regla 2 coherente para validaciones implementadas.
GPA-001__R2-002__R1-004__0154,GPA-001__R2-002__R1-004,02_inputs_xml_flat/GPA-001__R2-002__R1-004__0154.xml,PASS,INFO,R1.D01=NO;R1.D03=NO;R2.D01=SI;R2.D02=SI;R2.D03=NO,MUNICIPIO30241,MUNICIPIO_SIN_CN_TRAB,Si,No,30241,,Regla 2 coherente para validaciones implementadas.
GPA-001__R2-002__R1-004__0155,GPA-001__R2-002__R1-004,02_inputs_xml_flat/GPA-001__R2-002__R1-004__0155.xml,PASS,INFO,R1.D01=NO;R1.D03=NO;R2.D01=SI;R2.D02=SI;R2.D03=NO,MUNICIPIO30242,MUNICIPIO_SIN_CN_TRAB,Si,No,30242,,Regla 2 coherente para validaciones implementadas.
GPA-001__R2-002__R1-004__0156,GPA-001__R2-002__R1-004,02_inputs_xml_flat/GPA-001__R2-002__R1-004__0156.xml,PASS,INFO,R1.D01=NO;R1.D03=NO;R2.D01=SI;R2.D02=SI;R2.D03=NO,MUNICIPIO30243,MUNICIPIO_SIN_CN_TRAB,Si,No,30243,,Regla 2 coherente para validaciones implementadas.
GPA-001__R2-002__R1-004__0157,GPA-001__R2-002__R1-004,02_inputs_xml_flat/GPA-001__R2-002__R1-004__0157.xml,PASS,INFO,R1.D01=NO;R1.D03=NO;R2.D01=SI;R2.D02=SI;R2.D03=NO,MUNICIPIO30241,MUNICIPIO_SIN_CN_TRAB,Si,No,30241,,Regla 2 coherente para validaciones implementadas.
GPA-001__R2-002__R1-004__0158,GPA-001__R2-002__R1-004,02_inputs_xml_flat/GPA-001__R2-002__R1-004__0158.xml,PASS,INFO,R1.D01=NO;R1.D03=NO;R2.D01=SI;R2.D02=SI;R2.D03=NO,MUNICIPIO30242,MUNICIPIO_SIN_CN_TRAB,Si,No,30242,,Regla 2 coherente para validaciones implementadas.
GPA-001__R2-002__R1-004__0159,GPA-001__R2-002__R1-004,02_inputs_xml_flat/GPA-001__R2-002__R1-004__0159.xml,PASS,INFO,R1.D01=NO;R1.D03=NO;R2.D01=SI;R2.D02=SI;R2.D03=NO,MUNICIPIO30243,MUNICIPIO_SIN_CN_TRAB,Si,No,30243,,Regla 2 coherente para validaciones implementadas.
GPA-001__R2-002__R1-004__0160,GPA-001__R2-002__R1-004,02_inputs_xml_flat/GPA-001__R2-002__R1-004__0160.xml,PASS,INFO,R1.D01=NO;R1.D03=NO;R2.D01=SI;R2.D02=SI;R2.D03=NO,MUNICIPIO30241,MUNICIPIO_SIN_CN_TRAB,Si,No,30241,,Regla 2 coherente para validaciones implementadas.
GPA-001__R2-002__R1-004__0161,GPA-001__R2-002__R1-004,02_inputs_xml_flat/GPA-001__R2-002__R1-004__0161.xml,PASS,INFO,R1.D01=NO;R1.D03=NO;R2.D01=SI;R2.D02=SI;R2.D03=NO,MUNICIPIO30242,MUNICIPIO_SIN_CN_TRAB,Si,No,30242,,Regla 2 coherente para validaciones implementadas.
GPA-001__R2-002__R1-004__0162,GPA-001__R2-002__R1-004,02_inputs_xml_flat/GPA-001__R2-002__R1-004__0162.xml,PASS,INFO,R1.D01=NO;R1.D03=NO;R2.D01=SI;R2.D02=SI;R2.D03=NO,MUNICIPIO30243,MUNICIPIO_SIN_CN_TRAB,Si,No,30243,,Regla 2 coherente para validaciones implementadas.
GPA-001__R2-002__R1-004__0163,GPA-001__R2-002__R1-004,02_inputs_xml_flat/GPA-001__R2-002__R1-004__0163.xml,PASS,INFO,R1.D01=NO;R1.D03=NO;R2.D01=SI;R2.D02=SI;R2.D03=NO,MUNICIPIO30241,MUNICIPIO_SIN_CN_TRAB,Si,No,30241,,Regla 2 coherente para validaciones implementadas.
GPA-001__R2-002__R1-004__0164,GPA-001__R2-002__R1-004,02_inputs_xml_flat/GPA-001__R2-002__R1-004__0164.xml,PASS,INFO,R1.D01=NO;R1.D03=NO;R2.D01=SI;R2.D02=SI;R2.D03=NO,MUNICIPIO30242,MUNICIPIO_SIN_CN_TRAB,Si,No,30242,,Regla 2 coherente para validaciones implementadas.
GPA-001__R2-002__R1-004__0165,GPA-001__R2-002__R1-004,02_inputs_xml_flat/GPA-001__R2-002__R1-004__0165.xml,PASS,INFO,R1.D01=NO;R1.D03=NO;R2.D01=SI;R2.D02=SI;R2.D03=NO,MUNICIPIO30243,MUNICIPIO_SIN_CN_TRAB,Si,No,30243,,Regla 2 coherente para validaciones implementadas.
GPA-001__R2-002__R1-004__0166,GPA-001__R2-002__R1-004,02_inputs_xml_flat/GPA-001__R2-002__R1-004__0166.xml,PASS,INFO,R1.D01=NO;R1.D03=NO;R2.D01=SI;R2.D02=SI;R2.D03=NO,MUNICIPIO30241,MUNICIPIO_SIN_CN_TRAB,Si,No,30241,,Regla 2 coherente para validaciones implementadas.
GPA-001__R2-002__R1-004__0167,GPA-001__R2-002__R1-004,02_inputs_xml_flat/GPA-001__R2-002__R1-004__0167.xml,PASS,INFO,R1.D01=NO;R1.D03=NO;R2.D01=SI;R2.D02=SI;R2.D03=NO,MUNICIPIO30242,MUNICIPIO_SIN_CN_TRAB,Si,No,30242,,Regla 2 coherente para validaciones implementadas.
GPA-001__R2-002__R1-004__0168,GPA-001__R2-002__R1-004,02_inputs_xml_flat/GPA-001__R2-002__R1-004__0168.xml,PASS,INFO,R1.D01=NO;R1.D03=NO;R2.D01=SI;R2.D02=SI;R2.D03=NO,MUNICIPIO30243,MUNICIPIO_SIN_CN_TRAB,Si,No,30243,,Regla 2 coherente para validaciones implementadas.
GPA-001__R2-002__R1-004__0169,GPA-001__R2-002__R1-004,02_inputs_xml_flat/GPA-001__R2-002__R1-004__0169.xml,PASS,INFO,R1.D01=NO;R1.D03=NO;R2.D01=SI;R2.D02=SI;R2.D03=NO,MUNICIPIO30241,MUNICIPIO_SIN_CN_TRAB,Si,No,30241,,Regla 2 coherente para validaciones implementadas.
GPA-001__R2-002__R1-004__0170,GPA-001__R2-002__R1-004,02_inputs_xml_flat/GPA-001__R2-002__R1-004__0170.xml,PASS,INFO,R1.D01=NO;R1.D03=NO;R2.D01=SI;R2.D02=SI;R2.D03=NO,MUNICIPIO30242,MUNICIPIO_SIN_CN_TRAB,Si,No,30242,,Regla 2 coherente para validaciones implementadas.
GPA-001__R2-002__R1-004__0171,GPA-001__R2-002__R1-004,02_inputs_xml_flat/GPA-001__R2-002__R1-004__0171.xml,PASS,INFO,R1.D01=NO;R1.D03=NO;R2.D01=SI;R2.D02=SI;R2.D03=NO,MUNICIPIO30243,MUNICIPIO_SIN_CN_TRAB,Si,No,30243,,Regla 2 coherente para validaciones implementadas.
GPA-001__R2-002__R1-004__0172,GPA-001__R2-002__R1-004,02_inputs_xml_flat/GPA-001__R2-002__R1-004__0172.xml,PASS,INFO,R1.D01=NO;R1.D03=NO;R2.D01=SI;R2.D02=SI;R2.D03=NO,MUNICIPIO30241,MUNICIPIO_SIN_CN_TRAB,Si,No,30241,,Regla 2 coherente para validaciones implementadas.
GPA-001__R2-002__R1-004__0173,GPA-001__R2-002__R1-004,02_inputs_xml_flat/GPA-001__R2-002__R1-004__0173.xml,PASS,INFO,R1.D01=NO;R1.D03=NO;R2.D01=SI;R2.D02=SI;R2.D03=NO,MUNICIPIO30242,MUNICIPIO_SIN_CN_TRAB,Si,No,30242,,Regla 2 coherente para validaciones implementadas.
GPA-001__R2-002__R1-004__0174,GPA-001__R2-002__R1-004,02_inputs_xml_flat/GPA-001__R2-002__R1-004__0174.xml,PASS,INFO,R1.D01=NO;R1.D03=NO;R2.D01=SI;R2.D02=SI;R2.D03=NO,MUNICIPIO30243,MUNICIPIO_SIN_CN_TRAB,Si,No,30243,,Regla 2 coherente para validaciones implementadas.
GPA-001__R2-002__R1-004__0175,GPA-001__R2-002__R1-004,02_inputs_xml_flat/GPA-001__R2-002__R1-004__0175.xml,PASS,INFO,R1.D01=NO;R1.D03=NO;R2.D01=SI;R2.D02=SI;R2.D03=NO,MUNICIPIO30241,MUNICIPIO_SIN_CN_TRAB,Si,No,30241,,Regla 2 coherente para validaciones implementadas.
GPA-001__R2-002__R1-004__0176,GPA-001__R2-002__R1-004,02_inputs_xml_flat/GPA-001__R2-002__R1-004__0176.xml,PASS,INFO,R1.D01=NO;R1.D03=NO;R2.D01=SI;R2.D02=SI;R2.D03=NO,MUNICIPIO30242,MUNICIPIO_SIN_CN_TRAB,Si,No,30242,,Regla 2 coherente para validaciones implementadas.
GPA-001__R2-002__R1-004__0177,GPA-001__R2-002__R1-004,02_inputs_xml_flat/GPA-001__R2-002__R1-004__0177.xml,PASS,INFO,R1.D01=NO;R1.D03=NO;R2.D01=SI;R2.D02=SI;R2.D03=NO,MUNICIPIO30243,MUNICIPIO_SIN_CN_TRAB,Si,No,30243,,Regla 2 coherente para validaciones implementadas.
GPA-001__R2-002__R1-004__0178,GPA-001__R2-002__R1-004,02_inputs_xml_flat/GPA-001__R2-002__R1-004__0178.xml,PASS,INFO,R1.D01=NO;R1.D03=NO;R2.D01=SI;R2.D02=SI;R2.D03=NO,MUNICIPIO30241,MUNICIPIO_SIN_CN_TRAB,Si,No,30241,,Regla 2 coherente para validaciones implementadas.
GPA-001__R2-002__R1-004__0179,GPA-001__R2-002__R1-004,02_inputs_xml_flat/GPA-001__R2-002__R1-004__0179.xml,PASS,INFO,R1.D01=NO;R1.D03=NO;R2.D01=SI;R2.D02=SI;R2.D03=NO,MUNICIPIO30242,MUNICIPIO_SIN_CN_TRAB,Si,No,30242,,Regla 2 coherente para validaciones implementadas.
GPA-001__R2-002__R1-004__0180,GPA-001__R2-002__R1-004,02_inputs_xml_flat/GPA-001__R2-002__R1-004__0180.xml,PASS,INFO,R1.D01=NO;R1.D03=NO;R2.D01=SI;R2.D02=SI;R2.D03=NO,MUNICIPIO30243,MUNICIPIO_SIN_CN_TRAB,Si,No,30243,,Regla 2 coherente para validaciones implementadas.
GPA-001__R2-002__R1-004__0181,GPA-001__R2-002__R1-004,02_inputs_xml_flat/GPA-001__R2-002__R1-004__0181.xml,PASS,INFO,R1.D01=NO;R1.D03=NO;R2.D01=SI;R2.D02=SI;R2.D03=NO,MUNICIPIO30241,MUNICIPIO_SIN_CN_TRAB,Si,No,30241,,Regla 2 coherente para validaciones implementadas.
GPA-001__R2-002__R1-004__0182,GPA-001__R2-002__R1-004,02_inputs_xml_flat/GPA-001__R2-002__R1-004__0182.xml,PASS,INFO,R1.D01=NO;R1.D03=NO;R2.D01=SI;R2.D02=SI;R2.D03=NO,MUNICIPIO30242,MUNICIPIO_SIN_CN_TRAB,Si,No,30242,,Regla 2 coherente para validaciones implementadas.
GPA-001__R2-002__R1-004__0183,GPA-001__R2-002__R1-004,02_inputs_xml_flat/GPA-001__R2-002__R1-004__0183.xml,PASS,INFO,R1.D01=NO;R1.D03=NO;R2.D01=SI;R2.D02=SI;R2.D03=NO,MUNICIPIO30243,MUNICIPIO_SIN_CN_TRAB,Si,No,30243,,Regla 2 coherente para validaciones implementadas.
GPA-001__R2-002__R1-004__0184,GPA-001__R2-002__R1-004,02_inputs_xml_flat/GPA-001__R2-002__R1-004__0184.xml,PASS,INFO,R1.D01=NO;R1.D03=NO;R2.D01=SI;R2.D02=SI;R2.D03=NO,MUNICIPIO30241,MUNICIPIO_SIN_CN_TRAB,Si,No,30241,,Regla 2 coherente para validaciones implementadas.
GPA-001__R2-002__R1-004__0185,GPA-001__R2-002__R1-004,02_inputs_xml_flat/GPA-001__R2-002__R1-004__0185.xml,PASS,INFO,R1.D01=NO;R1.D03=NO;R2.D01=SI;R2.D02=SI;R2.D03=NO,MUNICIPIO30242,MUNICIPIO_SIN_CN_TRAB,Si,No,30242,,Regla 2 coherente para validaciones implementadas.
GPA-001__R2-002__R1-004__0186,GPA-001__R2-002__R1-004,02_inputs_xml_flat/GPA-001__R2-002__R1-004__0186.xml,PASS,INFO,R1.D01=NO;R1.D03=NO;R2.D01=SI;R2.D02=SI;R2.D03=NO,MUNICIPIO30243,MUNICIPIO_SIN_CN_TRAB,Si,No,30243,,Regla 2 coherente para validaciones implementadas.
GPA-001__R2-002__R1-004__0187,GPA-001__R2-002__R1-004,02_inputs_xml_flat/GPA-001__R2-002__R1-004__0187.xml,PASS,INFO,R1.D01=NO;R1.D03=NO;R2.D01=SI;R2.D02=SI;R2.D03=NO,MUNICIPIO30241,MUNICIPIO_SIN_CN_TRAB,Si,No,30241,,Regla 2 coherente para validaciones implementadas.
GPA-001__R2-002__R1-004__0188,GPA-001__R2-002__R1-004,02_inputs_xml_flat/GPA-001__R2-002__R1-004__0188.xml,PASS,INFO,R1.D01=NO;R1.D03=NO;R2.D01=SI;R2.D02=SI;R2.D03=NO,MUNICIPIO30242,MUNICIPIO_SIN_CN_TRAB,Si,No,30242,,Regla 2 coherente para validaciones implementadas.
GPA-001__R2-002__R1-004__0189,GPA-001__R2-002__R1-004,02_inputs_xml_flat/GPA-001__R2-002__R1-004__0189.xml,PASS,INFO,R1.D01=NO;R1.D03=NO;R2.D01=SI;R2.D02=SI;R2.D03=NO,MUNICIPIO30243,MUNICIPIO_SIN_CN_TRAB,Si,No,30243,,Regla 2 coherente para validaciones implementadas.
GPA-001__R2-002__R1-004__0190,GPA-001__R2-002__R1-004,02_inputs_xml_flat/GPA-001__R2-002__R1-004__0190.xml,PASS,INFO,R1.D01=NO;R1.D03=NO;R2.D01=SI;R2.D02=SI;R2.D03=NO,MUNICIPIO30241,MUNICIPIO_SIN_CN_TRAB,Si,No,30241,,Regla 2 coherente para validaciones implementadas.
GPA-001__R2-002__R1-004__0191,GPA-001__R2-002__R1-004,02_inputs_xml_flat/GPA-001__R2-002__R1-004__0191.xml,PASS,INFO,R1.D01=NO;R1.D03=NO;R2.D01=SI;R2.D02=SI;R2.D03=NO,MUNICIPIO30242,MUNICIPIO_SIN_CN_TRAB,Si,No,30242,,Regla 2 coherente para validaciones implementadas.
GPA-001__R2-002__R1-004__0192,GPA-001__R2-002__R1-004,02_inputs_xml_flat/GPA-001__R2-002__R1-004__0192.xml,PASS,INFO,R1.D01=NO;R1.D03=NO;R2.D01=SI;R2.D02=SI;R2.D03=NO,MUNICIPIO30243,MUNICIPIO_SIN_CN_TRAB,Si,No,30243,,Regla 2 coherente para validaciones implementadas.
GPA-001__R2-002__R1-004__0193,GPA-001__R2-002__R1-004,02_inputs_xml_flat/GPA-001__R2-002__R1-004__0193.xml,PASS,INFO,R1.D01=NO;R1.D03=NO;R2.D01=SI;R2.D02=SI;R2.D03=NO,MUNICIPIO30241,MUNICIPIO_SIN_CN_TRAB,Si,No,30241,,Regla 2 coherente para validaciones implementadas.
GPA-001__R2-002__R1-004__0194,GPA-001__R2-002__R1-004,02_inputs_xml_flat/GPA-001__R2-002__R1-004__0194.xml,PASS,INFO,R1.D01=NO;R1.D03=NO;R2.D01=SI;R2.D02=SI;R2.D03=NO,MUNICIPIO30242,MUNICIPIO_SIN_CN_TRAB,Si,No,30242,,Regla 2 coherente para validaciones implementadas.
GPA-001__R2-002__R1-004__0195,GPA-001__R2-002__R1-004,02_inputs_xml_flat/GPA-001__R2-002__R1-004__0195.xml,PASS,INFO,R1.D01=NO;R1.D03=NO;R2.D01=SI;R2.D02=SI;R2.D03=NO,MUNICIPIO30243,MUNICIPIO_SIN_CN_TRAB,Si,No,30243,,Regla 2 coherente para validaciones implementadas.
GPA-001__R2-002__R1-004__0196,GPA-001__R2-002__R1-004,02_inputs_xml_flat/GPA-001__R2-002__R1-004__0196.xml,PASS,INFO,R1.D01=NO;R1.D03=NO;R2.D01=SI;R2.D02=SI;R2.D03=NO,MUNICIPIO30241,MUNICIPIO_SIN_CN_TRAB,Si,No,30241,,Regla 2 coherente para validaciones implementadas.
GPA-001__R2-002__R1-004__0197,GPA-001__R2-002__R1-004,02_inputs_xml_flat/GPA-001__R2-002__R1-004__0197.xml,PASS,INFO,R1.D01=NO;R1.D03=NO;R2.D01=SI;R2.D02=SI;R2.D03=NO,MUNICIPIO30242,MUNICIPIO_SIN_CN_TRAB,Si,No,30242,,Regla 2 coherente para validaciones implementadas.
GPA-001__R2-002__R1-004__0198,GPA-001__R2-002__R1-004,02_inputs_xml_flat/GPA-001__R2-002__R1-004__0198.xml,PASS,INFO,R1.D01=NO;R1.D03=NO;R2.D01=SI;R2.D02=SI;R2.D03=NO,MUNICIPIO30243,MUNICIPIO_SIN_CN_TRAB,Si,No,30243,,Regla 2 coherente para validaciones implementadas.
GPA-001__R2-002__R1-004__0199,GPA-001__R2-002__R1-004,02_inputs_xml_flat/GPA-001__R2-002__R1-004__0199.xml,PASS,INFO,R1.D01=NO;R1.D03=NO;R2.D01=SI;R2.D02=SI;R2.D03=NO,MUNICIPIO30241,MUNICIPIO_SIN_CN_TRAB,Si,No,30241,,Regla 2 coherente para validaciones implementadas.
GPA-001__R2-002__R1-004__0200,GPA-001__R2-002__R1-004,02_inputs_xml_flat/GPA-001__R2-002__R1-004__0200.xml,PASS,INFO,R1.D01=NO;R1.D03=NO;R2.D01=SI;R2.D02=SI;R2.D03=NO,MUNICIPIO30242,MUNICIPIO_SIN_CN_TRAB,Si,No,30242,,Regla 2 coherente para validaciones implementadas.
GPA-001__R2-002__R1-004__0201,GPA-001__R2-002__R1-004,02_inputs_xml_flat/GPA-001__R2-002__R1-004__0201.xml,PASS,INFO,R1.D01=NO;R1.D03=NO;R2.D01=SI;R2.D02=SI;R2.D03=NO,MUNICIPIO30243,MUNICIPIO_SIN_CN_TRAB,Si,No,30243,,Regla 2 coherente para validaciones implementadas.
GPA-001__R2-002__R1-004__0202,GPA-001__R2-002__R1-004,02_inputs_xml_flat/GPA-001__R2-002__R1-004__0202.xml,PASS,INFO,R1.D01=NO;R1.D03=NO;R2.D01=SI;R2.D02=SI;R2.D03=NO,MUNICIPIO30241,MUNICIPIO_SIN_CN_TRAB,Si,No,30241,,Regla 2 coherente para validaciones implementadas.
GPA-001__R2-002__R1-004__0203,GPA-001__R2-002__R1-004,02_inputs_xml_flat/GPA-001__R2-002__R1-004__0203.xml,PASS,INFO,R1.D01=NO;R1.D03=NO;R2.D01=SI;R2.D02=SI;R2.D03=NO,MUNICIPIO30242,MUNICIPIO_SIN_CN_TRAB,Si,No,30242,,Regla 2 coherente para validaciones implementadas.
GPA-001__R2-002__R1-004__0204,GPA-001__R2-002__R1-004,02_inputs_xml_flat/GPA-001__R2-002__R1-004__0204.xml,PASS,INFO,R1.D01=NO;R1.D03=NO;R2.D01=SI;R2.D02=SI;R2.D03=NO,MUNICIPIO30243,MUNICIPIO_SIN_CN_TRAB,Si,No,30243,,Regla 2 coherente para validaciones implementadas.
GPA-001__R2-002__R1-004__0205,GPA-001__R2-002__R1-004,02_inputs_xml_flat/GPA-001__R2-002__R1-004__0205.xml,PASS,INFO,R1.D01=NO;R1.D03=NO;R2.D01=SI;R2.D02=SI;R2.D03=NO,MUNICIPIO30241,MUNICIPIO_SIN_CN_TRAB,Si,No,30241,,Regla 2 coherente para validaciones implementadas.
GPA-001__R2-002__R1-004__0206,GPA-001__R2-002__R1-004,02_inputs_xml_flat/GPA-001__R2-002__R1-004__0206.xml,PASS,INFO,R1.D01=NO;R1.D03=NO;R2.D01=SI;R2.D02=SI;R2.D03=NO,MUNICIPIO30242,MUNICIPIO_SIN_CN_TRAB,Si,No,30242,,Regla 2 coherente para validaciones implementadas.
GPA-001__R2-002__R1-004__0207,GPA-001__R2-002__R1-004,02_inputs_xml_flat/GPA-001__R2-002__R1-004__0207.xml,PASS,INFO,R1.D01=NO;R1.D03=NO;R2.D01=SI;R2.D02=SI;R2.D03=NO,MUNICIPIO30243,MUNICIPIO_SIN_CN_TRAB,Si,No,30243,,Regla 2 coherente para validaciones implementadas.
GPA-001__R2-002__R1-004__0208,GPA-001__R2-002__R1-004,02_inputs_xml_flat/GPA-001__R2-002__R1-004__0208.xml,PASS,INFO,R1.D01=NO;R1.D03=NO;R2.D01=SI;R2.D02=SI;R2.D03=NO,MUNICIPIO30241,MUNICIPIO_SIN_CN_TRAB,Si,No,30241,,Regla 2 coherente para validaciones implementadas.
GPA-001__R2-002__R1-004__0209,GPA-001__R2-002__R1-004,02_inputs_xml_flat/GPA-001__R2-002__R1-004__0209.xml,PASS,INFO,R1.D01=NO;R1.D03=NO;R2.D01=SI;R2.D02=SI;R2.D03=NO,MUNICIPIO30242,MUNICIPIO_SIN_CN_TRAB,Si,No,30242,,Regla 2 coherente para validaciones implementadas.
GPA-001__R2-002__R1-004__0210,GPA-001__R2-002__R1-004,02_inputs_xml_flat/GPA-001__R2-002__R1-004__0210.xml,PASS,INFO,R1.D01=NO;R1.D03=NO;R2.D01=SI;R2.D02=SI;R2.D03=NO,MUNICIPIO30243,MUNICIPIO_SIN_CN_TRAB,Si,No,30243,,Regla 2 coherente para validaciones implementadas.
GPA-001__R2-002__R1-004__0211,GPA-001__R2-002__R1-004,02_inputs_xml_flat/GPA-001__R2-002__R1-004__0211.xml,PASS,INFO,R1.D01=NO;R1.D03=NO;R2.D01=SI;R2.D02=SI;R2.D03=NO,MUNICIPIO30241,MUNICIPIO_SIN_CN_TRAB,Si,No,30241,,Regla 2 coherente para validaciones implementadas.
GPA-001__R2-002__R1-004__0212,GPA-001__R2-002__R1-004,02_inputs_xml_flat/GPA-001__R2-002__R1-004__0212.xml,PASS,INFO,R1.D01=NO;R1.D03=NO;R2.D01=SI;R2.D02=SI;R2.D03=NO,MUNICIPIO30242,MUNICIPIO_SIN_CN_TRAB,Si,No,30242,,Regla 2 coherente para validaciones implementadas.
GPA-001__R2-002__R1-004__0213,GPA-001__R2-002__R1-004,02_inputs_xml_flat/GPA-001__R2-002__R1-004__0213.xml,PASS,INFO,R1.D01=NO;R1.D03=NO;R2.D01=SI;R2.D02=SI;R2.D03=NO,MUNICIPIO30243,MUNICIPIO_SIN_CN_TRAB,Si,No,30243,,Regla 2 coherente para validaciones implementadas.
GPA-001__R2-002__R1-004__0214,GPA-001__R2-002__R1-004,02_inputs_xml_flat/GPA-001__R2-002__R1-004__0214.xml,PASS,INFO,R1.D01=NO;R1.D03=NO;R2.D01=SI;R2.D02=SI;R2.D03=NO,MUNICIPIO30241,MUNICIPIO_SIN_CN_TRAB,Si,No,30241,,Regla 2 coherente para validaciones implementadas.
GPA-001__R2-002__R1-004__0215,GPA-001__R2-002__R1-004,02_inputs_xml_flat/GPA-001__R2-002__R1-004__0215.xml,PASS,INFO,R1.D01=NO;R1.D03=NO;R2.D01=SI;R2.D02=SI;R2.D03=NO,MUNICIPIO30242,MUNICIPIO_SIN_CN_TRAB,Si,No,30242,,Regla 2 coherente para validaciones implementadas.
GPA-001__R2-002__R1-004__0216,GPA-001__R2-002__R1-004,02_inputs_xml_flat/GPA-001__R2-002__R1-004__0216.xml,PASS,INFO,R1.D01=NO;R1.D03=NO;R2.D01=SI;R2.D02=SI;R2.D03=NO,MUNICIPIO30243,MUNICIPIO_SIN_CN_TRAB,Si,No,30243,,Regla 2 coherente para validaciones implementadas.
GPA-001__R2-002__R1-004__0217,GPA-001__R2-002__R1-004,02_inputs_xml_flat/GPA-001__R2-002__R1-004__0217.xml,PASS,INFO,R1.D01=NO;R1.D03=NO;R2.D01=SI;R2.D02=SI;R2.D03=NO,MUNICIPIO30241,MUNICIPIO_SIN_CN_TRAB,Si,No,30241,,Regla 2 coherente para validaciones implementadas.
GPA-001__R2-002__R1-004__0218,GPA-001__R2-002__R1-004,02_inputs_xml_flat/GPA-001__R2-002__R1-004__0218.xml,PASS,INFO,R1.D01=NO;R1.D03=NO;R2.D01=SI;R2.D02=SI;R2.D03=NO,MUNICIPIO30242,MUNICIPIO_SIN_CN_TRAB,Si,No,30242,,Regla 2 coherente para validaciones implementadas.
GPA-001__R2-002__R1-004__0219,GPA-001__R2-002__R1-004,02_inputs_xml_flat/GPA-001__R2-002__R1-004__0219.xml,PASS,INFO,R1.D01=NO;R1.D03=NO;R2.D01=SI;R2.D02=SI;R2.D03=NO,MUNICIPIO30243,MUNICIPIO_SIN_CN_TRAB,Si,No,30243,,Regla 2 coherente para validaciones implementadas.
GPA-001__R2-002__R1-004__0220,GPA-001__R2-002__R1-004,02_inputs_xml_flat/GPA-001__R2-002__R1-004__0220.xml,PASS,INFO,R1.D01=NO;R1.D03=NO;R2.D01=SI;R2.D02=SI;R2.D03=NO,MUNICIPIO30241,MUNICIPIO_SIN_CN_TRAB,Si,No,30241,,Regla 2 coherente para validaciones implementadas.
GPA-001__R2-002__R1-004__0221,GPA-001__R2-002__R1-004,02_inputs_xml_flat/GPA-001__R2-002__R1-004__0221.xml,PASS,INFO,R1.D01=NO;R1.D03=NO;R2.D01=SI;R2.D02=SI;R2.D03=NO,MUNICIPIO30242,MUNICIPIO_SIN_CN_TRAB,Si,No,30242,,Regla 2 coherente para validaciones implementadas.
GPA-001__R2-002__R1-004__0222,GPA-001__R2-002__R1-004,02_inputs_xml_flat/GPA-001__R2-002__R1-004__0222.xml,PASS,INFO,R1.D01=NO;R1.D03=NO;R2.D01=SI;R2.D02=SI;R2.D03=NO,MUNICIPIO30243,MUNICIPIO_SIN_CN_TRAB,Si,No,30243,,Regla 2 coherente para validaciones implementadas.
GPA-001__R2-002__R1-004__0223,GPA-001__R2-002__R1-004,02_inputs_xml_flat/GPA-001__R2-002__R1-004__0223.xml,PASS,INFO,R1.D01=NO;R1.D03=NO;R2.D01=SI;R2.D02=SI;R2.D03=NO,MUNICIPIO30241,MUNICIPIO_SIN_CN_TRAB,Si,No,30241,,Regla 2 coherente para validaciones implementadas.
GPA-001__R2-002__R1-004__0224,GPA-001__R2-002__R1-004,02_inputs_xml_flat/GPA-001__R2-002__R1-004__0224.xml,PASS,INFO,R1.D01=NO;R1.D03=NO;R2.D01=SI;R2.D02=SI;R2.D03=NO,MUNICIPIO30242,MUNICIPIO_SIN_CN_TRAB,Si,No,30242,,Regla 2 coherente para validaciones implementadas.
GPA-001__R2-002__R1-004__0225,GPA-001__R2-002__R1-004,02_inputs_xml_flat/GPA-001__R2-002__R1-004__0225.xml,PASS,INFO,R1.D01=NO;R1.D03=NO;R2.D01=SI;R2.D02=SI;R2.D03=NO,MUNICIPIO30243,MUNICIPIO_SIN_CN_TRAB,Si,No,30243,,Regla 2 coherente para validaciones implementadas.
GPA-001__R2-002__R1-004__0226,GPA-001__R2-002__R1-004,02_inputs_xml_flat/GPA-001__R2-002__R1-004__0226.xml,PASS,INFO,R1.D01=NO;R1.D03=NO;R2.D01=SI;R2.D02=SI;R2.D03=NO,MUNICIPIO30241,MUNICIPIO_SIN_CN_TRAB,Si,No,30241,,Regla 2 coherente para validaciones implementadas.
GPA-001__R2-002__R1-004__0227,GPA-001__R2-002__R1-004,02_inputs_xml_flat/GPA-001__R2-002__R1-004__0227.xml,PASS,INFO,R1.D01=NO;R1.D03=NO;R2.D01=SI;R2.D02=SI;R2.D03=NO,MUNICIPIO30242,MUNICIPIO_SIN_CN_TRAB,Si,No,30242,,Regla 2 coherente para validaciones implementadas.
GPA-001__R2-002__R1-004__0228,GPA-001__R2-002__R1-004,02_inputs_xml_flat/GPA-001__R2-002__R1-004__0228.xml,PASS,INFO,R1.D01=NO;R1.D03=NO;R2.D01=SI;R2.D02=SI;R2.D03=NO,MUNICIPIO30243,MUNICIPIO_SIN_CN_TRAB,Si,No,30243,,Regla 2 coherente para validaciones implementadas.
GPA-001__R2-002__R1-004__0229,GPA-001__R2-002__R1-004,02_inputs_xml_flat/GPA-001__R2-002__R1-004__0229.xml,PASS,INFO,R1.D01=NO;R1.D03=NO;R2.D01=SI;R2.D02=SI;R2.D03=NO,MUNICIPIO30241,MUNICIPIO_SIN_CN_TRAB,Si,No,30241,,Regla 2 coherente para validaciones implementadas.
GPA-001__R2-002__R1-004__0230,GPA-001__R2-002__R1-004,02_inputs_xml_flat/GPA-001__R2-002__R1-004__0230.xml,PASS,INFO,R1.D01=NO;R1.D03=NO;R2.D01=SI;R2.D02=SI;R2.D03=NO,MUNICIPIO30242,MUNICIPIO_SIN_CN_TRAB,Si,No,30242,,Regla 2 coherente para validaciones implementadas.
GPA-001__R2-002__R1-004__0231,GPA-001__R2-002__R1-004,02_inputs_xml_flat/GPA-001__R2-002__R1-004__0231.xml,PASS,INFO,R1.D01=NO;R1.D03=NO;R2.D01=SI;R2.D02=SI;R2.D03=NO,MUNICIPIO30243,MUNICIPIO_SIN_CN_TRAB,Si,No,30243,,Regla 2 coherente para validaciones implementadas.
GPA-001__R2-002__R1-004__0232,GPA-001__R2-002__R1-004,02_inputs_xml_flat/GPA-001__R2-002__R1-004__0232.xml,PASS,INFO,R1.D01=NO;R1.D03=NO;R2.D01=SI;R2.D02=SI;R2.D03=NO,MUNICIPIO30241,MUNICIPIO_SIN_CN_TRAB,Si,No,30241,,Regla 2 coherente para validaciones implementadas.
GPA-001__R2-002__R1-004__0233,GPA-001__R2-002__R1-004,02_inputs_xml_flat/GPA-001__R2-002__R1-004__0233.xml,PASS,INFO,R1.D01=NO;R1.D03=NO;R2.D01=SI;R2.D02=SI;R2.D03=NO,MUNICIPIO30242,MUNICIPIO_SIN_CN_TRAB,Si,No,30242,,Regla 2 coherente para validaciones implementadas.
GPA-001__R2-002__R1-004__0234,GPA-001__R2-002__R1-004,02_inputs_xml_flat/GPA-001__R2-002__R1-004__0234.xml,PASS,INFO,R1.D01=NO;R1.D03=NO;R2.D01=SI;R2.D02=SI;R2.D03=NO,MUNICIPIO30243,MUNICIPIO_SIN_CN_TRAB,Si,No,30243,,Regla 2 coherente para validaciones implementadas.
GPA-001__R2-002__R1-004__0235,GPA-001__R2-002__R1-004,02_inputs_xml_flat/GPA-001__R2-002__R1-004__0235.xml,PASS,INFO,R1.D01=NO;R1.D03=NO;R2.D01=SI;R2.D02=SI;R2.D03=NO,MUNICIPIO30241,MUNICIPIO_SIN_CN_TRAB,Si,No,30241,,Regla 2 coherente para validaciones implementadas.
GPA-001__R2-002__R1-004__0236,GPA-001__R2-002__R1-004,02_inputs_xml_flat/GPA-001__R2-002__R1-004__0236.xml,PASS,INFO,R1.D01=NO;R1.D03=NO;R2.D01=SI;R2.D02=SI;R2.D03=NO,MUNICIPIO30242,MUNICIPIO_SIN_CN_TRAB,Si,No,30242,,Regla 2 coherente para validaciones implementadas.
GPA-001__R2-002__R1-004__0237,GPA-001__R2-002__R1-004,02_inputs_xml_flat/GPA-001__R2-002__R1-004__0237.xml,PASS,INFO,R1.D01=NO;R1.D03=NO;R2.D01=SI;R2.D02=SI;R2.D03=NO,MUNICIPIO30243,MUNICIPIO_SIN_CN_TRAB,Si,No,30243,,Regla 2 coherente para validaciones implementadas.
GPA-001__R2-002__R1-004__0238,GPA-001__R2-002__R1-004,02_inputs_xml_flat/GPA-001__R2-002__R1-004__0238.xml,PASS,INFO,R1.D01=NO;R1.D03=NO;R2.D01=SI;R2.D02=SI;R2.D03=NO,MUNICIPIO30241,MUNICIPIO_SIN_CN_TRAB,Si,No,30241,,Regla 2 coherente para validaciones implementadas.
GPA-001__R2-002__R1-004__0239,GPA-001__R2-002__R1-004,02_inputs_xml_flat/GPA-001__R2-002__R1-004__0239.xml,PASS,INFO,R1.D01=NO;R1.D03=NO;R2.D01=SI;R2.D02=SI;R2.D03=NO,MUNICIPIO30242,MUNICIPIO_SIN_CN_TRAB,Si,No,30242,,Regla 2 coherente para validaciones implementadas.
GPA-001__R2-002__R1-004__0240,GPA-001__R2-002__R1-004,02_inputs_xml_flat/GPA-001__R2-002__R1-004__0240.xml,PASS,INFO,R1.D01=NO;R1.D03=NO;R2.D01=SI;R2.D02=SI;R2.D03=NO,MUNICIPIO30243,MUNICIPIO_SIN_CN_TRAB,Si,No,30243,,Regla 2 coherente para validaciones implementadas.
GPA-001__R2-002__R1-004__0241,GPA-001__R2-002__R1-004,02_inputs_xml_flat/GPA-001__R2-002__R1-004__0241.xml,PASS,INFO,R1.D01=NO;R1.D03=NO;R2.D01=SI;R2.D02=SI;R2.D03=NO,MUNICIPIO30241,MUNICIPIO_SIN_CN_TRAB,Si,No,30241,,Regla 2 coherente para validaciones implementadas.
GPA-001__R2-002__R1-004__0242,GPA-001__R2-002__R1-004,02_inputs_xml_flat/GPA-001__R2-002__R1-004__0242.xml,PASS,INFO,R1.D01=NO;R1.D03=NO;R2.D01=SI;R2.D02=SI;R2.D03=NO,MUNICIPIO30242,MUNICIPIO_SIN_CN_TRAB,Si,No,30242,,Regla 2 coherente para validaciones implementadas.
GPA-001__R2-002__R1-004__0243,GPA-001__R2-002__R1-004,02_inputs_xml_flat/GPA-001__R2-002__R1-004__0243.xml,PASS,INFO,R1.D01=NO;R1.D03=NO;R2.D01=SI;R2.D02=SI;R2.D03=NO,MUNICIPIO30243,MUNICIPIO_SIN_CN_TRAB,Si,No,30243,,Regla 2 coherente para validaciones implementadas.
GPA-001__R2-002__R1-004__0244,GPA-001__R2-002__R1-004,02_inputs_xml_flat/GPA-001__R2-002__R1-004__0244.xml,PASS,INFO,R1.D01=NO;R1.D03=NO;R2.D01=SI;R2.D02=SI;R2.D03=NO,MUNICIPIO30241,MUNICIPIO_SIN_CN_TRAB,Si,No,30241,,Regla 2 coherente para validaciones implementadas.
GPA-001__R2-002__R1-004__0245,GPA-001__R2-002__R1-004,02_inputs_xml_flat/GPA-001__R2-002__R1-004__0245.xml,PASS,INFO,R1.D01=NO;R1.D03=NO;R2.D01=SI;R2.D02=SI;R2.D03=NO,MUNICIPIO30242,MUNICIPIO_SIN_CN_TRAB,Si,No,30242,,Regla 2 coherente para validaciones implementadas.
GPA-001__R2-002__R1-004__0246,GPA-001__R2-002__R1-004,02_inputs_xml_flat/GPA-001__R2-002__R1-004__0246.xml,PASS,INFO,R1.D01=NO;R1.D03=NO;R2.D01=SI;R2.D02=SI;R2.D03=NO,MUNICIPIO30243,MUNICIPIO_SIN_CN_TRAB,Si,No,30243,,Regla 2 coherente para validaciones implementadas.
GPA-001__R2-002__R1-004__0247,GPA-001__R2-002__R1-004,02_inputs_xml_flat/GPA-001__R2-002__R1-004__0247.xml,PASS,INFO,R1.D01=NO;R1.D03=NO;R2.D01=SI;R2.D02=SI;R2.D03=NO,MUNICIPIO30241,MUNICIPIO_SIN_CN_TRAB,Si,No,30241,,Regla 2 coherente para validaciones implementadas.
GPA-001__R2-002__R1-004__0248,GPA-001__R2-002__R1-004,02_inputs_xml_flat/GPA-001__R2-002__R1-004__0248.xml,PASS,INFO,R1.D01=NO;R1.D03=NO;R2.D01=SI;R2.D02=SI;R2.D03=NO,MUNICIPIO30242,MUNICIPIO_SIN_CN_TRAB,Si,No,30242,,Regla 2 coherente para validaciones implementadas.
GPA-001__R2-002__R1-004__0249,GPA-001__R2-002__R1-004,02_inputs_xml_flat/GPA-001__R2-002__R1-004__0249.xml,PASS,INFO,R1.D01=NO;R1.D03=NO;R2.D01=SI;R2.D02=SI;R2.D03=NO,MUNICIPIO30243,MUNICIPIO_SIN_CN_TRAB,Si,No,30243,,Regla 2 coherente para validaciones implementadas.
GPA-001__R2-002__R1-004__0250,GPA-001__R2-002__R1-004,02_inputs_xml_flat/GPA-001__R2-002__R1-004__0250.xml,PASS,INFO,R1.D01=NO;R1.D03=NO;R2.D01=SI;R2.D02=SI;R2.D03=NO,MUNICIPIO30241,MUNICIPIO_SIN_CN_TRAB,Si,No,30241,,Regla 2 coherente para validaciones implementadas.
GPA-001__R2-002__R1-004__0251,GPA-001__R2-002__R1-004,02_inputs_xml_flat/GPA-001__R2-002__R1-004__0251.xml,PASS,INFO,R1.D01=NO;R1.D03=NO;R2.D01=SI;R2.D02=SI;R2.D03=NO,MUNICIPIO30242,MUNICIPIO_SIN_CN_TRAB,Si,No,30242,,Regla 2 coherente para validaciones implementadas.
GPA-001__R2-002__R1-004__0252,GPA-001__R2-002__R1-004,02_inputs_xml_flat/GPA-001__R2-002__R1-004__0252.xml,PASS,INFO,R1.D01=NO;R1.D03=NO;R2.D01=SI;R2.D02=SI;R2.D03=NO,MUNICIPIO30243,MUNICIPIO_SIN_CN_TRAB,Si,No,30243,,Regla 2 coherente para validaciones implementadas.
GPA-001__R2-002__R1-004__0253,GPA-001__R2-002__R1-004,02_inputs_xml_flat/GPA-001__R2-002__R1-004__0253.xml,PASS,INFO,R1.D01=NO;R1.D03=NO;R2.D01=SI;R2.D02=SI;R2.D03=NO,MUNICIPIO30241,MUNICIPIO_SIN_CN_TRAB,Si,No,30241,,Regla 2 coherente para validaciones implementadas.
GPA-001__R2-002__R1-004__0254,GPA-001__R2-002__R1-004,02_inputs_xml_flat/GPA-001__R2-002__R1-004__0254.xml,PASS,INFO,R1.D01=NO;R1.D03=NO;R2.D01=SI;R2.D02=SI;R2.D03=NO,MUNICIPIO30242,MUNICIPIO_SIN_CN_TRAB,Si,No,30242,,Regla 2 coherente para validaciones implementadas.
GPA-001__R2-002__R1-004__0255,GPA-001__R2-002__R1-004,02_inputs_xml_flat/GPA-001__R2-002__R1-004__0255.xml,PASS,INFO,R1.D01=NO;R1.D03=NO;R2.D01=SI;R2.D02=SI;R2.D03=NO,MUNICIPIO30243,MUNICIPIO_SIN_CN_TRAB,Si,No,30243,,Regla 2 coherente para validaciones implementadas.
GPA-001__R2-002__R1-004__0256,GPA-001__R2-002__R1-004,02_inputs_xml_flat/GPA-001__R2-002__R1-004__0256.xml,PASS,INFO,R1.D01=NO;R1.D03=NO;R2.D01=SI;R2.D02=SI;R2.D03=NO,MUNICIPIO30241,MUNICIPIO_SIN_CN_TRAB,Si,No,30241,,Regla 2 coherente para validaciones implementadas.
GPA-001__R2-002__R1-004__0257,GPA-001__R2-002__R1-004,02_inputs_xml_flat/GPA-001__R2-002__R1-004__0257.xml,PASS,INFO,R1.D01=NO;R1.D03=NO;R2.D01=SI;R2.D02=SI;R2.D03=NO,MUNICIPIO30242,MUNICIPIO_SIN_CN_TRAB,Si,No,30242,,Regla 2 coherente para validaciones implementadas.
GPA-001__R2-002__R1-004__0258,GPA-001__R2-002__R1-004,02_inputs_xml_flat/GPA-001__R2-002__R1-004__0258.xml,PASS,INFO,R1.D01=NO;R1.D03=NO;R2.D01=SI;R2.D02=SI;R2.D03=NO,MUNICIPIO30243,MUNICIPIO_SIN_CN_TRAB,Si,No,30243,,Regla 2 coherente para validaciones implementadas.
GPA-001__R2-002__R1-004__0259,GPA-001__R2-002__R1-004,02_inputs_xml_flat/GPA-001__R2-002__R1-004__0259.xml,PASS,INFO,R1.D01=NO;R1.D03=NO;R2.D01=SI;R2.D02=SI;R2.D03=NO,MUNICIPIO30241,MUNICIPIO_SIN_CN_TRAB,Si,No,30241,,Regla 2 coherente para validaciones implementadas.
GPA-001__R2-002__R1-004__0260,GPA-001__R2-002__R1-004,02_inputs_xml_flat/GPA-001__R2-002__R1-004__0260.xml,PASS,INFO,R1.D01=NO;R1.D03=NO;R2.D01=SI;R2.D02=SI;R2.D03=NO,MUNICIPIO30242,MUNICIPIO_SIN_CN_TRAB,Si,No,30242,,Regla 2 coherente para validaciones implementadas.
GPA-001__R2-002__R1-004__0261,GPA-001__R2-002__R1-004,02_inputs_xml_flat/GPA-001__R2-002__R1-004__0261.xml,PASS,INFO,R1.D01=NO;R1.D03=NO;R2.D01=SI;R2.D02=SI;R2.D03=NO,MUNICIPIO30243,MUNICIPIO_SIN_CN_TRAB,Si,No,30243,,Regla 2 coherente para validaciones implementadas.
GPA-001__R2-002__R1-004__0262,GPA-001__R2-002__R1-004,02_inputs_xml_flat/GPA-001__R2-002__R1-004__0262.xml,PASS,INFO,R1.D01=NO;R1.D03=NO;R2.D01=SI;R2.D02=SI;R2.D03=NO,MUNICIPIO30241,MUNICIPIO_SIN_CN_TRAB,Si,No,30241,,Regla 2 coherente para validaciones implementadas.
GPA-001__R2-002__R1-004__0263,GPA-001__R2-002__R1-004,02_inputs_xml_flat/GPA-001__R2-002__R1-004__0263.xml,PASS,INFO,R1.D01=NO;R1.D03=NO;R2.D01=SI;R2.D02=SI;R2.D03=NO,MUNICIPIO30242,MUNICIPIO_SIN_CN_TRAB,Si,No,30242,,Regla 2 coherente para validaciones implementadas.
GPA-001__R2-002__R1-004__0264,GPA-001__R2-002__R1-004,02_inputs_xml_flat/GPA-001__R2-002__R1-004__0264.xml,PASS,INFO,R1.D01=NO;R1.D03=NO;R2.D01=SI;R2.D02=SI;R2.D03=NO,MUNICIPIO30243,MUNICIPIO_SIN_CN_TRAB,Si,No,30243,,Regla 2 coherente para validaciones implementadas.
GPA-001__R2-002__R1-004__0265,GPA-001__R2-002__R1-004,02_inputs_xml_flat/GPA-001__R2-002__R1-004__0265.xml,PASS,INFO,R1.D01=NO;R1.D03=NO;R2.D01=SI;R2.D02=SI;R2.D03=NO,MUNICIPIO30241,MUNICIPIO_SIN_CN_TRAB,Si,No,30241,,Regla 2 coherente para validaciones implementadas.
GPA-001__R2-002__R1-004__0266,GPA-001__R2-002__R1-004,02_inputs_xml_flat/GPA-001__R2-002__R1-004__0266.xml,PASS,INFO,R1.D01=NO;R1.D03=NO;R2.D01=SI;R2.D02=SI;R2.D03=NO,MUNICIPIO30242,MUNICIPIO_SIN_CN_TRAB,Si,No,30242,,Regla 2 coherente para validaciones implementadas.
GPA-001__R2-002__R1-004__0267,GPA-001__R2-002__R1-004,02_inputs_xml_flat/GPA-001__R2-002__R1-004__0267.xml,PASS,INFO,R1.D01=NO;R1.D03=NO;R2.D01=SI;R2.D02=SI;R2.D03=NO,MUNICIPIO30243,MUNICIPIO_SIN_CN_TRAB,Si,No,30243,,Regla 2 coherente para validaciones implementadas.
GPA-001__R2-002__R1-004__0268,GPA-001__R2-002__R1-004,02_inputs_xml_flat/GPA-001__R2-002__R1-004__0268.xml,PASS,INFO,R1.D01=NO;R1.D03=NO;R2.D01=SI;R2.D02=SI;R2.D03=NO,MUNICIPIO30241,MUNICIPIO_SIN_CN_TRAB,Si,No,30241,,Regla 2 coherente para validaciones implementadas.
GPA-001__R2-002__R1-004__0269,GPA-001__R2-002__R1-004,02_inputs_xml_flat/GPA-001__R2-002__R1-004__0269.xml,PASS,INFO,R1.D01=NO;R1.D03=NO;R2.D01=SI;R2.D02=SI;R2.D03=NO,MUNICIPIO30242,MUNICIPIO_SIN_CN_TRAB,Si,No,30242,,Regla 2 coherente para validaciones implementadas.
GPA-001__R2-002__R1-004__0270,GPA-001__R2-002__R1-004,02_inputs_xml_flat/GPA-001__R2-002__R1-004__0270.xml,PASS,INFO,R1.D01=NO;R1.D03=NO;R2.D01=SI;R2.D02=SI;R2.D03=NO,MUNICIPIO30243,MUNICIPIO_SIN_CN_TRAB,Si,No,30243,,Regla 2 coherente para validaciones implementadas.
GPA-001__R2-002__R1-004__0271,GPA-001__R2-002__R1-004,02_inputs_xml_flat/GPA-001__R2-002__R1-004__0271.xml,PASS,INFO,R1.D01=NO;R1.D03=NO;R2.D01=SI;R2.D02=SI;R2.D03=NO,MUNICIPIO30241,MUNICIPIO_SIN_CN_TRAB,Si,No,30241,,Regla 2 coherente para validaciones implementadas.
GPA-001__R2-002__R1-004__0272,GPA-001__R2-002__R1-004,02_inputs_xml_flat/GPA-001__R2-002__R1-004__0272.xml,PASS,INFO,R1.D01=NO;R1.D03=NO;R2.D01=SI;R2.D02=SI;R2.D03=NO,MUNICIPIO30242,MUNICIPIO_SIN_CN_TRAB,Si,No,30242,,Regla 2 coherente para validaciones implementadas.
GPA-001__R2-002__R1-004__0273,GPA-001__R2-002__R1-004,02_inputs_xml_flat/GPA-001__R2-002__R1-004__0273.xml,PASS,INFO,R1.D01=NO;R1.D03=NO;R2.D01=SI;R2.D02=SI;R2.D03=NO,MUNICIPIO30243,MUNICIPIO_SIN_CN_TRAB,Si,No,30243,,Regla 2 coherente para validaciones implementadas.
GPA-001__R2-002__R1-004__0274,GPA-001__R2-002__R1-004,02_inputs_xml_flat/GPA-001__R2-002__R1-004__0274.xml,PASS,INFO,R1.D01=NO;R1.D03=NO;R2.D01=SI;R2.D02=SI;R2.D03=NO,MUNICIPIO30241,MUNICIPIO_SIN_CN_TRAB,Si,No,30241,,Regla 2 coherente para validaciones implementadas.
GPA-001__R2-002__R1-004__0275,GPA-001__R2-002__R1-004,02_inputs_xml_flat/GPA-001__R2-002__R1-004__0275.xml,PASS,INFO,R1.D01=NO;R1.D03=NO;R2.D01=SI;R2.D02=SI;R2.D03=NO,MUNICIPIO30242,MUNICIPIO_SIN_CN_TRAB,Si,No,30242,,Regla 2 coherente para validaciones implementadas.
GPA-001__R2-002__R1-004__0276,GPA-001__R2-002__R1-004,02_inputs_xml_flat/GPA-001__R2-002__R1-004__0276.xml,PASS,INFO,R1.D01=NO;R1.D03=NO;R2.D01=SI;R2.D02=SI;R2.D03=NO,MUNICIPIO30243,MUNICIPIO_SIN_CN_TRAB,Si,No,30243,,Regla 2 coherente para validaciones implementadas.
GPA-001__R2-002__R1-004__0277,GPA-001__R2-002__R1-004,02_inputs_xml_flat/GPA-001__R2-002__R1-004__0277.xml,PASS,INFO,R1.D01=NO;R1.D03=NO;R2.D01=SI;R2.D02=SI;R2.D03=NO,MUNICIPIO30241,MUNICIPIO_SIN_CN_TRAB,Si,No,30241,,Regla 2 coherente para validaciones implementadas.
GPA-001__R2-002__R1-004__0278,GPA-001__R2-002__R1-004,02_inputs_xml_flat/GPA-001__R2-002__R1-004__0278.xml,PASS,INFO,R1.D01=NO;R1.D03=NO;R2.D01=SI;R2.D02=SI;R2.D03=NO,MUNICIPIO30242,MUNICIPIO_SIN_CN_TRAB,Si,No,30242,,Regla 2 coherente para validaciones implementadas.
GPA-001__R2-002__R1-004__0279,GPA-001__R2-002__R1-004,02_inputs_xml_flat/GPA-001__R2-002__R1-004__0279.xml,PASS,INFO,R1.D01=NO;R1.D03=NO;R2.D01=SI;R2.D02=SI;R2.D03=NO,MUNICIPIO30243,MUNICIPIO_SIN_CN_TRAB,Si,No,30243,,Regla 2 coherente para validaciones implementadas.
GPA-001__R2-002__R1-004__0280,GPA-001__R2-002__R1-004,02_inputs_xml_flat/GPA-001__R2-002__R1-004__0280.xml,PASS,INFO,R1.D01=NO;R1.D03=NO;R2.D01=SI;R2.D02=SI;R2.D03=NO,MUNICIPIO30241,MUNICIPIO_SIN_CN_TRAB,Si,No,30241,,Regla 2 coherente para validaciones implementadas.
GPA-001__R2-002__R1-004__0281,GPA-001__R2-002__R1-004,02_inputs_xml_flat/GPA-001__R2-002__R1-004__0281.xml,PASS,INFO,R1.D01=NO;R1.D03=NO;R2.D01=SI;R2.D02=SI;R2.D03=NO,MUNICIPIO30242,MUNICIPIO_SIN_CN_TRAB,Si,No,30242,,Regla 2 coherente para validaciones implementadas.
GPA-001__R2-002__R1-004__0282,GPA-001__R2-002__R1-004,02_inputs_xml_flat/GPA-001__R2-002__R1-004__0282.xml,PASS,INFO,R1.D01=NO;R1.D03=NO;R2.D01=SI;R2.D02=SI;R2.D03=NO,MUNICIPIO30243,MUNICIPIO_SIN_CN_TRAB,Si,No,30243,,Regla 2 coherente para validaciones implementadas.
GPA-001__R2-002__R1-004__0283,GPA-001__R2-002__R1-004,02_inputs_xml_flat/GPA-001__R2-002__R1-004__0283.xml,PASS,INFO,R1.D01=NO;R1.D03=NO;R2.D01=SI;R2.D02=SI;R2.D03=NO,MUNICIPIO30241,MUNICIPIO_SIN_CN_TRAB,Si,No,30241,,Regla 2 coherente para validaciones implementadas.
GPA-001__R2-002__R1-004__0284,GPA-001__R2-002__R1-004,02_inputs_xml_flat/GPA-001__R2-002__R1-004__0284.xml,PASS,INFO,R1.D01=NO;R1.D03=NO;R2.D01=SI;R2.D02=SI;R2.D03=NO,MUNICIPIO30242,MUNICIPIO_SIN_CN_TRAB,Si,No,30242,,Regla 2 coherente para validaciones implementadas.
GPA-001__R2-002__R1-004__0285,GPA-001__R2-002__R1-004,02_inputs_xml_flat/GPA-001__R2-002__R1-004__0285.xml,PASS,INFO,R1.D01=NO;R1.D03=NO;R2.D01=SI;R2.D02=SI;R2.D03=NO,MUNICIPIO30243,MUNICIPIO_SIN_CN_TRAB,Si,No,30243,,Regla 2 coherente para validaciones implementadas.
GPA-001__R2-002__R1-004__0286,GPA-001__R2-002__R1-004,02_inputs_xml_flat/GPA-001__R2-002__R1-004__0286.xml,PASS,INFO,R1.D01=NO;R1.D03=NO;R2.D01=SI;R2.D02=SI;R2.D03=NO,MUNICIPIO30241,MUNICIPIO_SIN_CN_TRAB,Si,No,30241,,Regla 2 coherente para validaciones implementadas.
GPA-001__R2-002__R1-004__0287,GPA-001__R2-002__R1-004,02_inputs_xml_flat/GPA-001__R2-002__R1-004__0287.xml,PASS,INFO,R1.D01=NO;R1.D03=NO;R2.D01=SI;R2.D02=SI;R2.D03=NO,MUNICIPIO30242,MUNICIPIO_SIN_CN_TRAB,Si,No,30242,,Regla 2 coherente para validaciones implementadas.
GPA-001__R2-002__R1-004__0288,GPA-001__R2-002__R1-004,02_inputs_xml_flat/GPA-001__R2-002__R1-004__0288.xml,PASS,INFO,R1.D01=NO;R1.D03=NO;R2.D01=SI;R2.D02=SI;R2.D03=NO,MUNICIPIO30243,MUNICIPIO_SIN_CN_TRAB,Si,No,30243,,Regla 2 coherente para validaciones implementadas.
GPA-001__R2-002__R1-004__0289,GPA-001__R2-002__R1-004,02_inputs_xml_flat/GPA-001__R2-002__R1-004__0289.xml,PASS,INFO,R1.D01=NO;R1.D03=NO;R2.D01=SI;R2.D02=SI;R2.D03=NO,MUNICIPIO30241,MUNICIPIO_SIN_CN_TRAB,Si,No,30241,,Regla 2 coherente para validaciones implementadas.
GPA-001__R2-002__R1-004__0290,GPA-001__R2-002__R1-004,02_inputs_xml_flat/GPA-001__R2-002__R1-004__0290.xml,PASS,INFO,R1.D01=NO;R1.D03=NO;R2.D01=SI;R2.D02=SI;R2.D03=NO,MUNICIPIO30242,MUNICIPIO_SIN_CN_TRAB,Si,No,30242,,Regla 2 coherente para validaciones implementadas.
GPA-001__R2-002__R1-004__0291,GPA-001__R2-002__R1-004,02_inputs_xml_flat/GPA-001__R2-002__R1-004__0291.xml,PASS,INFO,R1.D01=NO;R1.D03=NO;R2.D01=SI;R2.D02=SI;R2.D03=NO,MUNICIPIO30243,MUNICIPIO_SIN_CN_TRAB,Si,No,30243,,Regla 2 coherente para validaciones implementadas.
GPA-001__R2-002__R1-004__0292,GPA-001__R2-002__R1-004,02_inputs_xml_flat/GPA-001__R2-002__R1-004__0292.xml,PASS,INFO,R1.D01=NO;R1.D03=NO;R2.D01=SI;R2.D02=SI;R2.D03=NO,MUNICIPIO30241,MUNICIPIO_SIN_CN_TRAB,Si,No,30241,,Regla 2 coherente para validaciones implementadas.
GPA-001__R2-002__R1-004__0293,GPA-001__R2-002__R1-004,02_inputs_xml_flat/GPA-001__R2-002__R1-004__0293.xml,PASS,INFO,R1.D01=NO;R1.D03=NO;R2.D01=SI;R2.D02=SI;R2.D03=NO,MUNICIPIO30242,MUNICIPIO_SIN_CN_TRAB,Si,No,30242,,Regla 2 coherente para validaciones implementadas.
GPA-001__R2-002__R1-004__0294,GPA-001__R2-002__R1-004,02_inputs_xml_flat/GPA-001__R2-002__R1-004__0294.xml,PASS,INFO,R1.D01=NO;R1.D03=NO;R2.D01=SI;R2.D02=SI;R2.D03=NO,MUNICIPIO30243,MUNICIPIO_SIN_CN_TRAB,Si,No,30243,,Regla 2 coherente para validaciones implementadas.
GPA-001__R2-002__R1-004__0295,GPA-001__R2-002__R1-004,02_inputs_xml_flat/GPA-001__R2-002__R1-004__0295.xml,PASS,INFO,R1.D01=NO;R1.D03=NO;R2.D01=SI;R2.D02=SI;R2.D03=NO,MUNICIPIO30241,MUNICIPIO_SIN_CN_TRAB,Si,No,30241,,Regla 2 coherente para validaciones implementadas.
GPA-001__R2-002__R1-004__0296,GPA-001__R2-002__R1-004,02_inputs_xml_flat/GPA-001__R2-002__R1-004__0296.xml,PASS,INFO,R1.D01=NO;R1.D03=NO;R2.D01=SI;R2.D02=SI;R2.D03=NO,MUNICIPIO30242,MUNICIPIO_SIN_CN_TRAB,Si,No,30242,,Regla 2 coherente para validaciones implementadas.
GPA-001__R2-002__R1-004__0297,GPA-001__R2-002__R1-004,02_inputs_xml_flat/GPA-001__R2-002__R1-004__0297.xml,PASS,INFO,R1.D01=NO;R1.D03=NO;R2.D01=SI;R2.D02=SI;R2.D03=NO,MUNICIPIO30243,MUNICIPIO_SIN_CN_TRAB,Si,No,30243,,Regla 2 coherente para validaciones implementadas.
GPA-001__R2-002__R1-004__0298,GPA-001__R2-002__R1-004,02_inputs_xml_flat/GPA-001__R2-002__R1-004__0298.xml,PASS,INFO,R1.D01=NO;R1.D03=NO;R2.D01=SI;R2.D02=SI;R2.D03=NO,MUNICIPIO30241,MUNICIPIO_SIN_CN_TRAB,Si,No,30241,,Regla 2 coherente para validaciones implementadas.
GPA-001__R2-002__R1-004__0299,GPA-001__R2-002__R1-004,02_inputs_xml_flat/GPA-001__R2-002__R1-004__0299.xml,PASS,INFO,R1.D01=NO;R1.D03=NO;R2.D01=SI;R2.D02=SI;R2.D03=NO,MUNICIPIO30242,MUNICIPIO_SIN_CN_TRAB,Si,No,30242,,Regla 2 coherente para validaciones implementadas.
GPA-001__R2-002__R1-004__0300,GPA-001__R2-002__R1-004,02_inputs_xml_flat/GPA-001__R2-002__R1-004__0300.xml,PASS,INFO,R1.D01=NO;R1.D03=NO;R2.D01=SI;R2.D02=SI;R2.D03=NO,MUNICIPIO30243,MUNICIPIO_SIN_CN_TRAB,Si,No,30243,,Regla 2 coherente para validaciones implementadas.
GPA-001__R2-002__R1-004__0301,GPA-001__R2-002__R1-004,02_inputs_xml_flat/GPA-001__R2-002__R1-004__0301.xml,PASS,INFO,R1.D01=NO;R1.D03=NO;R2.D01=SI;R2.D02=SI;R2.D03=NO,MUNICIPIO30241,MUNICIPIO_SIN_CN_TRAB,Si,No,30241,,Regla 2 coherente para validaciones implementadas.
GPA-001__R2-002__R1-004__0302,GPA-001__R2-002__R1-004,02_inputs_xml_flat/GPA-001__R2-002__R1-004__0302.xml,PASS,INFO,R1.D01=NO;R1.D03=NO;R2.D01=SI;R2.D02=SI;R2.D03=NO,MUNICIPIO30242,MUNICIPIO_SIN_CN_TRAB,Si,No,30242,,Regla 2 coherente para validaciones implementadas.
GPA-001__R2-002__R1-004__0303,GPA-001__R2-002__R1-004,02_inputs_xml_flat/GPA-001__R2-002__R1-004__0303.xml,PASS,INFO,R1.D01=NO;R1.D03=NO;R2.D01=SI;R2.D02=SI;R2.D03=NO,MUNICIPIO30243,MUNICIPIO_SIN_CN_TRAB,Si,No,30243,,Regla 2 coherente para validaciones implementadas.
GPA-001__R2-002__R1-004__0304,GPA-001__R2-002__R1-004,02_inputs_xml_flat/GPA-001__R2-002__R1-004__0304.xml,PASS,INFO,R1.D01=NO;R1.D03=NO;R2.D01=SI;R2.D02=SI;R2.D03=NO,MUNICIPIO30241,MUNICIPIO_SIN_CN_TRAB,Si,No,30241,,Regla 2 coherente para validaciones implementadas.
GPA-001__R2-002__R1-004__0305,GPA-001__R2-002__R1-004,02_inputs_xml_flat/GPA-001__R2-002__R1-004__0305.xml,PASS,INFO,R1.D01=NO;R1.D03=NO;R2.D01=SI;R2.D02=SI;R2.D03=NO,MUNICIPIO30242,MUNICIPIO_SIN_CN_TRAB,Si,No,30242,,Regla 2 coherente para validaciones implementadas.
GPA-001__R2-002__R1-004__0306,GPA-001__R2-002__R1-004,02_inputs_xml_flat/GPA-001__R2-002__R1-004__0306.xml,PASS,INFO,R1.D01=NO;R1.D03=NO;R2.D01=SI;R2.D02=SI;R2.D03=NO,MUNICIPIO30243,MUNICIPIO_SIN_CN_TRAB,Si,No,30243,,Regla 2 coherente para validaciones implementadas.
GPA-001__R2-002__R1-004__0307,GPA-001__R2-002__R1-004,02_inputs_xml_flat/GPA-001__R2-002__R1-004__0307.xml,PASS,INFO,R1.D01=NO;R1.D03=NO;R2.D01=SI;R2.D02=SI;R2.D03=NO,MUNICIPIO30241,MUNICIPIO_SIN_CN_TRAB,Si,No,30241,,Regla 2 coherente para validaciones implementadas.
GPA-001__R2-002__R1-004__0308,GPA-001__R2-002__R1-004,02_inputs_xml_flat/GPA-001__R2-002__R1-004__0308.xml,PASS,INFO,R1.D01=NO;R1.D03=NO;R2.D01=SI;R2.D02=SI;R2.D03=NO,MUNICIPIO30242,MUNICIPIO_SIN_CN_TRAB,Si,No,30242,,Regla 2 coherente para validaciones implementadas.
GPA-001__R2-002__R1-004__0309,GPA-001__R2-002__R1-004,02_inputs_xml_flat/GPA-001__R2-002__R1-004__0309.xml,PASS,INFO,R1.D01=NO;R1.D03=NO;R2.D01=SI;R2.D02=SI;R2.D03=NO,MUNICIPIO30243,MUNICIPIO_SIN_CN_TRAB,Si,No,30243,,Regla 2 coherente para validaciones implementadas.
GPA-001__R2-002__R1-004__0310,GPA-001__R2-002__R1-004,02_inputs_xml_flat/GPA-001__R2-002__R1-004__0310.xml,PASS,INFO,R1.D01=NO;R1.D03=NO;R2.D01=SI;R2.D02=SI;R2.D03=NO,MUNICIPIO30241,MUNICIPIO_SIN_CN_TRAB,Si,No,30241,,Regla 2 coherente para validaciones implementadas.
GPA-001__R2-002__R1-004__0311,GPA-001__R2-002__R1-004,02_inputs_xml_flat/GPA-001__R2-002__R1-004__0311.xml,PASS,INFO,R1.D01=NO;R1.D03=NO;R2.D01=SI;R2.D02=SI;R2.D03=NO,MUNICIPIO30242,MUNICIPIO_SIN_CN_TRAB,Si,No,30242,,Regla 2 coherente para validaciones implementadas.
GPA-001__R2-002__R1-004__0312,GPA-001__R2-002__R1-004,02_inputs_xml_flat/GPA-001__R2-002__R1-004__0312.xml,PASS,INFO,R1.D01=NO;R1.D03=NO;R2.D01=SI;R2.D02=SI;R2.D03=NO,MUNICIPIO30243,MUNICIPIO_SIN_CN_TRAB,Si,No,30243,,Regla 2 coherente para validaciones implementadas.
GPA-001__R2-002__R1-004__0313,GPA-001__R2-002__R1-004,02_inputs_xml_flat/GPA-001__R2-002__R1-004__0313.xml,PASS,INFO,R1.D01=NO;R1.D03=NO;R2.D01=SI;R2.D02=SI;R2.D03=NO,MUNICIPIO30241,MUNICIPIO_SIN_CN_TRAB,Si,No,30241,,Regla 2 coherente para validaciones implementadas.
GPA-001__R2-002__R1-004__0314,GPA-001__R2-002__R1-004,02_inputs_xml_flat/GPA-001__R2-002__R1-004__0314.xml,PASS,INFO,R1.D01=NO;R1.D03=NO;R2.D01=SI;R2.D02=SI;R2.D03=NO,MUNICIPIO30242,MUNICIPIO_SIN_CN_TRAB,Si,No,30242,,Regla 2 coherente para validaciones implementadas.
GPA-001__R2-002__R1-004__0315,GPA-001__R2-002__R1-004,02_inputs_xml_flat/GPA-001__R2-002__R1-004__0315.xml,PASS,INFO,R1.D01=NO;R1.D03=NO;R2.D01=SI;R2.D02=SI;R2.D03=NO,MUNICIPIO30243,MUNICIPIO_SIN_CN_TRAB,Si,No,30243,,Regla 2 coherente para validaciones implementadas.
GPA-001__R2-002__R1-004__0316,GPA-001__R2-002__R1-004,02_inputs_xml_flat/GPA-001__R2-002__R1-004__0316.xml,PASS,INFO,R1.D01=NO;R1.D03=NO;R2.D01=SI;R2.D02=SI;R2.D03=NO,MUNICIPIO30241,MUNICIPIO_SIN_CN_TRAB,Si,No,30241,,Regla 2 coherente para validaciones implementadas.
GPA-001__R2-002__R1-004__0317,GPA-001__R2-002__R1-004,02_inputs_xml_flat/GPA-001__R2-002__R1-004__0317.xml,PASS,INFO,R1.D01=NO;R1.D03=NO;R2.D01=SI;R2.D02=SI;R2.D03=NO,MUNICIPIO30242,MUNICIPIO_SIN_CN_TRAB,Si,No,30242,,Regla 2 coherente para validaciones implementadas.
GPA-001__R2-002__R1-004__0318,GPA-001__R2-002__R1-004,02_inputs_xml_flat/GPA-001__R2-002__R1-004__0318.xml,PASS,INFO,R1.D01=NO;R1.D03=NO;R2.D01=SI;R2.D02=SI;R2.D03=NO,MUNICIPIO30243,MUNICIPIO_SIN_CN_TRAB,Si,No,30243,,Regla 2 coherente para validaciones implementadas.
GPA-001__R2-002__R1-004__0319,GPA-001__R2-002__R1-004,02_inputs_xml_flat/GPA-001__R2-002__R1-004__0319.xml,PASS,INFO,R1.D01=NO;R1.D03=NO;R2.D01=SI;R2.D02=SI;R2.D03=NO,MUNICIPIO30241,MUNICIPIO_SIN_CN_TRAB,Si,No,30241,,Regla 2 coherente para validaciones implementadas.
GPA-001__R2-002__R1-004__0320,GPA-001__R2-002__R1-004,02_inputs_xml_flat/GPA-001__R2-002__R1-004__0320.xml,PASS,INFO,R1.D01=NO;R1.D03=NO;R2.D01=SI;R2.D02=SI;R2.D03=NO,MUNICIPIO30242,MUNICIPIO_SIN_CN_TRAB,Si,No,30242,,Regla 2 coherente para validaciones implementadas.
GPA-001__R2-002__R1-004__0321,GPA-001__R2-002__R1-004,02_inputs_xml_flat/GPA-001__R2-002__R1-004__0321.xml,PASS,INFO,R1.D01=NO;R1.D03=NO;R2.D01=SI;R2.D02=SI;R2.D03=NO,MUNICIPIO30243,MUNICIPIO_SIN_CN_TRAB,Si,No,30243,,Regla 2 coherente para validaciones implementadas.
GPA-001__R2-002__R1-004__0322,GPA-001__R2-002__R1-004,02_inputs_xml_flat/GPA-001__R2-002__R1-004__0322.xml,PASS,INFO,R1.D01=NO;R1.D03=NO;R2.D01=SI;R2.D02=SI;R2.D03=NO,MUNICIPIO30241,MUNICIPIO_SIN_CN_TRAB,Si,No,30241,,Regla 2 coherente para validaciones implementadas.
GPA-001__R2-002__R1-004__0323,GPA-001__R2-002__R1-004,02_inputs_xml_flat/GPA-001__R2-002__R1-004__0323.xml,PASS,INFO,R1.D01=NO;R1.D03=NO;R2.D01=SI;R2.D02=SI;R2.D03=NO,MUNICIPIO30242,MUNICIPIO_SIN_CN_TRAB,Si,No,30242,,Regla 2 coherente para validaciones implementadas.
GPA-001__R2-002__R1-004__0324,GPA-001__R2-002__R1-004,02_inputs_xml_flat/GPA-001__R2-002__R1-004__0324.xml,PASS,INFO,R1.D01=NO;R1.D03=NO;R2.D01=SI;R2.D02=SI;R2.D03=NO,MUNICIPIO30243,MUNICIPIO_SIN_CN_TRAB,Si,No,30243,,Regla 2 coherente para validaciones implementadas.
GPA-001__R2-002__R1-004__0325,GPA-001__R2-002__R1-004,02_inputs_xml_flat/GPA-001__R2-002__R1-004__0325.xml,PASS,INFO,R1.D01=NO;R1.D03=NO;R2.D01=SI;R2.D02=SI;R2.D03=NO,MUNICIPIO30241,MUNICIPIO_SIN_CN_TRAB,Si,No,30241,,Regla 2 coherente para validaciones implementadas.
GPA-001__R2-002__R1-004__0326,GPA-001__R2-002__R1-004,02_inputs_xml_flat/GPA-001__R2-002__R1-004__0326.xml,PASS,INFO,R1.D01=NO;R1.D03=NO;R2.D01=SI;R2.D02=SI;R2.D03=NO,MUNICIPIO30242,MUNICIPIO_SIN_CN_TRAB,Si,No,30242,,Regla 2 coherente para validaciones implementadas.
GPA-001__R2-002__R1-004__0327,GPA-001__R2-002__R1-004,02_inputs_xml_flat/GPA-001__R2-002__R1-004__0327.xml,PASS,INFO,R1.D01=NO;R1.D03=NO;R2.D01=SI;R2.D02=SI;R2.D03=NO,MUNICIPIO30243,MUNICIPIO_SIN_CN_TRAB,Si,No,30243,,Regla 2 coherente para validaciones implementadas.
GPA-001__R2-002__R1-004__0328,GPA-001__R2-002__R1-004,02_inputs_xml_flat/GPA-001__R2-002__R1-004__0328.xml,PASS,INFO,R1.D01=NO;R1.D03=NO;R2.D01=SI;R2.D02=SI;R2.D03=NO,MUNICIPIO30241,MUNICIPIO_SIN_CN_TRAB,Si,No,30241,,Regla 2 coherente para validaciones implementadas.
GPA-001__R2-002__R1-004__0329,GPA-001__R2-002__R1-004,02_inputs_xml_flat/GPA-001__R2-002__R1-004__0329.xml,PASS,INFO,R1.D01=NO;R1.D03=NO;R2.D01=SI;R2.D02=SI;R2.D03=NO,MUNICIPIO30242,MUNICIPIO_SIN_CN_TRAB,Si,No,30242,,Regla 2 coherente para validaciones implementadas.
GPA-001__R2-002__R1-004__0330,GPA-001__R2-002__R1-004,02_inputs_xml_flat/GPA-001__R2-002__R1-004__0330.xml,PASS,INFO,R1.D01=NO;R1.D03=NO;R2.D01=SI;R2.D02=SI;R2.D03=NO,MUNICIPIO30243,MUNICIPIO_SIN_CN_TRAB,Si,No,30243,,Regla 2 coherente para validaciones implementadas.
GPA-001__R2-002__R1-004__0331,GPA-001__R2-002__R1-004,02_inputs_xml_flat/GPA-001__R2-002__R1-004__0331.xml,PASS,INFO,R1.D01=NO;R1.D03=NO;R2.D01=SI;R2.D02=SI;R2.D03=NO,MUNICIPIO30241,MUNICIPIO_SIN_CN_TRAB,Si,No,30241,,Regla 2 coherente para validaciones implementadas.
GPA-001__R2-002__R1-004__0332,GPA-001__R2-002__R1-004,02_inputs_xml_flat/GPA-001__R2-002__R1-004__0332.xml,PASS,INFO,R1.D01=NO;R1.D03=NO;R2.D01=SI;R2.D02=SI;R2.D03=NO,MUNICIPIO30242,MUNICIPIO_SIN_CN_TRAB,Si,No,30242,,Regla 2 coherente para validaciones implementadas.
GPA-001__R2-002__R1-004__0333,GPA-001__R2-002__R1-004,02_inputs_xml_flat/GPA-001__R2-002__R1-004__0333.xml,PASS,INFO,R1.D01=NO;R1.D03=NO;R2.D01=SI;R2.D02=SI;R2.D03=NO,MUNICIPIO30243,MUNICIPIO_SIN_CN_TRAB,Si,No,30243,,Regla 2 coherente para validaciones implementadas.
GPA-001__R2-002__R1-004__0334,GPA-001__R2-002__R1-004,02_inputs_xml_flat/GPA-001__R2-002__R1-004__0334.xml,PASS,INFO,R1.D01=NO;R1.D03=NO;R2.D01=SI;R2.D02=SI;R2.D03=NO,MUNICIPIO30241,MUNICIPIO_SIN_CN_TRAB,Si,No,30241,,Regla 2 coherente para validaciones implementadas.
GPA-001__R2-002__R1-004__0335,GPA-001__R2-002__R1-004,02_inputs_xml_flat/GPA-001__R2-002__R1-004__0335.xml,PASS,INFO,R1.D01=NO;R1.D03=NO;R2.D01=SI;R2.D02=SI;R2.D03=NO,MUNICIPIO30242,MUNICIPIO_SIN_CN_TRAB,Si,No,30242,,Regla 2 coherente para validaciones implementadas.
GPA-001__R2-002__R1-004__0336,GPA-001__R2-002__R1-004,02_inputs_xml_flat/GPA-001__R2-002__R1-004__0336.xml,PASS,INFO,R1.D01=NO;R1.D03=NO;R2.D01=SI;R2.D02=SI;R2.D03=NO,MUNICIPIO30243,MUNICIPIO_SIN_CN_TRAB,Si,No,30243,,Regla 2 coherente para validaciones implementadas.
GPA-001__R2-002__R1-004__0337,GPA-001__R2-002__R1-004,02_inputs_xml_flat/GPA-001__R2-002__R1-004__0337.xml,PASS,INFO,R1.D01=NO;R1.D03=NO;R2.D01=SI;R2.D02=SI;R2.D03=NO,MUNICIPIO30241,MUNICIPIO_SIN_CN_TRAB,Si,No,30241,,Regla 2 coherente para validaciones implementadas.
GPA-001__R2-002__R1-004__0338,GPA-001__R2-002__R1-004,02_inputs_xml_flat/GPA-001__R2-002__R1-004__0338.xml,PASS,INFO,R1.D01=NO;R1.D03=NO;R2.D01=SI;R2.D02=SI;R2.D03=NO,MUNICIPIO30242,MUNICIPIO_SIN_CN_TRAB,Si,No,30242,,Regla 2 coherente para validaciones implementadas.
GPA-001__R2-002__R1-004__0339,GPA-001__R2-002__R1-004,02_inputs_xml_flat/GPA-001__R2-002__R1-004__0339.xml,PASS,INFO,R1.D01=NO;R1.D03=NO;R2.D01=SI;R2.D02=SI;R2.D03=NO,MUNICIPIO30243,MUNICIPIO_SIN_CN_TRAB,Si,No,30243,,Regla 2 coherente para validaciones implementadas.
GPA-001__R2-002__R1-004__0340,GPA-001__R2-002__R1-004,02_inputs_xml_flat/GPA-001__R2-002__R1-004__0340.xml,PASS,INFO,R1.D01=NO;R1.D03=NO;R2.D01=SI;R2.D02=SI;R2.D03=NO,MUNICIPIO30241,MUNICIPIO_SIN_CN_TRAB,Si,No,30241,,Regla 2 coherente para validaciones implementadas.
GPA-001__R2-002__R1-004__0341,GPA-001__R2-002__R1-004,02_inputs_xml_flat/GPA-001__R2-002__R1-004__0341.xml,PASS,INFO,R1.D01=NO;R1.D03=NO;R2.D01=SI;R2.D02=SI;R2.D03=NO,MUNICIPIO30242,MUNICIPIO_SIN_CN_TRAB,Si,No,30242,,Regla 2 coherente para validaciones implementadas.
GPA-001__R2-002__R1-004__0342,GPA-001__R2-002__R1-004,02_inputs_xml_flat/GPA-001__R2-002__R1-004__0342.xml,PASS,INFO,R1.D01=NO;R1.D03=NO;R2.D01=SI;R2.D02=SI;R2.D03=NO,MUNICIPIO30243,MUNICIPIO_SIN_CN_TRAB,Si,No,30243,,Regla 2 coherente para validaciones implementadas.
GPA-001__R2-002__R1-004__0343,GPA-001__R2-002__R1-004,02_inputs_xml_flat/GPA-001__R2-002__R1-004__0343.xml,PASS,INFO,R1.D01=NO;R1.D03=NO;R2.D01=SI;R2.D02=SI;R2.D03=NO,MUNICIPIO30241,MUNICIPIO_SIN_CN_TRAB,Si,No,30241,,Regla 2 coherente para validaciones implementadas.
GPA-001__R2-002__R1-004__0344,GPA-001__R2-002__R1-004,02_inputs_xml_flat/GPA-001__R2-002__R1-004__0344.xml,PASS,INFO,R1.D01=NO;R1.D03=NO;R2.D01=SI;R2.D02=SI;R2.D03=NO,MUNICIPIO30242,MUNICIPIO_SIN_CN_TRAB,Si,No,30242,,Regla 2 coherente para validaciones implementadas.
GPA-001__R2-002__R1-004__0345,GPA-001__R2-002__R1-004,02_inputs_xml_flat/GPA-001__R2-002__R1-004__0345.xml,PASS,INFO,R1.D01=NO;R1.D03=NO;R2.D01=SI;R2.D02=SI;R2.D03=NO,MUNICIPIO30243,MUNICIPIO_SIN_CN_TRAB,Si,No,30243,,Regla 2 coherente para validaciones implementadas.
GPA-001__R2-002__R1-004__0346,GPA-001__R2-002__R1-004,02_inputs_xml_flat/GPA-001__R2-002__R1-004__0346.xml,PASS,INFO,R1.D01=NO;R1.D03=NO;R2.D01=SI;R2.D02=SI;R2.D03=NO,MUNICIPIO30241,MUNICIPIO_SIN_CN_TRAB,Si,No,30241,,Regla 2 coherente para validaciones implementadas.
GPA-001__R2-002__R1-004__0347,GPA-001__R2-002__R1-004,02_inputs_xml_flat/GPA-001__R2-002__R1-004__0347.xml,PASS,INFO,R1.D01=NO;R1.D03=NO;R2.D01=SI;R2.D02=SI;R2.D03=NO,MUNICIPIO30242,MUNICIPIO_SIN_CN_TRAB,Si,No,30242,,Regla 2 coherente para validaciones implementadas.
GPA-001__R2-002__R1-004__0348,GPA-001__R2-002__R1-004,02_inputs_xml_flat/GPA-001__R2-002__R1-004__0348.xml,PASS,INFO,R1.D01=NO;R1.D03=NO;R2.D01=SI;R2.D02=SI;R2.D03=NO,MUNICIPIO30243,MUNICIPIO_SIN_CN_TRAB,Si,No,30243,,Regla 2 coherente para validaciones implementadas.
GPA-001__R2-002__R1-004__0349,GPA-001__R2-002__R1-004,02_inputs_xml_flat/GPA-001__R2-002__R1-004__0349.xml,PASS,INFO,R1.D01=NO;R1.D03=NO;R2.D01=SI;R2.D02=SI;R2.D03=NO,MUNICIPIO30241,MUNICIPIO_SIN_CN_TRAB,Si,No,30241,,Regla 2 coherente para validaciones implementadas.
GPA-001__R2-002__R1-004__0350,GPA-001__R2-002__R1-004,02_inputs_xml_flat/GPA-001__R2-002__R1-004__0350.xml,PASS,INFO,R1.D01=NO;R1.D03=NO;R2.D01=SI;R2.D02=SI;R2.D03=NO,MUNICIPIO30242,MUNICIPIO_SIN_CN_TRAB,Si,No,30242,,Regla 2 coherente para validaciones implementadas.
GPA-001__R2-002__R1-004__0351,GPA-001__R2-002__R1-004,02_inputs_xml_flat/GPA-001__R2-002__R1-004__0351.xml,PASS,INFO,R1.D01=NO;R1.D03=NO;R2.D01=SI;R2.D02=SI;R2.D03=NO,MUNICIPIO30243,MUNICIPIO_SIN_CN_TRAB,Si,No,30243,,Regla 2 coherente para validaciones implementadas.
GPA-001__R2-002__R1-004__0352,GPA-001__R2-002__R1-004,02_inputs_xml_flat/GPA-001__R2-002__R1-004__0352.xml,PASS,INFO,R1.D01=NO;R1.D03=NO;R2.D01=SI;R2.D02=SI;R2.D03=NO,MUNICIPIO30241,MUNICIPIO_SIN_CN_TRAB,Si,No,30241,,Regla 2 coherente para validaciones implementadas.
GPA-001__R2-002__R1-004__0353,GPA-001__R2-002__R1-004,02_inputs_xml_flat/GPA-001__R2-002__R1-004__0353.xml,PASS,INFO,R1.D01=NO;R1.D03=NO;R2.D01=SI;R2.D02=SI;R2.D03=NO,MUNICIPIO30242,MUNICIPIO_SIN_CN_TRAB,Si,No,30242,,Regla 2 coherente para validaciones implementadas.
GPA-001__R2-002__R1-004__0354,GPA-001__R2-002__R1-004,02_inputs_xml_flat/GPA-001__R2-002__R1-004__0354.xml,PASS,INFO,R1.D01=NO;R1.D03=NO;R2.D01=SI;R2.D02=SI;R2.D03=NO,MUNICIPIO30243,MUNICIPIO_SIN_CN_TRAB,Si,No,30243,,Regla 2 coherente para validaciones implementadas.
GPA-001__R2-002__R1-004__0355,GPA-001__R2-002__R1-004,02_inputs_xml_flat/GPA-001__R2-002__R1-004__0355.xml,PASS,INFO,R1.D01=NO;R1.D03=NO;R2.D01=SI;R2.D02=SI;R2.D03=NO,MUNICIPIO30241,MUNICIPIO_SIN_CN_TRAB,Si,No,30241,,Regla 2 coherente para validaciones implementadas.
GPA-001__R2-002__R1-004__0356,GPA-001__R2-002__R1-004,02_inputs_xml_flat/GPA-001__R2-002__R1-004__0356.xml,PASS,INFO,R1.D01=NO;R1.D03=NO;R2.D01=SI;R2.D02=SI;R2.D03=NO,MUNICIPIO30242,MUNICIPIO_SIN_CN_TRAB,Si,No,30242,,Regla 2 coherente para validaciones implementadas.
GPA-001__R2-002__R1-004__0357,GPA-001__R2-002__R1-004,02_inputs_xml_flat/GPA-001__R2-002__R1-004__0357.xml,PASS,INFO,R1.D01=NO;R1.D03=NO;R2.D01=SI;R2.D02=SI;R2.D03=NO,MUNICIPIO30243,MUNICIPIO_SIN_CN_TRAB,Si,No,30243,,Regla 2 coherente para validaciones implementadas.
GPA-001__R2-002__R1-004__0358,GPA-001__R2-002__R1-004,02_inputs_xml_flat/GPA-001__R2-002__R1-004__0358.xml,PASS,INFO,R1.D01=NO;R1.D03=NO;R2.D01=SI;R2.D02=SI;R2.D03=NO,MUNICIPIO30241,MUNICIPIO_SIN_CN_TRAB,Si,No,30241,,Regla 2 coherente para validaciones implementadas.
GPA-001__R2-002__R1-004__0359,GPA-001__R2-002__R1-004,02_inputs_xml_flat/GPA-001__R2-002__R1-004__0359.xml,PASS,INFO,R1.D01=NO;R1.D03=NO;R2.D01=SI;R2.D02=SI;R2.D03=NO,MUNICIPIO30242,MUNICIPIO_SIN_CN_TRAB,Si,No,30242,,Regla 2 coherente para validaciones implementadas.
GPA-001__R2-002__R1-004__0360,GPA-001__R2-002__R1-004,02_inputs_xml_flat/GPA-001__R2-002__R1-004__0360.xml,PASS,INFO,R1.D01=NO;R1.D03=NO;R2.D01=SI;R2.D02=SI;R2.D03=NO,MUNICIPIO30243,MUNICIPIO_SIN_CN_TRAB,Si,No,30243,,Regla 2 coherente para validaciones implementadas.
GPA-001__R2-002__R1-004__0361,GPA-001__R2-002__R1-004,02_inputs_xml_flat/GPA-001__R2-002__R1-004__0361.xml,PASS,INFO,R1.D01=NO;R1.D03=NO;R2.D01=SI;R2.D02=SI;R2.D03=NO,MUNICIPIO30241,MUNICIPIO_SIN_CN_TRAB,Si,No,30241,,Regla 2 coherente para validaciones implementadas.
GPA-001__R2-002__R1-004__0362,GPA-001__R2-002__R1-004,02_inputs_xml_flat/GPA-001__R2-002__R1-004__0362.xml,PASS,INFO,R1.D01=NO;R1.D03=NO;R2.D01=SI;R2.D02=SI;R2.D03=NO,MUNICIPIO30242,MUNICIPIO_SIN_CN_TRAB,Si,No,30242,,Regla 2 coherente para validaciones implementadas.
GPA-001__R2-002__R1-004__0363,GPA-001__R2-002__R1-004,02_inputs_xml_flat/GPA-001__R2-002__R1-004__0363.xml,PASS,INFO,R1.D01=NO;R1.D03=NO;R2.D01=SI;R2.D02=SI;R2.D03=NO,MUNICIPIO30243,MUNICIPIO_SIN_CN_TRAB,Si,No,30243,,Regla 2 coherente para validaciones implementadas.
GPA-001__R2-002__R1-004__0364,GPA-001__R2-002__R1-004,02_inputs_xml_flat/GPA-001__R2-002__R1-004__0364.xml,PASS,INFO,R1.D01=NO;R1.D03=NO;R2.D01=SI;R2.D02=SI;R2.D03=NO,MUNICIPIO30241,MUNICIPIO_SIN_CN_TRAB,Si,No,30241,,Regla 2 coherente para validaciones implementadas.
GPA-001__R2-002__R1-004__0365,GPA-001__R2-002__R1-004,02_inputs_xml_flat/GPA-001__R2-002__R1-004__0365.xml,PASS,INFO,R1.D01=NO;R1.D03=NO;R2.D01=SI;R2.D02=SI;R2.D03=NO,MUNICIPIO30242,MUNICIPIO_SIN_CN_TRAB,Si,No,30242,,Regla 2 coherente para validaciones implementadas.
GPA-001__R2-002__R1-004__0366,GPA-001__R2-002__R1-004,02_inputs_xml_flat/GPA-001__R2-002__R1-004__0366.xml,PASS,INFO,R1.D01=NO;R1.D03=NO;R2.D01=SI;R2.D02=SI;R2.D03=NO,MUNICIPIO30243,MUNICIPIO_SIN_CN_TRAB,Si,No,30243,,Regla 2 coherente para validaciones implementadas.
GPA-001__R2-002__R1-004__0367,GPA-001__R2-002__R1-004,02_inputs_xml_flat/GPA-001__R2-002__R1-004__0367.xml,PASS,INFO,R1.D01=NO;R1.D03=NO;R2.D01=SI;R2.D02=SI;R2.D03=NO,MUNICIPIO30241,MUNICIPIO_SIN_CN_TRAB,Si,No,30241,,Regla 2 coherente para validaciones implementadas.
GPA-001__R2-002__R1-004__0368,GPA-001__R2-002__R1-004,02_inputs_xml_flat/GPA-001__R2-002__R1-004__0368.xml,PASS,INFO,R1.D01=NO;R1.D03=NO;R2.D01=SI;R2.D02=SI;R2.D03=NO,MUNICIPIO30242,MUNICIPIO_SIN_CN_TRAB,Si,No,30242,,Regla 2 coherente para validaciones implementadas.
GPA-001__R2-002__R1-004__0369,GPA-001__R2-002__R1-004,02_inputs_xml_flat/GPA-001__R2-002__R1-004__0369.xml,PASS,INFO,R1.D01=NO;R1.D03=NO;R2.D01=SI;R2.D02=SI;R2.D03=NO,MUNICIPIO30243,MUNICIPIO_SIN_CN_TRAB,Si,No,30243,,Regla 2 coherente para validaciones implementadas.
GPA-001__R2-002__R1-004__0370,GPA-001__R2-002__R1-004,02_inputs_xml_flat/GPA-001__R2-002__R1-004__0370.xml,PASS,INFO,R1.D01=NO;R1.D03=NO;R2.D01=SI;R2.D02=SI;R2.D03=NO,MUNICIPIO30241,MUNICIPIO_SIN_CN_TRAB,Si,No,30241,,Regla 2 coherente para validaciones implementadas.
GPA-001__R2-002__R1-004__0371,GPA-001__R2-002__R1-004,02_inputs_xml_flat/GPA-001__R2-002__R1-004__0371.xml,PASS,INFO,R1.D01=NO;R1.D03=NO;R2.D01=SI;R2.D02=SI;R2.D03=NO,MUNICIPIO30242,MUNICIPIO_SIN_CN_TRAB,Si,No,30242,,Regla 2 coherente para validaciones implementadas.
GPA-001__R2-002__R1-004__0372,GPA-001__R2-002__R1-004,02_inputs_xml_flat/GPA-001__R2-002__R1-004__0372.xml,PASS,INFO,R1.D01=NO;R1.D03=NO;R2.D01=SI;R2.D02=SI;R2.D03=NO,MUNICIPIO30243,MUNICIPIO_SIN_CN_TRAB,Si,No,30243,,Regla 2 coherente para validaciones implementadas.
GPA-001__R2-002__R1-004__0373,GPA-001__R2-002__R1-004,02_inputs_xml_flat/GPA-001__R2-002__R1-004__0373.xml,PASS,INFO,R1.D01=NO;R1.D03=NO;R2.D01=SI;R2.D02=SI;R2.D03=NO,MUNICIPIO30241,MUNICIPIO_SIN_CN_TRAB,Si,No,30241,,Regla 2 coherente para validaciones implementadas.
GPA-001__R2-002__R1-004__0374,GPA-001__R2-002__R1-004,02_inputs_xml_flat/GPA-001__R2-002__R1-004__0374.xml,PASS,INFO,R1.D01=NO;R1.D03=NO;R2.D01=SI;R2.D02=SI;R2.D03=NO,MUNICIPIO30242,MUNICIPIO_SIN_CN_TRAB,Si,No,30242,,Regla 2 coherente para validaciones implementadas.
GPA-001__R2-002__R1-004__0375,GPA-001__R2-002__R1-004,02_inputs_xml_flat/GPA-001__R2-002__R1-004__0375.xml,PASS,INFO,R1.D01=NO;R1.D03=NO;R2.D01=SI;R2.D02=SI;R2.D03=NO,MUNICIPIO30243,MUNICIPIO_SIN_CN_TRAB,Si,No,30243,,Regla 2 coherente para validaciones implementadas.
GPA-001__R2-002__R1-004__0376,GPA-001__R2-002__R1-004,02_inputs_xml_flat/GPA-001__R2-002__R1-004__0376.xml,PASS,INFO,R1.D01=NO;R1.D03=NO;R2.D01=SI;R2.D02=SI;R2.D03=NO,MUNICIPIO30241,MUNICIPIO_SIN_CN_TRAB,Si,No,30241,,Regla 2 coherente para validaciones implementadas.
GPA-001__R2-002__R1-004__0377,GPA-001__R2-002__R1-004,02_inputs_xml_flat/GPA-001__R2-002__R1-004__0377.xml,PASS,INFO,R1.D01=NO;R1.D03=NO;R2.D01=SI;R2.D02=SI;R2.D03=NO,MUNICIPIO30242,MUNICIPIO_SIN_CN_TRAB,Si,No,30242,,Regla 2 coherente para validaciones implementadas.
GPA-001__R2-002__R1-004__0378,GPA-001__R2-002__R1-004,02_inputs_xml_flat/GPA-001__R2-002__R1-004__0378.xml,PASS,INFO,R1.D01=NO;R1.D03=NO;R2.D01=SI;R2.D02=SI;R2.D03=NO,MUNICIPIO30243,MUNICIPIO_SIN_CN_TRAB,Si,No,30243,,Regla 2 coherente para validaciones implementadas.
GPA-001__R2-002__R1-004__0379,GPA-001__R2-002__R1-004,02_inputs_xml_flat/GPA-001__R2-002__R1-004__0379.xml,PASS,INFO,R1.D01=NO;R1.D03=NO;R2.D01=SI;R2.D02=SI;R2.D03=NO,MUNICIPIO30241,MUNICIPIO_SIN_CN_TRAB,Si,No,30241,,Regla 2 coherente para validaciones implementadas.
GPA-001__R2-002__R1-004__0380,GPA-001__R2-002__R1-004,02_inputs_xml_flat/GPA-001__R2-002__R1-004__0380.xml,PASS,INFO,R1.D01=NO;R1.D03=NO;R2.D01=SI;R2.D02=SI;R2.D03=NO,MUNICIPIO30242,MUNICIPIO_SIN_CN_TRAB,Si,No,30242,,Regla 2 coherente para validaciones implementadas.
GPA-001__R2-002__R1-004__0381,GPA-001__R2-002__R1-004,02_inputs_xml_flat/GPA-001__R2-002__R1-004__0381.xml,PASS,INFO,R1.D01=NO;R1.D03=NO;R2.D01=SI;R2.D02=SI;R2.D03=NO,MUNICIPIO30243,MUNICIPIO_SIN_CN_TRAB,Si,No,30243,,Regla 2 coherente para validaciones implementadas.
GPA-001__R2-002__R1-004__0382,GPA-001__R2-002__R1-004,02_inputs_xml_flat/GPA-001__R2-002__R1-004__0382.xml,PASS,INFO,R1.D01=NO;R1.D03=NO;R2.D01=SI;R2.D02=SI;R2.D03=NO,MUNICIPIO30241,MUNICIPIO_SIN_CN_TRAB,Si,No,30241,,Regla 2 coherente para validaciones implementadas.
GPA-001__R2-002__R1-004__0383,GPA-001__R2-002__R1-004,02_inputs_xml_flat/GPA-001__R2-002__R1-004__0383.xml,PASS,INFO,R1.D01=NO;R1.D03=NO;R2.D01=SI;R2.D02=SI;R2.D03=NO,MUNICIPIO30242,MUNICIPIO_SIN_CN_TRAB,Si,No,30242,,Regla 2 coherente para validaciones implementadas.
GPA-001__R2-002__R1-004__0384,GPA-001__R2-002__R1-004,02_inputs_xml_flat/GPA-001__R2-002__R1-004__0384.xml,PASS,INFO,R1.D01=NO;R1.D03=NO;R2.D01=SI;R2.D02=SI;R2.D03=NO,MUNICIPIO30243,MUNICIPIO_SIN_CN_TRAB,Si,No,30243,,Regla 2 coherente para validaciones implementadas.
GPA-001__R2-002__R1-004__0385,GPA-001__R2-002__R1-004,02_inputs_xml_flat/GPA-001__R2-002__R1-004__0385.xml,PASS,INFO,R1.D01=NO;R1.D03=NO;R2.D01=SI;R2.D02=SI;R2.D03=NO,MUNICIPIO30241,MUNICIPIO_SIN_CN_TRAB,Si,No,30241,,Regla 2 coherente para validaciones implementadas.
GPA-001__R2-002__R1-004__0386,GPA-001__R2-002__R1-004,02_inputs_xml_flat/GPA-001__R2-002__R1-004__0386.xml,PASS,INFO,R1.D01=NO;R1.D03=NO;R2.D01=SI;R2.D02=SI;R2.D03=NO,MUNICIPIO30242,MUNICIPIO_SIN_CN_TRAB,Si,No,30242,,Regla 2 coherente para validaciones implementadas.
GPA-001__R2-002__R1-004__0387,GPA-001__R2-002__R1-004,02_inputs_xml_flat/GPA-001__R2-002__R1-004__0387.xml,PASS,INFO,R1.D01=NO;R1.D03=NO;R2.D01=SI;R2.D02=SI;R2.D03=NO,MUNICIPIO30243,MUNICIPIO_SIN_CN_TRAB,Si,No,30243,,Regla 2 coherente para validaciones implementadas.
GPA-001__R2-002__R1-004__0388,GPA-001__R2-002__R1-004,02_inputs_xml_flat/GPA-001__R2-002__R1-004__0388.xml,PASS,INFO,R1.D01=NO;R1.D03=NO;R2.D01=SI;R2.D02=SI;R2.D03=NO,MUNICIPIO30241,MUNICIPIO_SIN_CN_TRAB,Si,No,30241,,Regla 2 coherente para validaciones implementadas.
GPA-001__R2-002__R1-004__0389,GPA-001__R2-002__R1-004,02_inputs_xml_flat/GPA-001__R2-002__R1-004__0389.xml,PASS,INFO,R1.D01=NO;R1.D03=NO;R2.D01=SI;R2.D02=SI;R2.D03=NO,MUNICIPIO30242,MUNICIPIO_SIN_CN_TRAB,Si,No,30242,,Regla 2 coherente para validaciones implementadas.
GPA-001__R2-002__R1-004__0390,GPA-001__R2-002__R1-004,02_inputs_xml_flat/GPA-001__R2-002__R1-004__0390.xml,PASS,INFO,R1.D01=NO;R1.D03=NO;R2.D01=SI;R2.D02=SI;R2.D03=NO,MUNICIPIO30243,MUNICIPIO_SIN_CN_TRAB,Si,No,30243,,Regla 2 coherente para validaciones implementadas.
GPA-001__R2-002__R1-004__0391,GPA-001__R2-002__R1-004,02_inputs_xml_flat/GPA-001__R2-002__R1-004__0391.xml,PASS,INFO,R1.D01=NO;R1.D03=NO;R2.D01=SI;R2.D02=SI;R2.D03=NO,MUNICIPIO30241,MUNICIPIO_SIN_CN_TRAB,Si,No,30241,,Regla 2 coherente para validaciones implementadas.
GPA-001__R2-002__R1-004__0392,GPA-001__R2-002__R1-004,02_inputs_xml_flat/GPA-001__R2-002__R1-004__0392.xml,PASS,INFO,R1.D01=NO;R1.D03=NO;R2.D01=SI;R2.D02=SI;R2.D03=NO,MUNICIPIO30242,MUNICIPIO_SIN_CN_TRAB,Si,No,30242,,Regla 2 coherente para validaciones implementadas.
GPA-001__R2-002__R1-004__0393,GPA-001__R2-002__R1-004,02_inputs_xml_flat/GPA-001__R2-002__R1-004__0393.xml,PASS,INFO,R1.D01=NO;R1.D03=NO;R2.D01=SI;R2.D02=SI;R2.D03=NO,MUNICIPIO30243,MUNICIPIO_SIN_CN_TRAB,Si,No,30243,,Regla 2 coherente para validaciones implementadas.
GPA-001__R2-002__R1-004__0394,GPA-001__R2-002__R1-004,02_inputs_xml_flat/GPA-001__R2-002__R1-004__0394.xml,PASS,INFO,R1.D01=NO;R1.D03=NO;R2.D01=SI;R2.D02=SI;R2.D03=NO,MUNICIPIO30241,MUNICIPIO_SIN_CN_TRAB,Si,No,30241,,Regla 2 coherente para validaciones implementadas.
GPA-001__R2-002__R1-004__0395,GPA-001__R2-002__R1-004,02_inputs_xml_flat/GPA-001__R2-002__R1-004__0395.xml,PASS,INFO,R1.D01=NO;R1.D03=NO;R2.D01=SI;R2.D02=SI;R2.D03=NO,MUNICIPIO30242,MUNICIPIO_SIN_CN_TRAB,Si,No,30242,,Regla 2 coherente para validaciones implementadas.
GPA-001__R2-002__R1-004__0396,GPA-001__R2-002__R1-004,02_inputs_xml_flat/GPA-001__R2-002__R1-004__0396.xml,PASS,INFO,R1.D01=NO;R1.D03=NO;R2.D01=SI;R2.D02=SI;R2.D03=NO,MUNICIPIO30243,MUNICIPIO_SIN_CN_TRAB,Si,No,30243,,Regla 2 coherente para validaciones implementadas.
GPA-001__R2-002__R1-004__0397,GPA-001__R2-002__R1-004,02_inputs_xml_flat/GPA-001__R2-002__R1-004__0397.xml,PASS,INFO,R1.D01=NO;R1.D03=NO;R2.D01=SI;R2.D02=SI;R2.D03=NO,MUNICIPIO30241,MUNICIPIO_SIN_CN_TRAB,Si,No,30241,,Regla 2 coherente para validaciones implementadas.
GPA-001__R2-002__R1-004__0398,GPA-001__R2-002__R1-004,02_inputs_xml_flat/GPA-001__R2-002__R1-004__0398.xml,PASS,INFO,R1.D01=NO;R1.D03=NO;R2.D01=SI;R2.D02=SI;R2.D03=NO,MUNICIPIO30242,MUNICIPIO_SIN_CN_TRAB,Si,No,30242,,Regla 2 coherente para validaciones implementadas.
GPA-001__R2-002__R1-004__0399,GPA-001__R2-002__R1-004,02_inputs_xml_flat/GPA-001__R2-002__R1-004__0399.xml,PASS,INFO,R1.D01=NO;R1.D03=NO;R2.D01=SI;R2.D02=SI;R2.D03=NO,MUNICIPIO30243,MUNICIPIO_SIN_CN_TRAB,Si,No,30243,,Regla 2 coherente para validaciones implementadas.
GPA-001__R2-002__R1-004__0400,GPA-001__R2-002__R1-004,02_inputs_xml_flat/GPA-001__R2-002__R1-004__0400.xml,PASS,INFO,R1.D01=NO;R1.D03=NO;R2.D01=SI;R2.D02=SI;R2.D03=NO,MUNICIPIO30241,MUNICIPIO_SIN_CN_TRAB,Si,No,30241,,Regla 2 coherente para validaciones implementadas.
GPA-001__R2-002__R1-004__0401,GPA-001__R2-002__R1-004,02_inputs_xml_flat/GPA-001__R2-002__R1-004__0401.xml,PASS,INFO,R1.D01=NO;R1.D03=NO;R2.D01=SI;R2.D02=SI;R2.D03=NO,MUNICIPIO30242,MUNICIPIO_SIN_CN_TRAB,Si,No,30242,,Regla 2 coherente para validaciones implementadas.
GPA-001__R2-002__R1-004__0402,GPA-001__R2-002__R1-004,02_inputs_xml_flat/GPA-001__R2-002__R1-004__0402.xml,PASS,INFO,R1.D01=NO;R1.D03=NO;R2.D01=SI;R2.D02=SI;R2.D03=NO,MUNICIPIO30243,MUNICIPIO_SIN_CN_TRAB,Si,No,30243,,Regla 2 coherente para validaciones implementadas.
GPA-001__R2-002__R1-004__0403,GPA-001__R2-002__R1-004,02_inputs_xml_flat/GPA-001__R2-002__R1-004__0403.xml,PASS,INFO,R1.D01=NO;R1.D03=NO;R2.D01=SI;R2.D02=SI;R2.D03=NO,MUNICIPIO30241,MUNICIPIO_SIN_CN_TRAB,Si,No,30241,,Regla 2 coherente para validaciones implementadas.
GPA-001__R2-002__R1-004__0404,GPA-001__R2-002__R1-004,02_inputs_xml_flat/GPA-001__R2-002__R1-004__0404.xml,PASS,INFO,R1.D01=NO;R1.D03=NO;R2.D01=SI;R2.D02=SI;R2.D03=NO,MUNICIPIO30242,MUNICIPIO_SIN_CN_TRAB,Si,No,30242,,Regla 2 coherente para validaciones implementadas.
GPA-001__R2-002__R1-004__0405,GPA-001__R2-002__R1-004,02_inputs_xml_flat/GPA-001__R2-002__R1-004__0405.xml,PASS,INFO,R1.D01=NO;R1.D03=NO;R2.D01=SI;R2.D02=SI;R2.D03=NO,MUNICIPIO30243,MUNICIPIO_SIN_CN_TRAB,Si,No,30243,,Regla 2 coherente para validaciones implementadas.
GPA-001__R2-002__R1-004__0406,GPA-001__R2-002__R1-004,02_inputs_xml_flat/GPA-001__R2-002__R1-004__0406.xml,PASS,INFO,R1.D01=NO;R1.D03=NO;R2.D01=SI;R2.D02=SI;R2.D03=NO,MUNICIPIO30241,MUNICIPIO_SIN_CN_TRAB,Si,No,30241,,Regla 2 coherente para validaciones implementadas.
GPA-001__R2-002__R1-004__0407,GPA-001__R2-002__R1-004,02_inputs_xml_flat/GPA-001__R2-002__R1-004__0407.xml,PASS,INFO,R1.D01=NO;R1.D03=NO;R2.D01=SI;R2.D02=SI;R2.D03=NO,MUNICIPIO30242,MUNICIPIO_SIN_CN_TRAB,Si,No,30242,,Regla 2 coherente para validaciones implementadas.
GPA-001__R2-002__R1-004__0408,GPA-001__R2-002__R1-004,02_inputs_xml_flat/GPA-001__R2-002__R1-004__0408.xml,PASS,INFO,R1.D01=NO;R1.D03=NO;R2.D01=SI;R2.D02=SI;R2.D03=NO,MUNICIPIO30243,MUNICIPIO_SIN_CN_TRAB,Si,No,30243,,Regla 2 coherente para validaciones implementadas.
GPA-001__R2-002__R1-004__0409,GPA-001__R2-002__R1-004,02_inputs_xml_flat/GPA-001__R2-002__R1-004__0409.xml,PASS,INFO,R1.D01=NO;R1.D03=NO;R2.D01=SI;R2.D02=SI;R2.D03=NO,MUNICIPIO30241,MUNICIPIO_SIN_CN_TRAB,Si,No,30241,,Regla 2 coherente para validaciones implementadas.
GPA-001__R2-002__R1-004__0410,GPA-001__R2-002__R1-004,02_inputs_xml_flat/GPA-001__R2-002__R1-004__0410.xml,PASS,INFO,R1.D01=NO;R1.D03=NO;R2.D01=SI;R2.D02=SI;R2.D03=NO,MUNICIPIO30242,MUNICIPIO_SIN_CN_TRAB,Si,No,30242,,Regla 2 coherente para validaciones implementadas.
GPA-001__R2-002__R1-004__0411,GPA-001__R2-002__R1-004,02_inputs_xml_flat/GPA-001__R2-002__R1-004__0411.xml,PASS,INFO,R1.D01=NO;R1.D03=NO;R2.D01=SI;R2.D02=SI;R2.D03=NO,MUNICIPIO30243,MUNICIPIO_SIN_CN_TRAB,Si,No,30243,,Regla 2 coherente para validaciones implementadas.
GPA-001__R2-002__R1-004__0412,GPA-001__R2-002__R1-004,02_inputs_xml_flat/GPA-001__R2-002__R1-004__0412.xml,PASS,INFO,R1.D01=NO;R1.D03=NO;R2.D01=SI;R2.D02=SI;R2.D03=NO,MUNICIPIO30241,MUNICIPIO_SIN_CN_TRAB,Si,No,30241,,Regla 2 coherente para validaciones implementadas.
GPA-001__R2-002__R1-004__0413,GPA-001__R2-002__R1-004,02_inputs_xml_flat/GPA-001__R2-002__R1-004__0413.xml,PASS,INFO,R1.D01=NO;R1.D03=NO;R2.D01=SI;R2.D02=SI;R2.D03=NO,MUNICIPIO30242,MUNICIPIO_SIN_CN_TRAB,Si,No,30242,,Regla 2 coherente para validaciones implementadas.
GPA-001__R2-002__R1-004__0414,GPA-001__R2-002__R1-004,02_inputs_xml_flat/GPA-001__R2-002__R1-004__0414.xml,PASS,INFO,R1.D01=NO;R1.D03=NO;R2.D01=SI;R2.D02=SI;R2.D03=NO,MUNICIPIO30243,MUNICIPIO_SIN_CN_TRAB,Si,No,30243,,Regla 2 coherente para validaciones implementadas.
GPA-001__R2-002__R1-004__0415,GPA-001__R2-002__R1-004,02_inputs_xml_flat/GPA-001__R2-002__R1-004__0415.xml,PASS,INFO,R1.D01=NO;R1.D03=NO;R2.D01=SI;R2.D02=SI;R2.D03=NO,MUNICIPIO30241,MUNICIPIO_SIN_CN_TRAB,Si,No,30241,,Regla 2 coherente para validaciones implementadas.
GPA-001__R2-002__R1-004__0416,GPA-001__R2-002__R1-004,02_inputs_xml_flat/GPA-001__R2-002__R1-004__0416.xml,PASS,INFO,R1.D01=NO;R1.D03=NO;R2.D01=SI;R2.D02=SI;R2.D03=NO,MUNICIPIO30242,MUNICIPIO_SIN_CN_TRAB,Si,No,30242,,Regla 2 coherente para validaciones implementadas.
GPA-001__R2-002__R1-004__0417,GPA-001__R2-002__R1-004,02_inputs_xml_flat/GPA-001__R2-002__R1-004__0417.xml,PASS,INFO,R1.D01=NO;R1.D03=NO;R2.D01=SI;R2.D02=SI;R2.D03=NO,MUNICIPIO30243,MUNICIPIO_SIN_CN_TRAB,Si,No,30243,,Regla 2 coherente para validaciones implementadas.
GPA-001__R2-002__R1-004__0418,GPA-001__R2-002__R1-004,02_inputs_xml_flat/GPA-001__R2-002__R1-004__0418.xml,PASS,INFO,R1.D01=NO;R1.D03=NO;R2.D01=SI;R2.D02=SI;R2.D03=NO,MUNICIPIO30241,MUNICIPIO_SIN_CN_TRAB,Si,No,30241,,Regla 2 coherente para validaciones implementadas.
GPA-001__R2-002__R1-004__0419,GPA-001__R2-002__R1-004,02_inputs_xml_flat/GPA-001__R2-002__R1-004__0419.xml,PASS,INFO,R1.D01=NO;R1.D03=NO;R2.D01=SI;R2.D02=SI;R2.D03=NO,MUNICIPIO30242,MUNICIPIO_SIN_CN_TRAB,Si,No,30242,,Regla 2 coherente para validaciones implementadas.
GPA-001__R2-002__R1-004__0420,GPA-001__R2-002__R1-004,02_inputs_xml_flat/GPA-001__R2-002__R1-004__0420.xml,PASS,INFO,R1.D01=NO;R1.D03=NO;R2.D01=SI;R2.D02=SI;R2.D03=NO,MUNICIPIO30243,MUNICIPIO_SIN_CN_TRAB,Si,No,30243,,Regla 2 coherente para validaciones implementadas.
GPA-001__R2-002__R1-004__0421,GPA-001__R2-002__R1-004,02_inputs_xml_flat/GPA-001__R2-002__R1-004__0421.xml,PASS,INFO,R1.D01=NO;R1.D03=NO;R2.D01=SI;R2.D02=SI;R2.D03=NO,MUNICIPIO30241,MUNICIPIO_SIN_CN_TRAB,Si,No,30241,,Regla 2 coherente para validaciones implementadas.
GPA-001__R2-002__R1-004__0422,GPA-001__R2-002__R1-004,02_inputs_xml_flat/GPA-001__R2-002__R1-004__0422.xml,PASS,INFO,R1.D01=NO;R1.D03=NO;R2.D01=SI;R2.D02=SI;R2.D03=NO,MUNICIPIO30242,MUNICIPIO_SIN_CN_TRAB,Si,No,30242,,Regla 2 coherente para validaciones implementadas.
GPA-001__R2-002__R1-004__0423,GPA-001__R2-002__R1-004,02_inputs_xml_flat/GPA-001__R2-002__R1-004__0423.xml,PASS,INFO,R1.D01=NO;R1.D03=NO;R2.D01=SI;R2.D02=SI;R2.D03=NO,MUNICIPIO30243,MUNICIPIO_SIN_CN_TRAB,Si,No,30243,,Regla 2 coherente para validaciones implementadas.
GPA-001__R2-002__R1-004__0424,GPA-001__R2-002__R1-004,02_inputs_xml_flat/GPA-001__R2-002__R1-004__0424.xml,PASS,INFO,R1.D01=NO;R1.D03=NO;R2.D01=SI;R2.D02=SI;R2.D03=NO,MUNICIPIO30241,MUNICIPIO_SIN_CN_TRAB,Si,No,30241,,Regla 2 coherente para validaciones implementadas.
GPA-001__R2-002__R1-004__0425,GPA-001__R2-002__R1-004,02_inputs_xml_flat/GPA-001__R2-002__R1-004__0425.xml,PASS,INFO,R1.D01=NO;R1.D03=NO;R2.D01=SI;R2.D02=SI;R2.D03=NO,MUNICIPIO30242,MUNICIPIO_SIN_CN_TRAB,Si,No,30242,,Regla 2 coherente para validaciones implementadas.
GPA-001__R2-002__R1-004__0426,GPA-001__R2-002__R1-004,02_inputs_xml_flat/GPA-001__R2-002__R1-004__0426.xml,PASS,INFO,R1.D01=NO;R1.D03=NO;R2.D01=SI;R2.D02=SI;R2.D03=NO,MUNICIPIO30243,MUNICIPIO_SIN_CN_TRAB,Si,No,30243,,Regla 2 coherente para validaciones implementadas.
GPA-001__R2-002__R1-004__0427,GPA-001__R2-002__R1-004,02_inputs_xml_flat/GPA-001__R2-002__R1-004__0427.xml,PASS,INFO,R1.D01=NO;R1.D03=NO;R2.D01=SI;R2.D02=SI;R2.D03=NO,MUNICIPIO30241,MUNICIPIO_SIN_CN_TRAB,Si,No,30241,,Regla 2 coherente para validaciones implementadas.
GPA-001__R2-002__R1-004__0428,GPA-001__R2-002__R1-004,02_inputs_xml_flat/GPA-001__R2-002__R1-004__0428.xml,PASS,INFO,R1.D01=NO;R1.D03=NO;R2.D01=SI;R2.D02=SI;R2.D03=NO,MUNICIPIO30242,MUNICIPIO_SIN_CN_TRAB,Si,No,30242,,Regla 2 coherente para validaciones implementadas.
GPA-001__R2-002__R1-004__0429,GPA-001__R2-002__R1-004,02_inputs_xml_flat/GPA-001__R2-002__R1-004__0429.xml,PASS,INFO,R1.D01=NO;R1.D03=NO;R2.D01=SI;R2.D02=SI;R2.D03=NO,MUNICIPIO30243,MUNICIPIO_SIN_CN_TRAB,Si,No,30243,,Regla 2 coherente para validaciones implementadas.
GPA-001__R2-002__R1-004__0430,GPA-001__R2-002__R1-004,02_inputs_xml_flat/GPA-001__R2-002__R1-004__0430.xml,PASS,INFO,R1.D01=NO;R1.D03=NO;R2.D01=SI;R2.D02=SI;R2.D03=NO,MUNICIPIO30241,MUNICIPIO_SIN_CN_TRAB,Si,No,30241,,Regla 2 coherente para validaciones implementadas.
GPA-001__R2-002__R1-004__0431,GPA-001__R2-002__R1-004,02_inputs_xml_flat/GPA-001__R2-002__R1-004__0431.xml,PASS,INFO,R1.D01=NO;R1.D03=NO;R2.D01=SI;R2.D02=SI;R2.D03=NO,MUNICIPIO30242,MUNICIPIO_SIN_CN_TRAB,Si,No,30242,,Regla 2 coherente para validaciones implementadas.
GPA-001__R2-002__R1-004__0432,GPA-001__R2-002__R1-004,02_inputs_xml_flat/GPA-001__R2-002__R1-004__0432.xml,PASS,INFO,R1.D01=NO;R1.D03=NO;R2.D01=SI;R2.D02=SI;R2.D03=NO,MUNICIPIO30243,MUNICIPIO_SIN_CN_TRAB,Si,No,30243,,Regla 2 coherente para validaciones implementadas.
GPA-001__R2-002__R1-004__0433,GPA-001__R2-002__R1-004,02_inputs_xml_flat/GPA-001__R2-002__R1-004__0433.xml,PASS,INFO,R1.D01=NO;R1.D03=NO;R2.D01=SI;R2.D02=SI;R2.D03=NO,MUNICIPIO30241,MUNICIPIO_SIN_CN_TRAB,Si,No,30241,,Regla 2 coherente para validaciones implementadas.
GPA-001__R2-002__R1-004__0434,GPA-001__R2-002__R1-004,02_inputs_xml_flat/GPA-001__R2-002__R1-004__0434.xml,PASS,INFO,R1.D01=NO;R1.D03=NO;R2.D01=SI;R2.D02=SI;R2.D03=NO,MUNICIPIO30242,MUNICIPIO_SIN_CN_TRAB,Si,No,30242,,Regla 2 coherente para validaciones implementadas.
GPA-001__R2-002__R1-004__0435,GPA-001__R2-002__R1-004,02_inputs_xml_flat/GPA-001__R2-002__R1-004__0435.xml,PASS,INFO,R1.D01=NO;R1.D03=NO;R2.D01=SI;R2.D02=SI;R2.D03=NO,MUNICIPIO30243,MUNICIPIO_SIN_CN_TRAB,Si,No,30243,,Regla 2 coherente para validaciones implementadas.
GPA-001__R2-002__R1-004__0436,GPA-001__R2-002__R1-004,02_inputs_xml_flat/GPA-001__R2-002__R1-004__0436.xml,PASS,INFO,R1.D01=NO;R1.D03=NO;R2.D01=SI;R2.D02=SI;R2.D03=NO,MUNICIPIO30241,MUNICIPIO_SIN_CN_TRAB,Si,No,30241,,Regla 2 coherente para validaciones implementadas.
GPA-001__R2-002__R1-004__0437,GPA-001__R2-002__R1-004,02_inputs_xml_flat/GPA-001__R2-002__R1-004__0437.xml,PASS,INFO,R1.D01=NO;R1.D03=NO;R2.D01=SI;R2.D02=SI;R2.D03=NO,MUNICIPIO30242,MUNICIPIO_SIN_CN_TRAB,Si,No,30242,,Regla 2 coherente para validaciones implementadas.
GPA-001__R2-002__R1-004__0438,GPA-001__R2-002__R1-004,02_inputs_xml_flat/GPA-001__R2-002__R1-004__0438.xml,PASS,INFO,R1.D01=NO;R1.D03=NO;R2.D01=SI;R2.D02=SI;R2.D03=NO,MUNICIPIO30243,MUNICIPIO_SIN_CN_TRAB,Si,No,30243,,Regla 2 coherente para validaciones implementadas.
GPA-001__R2-002__R1-004__0439,GPA-001__R2-002__R1-004,02_inputs_xml_flat/GPA-001__R2-002__R1-004__0439.xml,PASS,INFO,R1.D01=NO;R1.D03=NO;R2.D01=SI;R2.D02=SI;R2.D03=NO,MUNICIPIO30241,MUNICIPIO_SIN_CN_TRAB,Si,No,30241,,Regla 2 coherente para validaciones implementadas.
GPA-001__R2-002__R1-004__0440,GPA-001__R2-002__R1-004,02_inputs_xml_flat/GPA-001__R2-002__R1-004__0440.xml,PASS,INFO,R1.D01=NO;R1.D03=NO;R2.D01=SI;R2.D02=SI;R2.D03=NO,MUNICIPIO30242,MUNICIPIO_SIN_CN_TRAB,Si,No,30242,,Regla 2 coherente para validaciones implementadas.
GPA-001__R2-002__R1-004__0441,GPA-001__R2-002__R1-004,02_inputs_xml_flat/GPA-001__R2-002__R1-004__0441.xml,PASS,INFO,R1.D01=NO;R1.D03=NO;R2.D01=SI;R2.D02=SI;R2.D03=NO,MUNICIPIO30243,MUNICIPIO_SIN_CN_TRAB,Si,No,30243,,Regla 2 coherente para validaciones implementadas.
GPA-001__R2-002__R1-004__0442,GPA-001__R2-002__R1-004,02_inputs_xml_flat/GPA-001__R2-002__R1-004__0442.xml,PASS,INFO,R1.D01=NO;R1.D03=NO;R2.D01=SI;R2.D02=SI;R2.D03=NO,MUNICIPIO30241,MUNICIPIO_SIN_CN_TRAB,Si,No,30241,,Regla 2 coherente para validaciones implementadas.
GPA-001__R2-002__R1-004__0443,GPA-001__R2-002__R1-004,02_inputs_xml_flat/GPA-001__R2-002__R1-004__0443.xml,PASS,INFO,R1.D01=NO;R1.D03=NO;R2.D01=SI;R2.D02=SI;R2.D03=NO,MUNICIPIO30242,MUNICIPIO_SIN_CN_TRAB,Si,No,30242,,Regla 2 coherente para validaciones implementadas.
GPA-001__R2-002__R1-004__0444,GPA-001__R2-002__R1-004,02_inputs_xml_flat/GPA-001__R2-002__R1-004__0444.xml,PASS,INFO,R1.D01=NO;R1.D03=NO;R2.D01=SI;R2.D02=SI;R2.D03=NO,MUNICIPIO30243,MUNICIPIO_SIN_CN_TRAB,Si,No,30243,,Regla 2 coherente para validaciones implementadas.
GPA-001__R2-002__R1-004__0445,GPA-001__R2-002__R1-004,02_inputs_xml_flat/GPA-001__R2-002__R1-004__0445.xml,PASS,INFO,R1.D01=NO;R1.D03=NO;R2.D01=SI;R2.D02=SI;R2.D03=NO,MUNICIPIO30241,MUNICIPIO_SIN_CN_TRAB,Si,No,30241,,Regla 2 coherente para validaciones implementadas.
GPA-001__R2-002__R1-004__0446,GPA-001__R2-002__R1-004,02_inputs_xml_flat/GPA-001__R2-002__R1-004__0446.xml,PASS,INFO,R1.D01=NO;R1.D03=NO;R2.D01=SI;R2.D02=SI;R2.D03=NO,MUNICIPIO30242,MUNICIPIO_SIN_CN_TRAB,Si,No,30242,,Regla 2 coherente para validaciones implementadas.
GPA-001__R2-002__R1-004__0447,GPA-001__R2-002__R1-004,02_inputs_xml_flat/GPA-001__R2-002__R1-004__0447.xml,PASS,INFO,R1.D01=NO;R1.D03=NO;R2.D01=SI;R2.D02=SI;R2.D03=NO,MUNICIPIO30243,MUNICIPIO_SIN_CN_TRAB,Si,No,30243,,Regla 2 coherente para validaciones implementadas.
GPA-001__R2-002__R1-004__0448,GPA-001__R2-002__R1-004,02_inputs_xml_flat/GPA-001__R2-002__R1-004__0448.xml,PASS,INFO,R1.D01=NO;R1.D03=NO;R2.D01=SI;R2.D02=SI;R2.D03=NO,MUNICIPIO30241,MUNICIPIO_SIN_CN_TRAB,Si,No,30241,,Regla 2 coherente para validaciones implementadas.
GPA-001__R2-002__R1-004__0449,GPA-001__R2-002__R1-004,02_inputs_xml_flat/GPA-001__R2-002__R1-004__0449.xml,PASS,INFO,R1.D01=NO;R1.D03=NO;R2.D01=SI;R2.D02=SI;R2.D03=NO,MUNICIPIO30242,MUNICIPIO_SIN_CN_TRAB,Si,No,30242,,Regla 2 coherente para validaciones implementadas.
GPA-001__R2-002__R1-004__0450,GPA-001__R2-002__R1-004,02_inputs_xml_flat/GPA-001__R2-002__R1-004__0450.xml,PASS,INFO,R1.D01=NO;R1.D03=NO;R2.D01=SI;R2.D02=SI;R2.D03=NO,MUNICIPIO30243,MUNICIPIO_SIN_CN_TRAB,Si,No,30243,,Regla 2 coherente para validaciones implementadas.
GPA-001__R2-002__R1-004__0451,GPA-001__R2-002__R1-004,02_inputs_xml_flat/GPA-001__R2-002__R1-004__0451.xml,PASS,INFO,R1.D01=NO;R1.D03=NO;R2.D01=SI;R2.D02=SI;R2.D03=NO,MUNICIPIO30241,MUNICIPIO_SIN_CN_TRAB,Si,No,30241,,Regla 2 coherente para validaciones implementadas.
GPA-001__R2-002__R1-004__0452,GPA-001__R2-002__R1-004,02_inputs_xml_flat/GPA-001__R2-002__R1-004__0452.xml,PASS,INFO,R1.D01=NO;R1.D03=NO;R2.D01=SI;R2.D02=SI;R2.D03=NO,MUNICIPIO30242,MUNICIPIO_SIN_CN_TRAB,Si,No,30242,,Regla 2 coherente para validaciones implementadas.
GPA-001__R2-002__R1-004__0453,GPA-001__R2-002__R1-004,02_inputs_xml_flat/GPA-001__R2-002__R1-004__0453.xml,PASS,INFO,R1.D01=NO;R1.D03=NO;R2.D01=SI;R2.D02=SI;R2.D03=NO,MUNICIPIO30243,MUNICIPIO_SIN_CN_TRAB,Si,No,30243,,Regla 2 coherente para validaciones implementadas.
GPA-001__R2-002__R1-004__0454,GPA-001__R2-002__R1-004,02_inputs_xml_flat/GPA-001__R2-002__R1-004__0454.xml,PASS,INFO,R1.D01=NO;R1.D03=NO;R2.D01=SI;R2.D02=SI;R2.D03=NO,MUNICIPIO30241,MUNICIPIO_SIN_CN_TRAB,Si,No,30241,,Regla 2 coherente para validaciones implementadas.
GPA-001__R2-002__R1-004__0455,GPA-001__R2-002__R1-004,02_inputs_xml_flat/GPA-001__R2-002__R1-004__0455.xml,PASS,INFO,R1.D01=NO;R1.D03=NO;R2.D01=SI;R2.D02=SI;R2.D03=NO,MUNICIPIO30242,MUNICIPIO_SIN_CN_TRAB,Si,No,30242,,Regla 2 coherente para validaciones implementadas.
GPA-001__R2-002__R1-004__0456,GPA-001__R2-002__R1-004,02_inputs_xml_flat/GPA-001__R2-002__R1-004__0456.xml,PASS,INFO,R1.D01=NO;R1.D03=NO;R2.D01=SI;R2.D02=SI;R2.D03=NO,MUNICIPIO30243,MUNICIPIO_SIN_CN_TRAB,Si,No,30243,,Regla 2 coherente para validaciones implementadas.
GPA-001__R2-002__R1-004__0457,GPA-001__R2-002__R1-004,02_inputs_xml_flat/GPA-001__R2-002__R1-004__0457.xml,PASS,INFO,R1.D01=NO;R1.D03=NO;R2.D01=SI;R2.D02=SI;R2.D03=NO,MUNICIPIO30241,MUNICIPIO_SIN_CN_TRAB,Si,No,30241,,Regla 2 coherente para validaciones implementadas.
GPA-001__R2-002__R1-004__0458,GPA-001__R2-002__R1-004,02_inputs_xml_flat/GPA-001__R2-002__R1-004__0458.xml,PASS,INFO,R1.D01=NO;R1.D03=NO;R2.D01=SI;R2.D02=SI;R2.D03=NO,MUNICIPIO30242,MUNICIPIO_SIN_CN_TRAB,Si,No,30242,,Regla 2 coherente para validaciones implementadas.
GPA-001__R2-002__R1-004__0459,GPA-001__R2-002__R1-004,02_inputs_xml_flat/GPA-001__R2-002__R1-004__0459.xml,PASS,INFO,R1.D01=NO;R1.D03=NO;R2.D01=SI;R2.D02=SI;R2.D03=NO,MUNICIPIO30243,MUNICIPIO_SIN_CN_TRAB,Si,No,30243,,Regla 2 coherente para validaciones implementadas.
GPA-001__R2-002__R1-004__0460,GPA-001__R2-002__R1-004,02_inputs_xml_flat/GPA-001__R2-002__R1-004__0460.xml,PASS,INFO,R1.D01=NO;R1.D03=NO;R2.D01=SI;R2.D02=SI;R2.D03=NO,MUNICIPIO30241,MUNICIPIO_SIN_CN_TRAB,Si,No,30241,,Regla 2 coherente para validaciones implementadas.
GPA-001__R2-002__R1-004__0461,GPA-001__R2-002__R1-004,02_inputs_xml_flat/GPA-001__R2-002__R1-004__0461.xml,PASS,INFO,R1.D01=NO;R1.D03=NO;R2.D01=SI;R2.D02=SI;R2.D03=NO,MUNICIPIO30242,MUNICIPIO_SIN_CN_TRAB,Si,No,30242,,Regla 2 coherente para validaciones implementadas.
GPA-001__R2-002__R1-004__0462,GPA-001__R2-002__R1-004,02_inputs_xml_flat/GPA-001__R2-002__R1-004__0462.xml,PASS,INFO,R1.D01=NO;R1.D03=NO;R2.D01=SI;R2.D02=SI;R2.D03=NO,MUNICIPIO30243,MUNICIPIO_SIN_CN_TRAB,Si,No,30243,,Regla 2 coherente para validaciones implementadas.
GPA-001__R2-002__R1-004__0463,GPA-001__R2-002__R1-004,02_inputs_xml_flat/GPA-001__R2-002__R1-004__0463.xml,PASS,INFO,R1.D01=NO;R1.D03=NO;R2.D01=SI;R2.D02=SI;R2.D03=NO,MUNICIPIO30241,MUNICIPIO_SIN_CN_TRAB,Si,No,30241,,Regla 2 coherente para validaciones implementadas.
GPA-001__R2-002__R1-004__0464,GPA-001__R2-002__R1-004,02_inputs_xml_flat/GPA-001__R2-002__R1-004__0464.xml,PASS,INFO,R1.D01=NO;R1.D03=NO;R2.D01=SI;R2.D02=SI;R2.D03=NO,MUNICIPIO30242,MUNICIPIO_SIN_CN_TRAB,Si,No,30242,,Regla 2 coherente para validaciones implementadas.
GPA-001__R2-002__R1-004__0465,GPA-001__R2-002__R1-004,02_inputs_xml_flat/GPA-001__R2-002__R1-004__0465.xml,PASS,INFO,R1.D01=NO;R1.D03=NO;R2.D01=SI;R2.D02=SI;R2.D03=NO,MUNICIPIO30243,MUNICIPIO_SIN_CN_TRAB,Si,No,30243,,Regla 2 coherente para validaciones implementadas.
GPA-001__R2-002__R1-004__0466,GPA-001__R2-002__R1-004,02_inputs_xml_flat/GPA-001__R2-002__R1-004__0466.xml,PASS,INFO,R1.D01=NO;R1.D03=NO;R2.D01=SI;R2.D02=SI;R2.D03=NO,MUNICIPIO30241,MUNICIPIO_SIN_CN_TRAB,Si,No,30241,,Regla 2 coherente para validaciones implementadas.
GPA-001__R2-002__R1-004__0467,GPA-001__R2-002__R1-004,02_inputs_xml_flat/GPA-001__R2-002__R1-004__0467.xml,PASS,INFO,R1.D01=NO;R1.D03=NO;R2.D01=SI;R2.D02=SI;R2.D03=NO,MUNICIPIO30242,MUNICIPIO_SIN_CN_TRAB,Si,No,30242,,Regla 2 coherente para validaciones implementadas.
GPA-001__R2-002__R1-004__0468,GPA-001__R2-002__R1-004,02_inputs_xml_flat/GPA-001__R2-002__R1-004__0468.xml,PASS,INFO,R1.D01=NO;R1.D03=NO;R2.D01=SI;R2.D02=SI;R2.D03=NO,MUNICIPIO30243,MUNICIPIO_SIN_CN_TRAB,Si,No,30243,,Regla 2 coherente para validaciones implementadas.
GPA-001__R2-002__R1-004__0469,GPA-001__R2-002__R1-004,02_inputs_xml_flat/GPA-001__R2-002__R1-004__0469.xml,PASS,INFO,R1.D01=NO;R1.D03=NO;R2.D01=SI;R2.D02=SI;R2.D03=NO,MUNICIPIO30241,MUNICIPIO_SIN_CN_TRAB,Si,No,30241,,Regla 2 coherente para validaciones implementadas.
GPA-001__R2-002__R1-004__0470,GPA-001__R2-002__R1-004,02_inputs_xml_flat/GPA-001__R2-002__R1-004__0470.xml,PASS,INFO,R1.D01=NO;R1.D03=NO;R2.D01=SI;R2.D02=SI;R2.D03=NO,MUNICIPIO30242,MUNICIPIO_SIN_CN_TRAB,Si,No,30242,,Regla 2 coherente para validaciones implementadas.
GPA-001__R2-002__R1-004__0471,GPA-001__R2-002__R1-004,02_inputs_xml_flat/GPA-001__R2-002__R1-004__0471.xml,PASS,INFO,R1.D01=NO;R1.D03=NO;R2.D01=SI;R2.D02=SI;R2.D03=NO,MUNICIPIO30243,MUNICIPIO_SIN_CN_TRAB,Si,No,30243,,Regla 2 coherente para validaciones implementadas.
GPA-001__R2-002__R1-004__0472,GPA-001__R2-002__R1-004,02_inputs_xml_flat/GPA-001__R2-002__R1-004__0472.xml,PASS,INFO,R1.D01=NO;R1.D03=NO;R2.D01=SI;R2.D02=SI;R2.D03=NO,MUNICIPIO30241,MUNICIPIO_SIN_CN_TRAB,Si,No,30241,,Regla 2 coherente para validaciones implementadas.
GPA-001__R2-002__R1-004__0473,GPA-001__R2-002__R1-004,02_inputs_xml_flat/GPA-001__R2-002__R1-004__0473.xml,PASS,INFO,R1.D01=NO;R1.D03=NO;R2.D01=SI;R2.D02=SI;R2.D03=NO,MUNICIPIO30242,MUNICIPIO_SIN_CN_TRAB,Si,No,30242,,Regla 2 coherente para validaciones implementadas.
GPA-001__R2-002__R1-004__0474,GPA-001__R2-002__R1-004,02_inputs_xml_flat/GPA-001__R2-002__R1-004__0474.xml,PASS,INFO,R1.D01=NO;R1.D03=NO;R2.D01=SI;R2.D02=SI;R2.D03=NO,MUNICIPIO30243,MUNICIPIO_SIN_CN_TRAB,Si,No,30243,,Regla 2 coherente para validaciones implementadas.
GPA-001__R2-002__R1-004__0475,GPA-001__R2-002__R1-004,02_inputs_xml_flat/GPA-001__R2-002__R1-004__0475.xml,PASS,INFO,R1.D01=NO;R1.D03=NO;R2.D01=SI;R2.D02=SI;R2.D03=NO,MUNICIPIO30241,MUNICIPIO_SIN_CN_TRAB,Si,No,30241,,Regla 2 coherente para validaciones implementadas.
GPA-001__R2-002__R1-004__0476,GPA-001__R2-002__R1-004,02_inputs_xml_flat/GPA-001__R2-002__R1-004__0476.xml,PASS,INFO,R1.D01=NO;R1.D03=NO;R2.D01=SI;R2.D02=SI;R2.D03=NO,MUNICIPIO30242,MUNICIPIO_SIN_CN_TRAB,Si,No,30242,,Regla 2 coherente para validaciones implementadas.
GPA-001__R2-002__R1-004__0477,GPA-001__R2-002__R1-004,02_inputs_xml_flat/GPA-001__R2-002__R1-004__0477.xml,PASS,INFO,R1.D01=NO;R1.D03=NO;R2.D01=SI;R2.D02=SI;R2.D03=NO,MUNICIPIO30243,MUNICIPIO_SIN_CN_TRAB,Si,No,30243,,Regla 2 coherente para validaciones implementadas.
GPA-001__R2-002__R1-004__0478,GPA-001__R2-002__R1-004,02_inputs_xml_flat/GPA-001__R2-002__R1-004__0478.xml,PASS,INFO,R1.D01=NO;R1.D03=NO;R2.D01=SI;R2.D02=SI;R2.D03=NO,MUNICIPIO30241,MUNICIPIO_SIN_CN_TRAB,Si,No,30241,,Regla 2 coherente para validaciones implementadas.
GPA-001__R2-002__R1-004__0479,GPA-001__R2-002__R1-004,02_inputs_xml_flat/GPA-001__R2-002__R1-004__0479.xml,PASS,INFO,R1.D01=NO;R1.D03=NO;R2.D01=SI;R2.D02=SI;R2.D03=NO,MUNICIPIO30242,MUNICIPIO_SIN_CN_TRAB,Si,No,30242,,Regla 2 coherente para validaciones implementadas.
GPA-001__R2-002__R1-004__0480,GPA-001__R2-002__R1-004,02_inputs_xml_flat/GPA-001__R2-002__R1-004__0480.xml,PASS,INFO,R1.D01=NO;R1.D03=NO;R2.D01=SI;R2.D02=SI;R2.D03=NO,MUNICIPIO30243,MUNICIPIO_SIN_CN_TRAB,Si,No,30243,,Regla 2 coherente para validaciones implementadas.
GPA-001__R2-002__R1-004__0481,GPA-001__R2-002__R1-004,02_inputs_xml_flat/GPA-001__R2-002__R1-004__0481.xml,PASS,INFO,R1.D01=NO;R1.D03=NO;R2.D01=SI;R2.D02=SI;R2.D03=NO,MUNICIPIO30241,MUNICIPIO_SIN_CN_TRAB,Si,No,30241,,Regla 2 coherente para validaciones implementadas.
GPA-001__R2-002__R1-004__0482,GPA-001__R2-002__R1-004,02_inputs_xml_flat/GPA-001__R2-002__R1-004__0482.xml,PASS,INFO,R1.D01=NO;R1.D03=NO;R2.D01=SI;R2.D02=SI;R2.D03=NO,MUNICIPIO30242,MUNICIPIO_SIN_CN_TRAB,Si,No,30242,,Regla 2 coherente para validaciones implementadas.
GPA-001__R2-002__R1-004__0483,GPA-001__R2-002__R1-004,02_inputs_xml_flat/GPA-001__R2-002__R1-004__0483.xml,PASS,INFO,R1.D01=NO;R1.D03=NO;R2.D01=SI;R2.D02=SI;R2.D03=NO,MUNICIPIO30243,MUNICIPIO_SIN_CN_TRAB,Si,No,30243,,Regla 2 coherente para validaciones implementadas.
GPA-001__R2-002__R1-004__0484,GPA-001__R2-002__R1-004,02_inputs_xml_flat/GPA-001__R2-002__R1-004__0484.xml,PASS,INFO,R1.D01=NO;R1.D03=NO;R2.D01=SI;R2.D02=SI;R2.D03=NO,MUNICIPIO30241,MUNICIPIO_SIN_CN_TRAB,Si,No,30241,,Regla 2 coherente para validaciones implementadas.
GPA-001__R2-002__R1-004__0485,GPA-001__R2-002__R1-004,02_inputs_xml_flat/GPA-001__R2-002__R1-004__0485.xml,PASS,INFO,R1.D01=NO;R1.D03=NO;R2.D01=SI;R2.D02=SI;R2.D03=NO,MUNICIPIO30242,MUNICIPIO_SIN_CN_TRAB,Si,No,30242,,Regla 2 coherente para validaciones implementadas.
GPA-001__R2-002__R1-004__0486,GPA-001__R2-002__R1-004,02_inputs_xml_flat/GPA-001__R2-002__R1-004__0486.xml,PASS,INFO,R1.D01=NO;R1.D03=NO;R2.D01=SI;R2.D02=SI;R2.D03=NO,MUNICIPIO30243,MUNICIPIO_SIN_CN_TRAB,Si,No,30243,,Regla 2 coherente para validaciones implementadas.
GPA-001__R2-002__R1-004__0487,GPA-001__R2-002__R1-004,02_inputs_xml_flat/GPA-001__R2-002__R1-004__0487.xml,PASS,INFO,R1.D01=NO;R1.D03=NO;R2.D01=SI;R2.D02=SI;R2.D03=NO,MUNICIPIO30241,MUNICIPIO_SIN_CN_TRAB,Si,No,30241,,Regla 2 coherente para validaciones implementadas.
GPA-001__R2-002__R1-004__0488,GPA-001__R2-002__R1-004,02_inputs_xml_flat/GPA-001__R2-002__R1-004__0488.xml,PASS,INFO,R1.D01=NO;R1.D03=NO;R2.D01=SI;R2.D02=SI;R2.D03=NO,MUNICIPIO30242,MUNICIPIO_SIN_CN_TRAB,Si,No,30242,,Regla 2 coherente para validaciones implementadas.
GPA-001__R2-002__R1-004__0489,GPA-001__R2-002__R1-004,02_inputs_xml_flat/GPA-001__R2-002__R1-004__0489.xml,PASS,INFO,R1.D01=NO;R1.D03=NO;R2.D01=SI;R2.D02=SI;R2.D03=NO,MUNICIPIO30243,MUNICIPIO_SIN_CN_TRAB,Si,No,30243,,Regla 2 coherente para validaciones implementadas.
GPA-001__R2-002__R1-004__0490,GPA-001__R2-002__R1-004,02_inputs_xml_flat/GPA-001__R2-002__R1-004__0490.xml,PASS,INFO,R1.D01=NO;R1.D03=NO;R2.D01=SI;R2.D02=SI;R2.D03=NO,MUNICIPIO30241,MUNICIPIO_SIN_CN_TRAB,Si,No,30241,,Regla 2 coherente para validaciones implementadas.
GPA-001__R2-002__R1-004__0491,GPA-001__R2-002__R1-004,02_inputs_xml_flat/GPA-001__R2-002__R1-004__0491.xml,PASS,INFO,R1.D01=NO;R1.D03=NO;R2.D01=SI;R2.D02=SI;R2.D03=NO,MUNICIPIO30242,MUNICIPIO_SIN_CN_TRAB,Si,No,30242,,Regla 2 coherente para validaciones implementadas.
GPA-001__R2-002__R1-004__0492,GPA-001__R2-002__R1-004,02_inputs_xml_flat/GPA-001__R2-002__R1-004__0492.xml,PASS,INFO,R1.D01=NO;R1.D03=NO;R2.D01=SI;R2.D02=SI;R2.D03=NO,MUNICIPIO30243,MUNICIPIO_SIN_CN_TRAB,Si,No,30243,,Regla 2 coherente para validaciones implementadas.
GPA-001__R2-002__R1-004__0493,GPA-001__R2-002__R1-004,02_inputs_xml_flat/GPA-001__R2-002__R1-004__0493.xml,PASS,INFO,R1.D01=NO;R1.D03=NO;R2.D01=SI;R2.D02=SI;R2.D03=NO,MUNICIPIO30241,MUNICIPIO_SIN_CN_TRAB,Si,No,30241,,Regla 2 coherente para validaciones implementadas.
GPA-001__R2-002__R1-004__0494,GPA-001__R2-002__R1-004,02_inputs_xml_flat/GPA-001__R2-002__R1-004__0494.xml,PASS,INFO,R1.D01=NO;R1.D03=NO;R2.D01=SI;R2.D02=SI;R2.D03=NO,MUNICIPIO30242,MUNICIPIO_SIN_CN_TRAB,Si,No,30242,,Regla 2 coherente para validaciones implementadas.
GPA-001__R2-002__R1-004__0495,GPA-001__R2-002__R1-004,02_inputs_xml_flat/GPA-001__R2-002__R1-004__0495.xml,PASS,INFO,R1.D01=NO;R1.D03=NO;R2.D01=SI;R2.D02=SI;R2.D03=NO,MUNICIPIO30243,MUNICIPIO_SIN_CN_TRAB,Si,No,30243,,Regla 2 coherente para validaciones implementadas.
GPA-001__R2-002__R1-004__0496,GPA-001__R2-002__R1-004,02_inputs_xml_flat/GPA-001__R2-002__R1-004__0496.xml,PASS,INFO,R1.D01=NO;R1.D03=NO;R2.D01=SI;R2.D02=SI;R2.D03=NO,MUNICIPIO30241,MUNICIPIO_SIN_CN_TRAB,Si,No,30241,,Regla 2 coherente para validaciones implementadas.
GPA-001__R2-002__R1-004__0497,GPA-001__R2-002__R1-004,02_inputs_xml_flat/GPA-001__R2-002__R1-004__0497.xml,PASS,INFO,R1.D01=NO;R1.D03=NO;R2.D01=SI;R2.D02=SI;R2.D03=NO,MUNICIPIO30242,MUNICIPIO_SIN_CN_TRAB,Si,No,30242,,Regla 2 coherente para validaciones implementadas.
GPA-001__R2-002__R1-004__0498,GPA-001__R2-002__R1-004,02_inputs_xml_flat/GPA-001__R2-002__R1-004__0498.xml,PASS,INFO,R1.D01=NO;R1.D03=NO;R2.D01=SI;R2.D02=SI;R2.D03=NO,MUNICIPIO30243,MUNICIPIO_SIN_CN_TRAB,Si,No,30243,,Regla 2 coherente para validaciones implementadas.
GPA-001__R2-002__R1-004__0499,GPA-001__R2-002__R1-004,02_inputs_xml_flat/GPA-001__R2-002__R1-004__0499.xml,PASS,INFO,R1.D01=NO;R1.D03=NO;R2.D01=SI;R2.D02=SI;R2.D03=NO,MUNICIPIO30241,MUNICIPIO_SIN_CN_TRAB,Si,No,30241,,Regla 2 coherente para validaciones implementadas.
GPA-001__R2-002__R1-004__0500,GPA-001__R2-002__R1-004,02_inputs_xml_flat/GPA-001__R2-002__R1-004__0500.xml,PASS,INFO,R1.D01=NO;R1.D03=NO;R2.D01=SI;R2.D02=SI;R2.D03=NO,MUNICIPIO30242,MUNICIPIO_SIN_CN_TRAB,Si,No,30242,,Regla 2 coherente para validaciones implementadas.
GPA-001__R2-002__R1-004__0501,GPA-001__R2-002__R1-004,02_inputs_xml_flat/GPA-001__R2-002__R1-004__0501.xml,PASS,INFO,R1.D01=NO;R1.D03=NO;R2.D01=SI;R2.D02=SI;R2.D03=NO,MUNICIPIO30243,MUNICIPIO_SIN_CN_TRAB,Si,No,30243,,Regla 2 coherente para validaciones implementadas.
GPA-001__R2-002__R1-004__0502,GPA-001__R2-002__R1-004,02_inputs_xml_flat/GPA-001__R2-002__R1-004__0502.xml,PASS,INFO,R1.D01=NO;R1.D03=NO;R2.D01=SI;R2.D02=SI;R2.D03=NO,MUNICIPIO30241,MUNICIPIO_SIN_CN_TRAB,Si,No,30241,,Regla 2 coherente para validaciones implementadas.
GPA-001__R2-002__R1-004__0503,GPA-001__R2-002__R1-004,02_inputs_xml_flat/GPA-001__R2-002__R1-004__0503.xml,PASS,INFO,R1.D01=NO;R1.D03=NO;R2.D01=SI;R2.D02=SI;R2.D03=NO,MUNICIPIO30242,MUNICIPIO_SIN_CN_TRAB,Si,No,30242,,Regla 2 coherente para validaciones implementadas.
GPA-001__R2-002__R1-004__0504,GPA-001__R2-002__R1-004,02_inputs_xml_flat/GPA-001__R2-002__R1-004__0504.xml,PASS,INFO,R1.D01=NO;R1.D03=NO;R2.D01=SI;R2.D02=SI;R2.D03=NO,MUNICIPIO30243,MUNICIPIO_SIN_CN_TRAB,Si,No,30243,,Regla 2 coherente para validaciones implementadas.
GPA-001__R2-002__R1-004__0505,GPA-001__R2-002__R1-004,02_inputs_xml_flat/GPA-001__R2-002__R1-004__0505.xml,PASS,INFO,R1.D01=NO;R1.D03=NO;R2.D01=SI;R2.D02=SI;R2.D03=NO,MUNICIPIO30241,MUNICIPIO_SIN_CN_TRAB,Si,No,30241,,Regla 2 coherente para validaciones implementadas.
GPA-001__R2-002__R1-004__0506,GPA-001__R2-002__R1-004,02_inputs_xml_flat/GPA-001__R2-002__R1-004__0506.xml,PASS,INFO,R1.D01=NO;R1.D03=NO;R2.D01=SI;R2.D02=SI;R2.D03=NO,MUNICIPIO30242,MUNICIPIO_SIN_CN_TRAB,Si,No,30242,,Regla 2 coherente para validaciones implementadas.
GPA-001__R2-002__R1-004__0507,GPA-001__R2-002__R1-004,02_inputs_xml_flat/GPA-001__R2-002__R1-004__0507.xml,PASS,INFO,R1.D01=NO;R1.D03=NO;R2.D01=SI;R2.D02=SI;R2.D03=NO,MUNICIPIO30243,MUNICIPIO_SIN_CN_TRAB,Si,No,30243,,Regla 2 coherente para validaciones implementadas.
GPA-001__R2-002__R1-004__0508,GPA-001__R2-002__R1-004,02_inputs_xml_flat/GPA-001__R2-002__R1-004__0508.xml,PASS,INFO,R1.D01=NO;R1.D03=NO;R2.D01=SI;R2.D02=SI;R2.D03=NO,MUNICIPIO30241,MUNICIPIO_SIN_CN_TRAB,Si,No,30241,,Regla 2 coherente para validaciones implementadas.
GPA-001__R2-002__R1-004__0509,GPA-001__R2-002__R1-004,02_inputs_xml_flat/GPA-001__R2-002__R1-004__0509.xml,PASS,INFO,R1.D01=NO;R1.D03=NO;R2.D01=SI;R2.D02=SI;R2.D03=NO,MUNICIPIO30242,MUNICIPIO_SIN_CN_TRAB,Si,No,30242,,Regla 2 coherente para validaciones implementadas.
GPA-001__R2-002__R1-004__0510,GPA-001__R2-002__R1-004,02_inputs_xml_flat/GPA-001__R2-002__R1-004__0510.xml,PASS,INFO,R1.D01=NO;R1.D03=NO;R2.D01=SI;R2.D02=SI;R2.D03=NO,MUNICIPIO30243,MUNICIPIO_SIN_CN_TRAB,Si,No,30243,,Regla 2 coherente para validaciones implementadas.
GPA-001__R2-002__R1-004__0511,GPA-001__R2-002__R1-004,02_inputs_xml_flat/GPA-001__R2-002__R1-004__0511.xml,PASS,INFO,R1.D01=NO;R1.D03=NO;R2.D01=SI;R2.D02=SI;R2.D03=NO,MUNICIPIO30241,MUNICIPIO_SIN_CN_TRAB,Si,No,30241,,Regla 2 coherente para validaciones implementadas.
GPA-001__R2-002__R1-004__0512,GPA-001__R2-002__R1-004,02_inputs_xml_flat/GPA-001__R2-002__R1-004__0512.xml,PASS,INFO,R1.D01=NO;R1.D03=NO;R2.D01=SI;R2.D02=SI;R2.D03=NO,MUNICIPIO30242,MUNICIPIO_SIN_CN_TRAB,Si,No,30242,,Regla 2 coherente para validaciones implementadas.
GPA-001__R2-002__R1-004__0513,GPA-001__R2-002__R1-004,02_inputs_xml_flat/GPA-001__R2-002__R1-004__0513.xml,PASS,INFO,R1.D01=NO;R1.D03=NO;R2.D01=SI;R2.D02=SI;R2.D03=NO,MUNICIPIO30243,MUNICIPIO_SIN_CN_TRAB,Si,No,30243,,Regla 2 coherente para validaciones implementadas.
GPA-001__R2-002__R1-004__0514,GPA-001__R2-002__R1-004,02_inputs_xml_flat/GPA-001__R2-002__R1-004__0514.xml,PASS,INFO,R1.D01=NO;R1.D03=NO;R2.D01=SI;R2.D02=SI;R2.D03=NO,MUNICIPIO30241,MUNICIPIO_SIN_CN_TRAB,Si,No,30241,,Regla 2 coherente para validaciones implementadas.
GPA-001__R2-002__R1-004__0515,GPA-001__R2-002__R1-004,02_inputs_xml_flat/GPA-001__R2-002__R1-004__0515.xml,PASS,INFO,R1.D01=NO;R1.D03=NO;R2.D01=SI;R2.D02=SI;R2.D03=NO,MUNICIPIO30242,MUNICIPIO_SIN_CN_TRAB,Si,No,30242,,Regla 2 coherente para validaciones implementadas.
GPA-001__R2-002__R1-004__0516,GPA-001__R2-002__R1-004,02_inputs_xml_flat/GPA-001__R2-002__R1-004__0516.xml,PASS,INFO,R1.D01=NO;R1.D03=NO;R2.D01=SI;R2.D02=SI;R2.D03=NO,MUNICIPIO30243,MUNICIPIO_SIN_CN_TRAB,Si,No,30243,,Regla 2 coherente para validaciones implementadas.
GPA-001__R2-002__R1-004__0517,GPA-001__R2-002__R1-004,02_inputs_xml_flat/GPA-001__R2-002__R1-004__0517.xml,PASS,INFO,R1.D01=NO;R1.D03=NO;R2.D01=SI;R2.D02=SI;R2.D03=NO,MUNICIPIO30241,MUNICIPIO_SIN_CN_TRAB,Si,No,30241,,Regla 2 coherente para validaciones implementadas.
GPA-001__R2-002__R1-004__0518,GPA-001__R2-002__R1-004,02_inputs_xml_flat/GPA-001__R2-002__R1-004__0518.xml,PASS,INFO,R1.D01=NO;R1.D03=NO;R2.D01=SI;R2.D02=SI;R2.D03=NO,MUNICIPIO30242,MUNICIPIO_SIN_CN_TRAB,Si,No,30242,,Regla 2 coherente para validaciones implementadas.
GPA-001__R2-002__R1-004__0519,GPA-001__R2-002__R1-004,02_inputs_xml_flat/GPA-001__R2-002__R1-004__0519.xml,PASS,INFO,R1.D01=NO;R1.D03=NO;R2.D01=SI;R2.D02=SI;R2.D03=NO,MUNICIPIO30243,MUNICIPIO_SIN_CN_TRAB,Si,No,30243,,Regla 2 coherente para validaciones implementadas.
GPA-001__R2-002__R1-004__0520,GPA-001__R2-002__R1-004,02_inputs_xml_flat/GPA-001__R2-002__R1-004__0520.xml,PASS,INFO,R1.D01=NO;R1.D03=NO;R2.D01=SI;R2.D02=SI;R2.D03=NO,MUNICIPIO30241,MUNICIPIO_SIN_CN_TRAB,Si,No,30241,,Regla 2 coherente para validaciones implementadas.
GPA-001__R2-002__R1-004__0521,GPA-001__R2-002__R1-004,02_inputs_xml_flat/GPA-001__R2-002__R1-004__0521.xml,PASS,INFO,R1.D01=NO;R1.D03=NO;R2.D01=SI;R2.D02=SI;R2.D03=NO,MUNICIPIO30242,MUNICIPIO_SIN_CN_TRAB,Si,No,30242,,Regla 2 coherente para validaciones implementadas.
GPA-001__R2-002__R1-004__0522,GPA-001__R2-002__R1-004,02_inputs_xml_flat/GPA-001__R2-002__R1-004__0522.xml,PASS,INFO,R1.D01=NO;R1.D03=NO;R2.D01=SI;R2.D02=SI;R2.D03=NO,MUNICIPIO30243,MUNICIPIO_SIN_CN_TRAB,Si,No,30243,,Regla 2 coherente para validaciones implementadas.
GPA-001__R2-002__R1-004__0523,GPA-001__R2-002__R1-004,02_inputs_xml_flat/GPA-001__R2-002__R1-004__0523.xml,PASS,INFO,R1.D01=NO;R1.D03=NO;R2.D01=SI;R2.D02=SI;R2.D03=NO,MUNICIPIO30241,MUNICIPIO_SIN_CN_TRAB,Si,No,30241,,Regla 2 coherente para validaciones implementadas.
GPA-001__R2-002__R1-004__0524,GPA-001__R2-002__R1-004,02_inputs_xml_flat/GPA-001__R2-002__R1-004__0524.xml,PASS,INFO,R1.D01=NO;R1.D03=NO;R2.D01=SI;R2.D02=SI;R2.D03=NO,MUNICIPIO30242,MUNICIPIO_SIN_CN_TRAB,Si,No,30242,,Regla 2 coherente para validaciones implementadas.
GPA-001__R2-002__R1-004__0525,GPA-001__R2-002__R1-004,02_inputs_xml_flat/GPA-001__R2-002__R1-004__0525.xml,PASS,INFO,R1.D01=NO;R1.D03=NO;R2.D01=SI;R2.D02=SI;R2.D03=NO,MUNICIPIO30243,MUNICIPIO_SIN_CN_TRAB,Si,No,30243,,Regla 2 coherente para validaciones implementadas.
GPA-001__R2-002__R1-004__0526,GPA-001__R2-002__R1-004,02_inputs_xml_flat/GPA-001__R2-002__R1-004__0526.xml,PASS,INFO,R1.D01=NO;R1.D03=NO;R2.D01=SI;R2.D02=SI;R2.D03=NO,MUNICIPIO30241,MUNICIPIO_SIN_CN_TRAB,Si,No,30241,,Regla 2 coherente para validaciones implementadas.
GPA-001__R2-002__R1-004__0527,GPA-001__R2-002__R1-004,02_inputs_xml_flat/GPA-001__R2-002__R1-004__0527.xml,PASS,INFO,R1.D01=NO;R1.D03=NO;R2.D01=SI;R2.D02=SI;R2.D03=NO,MUNICIPIO30242,MUNICIPIO_SIN_CN_TRAB,Si,No,30242,,Regla 2 coherente para validaciones implementadas.
GPA-001__R2-002__R1-004__0528,GPA-001__R2-002__R1-004,02_inputs_xml_flat/GPA-001__R2-002__R1-004__0528.xml,PASS,INFO,R1.D01=NO;R1.D03=NO;R2.D01=SI;R2.D02=SI;R2.D03=NO,MUNICIPIO30243,MUNICIPIO_SIN_CN_TRAB,Si,No,30243,,Regla 2 coherente para validaciones implementadas.
GPA-001__R2-002__R1-004__0529,GPA-001__R2-002__R1-004,02_inputs_xml_flat/GPA-001__R2-002__R1-004__0529.xml,PASS,INFO,R1.D01=NO;R1.D03=NO;R2.D01=SI;R2.D02=SI;R2.D03=NO,MUNICIPIO30241,MUNICIPIO_SIN_CN_TRAB,Si,No,30241,,Regla 2 coherente para validaciones implementadas.
GPA-001__R2-002__R1-004__0530,GPA-001__R2-002__R1-004,02_inputs_xml_flat/GPA-001__R2-002__R1-004__0530.xml,PASS,INFO,R1.D01=NO;R1.D03=NO;R2.D01=SI;R2.D02=SI;R2.D03=NO,MUNICIPIO30242,MUNICIPIO_SIN_CN_TRAB,Si,No,30242,,Regla 2 coherente para validaciones implementadas.
GPA-001__R2-002__R1-004__0531,GPA-001__R2-002__R1-004,02_inputs_xml_flat/GPA-001__R2-002__R1-004__0531.xml,PASS,INFO,R1.D01=NO;R1.D03=NO;R2.D01=SI;R2.D02=SI;R2.D03=NO,MUNICIPIO30243,MUNICIPIO_SIN_CN_TRAB,Si,No,30243,,Regla 2 coherente para validaciones implementadas.
GPA-001__R2-002__R1-004__0532,GPA-001__R2-002__R1-004,02_inputs_xml_flat/GPA-001__R2-002__R1-004__0532.xml,PASS,INFO,R1.D01=NO;R1.D03=NO;R2.D01=SI;R2.D02=SI;R2.D03=NO,MUNICIPIO30241,MUNICIPIO_SIN_CN_TRAB,Si,No,30241,,Regla 2 coherente para validaciones implementadas.
GPA-001__R2-002__R1-004__0533,GPA-001__R2-002__R1-004,02_inputs_xml_flat/GPA-001__R2-002__R1-004__0533.xml,PASS,INFO,R1.D01=NO;R1.D03=NO;R2.D01=SI;R2.D02=SI;R2.D03=NO,MUNICIPIO30242,MUNICIPIO_SIN_CN_TRAB,Si,No,30242,,Regla 2 coherente para validaciones implementadas.
GPA-001__R2-002__R1-004__0534,GPA-001__R2-002__R1-004,02_inputs_xml_flat/GPA-001__R2-002__R1-004__0534.xml,PASS,INFO,R1.D01=NO;R1.D03=NO;R2.D01=SI;R2.D02=SI;R2.D03=NO,MUNICIPIO30243,MUNICIPIO_SIN_CN_TRAB,Si,No,30243,,Regla 2 coherente para validaciones implementadas.
GPA-001__R2-002__R1-004__0535,GPA-001__R2-002__R1-004,02_inputs_xml_flat/GPA-001__R2-002__R1-004__0535.xml,PASS,INFO,R1.D01=NO;R1.D03=NO;R2.D01=SI;R2.D02=SI;R2.D03=NO,MUNICIPIO30241,MUNICIPIO_SIN_CN_TRAB,Si,No,30241,,Regla 2 coherente para validaciones implementadas.
GPA-001__R2-002__R1-004__0536,GPA-001__R2-002__R1-004,02_inputs_xml_flat/GPA-001__R2-002__R1-004__0536.xml,PASS,INFO,R1.D01=NO;R1.D03=NO;R2.D01=SI;R2.D02=SI;R2.D03=NO,MUNICIPIO30242,MUNICIPIO_SIN_CN_TRAB,Si,No,30242,,Regla 2 coherente para validaciones implementadas.
GPA-001__R2-002__R1-004__0537,GPA-001__R2-002__R1-004,02_inputs_xml_flat/GPA-001__R2-002__R1-004__0537.xml,PASS,INFO,R1.D01=NO;R1.D03=NO;R2.D01=SI;R2.D02=SI;R2.D03=NO,MUNICIPIO30243,MUNICIPIO_SIN_CN_TRAB,Si,No,30243,,Regla 2 coherente para validaciones implementadas.
GPA-001__R2-002__R1-004__0538,GPA-001__R2-002__R1-004,02_inputs_xml_flat/GPA-001__R2-002__R1-004__0538.xml,PASS,INFO,R1.D01=NO;R1.D03=NO;R2.D01=SI;R2.D02=SI;R2.D03=NO,MUNICIPIO30241,MUNICIPIO_SIN_CN_TRAB,Si,No,30241,,Regla 2 coherente para validaciones implementadas.
GPA-001__R2-002__R1-004__0539,GPA-001__R2-002__R1-004,02_inputs_xml_flat/GPA-001__R2-002__R1-004__0539.xml,PASS,INFO,R1.D01=NO;R1.D03=NO;R2.D01=SI;R2.D02=SI;R2.D03=NO,MUNICIPIO30242,MUNICIPIO_SIN_CN_TRAB,Si,No,30242,,Regla 2 coherente para validaciones implementadas.
GPA-001__R2-002__R1-004__0540,GPA-001__R2-002__R1-004,02_inputs_xml_flat/GPA-001__R2-002__R1-004__0540.xml,PASS,INFO,R1.D01=NO;R1.D03=NO;R2.D01=SI;R2.D02=SI;R2.D03=NO,MUNICIPIO30243,MUNICIPIO_SIN_CN_TRAB,Si,No,30243,,Regla 2 coherente para validaciones implementadas.
GPA-001__R2-002__R1-004__0541,GPA-001__R2-002__R1-004,02_inputs_xml_flat/GPA-001__R2-002__R1-004__0541.xml,PASS,INFO,R1.D01=NO;R1.D03=NO;R2.D01=SI;R2.D02=SI;R2.D03=NO,MUNICIPIO30241,MUNICIPIO_SIN_CN_TRAB,Si,No,30241,,Regla 2 coherente para validaciones implementadas.
GPA-001__R2-002__R1-004__0542,GPA-001__R2-002__R1-004,02_inputs_xml_flat/GPA-001__R2-002__R1-004__0542.xml,PASS,INFO,R1.D01=NO;R1.D03=NO;R2.D01=SI;R2.D02=SI;R2.D03=NO,MUNICIPIO30242,MUNICIPIO_SIN_CN_TRAB,Si,No,30242,,Regla 2 coherente para validaciones implementadas.
GPA-001__R2-002__R1-004__0543,GPA-001__R2-002__R1-004,02_inputs_xml_flat/GPA-001__R2-002__R1-004__0543.xml,PASS,INFO,R1.D01=NO;R1.D03=NO;R2.D01=SI;R2.D02=SI;R2.D03=NO,MUNICIPIO30243,MUNICIPIO_SIN_CN_TRAB,Si,No,30243,,Regla 2 coherente para validaciones implementadas.
GPA-001__R2-002__R1-004__0544,GPA-001__R2-002__R1-004,02_inputs_xml_flat/GPA-001__R2-002__R1-004__0544.xml,PASS,INFO,R1.D01=NO;R1.D03=NO;R2.D01=SI;R2.D02=SI;R2.D03=NO,MUNICIPIO30241,MUNICIPIO_SIN_CN_TRAB,Si,No,30241,,Regla 2 coherente para validaciones implementadas.
GPA-001__R2-002__R1-004__0545,GPA-001__R2-002__R1-004,02_inputs_xml_flat/GPA-001__R2-002__R1-004__0545.xml,PASS,INFO,R1.D01=NO;R1.D03=NO;R2.D01=SI;R2.D02=SI;R2.D03=NO,MUNICIPIO30242,MUNICIPIO_SIN_CN_TRAB,Si,No,30242,,Regla 2 coherente para validaciones implementadas.
GPA-001__R2-002__R1-004__0546,GPA-001__R2-002__R1-004,02_inputs_xml_flat/GPA-001__R2-002__R1-004__0546.xml,PASS,INFO,R1.D01=NO;R1.D03=NO;R2.D01=SI;R2.D02=SI;R2.D03=NO,MUNICIPIO30243,MUNICIPIO_SIN_CN_TRAB,Si,No,30243,,Regla 2 coherente para validaciones implementadas.
GPA-001__R2-002__R1-004__0547,GPA-001__R2-002__R1-004,02_inputs_xml_flat/GPA-001__R2-002__R1-004__0547.xml,PASS,INFO,R1.D01=NO;R1.D03=NO;R2.D01=SI;R2.D02=SI;R2.D03=NO,MUNICIPIO30241,MUNICIPIO_SIN_CN_TRAB,Si,No,30241,,Regla 2 coherente para validaciones implementadas.
GPA-001__R2-002__R1-004__0548,GPA-001__R2-002__R1-004,02_inputs_xml_flat/GPA-001__R2-002__R1-004__0548.xml,PASS,INFO,R1.D01=NO;R1.D03=NO;R2.D01=SI;R2.D02=SI;R2.D03=NO,MUNICIPIO30242,MUNICIPIO_SIN_CN_TRAB,Si,No,30242,,Regla 2 coherente para validaciones implementadas.
GPA-001__R2-002__R1-004__0549,GPA-001__R2-002__R1-004,02_inputs_xml_flat/GPA-001__R2-002__R1-004__0549.xml,PASS,INFO,R1.D01=NO;R1.D03=NO;R2.D01=SI;R2.D02=SI;R2.D03=NO,MUNICIPIO30243,MUNICIPIO_SIN_CN_TRAB,Si,No,30243,,Regla 2 coherente para validaciones implementadas.
GPA-001__R2-002__R1-004__0550,GPA-001__R2-002__R1-004,02_inputs_xml_flat/GPA-001__R2-002__R1-004__0550.xml,PASS,INFO,R1.D01=NO;R1.D03=NO;R2.D01=SI;R2.D02=SI;R2.D03=NO,MUNICIPIO30241,MUNICIPIO_SIN_CN_TRAB,Si,No,30241,,Regla 2 coherente para validaciones implementadas.
GPA-001__R2-002__R1-004__0551,GPA-001__R2-002__R1-004,02_inputs_xml_flat/GPA-001__R2-002__R1-004__0551.xml,PASS,INFO,R1.D01=NO;R1.D03=NO;R2.D01=SI;R2.D02=SI;R2.D03=NO,MUNICIPIO30242,MUNICIPIO_SIN_CN_TRAB,Si,No,30242,,Regla 2 coherente para validaciones implementadas.
GPA-001__R2-002__R1-004__0552,GPA-001__R2-002__R1-004,02_inputs_xml_flat/GPA-001__R2-002__R1-004__0552.xml,PASS,INFO,R1.D01=NO;R1.D03=NO;R2.D01=SI;R2.D02=SI;R2.D03=NO,MUNICIPIO30243,MUNICIPIO_SIN_CN_TRAB,Si,No,30243,,Regla 2 coherente para validaciones implementadas.
GPA-001__R2-002__R1-004__0553,GPA-001__R2-002__R1-004,02_inputs_xml_flat/GPA-001__R2-002__R1-004__0553.xml,PASS,INFO,R1.D01=NO;R1.D03=NO;R2.D01=SI;R2.D02=SI;R2.D03=NO,MUNICIPIO30241,MUNICIPIO_SIN_CN_TRAB,Si,No,30241,,Regla 2 coherente para validaciones implementadas.
GPA-001__R2-002__R1-004__0554,GPA-001__R2-002__R1-004,02_inputs_xml_flat/GPA-001__R2-002__R1-004__0554.xml,PASS,INFO,R1.D01=NO;R1.D03=NO;R2.D01=SI;R2.D02=SI;R2.D03=NO,MUNICIPIO30242,MUNICIPIO_SIN_CN_TRAB,Si,No,30242,,Regla 2 coherente para validaciones implementadas.
GPA-001__R2-002__R1-004__0555,GPA-001__R2-002__R1-004,02_inputs_xml_flat/GPA-001__R2-002__R1-004__0555.xml,PASS,INFO,R1.D01=NO;R1.D03=NO;R2.D01=SI;R2.D02=SI;R2.D03=NO,MUNICIPIO30243,MUNICIPIO_SIN_CN_TRAB,Si,No,30243,,Regla 2 coherente para validaciones implementadas.
GPA-001__R2-002__R1-004__0556,GPA-001__R2-002__R1-004,02_inputs_xml_flat/GPA-001__R2-002__R1-004__0556.xml,PASS,INFO,R1.D01=NO;R1.D03=NO;R2.D01=SI;R2.D02=SI;R2.D03=NO,MUNICIPIO30241,MUNICIPIO_SIN_CN_TRAB,Si,No,30241,,Regla 2 coherente para validaciones implementadas.
GPA-001__R2-002__R1-004__0557,GPA-001__R2-002__R1-004,02_inputs_xml_flat/GPA-001__R2-002__R1-004__0557.xml,PASS,INFO,R1.D01=NO;R1.D03=NO;R2.D01=SI;R2.D02=SI;R2.D03=NO,MUNICIPIO30242,MUNICIPIO_SIN_CN_TRAB,Si,No,30242,,Regla 2 coherente para validaciones implementadas.
GPA-001__R2-002__R1-004__0558,GPA-001__R2-002__R1-004,02_inputs_xml_flat/GPA-001__R2-002__R1-004__0558.xml,PASS,INFO,R1.D01=NO;R1.D03=NO;R2.D01=SI;R2.D02=SI;R2.D03=NO,MUNICIPIO30243,MUNICIPIO_SIN_CN_TRAB,Si,No,30243,,Regla 2 coherente para validaciones implementadas.
GPA-001__R2-002__R1-004__0559,GPA-001__R2-002__R1-004,02_inputs_xml_flat/GPA-001__R2-002__R1-004__0559.xml,PASS,INFO,R1.D01=NO;R1.D03=NO;R2.D01=SI;R2.D02=SI;R2.D03=NO,MUNICIPIO30241,MUNICIPIO_SIN_CN_TRAB,Si,No,30241,,Regla 2 coherente para validaciones implementadas.
GPA-001__R2-002__R1-004__0560,GPA-001__R2-002__R1-004,02_inputs_xml_flat/GPA-001__R2-002__R1-004__0560.xml,PASS,INFO,R1.D01=NO;R1.D03=NO;R2.D01=SI;R2.D02=SI;R2.D03=NO,MUNICIPIO30242,MUNICIPIO_SIN_CN_TRAB,Si,No,30242,,Regla 2 coherente para validaciones implementadas.
GPA-001__R2-002__R1-004__0561,GPA-001__R2-002__R1-004,02_inputs_xml_flat/GPA-001__R2-002__R1-004__0561.xml,PASS,INFO,R1.D01=NO;R1.D03=NO;R2.D01=SI;R2.D02=SI;R2.D03=NO,MUNICIPIO30243,MUNICIPIO_SIN_CN_TRAB,Si,No,30243,,Regla 2 coherente para validaciones implementadas.
GPA-001__R2-002__R1-004__0562,GPA-001__R2-002__R1-004,02_inputs_xml_flat/GPA-001__R2-002__R1-004__0562.xml,PASS,INFO,R1.D01=NO;R1.D03=NO;R2.D01=SI;R2.D02=SI;R2.D03=NO,MUNICIPIO30241,MUNICIPIO_SIN_CN_TRAB,Si,No,30241,,Regla 2 coherente para validaciones implementadas.
GPA-001__R2-002__R1-004__0563,GPA-001__R2-002__R1-004,02_inputs_xml_flat/GPA-001__R2-002__R1-004__0563.xml,PASS,INFO,R1.D01=NO;R1.D03=NO;R2.D01=SI;R2.D02=SI;R2.D03=NO,MUNICIPIO30242,MUNICIPIO_SIN_CN_TRAB,Si,No,30242,,Regla 2 coherente para validaciones implementadas.
GPA-001__R2-002__R1-004__0564,GPA-001__R2-002__R1-004,02_inputs_xml_flat/GPA-001__R2-002__R1-004__0564.xml,PASS,INFO,R1.D01=NO;R1.D03=NO;R2.D01=SI;R2.D02=SI;R2.D03=NO,MUNICIPIO30243,MUNICIPIO_SIN_CN_TRAB,Si,No,30243,,Regla 2 coherente para validaciones implementadas.
GPA-001__R2-002__R1-004__0565,GPA-001__R2-002__R1-004,02_inputs_xml_flat/GPA-001__R2-002__R1-004__0565.xml,PASS,INFO,R1.D01=NO;R1.D03=NO;R2.D01=SI;R2.D02=SI;R2.D03=NO,MUNICIPIO30241,MUNICIPIO_SIN_CN_TRAB,Si,No,30241,,Regla 2 coherente para validaciones implementadas.
GPA-001__R2-002__R1-004__0566,GPA-001__R2-002__R1-004,02_inputs_xml_flat/GPA-001__R2-002__R1-004__0566.xml,PASS,INFO,R1.D01=NO;R1.D03=NO;R2.D01=SI;R2.D02=SI;R2.D03=NO,MUNICIPIO30242,MUNICIPIO_SIN_CN_TRAB,Si,No,30242,,Regla 2 coherente para validaciones implementadas.
GPA-001__R2-002__R1-004__0567,GPA-001__R2-002__R1-004,02_inputs_xml_flat/GPA-001__R2-002__R1-004__0567.xml,PASS,INFO,R1.D01=NO;R1.D03=NO;R2.D01=SI;R2.D02=SI;R2.D03=NO,MUNICIPIO30243,MUNICIPIO_SIN_CN_TRAB,Si,No,30243,,Regla 2 coherente para validaciones implementadas.
GPA-001__R2-002__R1-004__0568,GPA-001__R2-002__R1-004,02_inputs_xml_flat/GPA-001__R2-002__R1-004__0568.xml,PASS,INFO,R1.D01=NO;R1.D03=NO;R2.D01=SI;R2.D02=SI;R2.D03=NO,MUNICIPIO30241,MUNICIPIO_SIN_CN_TRAB,Si,No,30241,,Regla 2 coherente para validaciones implementadas.
GPA-001__R2-002__R1-004__0569,GPA-001__R2-002__R1-004,02_inputs_xml_flat/GPA-001__R2-002__R1-004__0569.xml,PASS,INFO,R1.D01=NO;R1.D03=NO;R2.D01=SI;R2.D02=SI;R2.D03=NO,MUNICIPIO30242,MUNICIPIO_SIN_CN_TRAB,Si,No,30242,,Regla 2 coherente para validaciones implementadas.
GPA-001__R2-002__R1-004__0570,GPA-001__R2-002__R1-004,02_inputs_xml_flat/GPA-001__R2-002__R1-004__0570.xml,PASS,INFO,R1.D01=NO;R1.D03=NO;R2.D01=SI;R2.D02=SI;R2.D03=NO,MUNICIPIO30243,MUNICIPIO_SIN_CN_TRAB,Si,No,30243,,Regla 2 coherente para validaciones implementadas.
GPA-001__R2-002__R1-004__0571,GPA-001__R2-002__R1-004,02_inputs_xml_flat/GPA-001__R2-002__R1-004__0571.xml,PASS,INFO,R1.D01=NO;R1.D03=NO;R2.D01=SI;R2.D02=SI;R2.D03=NO,MUNICIPIO30241,MUNICIPIO_SIN_CN_TRAB,Si,No,30241,,Regla 2 coherente para validaciones implementadas.
GPA-001__R2-002__R1-004__0572,GPA-001__R2-002__R1-004,02_inputs_xml_flat/GPA-001__R2-002__R1-004__0572.xml,PASS,INFO,R1.D01=NO;R1.D03=NO;R2.D01=SI;R2.D02=SI;R2.D03=NO,MUNICIPIO30242,MUNICIPIO_SIN_CN_TRAB,Si,No,30242,,Regla 2 coherente para validaciones implementadas.
GPA-001__R2-002__R1-004__0573,GPA-001__R2-002__R1-004,02_inputs_xml_flat/GPA-001__R2-002__R1-004__0573.xml,PASS,INFO,R1.D01=NO;R1.D03=NO;R2.D01=SI;R2.D02=SI;R2.D03=NO,MUNICIPIO30243,MUNICIPIO_SIN_CN_TRAB,Si,No,30243,,Regla 2 coherente para validaciones implementadas.
GPA-001__R2-002__R1-004__0574,GPA-001__R2-002__R1-004,02_inputs_xml_flat/GPA-001__R2-002__R1-004__0574.xml,PASS,INFO,R1.D01=NO;R1.D03=NO;R2.D01=SI;R2.D02=SI;R2.D03=NO,MUNICIPIO30241,MUNICIPIO_SIN_CN_TRAB,Si,No,30241,,Regla 2 coherente para validaciones implementadas.
GPA-001__R2-002__R1-004__0575,GPA-001__R2-002__R1-004,02_inputs_xml_flat/GPA-001__R2-002__R1-004__0575.xml,PASS,INFO,R1.D01=NO;R1.D03=NO;R2.D01=SI;R2.D02=SI;R2.D03=NO,MUNICIPIO30242,MUNICIPIO_SIN_CN_TRAB,Si,No,30242,,Regla 2 coherente para validaciones implementadas.
GPA-001__R2-002__R1-004__0576,GPA-001__R2-002__R1-004,02_inputs_xml_flat/GPA-001__R2-002__R1-004__0576.xml,PASS,INFO,R1.D01=NO;R1.D03=NO;R2.D01=SI;R2.D02=SI;R2.D03=NO,MUNICIPIO30243,MUNICIPIO_SIN_CN_TRAB,Si,No,30243,,Regla 2 coherente para validaciones implementadas.
GPA-001__R2-002__R1-004__0577,GPA-001__R2-002__R1-004,02_inputs_xml_flat/GPA-001__R2-002__R1-004__0577.xml,PASS,INFO,R1.D01=NO;R1.D03=NO;R2.D01=SI;R2.D02=SI;R2.D03=NO,MUNICIPIO30241,MUNICIPIO_SIN_CN_TRAB,Si,No,30241,,Regla 2 coherente para validaciones implementadas.
GPA-001__R2-002__R1-004__0578,GPA-001__R2-002__R1-004,02_inputs_xml_flat/GPA-001__R2-002__R1-004__0578.xml,PASS,INFO,R1.D01=NO;R1.D03=NO;R2.D01=SI;R2.D02=SI;R2.D03=NO,MUNICIPIO30242,MUNICIPIO_SIN_CN_TRAB,Si,No,30242,,Regla 2 coherente para validaciones implementadas.
GPA-001__R2-002__R1-004__0579,GPA-001__R2-002__R1-004,02_inputs_xml_flat/GPA-001__R2-002__R1-004__0579.xml,PASS,INFO,R1.D01=NO;R1.D03=NO;R2.D01=SI;R2.D02=SI;R2.D03=NO,MUNICIPIO30243,MUNICIPIO_SIN_CN_TRAB,Si,No,30243,,Regla 2 coherente para validaciones implementadas.
GPA-001__R2-002__R1-004__0580,GPA-001__R2-002__R1-004,02_inputs_xml_flat/GPA-001__R2-002__R1-004__0580.xml,PASS,INFO,R1.D01=NO;R1.D03=NO;R2.D01=SI;R2.D02=SI;R2.D03=NO,MUNICIPIO30241,MUNICIPIO_SIN_CN_TRAB,Si,No,30241,,Regla 2 coherente para validaciones implementadas.
GPA-001__R2-002__R1-004__0581,GPA-001__R2-002__R1-004,02_inputs_xml_flat/GPA-001__R2-002__R1-004__0581.xml,PASS,INFO,R1.D01=NO;R1.D03=NO;R2.D01=SI;R2.D02=SI;R2.D03=NO,MUNICIPIO30242,MUNICIPIO_SIN_CN_TRAB,Si,No,30242,,Regla 2 coherente para validaciones implementadas.
GPA-001__R2-002__R1-004__0582,GPA-001__R2-002__R1-004,02_inputs_xml_flat/GPA-001__R2-002__R1-004__0582.xml,PASS,INFO,R1.D01=NO;R1.D03=NO;R2.D01=SI;R2.D02=SI;R2.D03=NO,MUNICIPIO30243,MUNICIPIO_SIN_CN_TRAB,Si,No,30243,,Regla 2 coherente para validaciones implementadas.
GPA-001__R2-002__R1-004__0583,GPA-001__R2-002__R1-004,02_inputs_xml_flat/GPA-001__R2-002__R1-004__0583.xml,PASS,INFO,R1.D01=NO;R1.D03=NO;R2.D01=SI;R2.D02=SI;R2.D03=NO,MUNICIPIO30241,MUNICIPIO_SIN_CN_TRAB,Si,No,30241,,Regla 2 coherente para validaciones implementadas.
GPA-001__R2-002__R1-004__0584,GPA-001__R2-002__R1-004,02_inputs_xml_flat/GPA-001__R2-002__R1-004__0584.xml,PASS,INFO,R1.D01=NO;R1.D03=NO;R2.D01=SI;R2.D02=SI;R2.D03=NO,MUNICIPIO30242,MUNICIPIO_SIN_CN_TRAB,Si,No,30242,,Regla 2 coherente para validaciones implementadas.
GPA-001__R2-002__R1-004__0585,GPA-001__R2-002__R1-004,02_inputs_xml_flat/GPA-001__R2-002__R1-004__0585.xml,PASS,INFO,R1.D01=NO;R1.D03=NO;R2.D01=SI;R2.D02=SI;R2.D03=NO,MUNICIPIO30243,MUNICIPIO_SIN_CN_TRAB,Si,No,30243,,Regla 2 coherente para validaciones implementadas.
GPA-001__R2-002__R1-004__0586,GPA-001__R2-002__R1-004,02_inputs_xml_flat/GPA-001__R2-002__R1-004__0586.xml,PASS,INFO,R1.D01=NO;R1.D03=NO;R2.D01=SI;R2.D02=SI;R2.D03=NO,MUNICIPIO30241,MUNICIPIO_SIN_CN_TRAB,Si,No,30241,,Regla 2 coherente para validaciones implementadas.
GPA-001__R2-002__R1-004__0587,GPA-001__R2-002__R1-004,02_inputs_xml_flat/GPA-001__R2-002__R1-004__0587.xml,PASS,INFO,R1.D01=NO;R1.D03=NO;R2.D01=SI;R2.D02=SI;R2.D03=NO,MUNICIPIO30242,MUNICIPIO_SIN_CN_TRAB,Si,No,30242,,Regla 2 coherente para validaciones implementadas.
GPA-001__R2-002__R1-004__0588,GPA-001__R2-002__R1-004,02_inputs_xml_flat/GPA-001__R2-002__R1-004__0588.xml,PASS,INFO,R1.D01=NO;R1.D03=NO;R2.D01=SI;R2.D02=SI;R2.D03=NO,MUNICIPIO30243,MUNICIPIO_SIN_CN_TRAB,Si,No,30243,,Regla 2 coherente para validaciones implementadas.
GPA-001__R2-002__R1-004__0589,GPA-001__R2-002__R1-004,02_inputs_xml_flat/GPA-001__R2-002__R1-004__0589.xml,PASS,INFO,R1.D01=NO;R1.D03=NO;R2.D01=SI;R2.D02=SI;R2.D03=NO,MUNICIPIO30241,MUNICIPIO_SIN_CN_TRAB,Si,No,30241,,Regla 2 coherente para validaciones implementadas.
GPA-001__R2-002__R1-004__0590,GPA-001__R2-002__R1-004,02_inputs_xml_flat/GPA-001__R2-002__R1-004__0590.xml,PASS,INFO,R1.D01=NO;R1.D03=NO;R2.D01=SI;R2.D02=SI;R2.D03=NO,MUNICIPIO30242,MUNICIPIO_SIN_CN_TRAB,Si,No,30242,,Regla 2 coherente para validaciones implementadas.
GPA-001__R2-002__R1-004__0591,GPA-001__R2-002__R1-004,02_inputs_xml_flat/GPA-001__R2-002__R1-004__0591.xml,PASS,INFO,R1.D01=NO;R1.D03=NO;R2.D01=SI;R2.D02=SI;R2.D03=NO,MUNICIPIO30243,MUNICIPIO_SIN_CN_TRAB,Si,No,30243,,Regla 2 coherente para validaciones implementadas.
GPA-001__R2-002__R1-004__0592,GPA-001__R2-002__R1-004,02_inputs_xml_flat/GPA-001__R2-002__R1-004__0592.xml,PASS,INFO,R1.D01=NO;R1.D03=NO;R2.D01=SI;R2.D02=SI;R2.D03=NO,MUNICIPIO30241,MUNICIPIO_SIN_CN_TRAB,Si,No,30241,,Regla 2 coherente para validaciones implementadas.
GPA-001__R2-002__R1-004__0593,GPA-001__R2-002__R1-004,02_inputs_xml_flat/GPA-001__R2-002__R1-004__0593.xml,PASS,INFO,R1.D01=NO;R1.D03=NO;R2.D01=SI;R2.D02=SI;R2.D03=NO,MUNICIPIO30242,MUNICIPIO_SIN_CN_TRAB,Si,No,30242,,Regla 2 coherente para validaciones implementadas.
GPA-001__R2-002__R1-004__0594,GPA-001__R2-002__R1-004,02_inputs_xml_flat/GPA-001__R2-002__R1-004__0594.xml,PASS,INFO,R1.D01=NO;R1.D03=NO;R2.D01=SI;R2.D02=SI;R2.D03=NO,MUNICIPIO30243,MUNICIPIO_SIN_CN_TRAB,Si,No,30243,,Regla 2 coherente para validaciones implementadas.
GPA-001__R2-002__R1-004__0595,GPA-001__R2-002__R1-004,02_inputs_xml_flat/GPA-001__R2-002__R1-004__0595.xml,PASS,INFO,R1.D01=NO;R1.D03=NO;R2.D01=SI;R2.D02=SI;R2.D03=NO,MUNICIPIO30241,MUNICIPIO_SIN_CN_TRAB,Si,No,30241,,Regla 2 coherente para validaciones implementadas.
GPA-001__R2-002__R1-004__0596,GPA-001__R2-002__R1-004,02_inputs_xml_flat/GPA-001__R2-002__R1-004__0596.xml,PASS,INFO,R1.D01=NO;R1.D03=NO;R2.D01=SI;R2.D02=SI;R2.D03=NO,MUNICIPIO30242,MUNICIPIO_SIN_CN_TRAB,Si,No,30242,,Regla 2 coherente para validaciones implementadas.
GPA-001__R2-002__R1-004__0597,GPA-001__R2-002__R1-004,02_inputs_xml_flat/GPA-001__R2-002__R1-004__0597.xml,PASS,INFO,R1.D01=NO;R1.D03=NO;R2.D01=SI;R2.D02=SI;R2.D03=NO,MUNICIPIO30243,MUNICIPIO_SIN_CN_TRAB,Si,No,30243,,Regla 2 coherente para validaciones implementadas.
GPA-001__R2-002__R1-004__0598,GPA-001__R2-002__R1-004,02_inputs_xml_flat/GPA-001__R2-002__R1-004__0598.xml,PASS,INFO,R1.D01=NO;R1.D03=NO;R2.D01=SI;R2.D02=SI;R2.D03=NO,MUNICIPIO30241,MUNICIPIO_SIN_CN_TRAB,Si,No,30241,,Regla 2 coherente para validaciones implementadas.
GPA-001__R2-002__R1-004__0599,GPA-001__R2-002__R1-004,02_inputs_xml_flat/GPA-001__R2-002__R1-004__0599.xml,PASS,INFO,R1.D01=NO;R1.D03=NO;R2.D01=SI;R2.D02=SI;R2.D03=NO,MUNICIPIO30242,MUNICIPIO_SIN_CN_TRAB,Si,No,30242,,Regla 2 coherente para validaciones implementadas.
GPA-001__R2-002__R1-004__0600,GPA-001__R2-002__R1-004,02_inputs_xml_flat/GPA-001__R2-002__R1-004__0600.xml,PASS,INFO,R1.D01=NO;R1.D03=NO;R2.D01=SI;R2.D02=SI;R2.D03=NO,MUNICIPIO30243,MUNICIPIO_SIN_CN_TRAB,Si,No,30243,,Regla 2 coherente para validaciones implementadas.
GPA-001__R2-002__R1-004__0601,GPA-001__R2-002__R1-004,02_inputs_xml_flat/GPA-001__R2-002__R1-004__0601.xml,PASS,INFO,R1.D01=NO;R1.D03=NO;R2.D01=SI;R2.D02=SI;R2.D03=NO,MUNICIPIO30241,MUNICIPIO_SIN_CN_TRAB,Si,No,30241,,Regla 2 coherente para validaciones implementadas.
GPA-001__R2-002__R1-004__0602,GPA-001__R2-002__R1-004,02_inputs_xml_flat/GPA-001__R2-002__R1-004__0602.xml,PASS,INFO,R1.D01=NO;R1.D03=NO;R2.D01=SI;R2.D02=SI;R2.D03=NO,MUNICIPIO30242,MUNICIPIO_SIN_CN_TRAB,Si,No,30242,,Regla 2 coherente para validaciones implementadas.
GPA-001__R2-002__R1-004__0603,GPA-001__R2-002__R1-004,02_inputs_xml_flat/GPA-001__R2-002__R1-004__0603.xml,PASS,INFO,R1.D01=NO;R1.D03=NO;R2.D01=SI;R2.D02=SI;R2.D03=NO,MUNICIPIO30243,MUNICIPIO_SIN_CN_TRAB,Si,No,30243,,Regla 2 coherente para validaciones implementadas.
GPA-001__R2-002__R1-004__0604,GPA-001__R2-002__R1-004,02_inputs_xml_flat/GPA-001__R2-002__R1-004__0604.xml,PASS,INFO,R1.D01=NO;R1.D03=NO;R2.D01=SI;R2.D02=SI;R2.D03=NO,MUNICIPIO30241,MUNICIPIO_SIN_CN_TRAB,Si,No,30241,,Regla 2 coherente para validaciones implementadas.
GPA-001__R2-002__R1-004__0605,GPA-001__R2-002__R1-004,02_inputs_xml_flat/GPA-001__R2-002__R1-004__0605.xml,PASS,INFO,R1.D01=NO;R1.D03=NO;R2.D01=SI;R2.D02=SI;R2.D03=NO,MUNICIPIO30242,MUNICIPIO_SIN_CN_TRAB,Si,No,30242,,Regla 2 coherente para validaciones implementadas.
GPA-001__R2-002__R1-004__0606,GPA-001__R2-002__R1-004,02_inputs_xml_flat/GPA-001__R2-002__R1-004__0606.xml,PASS,INFO,R1.D01=NO;R1.D03=NO;R2.D01=SI;R2.D02=SI;R2.D03=NO,MUNICIPIO30243,MUNICIPIO_SIN_CN_TRAB,Si,No,30243,,Regla 2 coherente para validaciones implementadas.
GPA-001__R2-002__R1-004__0607,GPA-001__R2-002__R1-004,02_inputs_xml_flat/GPA-001__R2-002__R1-004__0607.xml,PASS,INFO,R1.D01=NO;R1.D03=NO;R2.D01=SI;R2.D02=SI;R2.D03=NO,MUNICIPIO30241,MUNICIPIO_SIN_CN_TRAB,Si,No,30241,,Regla 2 coherente para validaciones implementadas.
GPA-001__R2-002__R1-004__0608,GPA-001__R2-002__R1-004,02_inputs_xml_flat/GPA-001__R2-002__R1-004__0608.xml,PASS,INFO,R1.D01=NO;R1.D03=NO;R2.D01=SI;R2.D02=SI;R2.D03=NO,MUNICIPIO30242,MUNICIPIO_SIN_CN_TRAB,Si,No,30242,,Regla 2 coherente para validaciones implementadas.
GPA-001__R2-002__R1-004__0609,GPA-001__R2-002__R1-004,02_inputs_xml_flat/GPA-001__R2-002__R1-004__0609.xml,PASS,INFO,R1.D01=NO;R1.D03=NO;R2.D01=SI;R2.D02=SI;R2.D03=NO,MUNICIPIO30243,MUNICIPIO_SIN_CN_TRAB,Si,No,30243,,Regla 2 coherente para validaciones implementadas.
GPA-001__R2-002__R1-004__0610,GPA-001__R2-002__R1-004,02_inputs_xml_flat/GPA-001__R2-002__R1-004__0610.xml,PASS,INFO,R1.D01=NO;R1.D03=NO;R2.D01=SI;R2.D02=SI;R2.D03=NO,MUNICIPIO30241,MUNICIPIO_SIN_CN_TRAB,Si,No,30241,,Regla 2 coherente para validaciones implementadas.
GPA-001__R2-002__R1-004__0611,GPA-001__R2-002__R1-004,02_inputs_xml_flat/GPA-001__R2-002__R1-004__0611.xml,PASS,INFO,R1.D01=NO;R1.D03=NO;R2.D01=SI;R2.D02=SI;R2.D03=NO,MUNICIPIO30242,MUNICIPIO_SIN_CN_TRAB,Si,No,30242,,Regla 2 coherente para validaciones implementadas.
GPA-001__R2-002__R1-004__0612,GPA-001__R2-002__R1-004,02_inputs_xml_flat/GPA-001__R2-002__R1-004__0612.xml,PASS,INFO,R1.D01=NO;R1.D03=NO;R2.D01=SI;R2.D02=SI;R2.D03=NO,MUNICIPIO30243,MUNICIPIO_SIN_CN_TRAB,Si,No,30243,,Regla 2 coherente para validaciones implementadas.
GPA-001__R2-002__R1-004__0613,GPA-001__R2-002__R1-004,02_inputs_xml_flat/GPA-001__R2-002__R1-004__0613.xml,PASS,INFO,R1.D01=NO;R1.D03=NO;R2.D01=SI;R2.D02=SI;R2.D03=NO,MUNICIPIO30241,MUNICIPIO_SIN_CN_TRAB,Si,No,30241,,Regla 2 coherente para validaciones implementadas.
GPA-001__R2-002__R1-004__0614,GPA-001__R2-002__R1-004,02_inputs_xml_flat/GPA-001__R2-002__R1-004__0614.xml,PASS,INFO,R1.D01=NO;R1.D03=NO;R2.D01=SI;R2.D02=SI;R2.D03=NO,MUNICIPIO30242,MUNICIPIO_SIN_CN_TRAB,Si,No,30242,,Regla 2 coherente para validaciones implementadas.
GPA-001__R2-002__R1-004__0615,GPA-001__R2-002__R1-004,02_inputs_xml_flat/GPA-001__R2-002__R1-004__0615.xml,PASS,INFO,R1.D01=NO;R1.D03=NO;R2.D01=SI;R2.D02=SI;R2.D03=NO,MUNICIPIO30243,MUNICIPIO_SIN_CN_TRAB,Si,No,30243,,Regla 2 coherente para validaciones implementadas.
GPA-001__R2-002__R1-004__0616,GPA-001__R2-002__R1-004,02_inputs_xml_flat/GPA-001__R2-002__R1-004__0616.xml,PASS,INFO,R1.D01=NO;R1.D03=NO;R2.D01=SI;R2.D02=SI;R2.D03=NO,MUNICIPIO30241,MUNICIPIO_SIN_CN_TRAB,Si,No,30241,,Regla 2 coherente para validaciones implementadas.
GPA-001__R2-002__R1-004__0617,GPA-001__R2-002__R1-004,02_inputs_xml_flat/GPA-001__R2-002__R1-004__0617.xml,PASS,INFO,R1.D01=NO;R1.D03=NO;R2.D01=SI;R2.D02=SI;R2.D03=NO,MUNICIPIO30242,MUNICIPIO_SIN_CN_TRAB,Si,No,30242,,Regla 2 coherente para validaciones implementadas.
GPA-001__R2-002__R1-004__0618,GPA-001__R2-002__R1-004,02_inputs_xml_flat/GPA-001__R2-002__R1-004__0618.xml,PASS,INFO,R1.D01=NO;R1.D03=NO;R2.D01=SI;R2.D02=SI;R2.D03=NO,MUNICIPIO30243,MUNICIPIO_SIN_CN_TRAB,Si,No,30243,,Regla 2 coherente para validaciones implementadas.
GPA-001__R2-002__R1-004__0619,GPA-001__R2-002__R1-004,02_inputs_xml_flat/GPA-001__R2-002__R1-004__0619.xml,PASS,INFO,R1.D01=NO;R1.D03=NO;R2.D01=SI;R2.D02=SI;R2.D03=NO,MUNICIPIO30241,MUNICIPIO_SIN_CN_TRAB,Si,No,30241,,Regla 2 coherente para validaciones implementadas.
GPA-001__R2-002__R1-004__0620,GPA-001__R2-002__R1-004,02_inputs_xml_flat/GPA-001__R2-002__R1-004__0620.xml,PASS,INFO,R1.D01=NO;R1.D03=NO;R2.D01=SI;R2.D02=SI;R2.D03=NO,MUNICIPIO30242,MUNICIPIO_SIN_CN_TRAB,Si,No,30242,,Regla 2 coherente para validaciones implementadas.
GPA-001__R2-002__R1-004__0621,GPA-001__R2-002__R1-004,02_inputs_xml_flat/GPA-001__R2-002__R1-004__0621.xml,PASS,INFO,R1.D01=NO;R1.D03=NO;R2.D01=SI;R2.D02=SI;R2.D03=NO,MUNICIPIO30243,MUNICIPIO_SIN_CN_TRAB,Si,No,30243,,Regla 2 coherente para validaciones implementadas.
GPA-001__R2-002__R1-004__0622,GPA-001__R2-002__R1-004,02_inputs_xml_flat/GPA-001__R2-002__R1-004__0622.xml,PASS,INFO,R1.D01=NO;R1.D03=NO;R2.D01=SI;R2.D02=SI;R2.D03=NO,MUNICIPIO30241,MUNICIPIO_SIN_CN_TRAB,Si,No,30241,,Regla 2 coherente para validaciones implementadas.
GPA-001__R2-002__R1-004__0623,GPA-001__R2-002__R1-004,02_inputs_xml_flat/GPA-001__R2-002__R1-004__0623.xml,PASS,INFO,R1.D01=NO;R1.D03=NO;R2.D01=SI;R2.D02=SI;R2.D03=NO,MUNICIPIO30242,MUNICIPIO_SIN_CN_TRAB,Si,No,30242,,Regla 2 coherente para validaciones implementadas.
GPA-001__R2-002__R1-004__0624,GPA-001__R2-002__R1-004,02_inputs_xml_flat/GPA-001__R2-002__R1-004__0624.xml,PASS,INFO,R1.D01=NO;R1.D03=NO;R2.D01=SI;R2.D02=SI;R2.D03=NO,MUNICIPIO30243,MUNICIPIO_SIN_CN_TRAB,Si,No,30243,,Regla 2 coherente para validaciones implementadas.
GPA-001__R2-002__R1-004__0625,GPA-001__R2-002__R1-004,02_inputs_xml_flat/GPA-001__R2-002__R1-004__0625.xml,PASS,INFO,R1.D01=NO;R1.D03=NO;R2.D01=SI;R2.D02=SI;R2.D03=NO,MUNICIPIO30241,MUNICIPIO_SIN_CN_TRAB,Si,No,30241,,Regla 2 coherente para validaciones implementadas.
GPA-001__R2-002__R1-004__0626,GPA-001__R2-002__R1-004,02_inputs_xml_flat/GPA-001__R2-002__R1-004__0626.xml,PASS,INFO,R1.D01=NO;R1.D03=NO;R2.D01=SI;R2.D02=SI;R2.D03=NO,MUNICIPIO30242,MUNICIPIO_SIN_CN_TRAB,Si,No,30242,,Regla 2 coherente para validaciones implementadas.
GPA-001__R2-002__R1-004__0627,GPA-001__R2-002__R1-004,02_inputs_xml_flat/GPA-001__R2-002__R1-004__0627.xml,PASS,INFO,R1.D01=NO;R1.D03=NO;R2.D01=SI;R2.D02=SI;R2.D03=NO,MUNICIPIO30243,MUNICIPIO_SIN_CN_TRAB,Si,No,30243,,Regla 2 coherente para validaciones implementadas.
GPA-001__R2-002__R1-004__0628,GPA-001__R2-002__R1-004,02_inputs_xml_flat/GPA-001__R2-002__R1-004__0628.xml,PASS,INFO,R1.D01=NO;R1.D03=NO;R2.D01=SI;R2.D02=SI;R2.D03=NO,MUNICIPIO30241,MUNICIPIO_SIN_CN_TRAB,Si,No,30241,,Regla 2 coherente para validaciones implementadas.
GPA-001__R2-002__R1-004__0629,GPA-001__R2-002__R1-004,02_inputs_xml_flat/GPA-001__R2-002__R1-004__0629.xml,PASS,INFO,R1.D01=NO;R1.D03=NO;R2.D01=SI;R2.D02=SI;R2.D03=NO,MUNICIPIO30242,MUNICIPIO_SIN_CN_TRAB,Si,No,30242,,Regla 2 coherente para validaciones implementadas.
GPA-001__R2-002__R1-004__0630,GPA-001__R2-002__R1-004,02_inputs_xml_flat/GPA-001__R2-002__R1-004__0630.xml,PASS,INFO,R1.D01=NO;R1.D03=NO;R2.D01=SI;R2.D02=SI;R2.D03=NO,MUNICIPIO30243,MUNICIPIO_SIN_CN_TRAB,Si,No,30243,,Regla 2 coherente para validaciones implementadas.
GPA-001__R2-002__R1-004__0631,GPA-001__R2-002__R1-004,02_inputs_xml_flat/GPA-001__R2-002__R1-004__0631.xml,PASS,INFO,R1.D01=NO;R1.D03=NO;R2.D01=SI;R2.D02=SI;R2.D03=NO,MUNICIPIO30241,MUNICIPIO_SIN_CN_TRAB,Si,No,30241,,Regla 2 coherente para validaciones implementadas.
GPA-001__R2-002__R1-004__0632,GPA-001__R2-002__R1-004,02_inputs_xml_flat/GPA-001__R2-002__R1-004__0632.xml,PASS,INFO,R1.D01=NO;R1.D03=NO;R2.D01=SI;R2.D02=SI;R2.D03=NO,MUNICIPIO30242,MUNICIPIO_SIN_CN_TRAB,Si,No,30242,,Regla 2 coherente para validaciones implementadas.
GPA-001__R2-002__R1-004__0633,GPA-001__R2-002__R1-004,02_inputs_xml_flat/GPA-001__R2-002__R1-004__0633.xml,PASS,INFO,R1.D01=NO;R1.D03=NO;R2.D01=SI;R2.D02=SI;R2.D03=NO,MUNICIPIO30243,MUNICIPIO_SIN_CN_TRAB,Si,No,30243,,Regla 2 coherente para validaciones implementadas.
GPA-001__R2-002__R1-004__0634,GPA-001__R2-002__R1-004,02_inputs_xml_flat/GPA-001__R2-002__R1-004__0634.xml,PASS,INFO,R1.D01=NO;R1.D03=NO;R2.D01=SI;R2.D02=SI;R2.D03=NO,MUNICIPIO30241,MUNICIPIO_SIN_CN_TRAB,Si,No,30241,,Regla 2 coherente para validaciones implementadas.
GPA-001__R2-002__R1-004__0635,GPA-001__R2-002__R1-004,02_inputs_xml_flat/GPA-001__R2-002__R1-004__0635.xml,PASS,INFO,R1.D01=NO;R1.D03=NO;R2.D01=SI;R2.D02=SI;R2.D03=NO,MUNICIPIO30242,MUNICIPIO_SIN_CN_TRAB,Si,No,30242,,Regla 2 coherente para validaciones implementadas.
GPA-001__R2-002__R1-004__0636,GPA-001__R2-002__R1-004,02_inputs_xml_flat/GPA-001__R2-002__R1-004__0636.xml,PASS,INFO,R1.D01=NO;R1.D03=NO;R2.D01=SI;R2.D02=SI;R2.D03=NO,MUNICIPIO30243,MUNICIPIO_SIN_CN_TRAB,Si,No,30243,,Regla 2 coherente para validaciones implementadas.
GPA-001__R2-002__R1-004__0637,GPA-001__R2-002__R1-004,02_inputs_xml_flat/GPA-001__R2-002__R1-004__0637.xml,PASS,INFO,R1.D01=NO;R1.D03=NO;R2.D01=SI;R2.D02=SI;R2.D03=NO,MUNICIPIO30241,MUNICIPIO_SIN_CN_TRAB,Si,No,30241,,Regla 2 coherente para validaciones implementadas.
GPA-001__R2-002__R1-004__0638,GPA-001__R2-002__R1-004,02_inputs_xml_flat/GPA-001__R2-002__R1-004__0638.xml,PASS,INFO,R1.D01=NO;R1.D03=NO;R2.D01=SI;R2.D02=SI;R2.D03=NO,MUNICIPIO30242,MUNICIPIO_SIN_CN_TRAB,Si,No,30242,,Regla 2 coherente para validaciones implementadas.
GPA-001__R2-002__R1-004__0639,GPA-001__R2-002__R1-004,02_inputs_xml_flat/GPA-001__R2-002__R1-004__0639.xml,PASS,INFO,R1.D01=NO;R1.D03=NO;R2.D01=SI;R2.D02=SI;R2.D03=NO,MUNICIPIO30243,MUNICIPIO_SIN_CN_TRAB,Si,No,30243,,Regla 2 coherente para validaciones implementadas.
GPA-001__R2-002__R1-004__0640,GPA-001__R2-002__R1-004,02_inputs_xml_flat/GPA-001__R2-002__R1-004__0640.xml,PASS,INFO,R1.D01=NO;R1.D03=NO;R2.D01=SI;R2.D02=SI;R2.D03=NO,MUNICIPIO30241,MUNICIPIO_SIN_CN_TRAB,Si,No,30241,,Regla 2 coherente para validaciones implementadas.
GPA-001__R2-002__R1-004__0641,GPA-001__R2-002__R1-004,02_inputs_xml_flat/GPA-001__R2-002__R1-004__0641.xml,PASS,INFO,R1.D01=NO;R1.D03=NO;R2.D01=SI;R2.D02=SI;R2.D03=NO,MUNICIPIO30242,MUNICIPIO_SIN_CN_TRAB,Si,No,30242,,Regla 2 coherente para validaciones implementadas.
GPA-001__R2-002__R1-004__0642,GPA-001__R2-002__R1-004,02_inputs_xml_flat/GPA-001__R2-002__R1-004__0642.xml,PASS,INFO,R1.D01=NO;R1.D03=NO;R2.D01=SI;R2.D02=SI;R2.D03=NO,MUNICIPIO30243,MUNICIPIO_SIN_CN_TRAB,Si,No,30243,,Regla 2 coherente para validaciones implementadas.
GPA-001__R2-002__R1-004__0643,GPA-001__R2-002__R1-004,02_inputs_xml_flat/GPA-001__R2-002__R1-004__0643.xml,PASS,INFO,R1.D01=NO;R1.D03=NO;R2.D01=SI;R2.D02=SI;R2.D03=NO,MUNICIPIO30241,MUNICIPIO_SIN_CN_TRAB,Si,No,30241,,Regla 2 coherente para validaciones implementadas.
GPA-001__R2-002__R1-004__0644,GPA-001__R2-002__R1-004,02_inputs_xml_flat/GPA-001__R2-002__R1-004__0644.xml,PASS,INFO,R1.D01=NO;R1.D03=NO;R2.D01=SI;R2.D02=SI;R2.D03=NO,MUNICIPIO30242,MUNICIPIO_SIN_CN_TRAB,Si,No,30242,,Regla 2 coherente para validaciones implementadas.
GPA-001__R2-002__R1-004__0645,GPA-001__R2-002__R1-004,02_inputs_xml_flat/GPA-001__R2-002__R1-004__0645.xml,PASS,INFO,R1.D01=NO;R1.D03=NO;R2.D01=SI;R2.D02=SI;R2.D03=NO,MUNICIPIO30243,MUNICIPIO_SIN_CN_TRAB,Si,No,30243,,Regla 2 coherente para validaciones implementadas.
GPA-001__R2-002__R1-004__0646,GPA-001__R2-002__R1-004,02_inputs_xml_flat/GPA-001__R2-002__R1-004__0646.xml,PASS,INFO,R1.D01=NO;R1.D03=NO;R2.D01=SI;R2.D02=SI;R2.D03=NO,MUNICIPIO30241,MUNICIPIO_SIN_CN_TRAB,Si,No,30241,,Regla 2 coherente para validaciones implementadas.
GPA-001__R2-002__R1-004__0647,GPA-001__R2-002__R1-004,02_inputs_xml_flat/GPA-001__R2-002__R1-004__0647.xml,PASS,INFO,R1.D01=NO;R1.D03=NO;R2.D01=SI;R2.D02=SI;R2.D03=NO,MUNICIPIO30242,MUNICIPIO_SIN_CN_TRAB,Si,No,30242,,Regla 2 coherente para validaciones implementadas.
GPA-001__R2-002__R1-004__0648,GPA-001__R2-002__R1-004,02_inputs_xml_flat/GPA-001__R2-002__R1-004__0648.xml,PASS,INFO,R1.D01=NO;R1.D03=NO;R2.D01=SI;R2.D02=SI;R2.D03=NO,MUNICIPIO30243,MUNICIPIO_SIN_CN_TRAB,Si,No,30243,,Regla 2 coherente para validaciones implementadas.
GPA-001__R2-002__R1-004__0649,GPA-001__R2-002__R1-004,02_inputs_xml_flat/GPA-001__R2-002__R1-004__0649.xml,PASS,INFO,R1.D01=NO;R1.D03=NO;R2.D01=SI;R2.D02=SI;R2.D03=NO,MUNICIPIO30241,MUNICIPIO_SIN_CN_TRAB,Si,No,30241,,Regla 2 coherente para validaciones implementadas.
GPA-001__R2-002__R1-004__0650,GPA-001__R2-002__R1-004,02_inputs_xml_flat/GPA-001__R2-002__R1-004__0650.xml,PASS,INFO,R1.D01=NO;R1.D03=NO;R2.D01=SI;R2.D02=SI;R2.D03=NO,MUNICIPIO30242,MUNICIPIO_SIN_CN_TRAB,Si,No,30242,,Regla 2 coherente para validaciones implementadas.
GPA-001__R2-002__R1-004__0651,GPA-001__R2-002__R1-004,02_inputs_xml_flat/GPA-001__R2-002__R1-004__0651.xml,PASS,INFO,R1.D01=NO;R1.D03=NO;R2.D01=SI;R2.D02=SI;R2.D03=NO,MUNICIPIO30243,MUNICIPIO_SIN_CN_TRAB,Si,No,30243,,Regla 2 coherente para validaciones implementadas.
GPA-001__R2-002__R1-004__0652,GPA-001__R2-002__R1-004,02_inputs_xml_flat/GPA-001__R2-002__R1-004__0652.xml,PASS,INFO,R1.D01=NO;R1.D03=NO;R2.D01=SI;R2.D02=SI;R2.D03=NO,MUNICIPIO30241,MUNICIPIO_SIN_CN_TRAB,Si,No,30241,,Regla 2 coherente para validaciones implementadas.
GPA-001__R2-002__R1-004__0653,GPA-001__R2-002__R1-004,02_inputs_xml_flat/GPA-001__R2-002__R1-004__0653.xml,PASS,INFO,R1.D01=NO;R1.D03=NO;R2.D01=SI;R2.D02=SI;R2.D03=NO,MUNICIPIO30242,MUNICIPIO_SIN_CN_TRAB,Si,No,30242,,Regla 2 coherente para validaciones implementadas.
GPA-001__R2-002__R1-004__0654,GPA-001__R2-002__R1-004,02_inputs_xml_flat/GPA-001__R2-002__R1-004__0654.xml,PASS,INFO,R1.D01=NO;R1.D03=NO;R2.D01=SI;R2.D02=SI;R2.D03=NO,MUNICIPIO30243,MUNICIPIO_SIN_CN_TRAB,Si,No,30243,,Regla 2 coherente para validaciones implementadas.
GPA-001__R2-002__R1-004__0655,GPA-001__R2-002__R1-004,02_inputs_xml_flat/GPA-001__R2-002__R1-004__0655.xml,PASS,INFO,R1.D01=NO;R1.D03=NO;R2.D01=SI;R2.D02=SI;R2.D03=NO,MUNICIPIO30241,MUNICIPIO_SIN_CN_TRAB,Si,No,30241,,Regla 2 coherente para validaciones implementadas.
GPA-001__R2-002__R1-004__0656,GPA-001__R2-002__R1-004,02_inputs_xml_flat/GPA-001__R2-002__R1-004__0656.xml,PASS,INFO,R1.D01=NO;R1.D03=NO;R2.D01=SI;R2.D02=SI;R2.D03=NO,MUNICIPIO30242,MUNICIPIO_SIN_CN_TRAB,Si,No,30242,,Regla 2 coherente para validaciones implementadas.
GPA-001__R2-002__R1-004__0657,GPA-001__R2-002__R1-004,02_inputs_xml_flat/GPA-001__R2-002__R1-004__0657.xml,PASS,INFO,R1.D01=NO;R1.D03=NO;R2.D01=SI;R2.D02=SI;R2.D03=NO,MUNICIPIO30243,MUNICIPIO_SIN_CN_TRAB,Si,No,30243,,Regla 2 coherente para validaciones implementadas.
GPA-001__R2-002__R1-004__0658,GPA-001__R2-002__R1-004,02_inputs_xml_flat/GPA-001__R2-002__R1-004__0658.xml,PASS,INFO,R1.D01=NO;R1.D03=NO;R2.D01=SI;R2.D02=SI;R2.D03=NO,MUNICIPIO30241,MUNICIPIO_SIN_CN_TRAB,Si,No,30241,,Regla 2 coherente para validaciones implementadas.
GPA-001__R2-002__R1-004__0659,GPA-001__R2-002__R1-004,02_inputs_xml_flat/GPA-001__R2-002__R1-004__0659.xml,PASS,INFO,R1.D01=NO;R1.D03=NO;R2.D01=SI;R2.D02=SI;R2.D03=NO,MUNICIPIO30242,MUNICIPIO_SIN_CN_TRAB,Si,No,30242,,Regla 2 coherente para validaciones implementadas.
GPA-001__R2-002__R1-004__0660,GPA-001__R2-002__R1-004,02_inputs_xml_flat/GPA-001__R2-002__R1-004__0660.xml,PASS,INFO,R1.D01=NO;R1.D03=NO;R2.D01=SI;R2.D02=SI;R2.D03=NO,MUNICIPIO30243,MUNICIPIO_SIN_CN_TRAB,Si,No,30243,,Regla 2 coherente para validaciones implementadas.
GPA-001__R2-002__R1-004__0661,GPA-001__R2-002__R1-004,02_inputs_xml_flat/GPA-001__R2-002__R1-004__0661.xml,PASS,INFO,R1.D01=NO;R1.D03=NO;R2.D01=SI;R2.D02=SI;R2.D03=NO,MUNICIPIO30241,MUNICIPIO_SIN_CN_TRAB,Si,No,30241,,Regla 2 coherente para validaciones implementadas.
GPA-001__R2-002__R1-004__0662,GPA-001__R2-002__R1-004,02_inputs_xml_flat/GPA-001__R2-002__R1-004__0662.xml,PASS,INFO,R1.D01=NO;R1.D03=NO;R2.D01=SI;R2.D02=SI;R2.D03=NO,MUNICIPIO30242,MUNICIPIO_SIN_CN_TRAB,Si,No,30242,,Regla 2 coherente para validaciones implementadas.
GPA-001__R2-002__R1-004__0663,GPA-001__R2-002__R1-004,02_inputs_xml_flat/GPA-001__R2-002__R1-004__0663.xml,PASS,INFO,R1.D01=NO;R1.D03=NO;R2.D01=SI;R2.D02=SI;R2.D03=NO,MUNICIPIO30243,MUNICIPIO_SIN_CN_TRAB,Si,No,30243,,Regla 2 coherente para validaciones implementadas.
GPA-001__R2-002__R1-004__0664,GPA-001__R2-002__R1-004,02_inputs_xml_flat/GPA-001__R2-002__R1-004__0664.xml,PASS,INFO,R1.D01=NO;R1.D03=NO;R2.D01=SI;R2.D02=SI;R2.D03=NO,MUNICIPIO30241,MUNICIPIO_SIN_CN_TRAB,Si,No,30241,,Regla 2 coherente para validaciones implementadas.
GPA-001__R2-002__R1-004__0665,GPA-001__R2-002__R1-004,02_inputs_xml_flat/GPA-001__R2-002__R1-004__0665.xml,PASS,INFO,R1.D01=NO;R1.D03=NO;R2.D01=SI;R2.D02=SI;R2.D03=NO,MUNICIPIO30242,MUNICIPIO_SIN_CN_TRAB,Si,No,30242,,Regla 2 coherente para validaciones implementadas.
GPA-001__R2-002__R1-004__0666,GPA-001__R2-002__R1-004,02_inputs_xml_flat/GPA-001__R2-002__R1-004__0666.xml,PASS,INFO,R1.D01=NO;R1.D03=NO;R2.D01=SI;R2.D02=SI;R2.D03=NO,MUNICIPIO30243,MUNICIPIO_SIN_CN_TRAB,Si,No,30243,,Regla 2 coherente para validaciones implementadas.
GPA-001__R2-002__R1-004__0667,GPA-001__R2-002__R1-004,02_inputs_xml_flat/GPA-001__R2-002__R1-004__0667.xml,PASS,INFO,R1.D01=NO;R1.D03=NO;R2.D01=SI;R2.D02=SI;R2.D03=NO,MUNICIPIO30241,MUNICIPIO_SIN_CN_TRAB,Si,No,30241,,Regla 2 coherente para validaciones implementadas.
GPA-001__R2-002__R1-004__0668,GPA-001__R2-002__R1-004,02_inputs_xml_flat/GPA-001__R2-002__R1-004__0668.xml,PASS,INFO,R1.D01=NO;R1.D03=NO;R2.D01=SI;R2.D02=SI;R2.D03=NO,MUNICIPIO30242,MUNICIPIO_SIN_CN_TRAB,Si,No,30242,,Regla 2 coherente para validaciones implementadas.
GPA-001__R2-002__R1-004__0669,GPA-001__R2-002__R1-004,02_inputs_xml_flat/GPA-001__R2-002__R1-004__0669.xml,PASS,INFO,R1.D01=NO;R1.D03=NO;R2.D01=SI;R2.D02=SI;R2.D03=NO,MUNICIPIO30243,MUNICIPIO_SIN_CN_TRAB,Si,No,30243,,Regla 2 coherente para validaciones implementadas.
GPA-001__R2-002__R1-004__0670,GPA-001__R2-002__R1-004,02_inputs_xml_flat/GPA-001__R2-002__R1-004__0670.xml,PASS,INFO,R1.D01=NO;R1.D03=NO;R2.D01=SI;R2.D02=SI;R2.D03=NO,MUNICIPIO30241,MUNICIPIO_SIN_CN_TRAB,Si,No,30241,,Regla 2 coherente para validaciones implementadas.
GPA-001__R2-002__R1-004__0671,GPA-001__R2-002__R1-004,02_inputs_xml_flat/GPA-001__R2-002__R1-004__0671.xml,PASS,INFO,R1.D01=NO;R1.D03=NO;R2.D01=SI;R2.D02=SI;R2.D03=NO,MUNICIPIO30242,MUNICIPIO_SIN_CN_TRAB,Si,No,30242,,Regla 2 coherente para validaciones implementadas.
GPA-001__R2-002__R1-004__0672,GPA-001__R2-002__R1-004,02_inputs_xml_flat/GPA-001__R2-002__R1-004__0672.xml,PASS,INFO,R1.D01=NO;R1.D03=NO;R2.D01=SI;R2.D02=SI;R2.D03=NO,MUNICIPIO30243,MUNICIPIO_SIN_CN_TRAB,Si,No,30243,,Regla 2 coherente para validaciones implementadas.
GPA-001__R2-002__R1-004__0673,GPA-001__R2-002__R1-004,02_inputs_xml_flat/GPA-001__R2-002__R1-004__0673.xml,PASS,INFO,R1.D01=NO;R1.D03=NO;R2.D01=SI;R2.D02=SI;R2.D03=NO,MUNICIPIO30241,MUNICIPIO_SIN_CN_TRAB,Si,No,30241,,Regla 2 coherente para validaciones implementadas.
GPA-001__R2-002__R1-004__0674,GPA-001__R2-002__R1-004,02_inputs_xml_flat/GPA-001__R2-002__R1-004__0674.xml,PASS,INFO,R1.D01=NO;R1.D03=NO;R2.D01=SI;R2.D02=SI;R2.D03=NO,MUNICIPIO30242,MUNICIPIO_SIN_CN_TRAB,Si,No,30242,,Regla 2 coherente para validaciones implementadas.
GPA-001__R2-002__R1-004__0675,GPA-001__R2-002__R1-004,02_inputs_xml_flat/GPA-001__R2-002__R1-004__0675.xml,PASS,INFO,R1.D01=NO;R1.D03=NO;R2.D01=SI;R2.D02=SI;R2.D03=NO,MUNICIPIO30243,MUNICIPIO_SIN_CN_TRAB,Si,No,30243,,Regla 2 coherente para validaciones implementadas.
GPA-001__R2-002__R1-004__0676,GPA-001__R2-002__R1-004,02_inputs_xml_flat/GPA-001__R2-002__R1-004__0676.xml,PASS,INFO,R1.D01=NO;R1.D03=NO;R2.D01=SI;R2.D02=SI;R2.D03=NO,MUNICIPIO30241,MUNICIPIO_SIN_CN_TRAB,Si,No,30241,,Regla 2 coherente para validaciones implementadas.
GPA-001__R2-002__R1-004__0677,GPA-001__R2-002__R1-004,02_inputs_xml_flat/GPA-001__R2-002__R1-004__0677.xml,PASS,INFO,R1.D01=NO;R1.D03=NO;R2.D01=SI;R2.D02=SI;R2.D03=NO,MUNICIPIO30242,MUNICIPIO_SIN_CN_TRAB,Si,No,30242,,Regla 2 coherente para validaciones implementadas.
GPA-001__R2-002__R1-004__0678,GPA-001__R2-002__R1-004,02_inputs_xml_flat/GPA-001__R2-002__R1-004__0678.xml,PASS,INFO,R1.D01=NO;R1.D03=NO;R2.D01=SI;R2.D02=SI;R2.D03=NO,MUNICIPIO30243,MUNICIPIO_SIN_CN_TRAB,Si,No,30243,,Regla 2 coherente para validaciones implementadas.
GPA-001__R2-002__R1-004__0679,GPA-001__R2-002__R1-004,02_inputs_xml_flat/GPA-001__R2-002__R1-004__0679.xml,PASS,INFO,R1.D01=NO;R1.D03=NO;R2.D01=SI;R2.D02=SI;R2.D03=NO,MUNICIPIO30241,MUNICIPIO_SIN_CN_TRAB,Si,No,30241,,Regla 2 coherente para validaciones implementadas.
GPA-001__R2-002__R1-004__0680,GPA-001__R2-002__R1-004,02_inputs_xml_flat/GPA-001__R2-002__R1-004__0680.xml,PASS,INFO,R1.D01=NO;R1.D03=NO;R2.D01=SI;R2.D02=SI;R2.D03=NO,MUNICIPIO30242,MUNICIPIO_SIN_CN_TRAB,Si,No,30242,,Regla 2 coherente para validaciones implementadas.
GPA-001__R2-002__R1-004__0681,GPA-001__R2-002__R1-004,02_inputs_xml_flat/GPA-001__R2-002__R1-004__0681.xml,PASS,INFO,R1.D01=NO;R1.D03=NO;R2.D01=SI;R2.D02=SI;R2.D03=NO,MUNICIPIO30243,MUNICIPIO_SIN_CN_TRAB,Si,No,30243,,Regla 2 coherente para validaciones implementadas.
GPA-001__R2-002__R1-004__0682,GPA-001__R2-002__R1-004,02_inputs_xml_flat/GPA-001__R2-002__R1-004__0682.xml,PASS,INFO,R1.D01=NO;R1.D03=NO;R2.D01=SI;R2.D02=SI;R2.D03=NO,MUNICIPIO30241,MUNICIPIO_SIN_CN_TRAB,Si,No,30241,,Regla 2 coherente para validaciones implementadas.
GPA-001__R2-002__R1-004__0683,GPA-001__R2-002__R1-004,02_inputs_xml_flat/GPA-001__R2-002__R1-004__0683.xml,PASS,INFO,R1.D01=NO;R1.D03=NO;R2.D01=SI;R2.D02=SI;R2.D03=NO,MUNICIPIO30242,MUNICIPIO_SIN_CN_TRAB,Si,No,30242,,Regla 2 coherente para validaciones implementadas.
GPA-001__R2-002__R1-004__0684,GPA-001__R2-002__R1-004,02_inputs_xml_flat/GPA-001__R2-002__R1-004__0684.xml,PASS,INFO,R1.D01=NO;R1.D03=NO;R2.D01=SI;R2.D02=SI;R2.D03=NO,MUNICIPIO30243,MUNICIPIO_SIN_CN_TRAB,Si,No,30243,,Regla 2 coherente para validaciones implementadas.
GPA-001__R2-002__R1-004__0685,GPA-001__R2-002__R1-004,02_inputs_xml_flat/GPA-001__R2-002__R1-004__0685.xml,PASS,INFO,R1.D01=NO;R1.D03=NO;R2.D01=SI;R2.D02=SI;R2.D03=NO,MUNICIPIO30241,MUNICIPIO_SIN_CN_TRAB,Si,No,30241,,Regla 2 coherente para validaciones implementadas.
GPA-001__R2-002__R1-004__0686,GPA-001__R2-002__R1-004,02_inputs_xml_flat/GPA-001__R2-002__R1-004__0686.xml,PASS,INFO,R1.D01=NO;R1.D03=NO;R2.D01=SI;R2.D02=SI;R2.D03=NO,MUNICIPIO30242,MUNICIPIO_SIN_CN_TRAB,Si,No,30242,,Regla 2 coherente para validaciones implementadas.
GPA-001__R2-002__R1-004__0687,GPA-001__R2-002__R1-004,02_inputs_xml_flat/GPA-001__R2-002__R1-004__0687.xml,PASS,INFO,R1.D01=NO;R1.D03=NO;R2.D01=SI;R2.D02=SI;R2.D03=NO,MUNICIPIO30243,MUNICIPIO_SIN_CN_TRAB,Si,No,30243,,Regla 2 coherente para validaciones implementadas.
GPA-001__R2-002__R1-004__0688,GPA-001__R2-002__R1-004,02_inputs_xml_flat/GPA-001__R2-002__R1-004__0688.xml,PASS,INFO,R1.D01=NO;R1.D03=NO;R2.D01=SI;R2.D02=SI;R2.D03=NO,MUNICIPIO30241,MUNICIPIO_SIN_CN_TRAB,Si,No,30241,,Regla 2 coherente para validaciones implementadas.
GPA-001__R2-002__R1-004__0689,GPA-001__R2-002__R1-004,02_inputs_xml_flat/GPA-001__R2-002__R1-004__0689.xml,PASS,INFO,R1.D01=NO;R1.D03=NO;R2.D01=SI;R2.D02=SI;R2.D03=NO,MUNICIPIO30242,MUNICIPIO_SIN_CN_TRAB,Si,No,30242,,Regla 2 coherente para validaciones implementadas.
GPA-001__R2-002__R1-004__0690,GPA-001__R2-002__R1-004,02_inputs_xml_flat/GPA-001__R2-002__R1-004__0690.xml,PASS,INFO,R1.D01=NO;R1.D03=NO;R2.D01=SI;R2.D02=SI;R2.D03=NO,MUNICIPIO30243,MUNICIPIO_SIN_CN_TRAB,Si,No,30243,,Regla 2 coherente para validaciones implementadas.
GPA-001__R2-002__R1-004__0691,GPA-001__R2-002__R1-004,02_inputs_xml_flat/GPA-001__R2-002__R1-004__0691.xml,PASS,INFO,R1.D01=NO;R1.D03=NO;R2.D01=SI;R2.D02=SI;R2.D03=NO,MUNICIPIO30241,MUNICIPIO_SIN_CN_TRAB,Si,No,30241,,Regla 2 coherente para validaciones implementadas.
GPA-001__R2-002__R1-004__0692,GPA-001__R2-002__R1-004,02_inputs_xml_flat/GPA-001__R2-002__R1-004__0692.xml,PASS,INFO,R1.D01=NO;R1.D03=NO;R2.D01=SI;R2.D02=SI;R2.D03=NO,MUNICIPIO30242,MUNICIPIO_SIN_CN_TRAB,Si,No,30242,,Regla 2 coherente para validaciones implementadas.
GPA-001__R2-002__R1-004__0693,GPA-001__R2-002__R1-004,02_inputs_xml_flat/GPA-001__R2-002__R1-004__0693.xml,PASS,INFO,R1.D01=NO;R1.D03=NO;R2.D01=SI;R2.D02=SI;R2.D03=NO,MUNICIPIO30243,MUNICIPIO_SIN_CN_TRAB,Si,No,30243,,Regla 2 coherente para validaciones implementadas.
GPA-001__R2-002__R1-004__0694,GPA-001__R2-002__R1-004,02_inputs_xml_flat/GPA-001__R2-002__R1-004__0694.xml,PASS,INFO,R1.D01=NO;R1.D03=NO;R2.D01=SI;R2.D02=SI;R2.D03=NO,MUNICIPIO30241,MUNICIPIO_SIN_CN_TRAB,Si,No,30241,,Regla 2 coherente para validaciones implementadas.
GPA-001__R2-002__R1-004__0695,GPA-001__R2-002__R1-004,02_inputs_xml_flat/GPA-001__R2-002__R1-004__0695.xml,PASS,INFO,R1.D01=NO;R1.D03=NO;R2.D01=SI;R2.D02=SI;R2.D03=NO,MUNICIPIO30242,MUNICIPIO_SIN_CN_TRAB,Si,No,30242,,Regla 2 coherente para validaciones implementadas.
GPA-001__R2-002__R1-004__0696,GPA-001__R2-002__R1-004,02_inputs_xml_flat/GPA-001__R2-002__R1-004__0696.xml,PASS,INFO,R1.D01=NO;R1.D03=NO;R2.D01=SI;R2.D02=SI;R2.D03=NO,MUNICIPIO30243,MUNICIPIO_SIN_CN_TRAB,Si,No,30243,,Regla 2 coherente para validaciones implementadas.
GPA-001__R2-002__R1-004__0697,GPA-001__R2-002__R1-004,02_inputs_xml_flat/GPA-001__R2-002__R1-004__0697.xml,PASS,INFO,R1.D01=NO;R1.D03=NO;R2.D01=SI;R2.D02=SI;R2.D03=NO,MUNICIPIO30241,MUNICIPIO_SIN_CN_TRAB,Si,No,30241,,Regla 2 coherente para validaciones implementadas.
GPA-001__R2-002__R1-004__0698,GPA-001__R2-002__R1-004,02_inputs_xml_flat/GPA-001__R2-002__R1-004__0698.xml,PASS,INFO,R1.D01=NO;R1.D03=NO;R2.D01=SI;R2.D02=SI;R2.D03=NO,MUNICIPIO30242,MUNICIPIO_SIN_CN_TRAB,Si,No,30242,,Regla 2 coherente para validaciones implementadas.
GPA-001__R2-002__R1-004__0699,GPA-001__R2-002__R1-004,02_inputs_xml_flat/GPA-001__R2-002__R1-004__0699.xml,PASS,INFO,R1.D01=NO;R1.D03=NO;R2.D01=SI;R2.D02=SI;R2.D03=NO,MUNICIPIO30243,MUNICIPIO_SIN_CN_TRAB,Si,No,30243,,Regla 2 coherente para validaciones implementadas.
GPA-001__R2-002__R1-004__0700,GPA-001__R2-002__R1-004,02_inputs_xml_flat/GPA-001__R2-002__R1-004__0700.xml,PASS,INFO,R1.D01=NO;R1.D03=NO;R2.D01=SI;R2.D02=SI;R2.D03=NO,MUNICIPIO30241,MUNICIPIO_SIN_CN_TRAB,Si,No,30241,,Regla 2 coherente para validaciones implementadas.
GPA-001__R2-002__R1-004__0701,GPA-001__R2-002__R1-004,02_inputs_xml_flat/GPA-001__R2-002__R1-004__0701.xml,PASS,INFO,R1.D01=NO;R1.D03=NO;R2.D01=SI;R2.D02=SI;R2.D03=NO,MUNICIPIO30242,MUNICIPIO_SIN_CN_TRAB,Si,No,30242,,Regla 2 coherente para validaciones implementadas.
GPA-001__R2-002__R1-004__0702,GPA-001__R2-002__R1-004,02_inputs_xml_flat/GPA-001__R2-002__R1-004__0702.xml,PASS,INFO,R1.D01=NO;R1.D03=NO;R2.D01=SI;R2.D02=SI;R2.D03=NO,MUNICIPIO30243,MUNICIPIO_SIN_CN_TRAB,Si,No,30243,,Regla 2 coherente para validaciones implementadas.
GPA-001__R2-002__R1-004__0703,GPA-001__R2-002__R1-004,02_inputs_xml_flat/GPA-001__R2-002__R1-004__0703.xml,PASS,INFO,R1.D01=NO;R1.D03=NO;R2.D01=SI;R2.D02=SI;R2.D03=NO,MUNICIPIO30241,MUNICIPIO_SIN_CN_TRAB,Si,No,30241,,Regla 2 coherente para validaciones implementadas.
GPA-001__R2-002__R1-004__0704,GPA-001__R2-002__R1-004,02_inputs_xml_flat/GPA-001__R2-002__R1-004__0704.xml,PASS,INFO,R1.D01=NO;R1.D03=NO;R2.D01=SI;R2.D02=SI;R2.D03=NO,MUNICIPIO30242,MUNICIPIO_SIN_CN_TRAB,Si,No,30242,,Regla 2 coherente para validaciones implementadas.
GPA-001__R2-002__R1-004__0705,GPA-001__R2-002__R1-004,02_inputs_xml_flat/GPA-001__R2-002__R1-004__0705.xml,PASS,INFO,R1.D01=NO;R1.D03=NO;R2.D01=SI;R2.D02=SI;R2.D03=NO,MUNICIPIO30243,MUNICIPIO_SIN_CN_TRAB,Si,No,30243,,Regla 2 coherente para validaciones implementadas.
GPA-001__R2-002__R1-004__0706,GPA-001__R2-002__R1-004,02_inputs_xml_flat/GPA-001__R2-002__R1-004__0706.xml,PASS,INFO,R1.D01=NO;R1.D03=NO;R2.D01=SI;R2.D02=SI;R2.D03=NO,MUNICIPIO30241,MUNICIPIO_SIN_CN_TRAB,Si,No,30241,,Regla 2 coherente para validaciones implementadas.
GPA-001__R2-002__R1-004__0707,GPA-001__R2-002__R1-004,02_inputs_xml_flat/GPA-001__R2-002__R1-004__0707.xml,PASS,INFO,R1.D01=NO;R1.D03=NO;R2.D01=SI;R2.D02=SI;R2.D03=NO,MUNICIPIO30242,MUNICIPIO_SIN_CN_TRAB,Si,No,30242,,Regla 2 coherente para validaciones implementadas.
GPA-001__R2-002__R1-004__0708,GPA-001__R2-002__R1-004,02_inputs_xml_flat/GPA-001__R2-002__R1-004__0708.xml,PASS,INFO,R1.D01=NO;R1.D03=NO;R2.D01=SI;R2.D02=SI;R2.D03=NO,MUNICIPIO30243,MUNICIPIO_SIN_CN_TRAB,Si,No,30243,,Regla 2 coherente para validaciones implementadas.
GPA-001__R2-002__R1-004__0709,GPA-001__R2-002__R1-004,02_inputs_xml_flat/GPA-001__R2-002__R1-004__0709.xml,PASS,INFO,R1.D01=NO;R1.D03=NO;R2.D01=SI;R2.D02=SI;R2.D03=NO,MUNICIPIO30241,MUNICIPIO_SIN_CN_TRAB,Si,No,30241,,Regla 2 coherente para validaciones implementadas.
GPA-001__R2-002__R1-004__0710,GPA-001__R2-002__R1-004,02_inputs_xml_flat/GPA-001__R2-002__R1-004__0710.xml,PASS,INFO,R1.D01=NO;R1.D03=NO;R2.D01=SI;R2.D02=SI;R2.D03=NO,MUNICIPIO30242,MUNICIPIO_SIN_CN_TRAB,Si,No,30242,,Regla 2 coherente para validaciones implementadas.
GPA-001__R2-002__R1-004__0711,GPA-001__R2-002__R1-004,02_inputs_xml_flat/GPA-001__R2-002__R1-004__0711.xml,PASS,INFO,R1.D01=NO;R1.D03=NO;R2.D01=SI;R2.D02=SI;R2.D03=NO,MUNICIPIO30243,MUNICIPIO_SIN_CN_TRAB,Si,No,30243,,Regla 2 coherente para validaciones implementadas.
GPA-001__R2-002__R1-004__0712,GPA-001__R2-002__R1-004,02_inputs_xml_flat/GPA-001__R2-002__R1-004__0712.xml,PASS,INFO,R1.D01=NO;R1.D03=NO;R2.D01=SI;R2.D02=SI;R2.D03=NO,MUNICIPIO30241,MUNICIPIO_SIN_CN_TRAB,Si,No,30241,,Regla 2 coherente para validaciones implementadas.
GPA-001__R2-002__R1-004__0713,GPA-001__R2-002__R1-004,02_inputs_xml_flat/GPA-001__R2-002__R1-004__0713.xml,PASS,INFO,R1.D01=NO;R1.D03=NO;R2.D01=SI;R2.D02=SI;R2.D03=NO,MUNICIPIO30242,MUNICIPIO_SIN_CN_TRAB,Si,No,30242,,Regla 2 coherente para validaciones implementadas.
GPA-001__R2-002__R1-004__0714,GPA-001__R2-002__R1-004,02_inputs_xml_flat/GPA-001__R2-002__R1-004__0714.xml,PASS,INFO,R1.D01=NO;R1.D03=NO;R2.D01=SI;R2.D02=SI;R2.D03=NO,MUNICIPIO30243,MUNICIPIO_SIN_CN_TRAB,Si,No,30243,,Regla 2 coherente para validaciones implementadas.
GPA-001__R2-002__R1-004__0715,GPA-001__R2-002__R1-004,02_inputs_xml_flat/GPA-001__R2-002__R1-004__0715.xml,PASS,INFO,R1.D01=NO;R1.D03=NO;R2.D01=SI;R2.D02=SI;R2.D03=NO,MUNICIPIO30241,MUNICIPIO_SIN_CN_TRAB,Si,No,30241,,Regla 2 coherente para validaciones implementadas.
GPA-001__R2-002__R1-004__0716,GPA-001__R2-002__R1-004,02_inputs_xml_flat/GPA-001__R2-002__R1-004__0716.xml,PASS,INFO,R1.D01=NO;R1.D03=NO;R2.D01=SI;R2.D02=SI;R2.D03=NO,MUNICIPIO30242,MUNICIPIO_SIN_CN_TRAB,Si,No,30242,,Regla 2 coherente para validaciones implementadas.
GPA-001__R2-002__R1-004__0717,GPA-001__R2-002__R1-004,02_inputs_xml_flat/GPA-001__R2-002__R1-004__0717.xml,PASS,INFO,R1.D01=NO;R1.D03=NO;R2.D01=SI;R2.D02=SI;R2.D03=NO,MUNICIPIO30243,MUNICIPIO_SIN_CN_TRAB,Si,No,30243,,Regla 2 coherente para validaciones implementadas.
GPA-001__R2-002__R1-004__0718,GPA-001__R2-002__R1-004,02_inputs_xml_flat/GPA-001__R2-002__R1-004__0718.xml,PASS,INFO,R1.D01=NO;R1.D03=NO;R2.D01=SI;R2.D02=SI;R2.D03=NO,MUNICIPIO30241,MUNICIPIO_SIN_CN_TRAB,Si,No,30241,,Regla 2 coherente para validaciones implementadas.
GPA-001__R2-002__R1-004__0719,GPA-001__R2-002__R1-004,02_inputs_xml_flat/GPA-001__R2-002__R1-004__0719.xml,PASS,INFO,R1.D01=NO;R1.D03=NO;R2.D01=SI;R2.D02=SI;R2.D03=NO,MUNICIPIO30242,MUNICIPIO_SIN_CN_TRAB,Si,No,30242,,Regla 2 coherente para validaciones implementadas.
GPA-001__R2-002__R1-004__0720,GPA-001__R2-002__R1-004,02_inputs_xml_flat/GPA-001__R2-002__R1-004__0720.xml,PASS,INFO,R1.D01=NO;R1.D03=NO;R2.D01=SI;R2.D02=SI;R2.D03=NO,MUNICIPIO30243,MUNICIPIO_SIN_CN_TRAB,Si,No,30243,,Regla 2 coherente para validaciones implementadas.
GPA-001__R2-002__R1-004__0721,GPA-001__R2-002__R1-004,02_inputs_xml_flat/GPA-001__R2-002__R1-004__0721.xml,PASS,INFO,R1.D01=NO;R1.D03=NO;R2.D01=SI;R2.D02=SI;R2.D03=NO,MUNICIPIO30241,MUNICIPIO_SIN_CN_TRAB,Si,No,30241,,Regla 2 coherente para validaciones implementadas.
GPA-001__R2-002__R1-004__0722,GPA-001__R2-002__R1-004,02_inputs_xml_flat/GPA-001__R2-002__R1-004__0722.xml,PASS,INFO,R1.D01=NO;R1.D03=NO;R2.D01=SI;R2.D02=SI;R2.D03=NO,MUNICIPIO30242,MUNICIPIO_SIN_CN_TRAB,Si,No,30242,,Regla 2 coherente para validaciones implementadas.
GPA-001__R2-002__R1-004__0723,GPA-001__R2-002__R1-004,02_inputs_xml_flat/GPA-001__R2-002__R1-004__0723.xml,PASS,INFO,R1.D01=NO;R1.D03=NO;R2.D01=SI;R2.D02=SI;R2.D03=NO,MUNICIPIO30243,MUNICIPIO_SIN_CN_TRAB,Si,No,30243,,Regla 2 coherente para validaciones implementadas.
GPA-001__R2-002__R1-004__0724,GPA-001__R2-002__R1-004,02_inputs_xml_flat/GPA-001__R2-002__R1-004__0724.xml,PASS,INFO,R1.D01=NO;R1.D03=NO;R2.D01=SI;R2.D02=SI;R2.D03=NO,MUNICIPIO30241,MUNICIPIO_SIN_CN_TRAB,Si,No,30241,,Regla 2 coherente para validaciones implementadas.
GPA-001__R2-002__R1-004__0725,GPA-001__R2-002__R1-004,02_inputs_xml_flat/GPA-001__R2-002__R1-004__0725.xml,PASS,INFO,R1.D01=NO;R1.D03=NO;R2.D01=SI;R2.D02=SI;R2.D03=NO,MUNICIPIO30242,MUNICIPIO_SIN_CN_TRAB,Si,No,30242,,Regla 2 coherente para validaciones implementadas.
GPA-001__R2-002__R1-004__0726,GPA-001__R2-002__R1-004,02_inputs_xml_flat/GPA-001__R2-002__R1-004__0726.xml,PASS,INFO,R1.D01=NO;R1.D03=NO;R2.D01=SI;R2.D02=SI;R2.D03=NO,MUNICIPIO30243,MUNICIPIO_SIN_CN_TRAB,Si,No,30243,,Regla 2 coherente para validaciones implementadas.
GPA-001__R2-002__R1-004__0727,GPA-001__R2-002__R1-004,02_inputs_xml_flat/GPA-001__R2-002__R1-004__0727.xml,PASS,INFO,R1.D01=NO;R1.D03=NO;R2.D01=SI;R2.D02=SI;R2.D03=NO,MUNICIPIO30241,MUNICIPIO_SIN_CN_TRAB,Si,No,30241,,Regla 2 coherente para validaciones implementadas.
GPA-001__R2-002__R1-004__0728,GPA-001__R2-002__R1-004,02_inputs_xml_flat/GPA-001__R2-002__R1-004__0728.xml,PASS,INFO,R1.D01=NO;R1.D03=NO;R2.D01=SI;R2.D02=SI;R2.D03=NO,MUNICIPIO30242,MUNICIPIO_SIN_CN_TRAB,Si,No,30242,,Regla 2 coherente para validaciones implementadas.
GPA-001__R2-002__R1-004__0729,GPA-001__R2-002__R1-004,02_inputs_xml_flat/GPA-001__R2-002__R1-004__0729.xml,PASS,INFO,R1.D01=NO;R1.D03=NO;R2.D01=SI;R2.D02=SI;R2.D03=NO,MUNICIPIO30243,MUNICIPIO_SIN_CN_TRAB,Si,No,30243,,Regla 2 coherente para validaciones implementadas.
GPA-001__R2-002__R1-004__0730,GPA-001__R2-002__R1-004,02_inputs_xml_flat/GPA-001__R2-002__R1-004__0730.xml,PASS,INFO,R1.D01=NO;R1.D03=NO;R2.D01=SI;R2.D02=SI;R2.D03=NO,MUNICIPIO30241,MUNICIPIO_SIN_CN_TRAB,Si,No,30241,,Regla 2 coherente para validaciones implementadas.
GPA-001__R2-002__R1-004__0731,GPA-001__R2-002__R1-004,02_inputs_xml_flat/GPA-001__R2-002__R1-004__0731.xml,PASS,INFO,R1.D01=NO;R1.D03=NO;R2.D01=SI;R2.D02=SI;R2.D03=NO,MUNICIPIO30242,MUNICIPIO_SIN_CN_TRAB,Si,No,30242,,Regla 2 coherente para validaciones implementadas.
GPA-001__R2-002__R1-004__0732,GPA-001__R2-002__R1-004,02_inputs_xml_flat/GPA-001__R2-002__R1-004__0732.xml,PASS,INFO,R1.D01=NO;R1.D03=NO;R2.D01=SI;R2.D02=SI;R2.D03=NO,MUNICIPIO30243,MUNICIPIO_SIN_CN_TRAB,Si,No,30243,,Regla 2 coherente para validaciones implementadas.
GPA-001__R2-002__R1-004__0733,GPA-001__R2-002__R1-004,02_inputs_xml_flat/GPA-001__R2-002__R1-004__0733.xml,PASS,INFO,R1.D01=NO;R1.D03=NO;R2.D01=SI;R2.D02=SI;R2.D03=NO,MUNICIPIO30241,MUNICIPIO_SIN_CN_TRAB,Si,No,30241,,Regla 2 coherente para validaciones implementadas.
GPA-001__R2-002__R1-004__0734,GPA-001__R2-002__R1-004,02_inputs_xml_flat/GPA-001__R2-002__R1-004__0734.xml,PASS,INFO,R1.D01=NO;R1.D03=NO;R2.D01=SI;R2.D02=SI;R2.D03=NO,MUNICIPIO30242,MUNICIPIO_SIN_CN_TRAB,Si,No,30242,,Regla 2 coherente para validaciones implementadas.
GPA-001__R2-002__R1-004__0735,GPA-001__R2-002__R1-004,02_inputs_xml_flat/GPA-001__R2-002__R1-004__0735.xml,PASS,INFO,R1.D01=NO;R1.D03=NO;R2.D01=SI;R2.D02=SI;R2.D03=NO,MUNICIPIO30243,MUNICIPIO_SIN_CN_TRAB,Si,No,30243,,Regla 2 coherente para validaciones implementadas.
GPA-001__R2-002__R1-004__0736,GPA-001__R2-002__R1-004,02_inputs_xml_flat/GPA-001__R2-002__R1-004__0736.xml,PASS,INFO,R1.D01=NO;R1.D03=NO;R2.D01=SI;R2.D02=SI;R2.D03=NO,MUNICIPIO30241,MUNICIPIO_SIN_CN_TRAB,Si,No,30241,,Regla 2 coherente para validaciones implementadas.
GPA-001__R2-002__R1-004__0737,GPA-001__R2-002__R1-004,02_inputs_xml_flat/GPA-001__R2-002__R1-004__0737.xml,PASS,INFO,R1.D01=NO;R1.D03=NO;R2.D01=SI;R2.D02=SI;R2.D03=NO,MUNICIPIO30242,MUNICIPIO_SIN_CN_TRAB,Si,No,30242,,Regla 2 coherente para validaciones implementadas.
GPA-001__R2-002__R1-004__0738,GPA-001__R2-002__R1-004,02_inputs_xml_flat/GPA-001__R2-002__R1-004__0738.xml,PASS,INFO,R1.D01=NO;R1.D03=NO;R2.D01=SI;R2.D02=SI;R2.D03=NO,MUNICIPIO30243,MUNICIPIO_SIN_CN_TRAB,Si,No,30243,,Regla 2 coherente para validaciones implementadas.
GPA-001__R2-002__R1-004__0739,GPA-001__R2-002__R1-004,02_inputs_xml_flat/GPA-001__R2-002__R1-004__0739.xml,PASS,INFO,R1.D01=NO;R1.D03=NO;R2.D01=SI;R2.D02=SI;R2.D03=NO,MUNICIPIO30241,MUNICIPIO_SIN_CN_TRAB,Si,No,30241,,Regla 2 coherente para validaciones implementadas.
GPA-001__R2-002__R1-004__0740,GPA-001__R2-002__R1-004,02_inputs_xml_flat/GPA-001__R2-002__R1-004__0740.xml,PASS,INFO,R1.D01=NO;R1.D03=NO;R2.D01=SI;R2.D02=SI;R2.D03=NO,MUNICIPIO30242,MUNICIPIO_SIN_CN_TRAB,Si,No,30242,,Regla 2 coherente para validaciones implementadas.
GPA-001__R2-002__R1-004__0741,GPA-001__R2-002__R1-004,02_inputs_xml_flat/GPA-001__R2-002__R1-004__0741.xml,PASS,INFO,R1.D01=NO;R1.D03=NO;R2.D01=SI;R2.D02=SI;R2.D03=NO,MUNICIPIO30243,MUNICIPIO_SIN_CN_TRAB,Si,No,30243,,Regla 2 coherente para validaciones implementadas.
GPA-001__R2-002__R1-004__0742,GPA-001__R2-002__R1-004,02_inputs_xml_flat/GPA-001__R2-002__R1-004__0742.xml,PASS,INFO,R1.D01=NO;R1.D03=NO;R2.D01=SI;R2.D02=SI;R2.D03=NO,MUNICIPIO30241,MUNICIPIO_SIN_CN_TRAB,Si,No,30241,,Regla 2 coherente para validaciones implementadas.
GPA-001__R2-002__R1-004__0743,GPA-001__R2-002__R1-004,02_inputs_xml_flat/GPA-001__R2-002__R1-004__0743.xml,PASS,INFO,R1.D01=NO;R1.D03=NO;R2.D01=SI;R2.D02=SI;R2.D03=NO,MUNICIPIO30242,MUNICIPIO_SIN_CN_TRAB,Si,No,30242,,Regla 2 coherente para validaciones implementadas.
GPA-001__R2-002__R1-004__0744,GPA-001__R2-002__R1-004,02_inputs_xml_flat/GPA-001__R2-002__R1-004__0744.xml,PASS,INFO,R1.D01=NO;R1.D03=NO;R2.D01=SI;R2.D02=SI;R2.D03=NO,MUNICIPIO30243,MUNICIPIO_SIN_CN_TRAB,Si,No,30243,,Regla 2 coherente para validaciones implementadas.
GPA-001__R2-002__R1-004__0745,GPA-001__R2-002__R1-004,02_inputs_xml_flat/GPA-001__R2-002__R1-004__0745.xml,PASS,INFO,R1.D01=NO;R1.D03=NO;R2.D01=SI;R2.D02=SI;R2.D03=NO,MUNICIPIO30241,MUNICIPIO_SIN_CN_TRAB,Si,No,30241,,Regla 2 coherente para validaciones implementadas.
GPA-001__R2-002__R1-004__0746,GPA-001__R2-002__R1-004,02_inputs_xml_flat/GPA-001__R2-002__R1-004__0746.xml,PASS,INFO,R1.D01=NO;R1.D03=NO;R2.D01=SI;R2.D02=SI;R2.D03=NO,MUNICIPIO30242,MUNICIPIO_SIN_CN_TRAB,Si,No,30242,,Regla 2 coherente para validaciones implementadas.
GPA-001__R2-002__R1-004__0747,GPA-001__R2-002__R1-004,02_inputs_xml_flat/GPA-001__R2-002__R1-004__0747.xml,PASS,INFO,R1.D01=NO;R1.D03=NO;R2.D01=SI;R2.D02=SI;R2.D03=NO,MUNICIPIO30243,MUNICIPIO_SIN_CN_TRAB,Si,No,30243,,Regla 2 coherente para validaciones implementadas.
GPA-001__R2-002__R1-004__0748,GPA-001__R2-002__R1-004,02_inputs_xml_flat/GPA-001__R2-002__R1-004__0748.xml,PASS,INFO,R1.D01=NO;R1.D03=NO;R2.D01=SI;R2.D02=SI;R2.D03=NO,MUNICIPIO30241,MUNICIPIO_SIN_CN_TRAB,Si,No,30241,,Regla 2 coherente para validaciones implementadas.
GPA-001__R2-002__R1-004__0749,GPA-001__R2-002__R1-004,02_inputs_xml_flat/GPA-001__R2-002__R1-004__0749.xml,PASS,INFO,R1.D01=NO;R1.D03=NO;R2.D01=SI;R2.D02=SI;R2.D03=NO,MUNICIPIO30242,MUNICIPIO_SIN_CN_TRAB,Si,No,30242,,Regla 2 coherente para validaciones implementadas.
GPA-001__R2-002__R1-004__0750,GPA-001__R2-002__R1-004,02_inputs_xml_flat/GPA-001__R2-002__R1-004__0750.xml,PASS,INFO,R1.D01=NO;R1.D03=NO;R2.D01=SI;R2.D02=SI;R2.D03=NO,MUNICIPIO30243,MUNICIPIO_SIN_CN_TRAB,Si,No,30243,,Regla 2 coherente para validaciones implementadas.
GPA-001__R2-002__R1-004__0751,GPA-001__R2-002__R1-004,02_inputs_xml_flat/GPA-001__R2-002__R1-004__0751.xml,PASS,INFO,R1.D01=NO;R1.D03=NO;R2.D01=SI;R2.D02=SI;R2.D03=NO,MUNICIPIO30241,MUNICIPIO_SIN_CN_TRAB,Si,No,30241,,Regla 2 coherente para validaciones implementadas.
GPA-001__R2-002__R1-004__0752,GPA-001__R2-002__R1-004,02_inputs_xml_flat/GPA-001__R2-002__R1-004__0752.xml,PASS,INFO,R1.D01=NO;R1.D03=NO;R2.D01=SI;R2.D02=SI;R2.D03=NO,MUNICIPIO30242,MUNICIPIO_SIN_CN_TRAB,Si,No,30242,,Regla 2 coherente para validaciones implementadas.
GPA-001__R2-002__R1-004__0753,GPA-001__R2-002__R1-004,02_inputs_xml_flat/GPA-001__R2-002__R1-004__0753.xml,PASS,INFO,R1.D01=NO;R1.D03=NO;R2.D01=SI;R2.D02=SI;R2.D03=NO,MUNICIPIO30243,MUNICIPIO_SIN_CN_TRAB,Si,No,30243,,Regla 2 coherente para validaciones implementadas.
GPA-001__R2-002__R1-004__0754,GPA-001__R2-002__R1-004,02_inputs_xml_flat/GPA-001__R2-002__R1-004__0754.xml,PASS,INFO,R1.D01=NO;R1.D03=NO;R2.D01=SI;R2.D02=SI;R2.D03=NO,MUNICIPIO30241,MUNICIPIO_SIN_CN_TRAB,Si,No,30241,,Regla 2 coherente para validaciones implementadas.
GPA-001__R2-002__R1-004__0755,GPA-001__R2-002__R1-004,02_inputs_xml_flat/GPA-001__R2-002__R1-004__0755.xml,PASS,INFO,R1.D01=NO;R1.D03=NO;R2.D01=SI;R2.D02=SI;R2.D03=NO,MUNICIPIO30242,MUNICIPIO_SIN_CN_TRAB,Si,No,30242,,Regla 2 coherente para validaciones implementadas.
GPA-001__R2-002__R1-004__0756,GPA-001__R2-002__R1-004,02_inputs_xml_flat/GPA-001__R2-002__R1-004__0756.xml,PASS,INFO,R1.D01=NO;R1.D03=NO;R2.D01=SI;R2.D02=SI;R2.D03=NO,MUNICIPIO30243,MUNICIPIO_SIN_CN_TRAB,Si,No,30243,,Regla 2 coherente para validaciones implementadas.
GPA-001__R2-002__R1-004__0757,GPA-001__R2-002__R1-004,02_inputs_xml_flat/GPA-001__R2-002__R1-004__0757.xml,PASS,INFO,R1.D01=NO;R1.D03=NO;R2.D01=SI;R2.D02=SI;R2.D03=NO,MUNICIPIO30241,MUNICIPIO_SIN_CN_TRAB,Si,No,30241,,Regla 2 coherente para validaciones implementadas.
GPA-001__R2-002__R1-004__0758,GPA-001__R2-002__R1-004,02_inputs_xml_flat/GPA-001__R2-002__R1-004__0758.xml,PASS,INFO,R1.D01=NO;R1.D03=NO;R2.D01=SI;R2.D02=SI;R2.D03=NO,MUNICIPIO30242,MUNICIPIO_SIN_CN_TRAB,Si,No,30242,,Regla 2 coherente para validaciones implementadas.
GPA-001__R2-002__R1-004__0759,GPA-001__R2-002__R1-004,02_inputs_xml_flat/GPA-001__R2-002__R1-004__0759.xml,PASS,INFO,R1.D01=NO;R1.D03=NO;R2.D01=SI;R2.D02=SI;R2.D03=NO,MUNICIPIO30243,MUNICIPIO_SIN_CN_TRAB,Si,No,30243,,Regla 2 coherente para validaciones implementadas.
GPA-001__R2-002__R1-004__0760,GPA-001__R2-002__R1-004,02_inputs_xml_flat/GPA-001__R2-002__R1-004__0760.xml,PASS,INFO,R1.D01=NO;R1.D03=NO;R2.D01=SI;R2.D02=SI;R2.D03=NO,MUNICIPIO30241,MUNICIPIO_SIN_CN_TRAB,Si,No,30241,,Regla 2 coherente para validaciones implementadas.
GPA-001__R2-002__R1-004__0761,GPA-001__R2-002__R1-004,02_inputs_xml_flat/GPA-001__R2-002__R1-004__0761.xml,PASS,INFO,R1.D01=NO;R1.D03=NO;R2.D01=SI;R2.D02=SI;R2.D03=NO,MUNICIPIO30242,MUNICIPIO_SIN_CN_TRAB,Si,No,30242,,Regla 2 coherente para validaciones implementadas.
GPA-001__R2-002__R1-004__0762,GPA-001__R2-002__R1-004,02_inputs_xml_flat/GPA-001__R2-002__R1-004__0762.xml,PASS,INFO,R1.D01=NO;R1.D03=NO;R2.D01=SI;R2.D02=SI;R2.D03=NO,MUNICIPIO30243,MUNICIPIO_SIN_CN_TRAB,Si,No,30243,,Regla 2 coherente para validaciones implementadas.
GPA-001__R2-002__R1-004__0763,GPA-001__R2-002__R1-004,02_inputs_xml_flat/GPA-001__R2-002__R1-004__0763.xml,PASS,INFO,R1.D01=NO;R1.D03=NO;R2.D01=SI;R2.D02=SI;R2.D03=NO,MUNICIPIO30241,MUNICIPIO_SIN_CN_TRAB,Si,No,30241,,Regla 2 coherente para validaciones implementadas.
GPA-001__R2-002__R1-004__0764,GPA-001__R2-002__R1-004,02_inputs_xml_flat/GPA-001__R2-002__R1-004__0764.xml,PASS,INFO,R1.D01=NO;R1.D03=NO;R2.D01=SI;R2.D02=SI;R2.D03=NO,MUNICIPIO30242,MUNICIPIO_SIN_CN_TRAB,Si,No,30242,,Regla 2 coherente para validaciones implementadas.
GPA-001__R2-002__R1-004__0765,GPA-001__R2-002__R1-004,02_inputs_xml_flat/GPA-001__R2-002__R1-004__0765.xml,PASS,INFO,R1.D01=NO;R1.D03=NO;R2.D01=SI;R2.D02=SI;R2.D03=NO,MUNICIPIO30243,MUNICIPIO_SIN_CN_TRAB,Si,No,30243,,Regla 2 coherente para validaciones implementadas.
GPA-001__R2-002__R1-004__0766,GPA-001__R2-002__R1-004,02_inputs_xml_flat/GPA-001__R2-002__R1-004__0766.xml,PASS,INFO,R1.D01=NO;R1.D03=NO;R2.D01=SI;R2.D02=SI;R2.D03=NO,MUNICIPIO30241,MUNICIPIO_SIN_CN_TRAB,Si,No,30241,,Regla 2 coherente para validaciones implementadas.
GPA-001__R2-002__R1-004__0767,GPA-001__R2-002__R1-004,02_inputs_xml_flat/GPA-001__R2-002__R1-004__0767.xml,PASS,INFO,R1.D01=NO;R1.D03=NO;R2.D01=SI;R2.D02=SI;R2.D03=NO,MUNICIPIO30242,MUNICIPIO_SIN_CN_TRAB,Si,No,30242,,Regla 2 coherente para validaciones implementadas.
GPA-001__R2-002__R1-004__0768,GPA-001__R2-002__R1-004,02_inputs_xml_flat/GPA-001__R2-002__R1-004__0768.xml,PASS,INFO,R1.D01=NO;R1.D03=NO;R2.D01=SI;R2.D02=SI;R2.D03=NO,MUNICIPIO30243,MUNICIPIO_SIN_CN_TRAB,Si,No,30243,,Regla 2 coherente para validaciones implementadas.
GPA-001__R2-002__R1-004__0769,GPA-001__R2-002__R1-004,02_inputs_xml_flat/GPA-001__R2-002__R1-004__0769.xml,PASS,INFO,R1.D01=NO;R1.D03=NO;R2.D01=SI;R2.D02=SI;R2.D03=NO,MUNICIPIO30241,MUNICIPIO_SIN_CN_TRAB,Si,No,30241,,Regla 2 coherente para validaciones implementadas.
GPA-001__R2-002__R1-004__0770,GPA-001__R2-002__R1-004,02_inputs_xml_flat/GPA-001__R2-002__R1-004__0770.xml,PASS,INFO,R1.D01=NO;R1.D03=NO;R2.D01=SI;R2.D02=SI;R2.D03=NO,MUNICIPIO30242,MUNICIPIO_SIN_CN_TRAB,Si,No,30242,,Regla 2 coherente para validaciones implementadas.
GPA-001__R2-002__R1-004__0771,GPA-001__R2-002__R1-004,02_inputs_xml_flat/GPA-001__R2-002__R1-004__0771.xml,PASS,INFO,R1.D01=NO;R1.D03=NO;R2.D01=SI;R2.D02=SI;R2.D03=NO,MUNICIPIO30243,MUNICIPIO_SIN_CN_TRAB,Si,No,30243,,Regla 2 coherente para validaciones implementadas.
GPA-001__R2-002__R1-004__0772,GPA-001__R2-002__R1-004,02_inputs_xml_flat/GPA-001__R2-002__R1-004__0772.xml,PASS,INFO,R1.D01=NO;R1.D03=NO;R2.D01=SI;R2.D02=SI;R2.D03=NO,MUNICIPIO30241,MUNICIPIO_SIN_CN_TRAB,Si,No,30241,,Regla 2 coherente para validaciones implementadas.
GPA-001__R2-002__R1-004__0773,GPA-001__R2-002__R1-004,02_inputs_xml_flat/GPA-001__R2-002__R1-004__0773.xml,PASS,INFO,R1.D01=NO;R1.D03=NO;R2.D01=SI;R2.D02=SI;R2.D03=NO,MUNICIPIO30242,MUNICIPIO_SIN_CN_TRAB,Si,No,30242,,Regla 2 coherente para validaciones implementadas.
GPA-001__R2-002__R1-004__0774,GPA-001__R2-002__R1-004,02_inputs_xml_flat/GPA-001__R2-002__R1-004__0774.xml,PASS,INFO,R1.D01=NO;R1.D03=NO;R2.D01=SI;R2.D02=SI;R2.D03=NO,MUNICIPIO30243,MUNICIPIO_SIN_CN_TRAB,Si,No,30243,,Regla 2 coherente para validaciones implementadas.
GPA-001__R2-002__R1-004__0775,GPA-001__R2-002__R1-004,02_inputs_xml_flat/GPA-001__R2-002__R1-004__0775.xml,PASS,INFO,R1.D01=NO;R1.D03=NO;R2.D01=SI;R2.D02=SI;R2.D03=NO,MUNICIPIO30241,MUNICIPIO_SIN_CN_TRAB,Si,No,30241,,Regla 2 coherente para validaciones implementadas.
GPA-001__R2-002__R1-004__0776,GPA-001__R2-002__R1-004,02_inputs_xml_flat/GPA-001__R2-002__R1-004__0776.xml,PASS,INFO,R1.D01=NO;R1.D03=NO;R2.D01=SI;R2.D02=SI;R2.D03=NO,MUNICIPIO30242,MUNICIPIO_SIN_CN_TRAB,Si,No,30242,,Regla 2 coherente para validaciones implementadas.
GPA-001__R2-002__R1-004__0777,GPA-001__R2-002__R1-004,02_inputs_xml_flat/GPA-001__R2-002__R1-004__0777.xml,PASS,INFO,R1.D01=NO;R1.D03=NO;R2.D01=SI;R2.D02=SI;R2.D03=NO,MUNICIPIO30243,MUNICIPIO_SIN_CN_TRAB,Si,No,30243,,Regla 2 coherente para validaciones implementadas.
GPA-001__R2-002__R1-004__0778,GPA-001__R2-002__R1-004,02_inputs_xml_flat/GPA-001__R2-002__R1-004__0778.xml,PASS,INFO,R1.D01=NO;R1.D03=NO;R2.D01=SI;R2.D02=SI;R2.D03=NO,MUNICIPIO30241,MUNICIPIO_SIN_CN_TRAB,Si,No,30241,,Regla 2 coherente para validaciones implementadas.
GPA-001__R2-002__R1-004__0779,GPA-001__R2-002__R1-004,02_inputs_xml_flat/GPA-001__R2-002__R1-004__0779.xml,PASS,INFO,R1.D01=NO;R1.D03=NO;R2.D01=SI;R2.D02=SI;R2.D03=NO,MUNICIPIO30242,MUNICIPIO_SIN_CN_TRAB,Si,No,30242,,Regla 2 coherente para validaciones implementadas.
GPA-001__R2-002__R1-004__0780,GPA-001__R2-002__R1-004,02_inputs_xml_flat/GPA-001__R2-002__R1-004__0780.xml,PASS,INFO,R1.D01=NO;R1.D03=NO;R2.D01=SI;R2.D02=SI;R2.D03=NO,MUNICIPIO30243,MUNICIPIO_SIN_CN_TRAB,Si,No,30243,,Regla 2 coherente para validaciones implementadas.
GPA-001__R2-002__R1-004__0781,GPA-001__R2-002__R1-004,02_inputs_xml_flat/GPA-001__R2-002__R1-004__0781.xml,PASS,INFO,R1.D01=NO;R1.D03=NO;R2.D01=SI;R2.D02=SI;R2.D03=NO,MUNICIPIO30241,MUNICIPIO_SIN_CN_TRAB,Si,No,30241,,Regla 2 coherente para validaciones implementadas.
GPA-001__R2-002__R1-004__0782,GPA-001__R2-002__R1-004,02_inputs_xml_flat/GPA-001__R2-002__R1-004__0782.xml,PASS,INFO,R1.D01=NO;R1.D03=NO;R2.D01=SI;R2.D02=SI;R2.D03=NO,MUNICIPIO30242,MUNICIPIO_SIN_CN_TRAB,Si,No,30242,,Regla 2 coherente para validaciones implementadas.
GPA-001__R2-002__R1-004__0783,GPA-001__R2-002__R1-004,02_inputs_xml_flat/GPA-001__R2-002__R1-004__0783.xml,PASS,INFO,R1.D01=NO;R1.D03=NO;R2.D01=SI;R2.D02=SI;R2.D03=NO,MUNICIPIO30243,MUNICIPIO_SIN_CN_TRAB,Si,No,30243,,Regla 2 coherente para validaciones implementadas.
GPA-001__R2-002__R1-004__0784,GPA-001__R2-002__R1-004,02_inputs_xml_flat/GPA-001__R2-002__R1-004__0784.xml,PASS,INFO,R1.D01=NO;R1.D03=NO;R2.D01=SI;R2.D02=SI;R2.D03=NO,MUNICIPIO30241,MUNICIPIO_SIN_CN_TRAB,Si,No,30241,,Regla 2 coherente para validaciones implementadas.
GPA-001__R2-002__R1-004__0785,GPA-001__R2-002__R1-004,02_inputs_xml_flat/GPA-001__R2-002__R1-004__0785.xml,PASS,INFO,R1.D01=NO;R1.D03=NO;R2.D01=SI;R2.D02=SI;R2.D03=NO,MUNICIPIO30242,MUNICIPIO_SIN_CN_TRAB,Si,No,30242,,Regla 2 coherente para validaciones implementadas.
GPA-001__R2-002__R1-004__0786,GPA-001__R2-002__R1-004,02_inputs_xml_flat/GPA-001__R2-002__R1-004__0786.xml,PASS,INFO,R1.D01=NO;R1.D03=NO;R2.D01=SI;R2.D02=SI;R2.D03=NO,MUNICIPIO30243,MUNICIPIO_SIN_CN_TRAB,Si,No,30243,,Regla 2 coherente para validaciones implementadas.
GPA-001__R2-002__R1-004__0787,GPA-001__R2-002__R1-004,02_inputs_xml_flat/GPA-001__R2-002__R1-004__0787.xml,PASS,INFO,R1.D01=NO;R1.D03=NO;R2.D01=SI;R2.D02=SI;R2.D03=NO,MUNICIPIO30241,MUNICIPIO_SIN_CN_TRAB,Si,No,30241,,Regla 2 coherente para validaciones implementadas.
GPA-001__R2-002__R1-004__0788,GPA-001__R2-002__R1-004,02_inputs_xml_flat/GPA-001__R2-002__R1-004__0788.xml,PASS,INFO,R1.D01=NO;R1.D03=NO;R2.D01=SI;R2.D02=SI;R2.D03=NO,MUNICIPIO30242,MUNICIPIO_SIN_CN_TRAB,Si,No,30242,,Regla 2 coherente para validaciones implementadas.
GPA-001__R2-002__R1-004__0789,GPA-001__R2-002__R1-004,02_inputs_xml_flat/GPA-001__R2-002__R1-004__0789.xml,PASS,INFO,R1.D01=NO;R1.D03=NO;R2.D01=SI;R2.D02=SI;R2.D03=NO,MUNICIPIO30243,MUNICIPIO_SIN_CN_TRAB,Si,No,30243,,Regla 2 coherente para validaciones implementadas.
GPA-001__R2-002__R1-004__0790,GPA-001__R2-002__R1-004,02_inputs_xml_flat/GPA-001__R2-002__R1-004__0790.xml,PASS,INFO,R1.D01=NO;R1.D03=NO;R2.D01=SI;R2.D02=SI;R2.D03=NO,MUNICIPIO30241,MUNICIPIO_SIN_CN_TRAB,Si,No,30241,,Regla 2 coherente para validaciones implementadas.
GPA-001__R2-002__R1-004__0791,GPA-001__R2-002__R1-004,02_inputs_xml_flat/GPA-001__R2-002__R1-004__0791.xml,PASS,INFO,R1.D01=NO;R1.D03=NO;R2.D01=SI;R2.D02=SI;R2.D03=NO,MUNICIPIO30242,MUNICIPIO_SIN_CN_TRAB,Si,No,30242,,Regla 2 coherente para validaciones implementadas.
GPA-001__R2-002__R1-004__0792,GPA-001__R2-002__R1-004,02_inputs_xml_flat/GPA-001__R2-002__R1-004__0792.xml,PASS,INFO,R1.D01=NO;R1.D03=NO;R2.D01=SI;R2.D02=SI;R2.D03=NO,MUNICIPIO30243,MUNICIPIO_SIN_CN_TRAB,Si,No,30243,,Regla 2 coherente para validaciones implementadas.
GPA-001__R2-002__R1-004__0793,GPA-001__R2-002__R1-004,02_inputs_xml_flat/GPA-001__R2-002__R1-004__0793.xml,PASS,INFO,R1.D01=NO;R1.D03=NO;R2.D01=SI;R2.D02=SI;R2.D03=NO,MUNICIPIO30241,MUNICIPIO_SIN_CN_TRAB,Si,No,30241,,Regla 2 coherente para validaciones implementadas.
GPA-001__R2-002__R1-004__0794,GPA-001__R2-002__R1-004,02_inputs_xml_flat/GPA-001__R2-002__R1-004__0794.xml,PASS,INFO,R1.D01=NO;R1.D03=NO;R2.D01=SI;R2.D02=SI;R2.D03=NO,MUNICIPIO30242,MUNICIPIO_SIN_CN_TRAB,Si,No,30242,,Regla 2 coherente para validaciones implementadas.
GPA-001__R2-002__R1-004__0795,GPA-001__R2-002__R1-004,02_inputs_xml_flat/GPA-001__R2-002__R1-004__0795.xml,PASS,INFO,R1.D01=NO;R1.D03=NO;R2.D01=SI;R2.D02=SI;R2.D03=NO,MUNICIPIO30243,MUNICIPIO_SIN_CN_TRAB,Si,No,30243,,Regla 2 coherente para validaciones implementadas.
GPA-001__R2-002__R1-004__0796,GPA-001__R2-002__R1-004,02_inputs_xml_flat/GPA-001__R2-002__R1-004__0796.xml,PASS,INFO,R1.D01=NO;R1.D03=NO;R2.D01=SI;R2.D02=SI;R2.D03=NO,MUNICIPIO30241,MUNICIPIO_SIN_CN_TRAB,Si,No,30241,,Regla 2 coherente para validaciones implementadas.
GPA-001__R2-002__R1-004__0797,GPA-001__R2-002__R1-004,02_inputs_xml_flat/GPA-001__R2-002__R1-004__0797.xml,PASS,INFO,R1.D01=NO;R1.D03=NO;R2.D01=SI;R2.D02=SI;R2.D03=NO,MUNICIPIO30242,MUNICIPIO_SIN_CN_TRAB,Si,No,30242,,Regla 2 coherente para validaciones implementadas.
GPA-001__R2-002__R1-004__0798,GPA-001__R2-002__R1-004,02_inputs_xml_flat/GPA-001__R2-002__R1-004__0798.xml,PASS,INFO,R1.D01=NO;R1.D03=NO;R2.D01=SI;R2.D02=SI;R2.D03=NO,MUNICIPIO30243,MUNICIPIO_SIN_CN_TRAB,Si,No,30243,,Regla 2 coherente para validaciones implementadas.
GPA-001__R2-002__R1-004__0799,GPA-001__R2-002__R1-004,02_inputs_xml_flat/GPA-001__R2-002__R1-004__0799.xml,PASS,INFO,R1.D01=NO;R1.D03=NO;R2.D01=SI;R2.D02=SI;R2.D03=NO,MUNICIPIO30241,MUNICIPIO_SIN_CN_TRAB,Si,No,30241,,Regla 2 coherente para validaciones implementadas.
GPA-001__R2-002__R1-004__0800,GPA-001__R2-002__R1-004,02_inputs_xml_flat/GPA-001__R2-002__R1-004__0800.xml,PASS,INFO,R1.D01=NO;R1.D03=NO;R2.D01=SI;R2.D02=SI;R2.D03=NO,MUNICIPIO30242,MUNICIPIO_SIN_CN_TRAB,Si,No,30242,,Regla 2 coherente para validaciones implementadas.
GPA-001__R2-002__R1-004__0801,GPA-001__R2-002__R1-004,02_inputs_xml_flat/GPA-001__R2-002__R1-004__0801.xml,PASS,INFO,R1.D01=NO;R1.D03=NO;R2.D01=SI;R2.D02=SI;R2.D03=NO,MUNICIPIO30243,MUNICIPIO_SIN_CN_TRAB,Si,No,30243,,Regla 2 coherente para validaciones implementadas.
GPA-001__R2-002__R1-004__0802,GPA-001__R2-002__R1-004,02_inputs_xml_flat/GPA-001__R2-002__R1-004__0802.xml,PASS,INFO,R1.D01=NO;R1.D03=NO;R2.D01=SI;R2.D02=SI;R2.D03=NO,MUNICIPIO30241,MUNICIPIO_SIN_CN_TRAB,Si,No,30241,,Regla 2 coherente para validaciones implementadas.
GPA-001__R2-002__R1-004__0803,GPA-001__R2-002__R1-004,02_inputs_xml_flat/GPA-001__R2-002__R1-004__0803.xml,PASS,INFO,R1.D01=NO;R1.D03=NO;R2.D01=SI;R2.D02=SI;R2.D03=NO,MUNICIPIO30242,MUNICIPIO_SIN_CN_TRAB,Si,No,30242,,Regla 2 coherente para validaciones implementadas.
GPA-001__R2-002__R1-004__0804,GPA-001__R2-002__R1-004,02_inputs_xml_flat/GPA-001__R2-002__R1-004__0804.xml,PASS,INFO,R1.D01=NO;R1.D03=NO;R2.D01=SI;R2.D02=SI;R2.D03=NO,MUNICIPIO30243,MUNICIPIO_SIN_CN_TRAB,Si,No,30243,,Regla 2 coherente para validaciones implementadas.
GPA-001__R2-002__R1-004__0805,GPA-001__R2-002__R1-004,02_inputs_xml_flat/GPA-001__R2-002__R1-004__0805.xml,PASS,INFO,R1.D01=NO;R1.D03=NO;R2.D01=SI;R2.D02=SI;R2.D03=NO,MUNICIPIO30241,MUNICIPIO_SIN_CN_TRAB,Si,No,30241,,Regla 2 coherente para validaciones implementadas.
GPA-001__R2-002__R1-004__0806,GPA-001__R2-002__R1-004,02_inputs_xml_flat/GPA-001__R2-002__R1-004__0806.xml,PASS,INFO,R1.D01=NO;R1.D03=NO;R2.D01=SI;R2.D02=SI;R2.D03=NO,MUNICIPIO30242,MUNICIPIO_SIN_CN_TRAB,Si,No,30242,,Regla 2 coherente para validaciones implementadas.
GPA-001__R2-002__R1-004__0807,GPA-001__R2-002__R1-004,02_inputs_xml_flat/GPA-001__R2-002__R1-004__0807.xml,PASS,INFO,R1.D01=NO;R1.D03=NO;R2.D01=SI;R2.D02=SI;R2.D03=NO,MUNICIPIO30243,MUNICIPIO_SIN_CN_TRAB,Si,No,30243,,Regla 2 coherente para validaciones implementadas.
GPA-001__R2-002__R1-004__0808,GPA-001__R2-002__R1-004,02_inputs_xml_flat/GPA-001__R2-002__R1-004__0808.xml,PASS,INFO,R1.D01=NO;R1.D03=NO;R2.D01=SI;R2.D02=SI;R2.D03=NO,MUNICIPIO30241,MUNICIPIO_SIN_CN_TRAB,Si,No,30241,,Regla 2 coherente para validaciones implementadas.
GPA-001__R2-002__R1-004__0809,GPA-001__R2-002__R1-004,02_inputs_xml_flat/GPA-001__R2-002__R1-004__0809.xml,PASS,INFO,R1.D01=NO;R1.D03=NO;R2.D01=SI;R2.D02=SI;R2.D03=NO,MUNICIPIO30242,MUNICIPIO_SIN_CN_TRAB,Si,No,30242,,Regla 2 coherente para validaciones implementadas.
GPA-001__R2-002__R1-004__0810,GPA-001__R2-002__R1-004,02_inputs_xml_flat/GPA-001__R2-002__R1-004__0810.xml,PASS,INFO,R1.D01=NO;R1.D03=NO;R2.D01=SI;R2.D02=SI;R2.D03=NO,MUNICIPIO30243,MUNICIPIO_SIN_CN_TRAB,Si,No,30243,,Regla 2 coherente para validaciones implementadas.
GPA-001__R2-002__R1-004__0811,GPA-001__R2-002__R1-004,02_inputs_xml_flat/GPA-001__R2-002__R1-004__0811.xml,PASS,INFO,R1.D01=NO;R1.D03=NO;R2.D01=SI;R2.D02=SI;R2.D03=NO,MUNICIPIO30241,MUNICIPIO_SIN_CN_TRAB,Si,No,30241,,Regla 2 coherente para validaciones implementadas.
GPA-001__R2-002__R1-004__0812,GPA-001__R2-002__R1-004,02_inputs_xml_flat/GPA-001__R2-002__R1-004__0812.xml,PASS,INFO,R1.D01=NO;R1.D03=NO;R2.D01=SI;R2.D02=SI;R2.D03=NO,MUNICIPIO30242,MUNICIPIO_SIN_CN_TRAB,Si,No,30242,,Regla 2 coherente para validaciones implementadas.
GPA-001__R2-002__R1-004__0813,GPA-001__R2-002__R1-004,02_inputs_xml_flat/GPA-001__R2-002__R1-004__0813.xml,PASS,INFO,R1.D01=NO;R1.D03=NO;R2.D01=SI;R2.D02=SI;R2.D03=NO,MUNICIPIO30243,MUNICIPIO_SIN_CN_TRAB,Si,No,30243,,Regla 2 coherente para validaciones implementadas.
GPA-001__R2-002__R1-004__0814,GPA-001__R2-002__R1-004,02_inputs_xml_flat/GPA-001__R2-002__R1-004__0814.xml,PASS,INFO,R1.D01=NO;R1.D03=NO;R2.D01=SI;R2.D02=SI;R2.D03=NO,MUNICIPIO30241,MUNICIPIO_SIN_CN_TRAB,Si,No,30241,,Regla 2 coherente para validaciones implementadas.
GPA-001__R2-002__R1-004__0815,GPA-001__R2-002__R1-004,02_inputs_xml_flat/GPA-001__R2-002__R1-004__0815.xml,PASS,INFO,R1.D01=NO;R1.D03=NO;R2.D01=SI;R2.D02=SI;R2.D03=NO,MUNICIPIO30242,MUNICIPIO_SIN_CN_TRAB,Si,No,30242,,Regla 2 coherente para validaciones implementadas.
GPA-001__R2-002__R1-004__0816,GPA-001__R2-002__R1-004,02_inputs_xml_flat/GPA-001__R2-002__R1-004__0816.xml,PASS,INFO,R1.D01=NO;R1.D03=NO;R2.D01=SI;R2.D02=SI;R2.D03=NO,MUNICIPIO30243,MUNICIPIO_SIN_CN_TRAB,Si,No,30243,,Regla 2 coherente para validaciones implementadas.
GPA-001__R2-002__R1-004__0817,GPA-001__R2-002__R1-004,02_inputs_xml_flat/GPA-001__R2-002__R1-004__0817.xml,PASS,INFO,R1.D01=NO;R1.D03=NO;R2.D01=SI;R2.D02=SI;R2.D03=NO,MUNICIPIO30241,MUNICIPIO_SIN_CN_TRAB,Si,No,30241,,Regla 2 coherente para validaciones implementadas.
GPA-001__R2-002__R1-004__0818,GPA-001__R2-002__R1-004,02_inputs_xml_flat/GPA-001__R2-002__R1-004__0818.xml,PASS,INFO,R1.D01=NO;R1.D03=NO;R2.D01=SI;R2.D02=SI;R2.D03=NO,MUNICIPIO30242,MUNICIPIO_SIN_CN_TRAB,Si,No,30242,,Regla 2 coherente para validaciones implementadas.
GPA-001__R2-002__R1-004__0819,GPA-001__R2-002__R1-004,02_inputs_xml_flat/GPA-001__R2-002__R1-004__0819.xml,PASS,INFO,R1.D01=NO;R1.D03=NO;R2.D01=SI;R2.D02=SI;R2.D03=NO,MUNICIPIO30243,MUNICIPIO_SIN_CN_TRAB,Si,No,30243,,Regla 2 coherente para validaciones implementadas.
GPA-001__R2-002__R1-004__0820,GPA-001__R2-002__R1-004,02_inputs_xml_flat/GPA-001__R2-002__R1-004__0820.xml,PASS,INFO,R1.D01=NO;R1.D03=NO;R2.D01=SI;R2.D02=SI;R2.D03=NO,MUNICIPIO30241,MUNICIPIO_SIN_CN_TRAB,Si,No,30241,,Regla 2 coherente para validaciones implementadas.
GPA-001__R2-002__R1-004__0821,GPA-001__R2-002__R1-004,02_inputs_xml_flat/GPA-001__R2-002__R1-004__0821.xml,PASS,INFO,R1.D01=NO;R1.D03=NO;R2.D01=SI;R2.D02=SI;R2.D03=NO,MUNICIPIO30242,MUNICIPIO_SIN_CN_TRAB,Si,No,30242,,Regla 2 coherente para validaciones implementadas.
GPA-001__R2-002__R1-004__0822,GPA-001__R2-002__R1-004,02_inputs_xml_flat/GPA-001__R2-002__R1-004__0822.xml,PASS,INFO,R1.D01=NO;R1.D03=NO;R2.D01=SI;R2.D02=SI;R2.D03=NO,MUNICIPIO30243,MUNICIPIO_SIN_CN_TRAB,Si,No,30243,,Regla 2 coherente para validaciones implementadas.
GPA-001__R2-002__R1-004__0823,GPA-001__R2-002__R1-004,02_inputs_xml_flat/GPA-001__R2-002__R1-004__0823.xml,PASS,INFO,R1.D01=NO;R1.D03=NO;R2.D01=SI;R2.D02=SI;R2.D03=NO,MUNICIPIO30241,MUNICIPIO_SIN_CN_TRAB,Si,No,30241,,Regla 2 coherente para validaciones implementadas.
GPA-001__R2-002__R1-004__0824,GPA-001__R2-002__R1-004,02_inputs_xml_flat/GPA-001__R2-002__R1-004__0824.xml,PASS,INFO,R1.D01=NO;R1.D03=NO;R2.D01=SI;R2.D02=SI;R2.D03=NO,MUNICIPIO30242,MUNICIPIO_SIN_CN_TRAB,Si,No,30242,,Regla 2 coherente para validaciones implementadas.
GPA-001__R2-002__R1-004__0825,GPA-001__R2-002__R1-004,02_inputs_xml_flat/GPA-001__R2-002__R1-004__0825.xml,PASS,INFO,R1.D01=NO;R1.D03=NO;R2.D01=SI;R2.D02=SI;R2.D03=NO,MUNICIPIO30243,MUNICIPIO_SIN_CN_TRAB,Si,No,30243,,Regla 2 coherente para validaciones implementadas.
GPA-001__R2-002__R1-004__0826,GPA-001__R2-002__R1-004,02_inputs_xml_flat/GPA-001__R2-002__R1-004__0826.xml,PASS,INFO,R1.D01=NO;R1.D03=NO;R2.D01=SI;R2.D02=SI;R2.D03=NO,MUNICIPIO30241,MUNICIPIO_SIN_CN_TRAB,Si,No,30241,,Regla 2 coherente para validaciones implementadas.
GPA-001__R2-002__R1-004__0827,GPA-001__R2-002__R1-004,02_inputs_xml_flat/GPA-001__R2-002__R1-004__0827.xml,PASS,INFO,R1.D01=NO;R1.D03=NO;R2.D01=SI;R2.D02=SI;R2.D03=NO,MUNICIPIO30242,MUNICIPIO_SIN_CN_TRAB,Si,No,30242,,Regla 2 coherente para validaciones implementadas.
GPA-001__R2-002__R1-004__0828,GPA-001__R2-002__R1-004,02_inputs_xml_flat/GPA-001__R2-002__R1-004__0828.xml,PASS,INFO,R1.D01=NO;R1.D03=NO;R2.D01=SI;R2.D02=SI;R2.D03=NO,MUNICIPIO30243,MUNICIPIO_SIN_CN_TRAB,Si,No,30243,,Regla 2 coherente para validaciones implementadas.
GPA-001__R2-002__R1-004__0829,GPA-001__R2-002__R1-004,02_inputs_xml_flat/GPA-001__R2-002__R1-004__0829.xml,PASS,INFO,R1.D01=NO;R1.D03=NO;R2.D01=SI;R2.D02=SI;R2.D03=NO,MUNICIPIO30241,MUNICIPIO_SIN_CN_TRAB,Si,No,30241,,Regla 2 coherente para validaciones implementadas.
GPA-001__R2-002__R1-004__0830,GPA-001__R2-002__R1-004,02_inputs_xml_flat/GPA-001__R2-002__R1-004__0830.xml,PASS,INFO,R1.D01=NO;R1.D03=NO;R2.D01=SI;R2.D02=SI;R2.D03=NO,MUNICIPIO30242,MUNICIPIO_SIN_CN_TRAB,Si,No,30242,,Regla 2 coherente para validaciones implementadas.
GPA-001__R2-002__R1-004__0831,GPA-001__R2-002__R1-004,02_inputs_xml_flat/GPA-001__R2-002__R1-004__0831.xml,PASS,INFO,R1.D01=NO;R1.D03=NO;R2.D01=SI;R2.D02=SI;R2.D03=NO,MUNICIPIO30243,MUNICIPIO_SIN_CN_TRAB,Si,No,30243,,Regla 2 coherente para validaciones implementadas.
GPA-001__R2-002__R1-004__0832,GPA-001__R2-002__R1-004,02_inputs_xml_flat/GPA-001__R2-002__R1-004__0832.xml,PASS,INFO,R1.D01=NO;R1.D03=NO;R2.D01=SI;R2.D02=SI;R2.D03=NO,MUNICIPIO30241,MUNICIPIO_SIN_CN_TRAB,Si,No,30241,,Regla 2 coherente para validaciones implementadas.
GPA-001__R2-002__R1-004__0833,GPA-001__R2-002__R1-004,02_inputs_xml_flat/GPA-001__R2-002__R1-004__0833.xml,PASS,INFO,R1.D01=NO;R1.D03=NO;R2.D01=SI;R2.D02=SI;R2.D03=NO,MUNICIPIO30242,MUNICIPIO_SIN_CN_TRAB,Si,No,30242,,Regla 2 coherente para validaciones implementadas.
GPA-001__R2-002__R1-004__0834,GPA-001__R2-002__R1-004,02_inputs_xml_flat/GPA-001__R2-002__R1-004__0834.xml,PASS,INFO,R1.D01=NO;R1.D03=NO;R2.D01=SI;R2.D02=SI;R2.D03=NO,MUNICIPIO30243,MUNICIPIO_SIN_CN_TRAB,Si,No,30243,,Regla 2 coherente para validaciones implementadas.
GPA-001__R2-002__R1-004__0835,GPA-001__R2-002__R1-004,02_inputs_xml_flat/GPA-001__R2-002__R1-004__0835.xml,PASS,INFO,R1.D01=NO;R1.D03=NO;R2.D01=SI;R2.D02=SI;R2.D03=NO,MUNICIPIO30241,MUNICIPIO_SIN_CN_TRAB,Si,No,30241,,Regla 2 coherente para validaciones implementadas.
GPA-001__R2-002__R1-004__0836,GPA-001__R2-002__R1-004,02_inputs_xml_flat/GPA-001__R2-002__R1-004__0836.xml,PASS,INFO,R1.D01=NO;R1.D03=NO;R2.D01=SI;R2.D02=SI;R2.D03=NO,MUNICIPIO30242,MUNICIPIO_SIN_CN_TRAB,Si,No,30242,,Regla 2 coherente para validaciones implementadas.
GPA-001__R2-002__R1-004__0837,GPA-001__R2-002__R1-004,02_inputs_xml_flat/GPA-001__R2-002__R1-004__0837.xml,PASS,INFO,R1.D01=NO;R1.D03=NO;R2.D01=SI;R2.D02=SI;R2.D03=NO,MUNICIPIO30243,MUNICIPIO_SIN_CN_TRAB,Si,No,30243,,Regla 2 coherente para validaciones implementadas.
GPA-001__R2-002__R1-004__0838,GPA-001__R2-002__R1-004,02_inputs_xml_flat/GPA-001__R2-002__R1-004__0838.xml,PASS,INFO,R1.D01=NO;R1.D03=NO;R2.D01=SI;R2.D02=SI;R2.D03=NO,MUNICIPIO30241,MUNICIPIO_SIN_CN_TRAB,Si,No,30241,,Regla 2 coherente para validaciones implementadas.
GPA-001__R2-002__R1-004__0839,GPA-001__R2-002__R1-004,02_inputs_xml_flat/GPA-001__R2-002__R1-004__0839.xml,PASS,INFO,R1.D01=NO;R1.D03=NO;R2.D01=SI;R2.D02=SI;R2.D03=NO,MUNICIPIO30242,MUNICIPIO_SIN_CN_TRAB,Si,No,30242,,Regla 2 coherente para validaciones implementadas.
GPA-001__R2-002__R1-004__0840,GPA-001__R2-002__R1-004,02_inputs_xml_flat/GPA-001__R2-002__R1-004__0840.xml,PASS,INFO,R1.D01=NO;R1.D03=NO;R2.D01=SI;R2.D02=SI;R2.D03=NO,MUNICIPIO30243,MUNICIPIO_SIN_CN_TRAB,Si,No,30243,,Regla 2 coherente para validaciones implementadas.
GPA-001__R2-002__R1-004__0841,GPA-001__R2-002__R1-004,02_inputs_xml_flat/GPA-001__R2-002__R1-004__0841.xml,PASS,INFO,R1.D01=NO;R1.D03=NO;R2.D01=SI;R2.D02=SI;R2.D03=NO,MUNICIPIO30241,MUNICIPIO_SIN_CN_TRAB,Si,No,30241,,Regla 2 coherente para validaciones implementadas.
GPA-001__R2-002__R1-004__0842,GPA-001__R2-002__R1-004,02_inputs_xml_flat/GPA-001__R2-002__R1-004__0842.xml,PASS,INFO,R1.D01=NO;R1.D03=NO;R2.D01=SI;R2.D02=SI;R2.D03=NO,MUNICIPIO30242,MUNICIPIO_SIN_CN_TRAB,Si,No,30242,,Regla 2 coherente para validaciones implementadas.
GPA-001__R2-002__R1-004__0843,GPA-001__R2-002__R1-004,02_inputs_xml_flat/GPA-001__R2-002__R1-004__0843.xml,PASS,INFO,R1.D01=NO;R1.D03=NO;R2.D01=SI;R2.D02=SI;R2.D03=NO,MUNICIPIO30243,MUNICIPIO_SIN_CN_TRAB,Si,No,30243,,Regla 2 coherente para validaciones implementadas.
GPA-001__R2-002__R1-004__0844,GPA-001__R2-002__R1-004,02_inputs_xml_flat/GPA-001__R2-002__R1-004__0844.xml,PASS,INFO,R1.D01=NO;R1.D03=NO;R2.D01=SI;R2.D02=SI;R2.D03=NO,MUNICIPIO30241,MUNICIPIO_SIN_CN_TRAB,Si,No,30241,,Regla 2 coherente para validaciones implementadas.
GPA-001__R2-002__R1-004__0845,GPA-001__R2-002__R1-004,02_inputs_xml_flat/GPA-001__R2-002__R1-004__0845.xml,PASS,INFO,R1.D01=NO;R1.D03=NO;R2.D01=SI;R2.D02=SI;R2.D03=NO,MUNICIPIO30242,MUNICIPIO_SIN_CN_TRAB,Si,No,30242,,Regla 2 coherente para validaciones implementadas.
GPA-001__R2-002__R1-004__0846,GPA-001__R2-002__R1-004,02_inputs_xml_flat/GPA-001__R2-002__R1-004__0846.xml,PASS,INFO,R1.D01=NO;R1.D03=NO;R2.D01=SI;R2.D02=SI;R2.D03=NO,MUNICIPIO30243,MUNICIPIO_SIN_CN_TRAB,Si,No,30243,,Regla 2 coherente para validaciones implementadas.
GPA-001__R2-002__R1-004__0847,GPA-001__R2-002__R1-004,02_inputs_xml_flat/GPA-001__R2-002__R1-004__0847.xml,PASS,INFO,R1.D01=NO;R1.D03=NO;R2.D01=SI;R2.D02=SI;R2.D03=NO,MUNICIPIO30241,MUNICIPIO_SIN_CN_TRAB,Si,No,30241,,Regla 2 coherente para validaciones implementadas.
GPA-001__R2-002__R1-004__0848,GPA-001__R2-002__R1-004,02_inputs_xml_flat/GPA-001__R2-002__R1-004__0848.xml,PASS,INFO,R1.D01=NO;R1.D03=NO;R2.D01=SI;R2.D02=SI;R2.D03=NO,MUNICIPIO30242,MUNICIPIO_SIN_CN_TRAB,Si,No,30242,,Regla 2 coherente para validaciones implementadas.
GPA-001__R2-002__R1-004__0849,GPA-001__R2-002__R1-004,02_inputs_xml_flat/GPA-001__R2-002__R1-004__0849.xml,PASS,INFO,R1.D01=NO;R1.D03=NO;R2.D01=SI;R2.D02=SI;R2.D03=NO,MUNICIPIO30243,MUNICIPIO_SIN_CN_TRAB,Si,No,30243,,Regla 2 coherente para validaciones implementadas.
GPA-001__R2-002__R1-004__0850,GPA-001__R2-002__R1-004,02_inputs_xml_flat/GPA-001__R2-002__R1-004__0850.xml,PASS,INFO,R1.D01=NO;R1.D03=NO;R2.D01=SI;R2.D02=SI;R2.D03=NO,MUNICIPIO30241,MUNICIPIO_SIN_CN_TRAB,Si,No,30241,,Regla 2 coherente para validaciones implementadas.
GPA-001__R2-002__R1-004__0851,GPA-001__R2-002__R1-004,02_inputs_xml_flat/GPA-001__R2-002__R1-004__0851.xml,PASS,INFO,R1.D01=NO;R1.D03=NO;R2.D01=SI;R2.D02=SI;R2.D03=NO,MUNICIPIO30242,MUNICIPIO_SIN_CN_TRAB,Si,No,30242,,Regla 2 coherente para validaciones implementadas.
GPA-001__R2-002__R1-004__0852,GPA-001__R2-002__R1-004,02_inputs_xml_flat/GPA-001__R2-002__R1-004__0852.xml,PASS,INFO,R1.D01=NO;R1.D03=NO;R2.D01=SI;R2.D02=SI;R2.D03=NO,MUNICIPIO30243,MUNICIPIO_SIN_CN_TRAB,Si,No,30243,,Regla 2 coherente para validaciones implementadas.
GPA-001__R2-002__R1-004__0853,GPA-001__R2-002__R1-004,02_inputs_xml_flat/GPA-001__R2-002__R1-004__0853.xml,PASS,INFO,R1.D01=NO;R1.D03=NO;R2.D01=SI;R2.D02=SI;R2.D03=NO,MUNICIPIO30241,MUNICIPIO_SIN_CN_TRAB,Si,No,30241,,Regla 2 coherente para validaciones implementadas.
GPA-001__R2-002__R1-004__0854,GPA-001__R2-002__R1-004,02_inputs_xml_flat/GPA-001__R2-002__R1-004__0854.xml,PASS,INFO,R1.D01=NO;R1.D03=NO;R2.D01=SI;R2.D02=SI;R2.D03=NO,MUNICIPIO30242,MUNICIPIO_SIN_CN_TRAB,Si,No,30242,,Regla 2 coherente para validaciones implementadas.
GPA-001__R2-002__R1-004__0855,GPA-001__R2-002__R1-004,02_inputs_xml_flat/GPA-001__R2-002__R1-004__0855.xml,PASS,INFO,R1.D01=NO;R1.D03=NO;R2.D01=SI;R2.D02=SI;R2.D03=NO,MUNICIPIO30243,MUNICIPIO_SIN_CN_TRAB,Si,No,30243,,Regla 2 coherente para validaciones implementadas.
GPA-001__R2-002__R1-004__0856,GPA-001__R2-002__R1-004,02_inputs_xml_flat/GPA-001__R2-002__R1-004__0856.xml,PASS,INFO,R1.D01=NO;R1.D03=NO;R2.D01=SI;R2.D02=SI;R2.D03=NO,MUNICIPIO30241,MUNICIPIO_SIN_CN_TRAB,Si,No,30241,,Regla 2 coherente para validaciones implementadas.
GPA-001__R2-002__R1-004__0857,GPA-001__R2-002__R1-004,02_inputs_xml_flat/GPA-001__R2-002__R1-004__0857.xml,PASS,INFO,R1.D01=NO;R1.D03=NO;R2.D01=SI;R2.D02=SI;R2.D03=NO,MUNICIPIO30242,MUNICIPIO_SIN_CN_TRAB,Si,No,30242,,Regla 2 coherente para validaciones implementadas.
GPA-001__R2-002__R1-004__0858,GPA-001__R2-002__R1-004,02_inputs_xml_flat/GPA-001__R2-002__R1-004__0858.xml,PASS,INFO,R1.D01=NO;R1.D03=NO;R2.D01=SI;R2.D02=SI;R2.D03=NO,MUNICIPIO30243,MUNICIPIO_SIN_CN_TRAB,Si,No,30243,,Regla 2 coherente para validaciones implementadas.
GPA-001__R2-002__R1-004__0859,GPA-001__R2-002__R1-004,02_inputs_xml_flat/GPA-001__R2-002__R1-004__0859.xml,PASS,INFO,R1.D01=NO;R1.D03=NO;R2.D01=SI;R2.D02=SI;R2.D03=NO,MUNICIPIO30241,MUNICIPIO_SIN_CN_TRAB,Si,No,30241,,Regla 2 coherente para validaciones implementadas.
GPA-001__R2-002__R1-004__0860,GPA-001__R2-002__R1-004,02_inputs_xml_flat/GPA-001__R2-002__R1-004__0860.xml,PASS,INFO,R1.D01=NO;R1.D03=NO;R2.D01=SI;R2.D02=SI;R2.D03=NO,MUNICIPIO30242,MUNICIPIO_SIN_CN_TRAB,Si,No,30242,,Regla 2 coherente para validaciones implementadas.
GPA-001__R2-002__R1-004__0861,GPA-001__R2-002__R1-004,02_inputs_xml_flat/GPA-001__R2-002__R1-004__0861.xml,PASS,INFO,R1.D01=NO;R1.D03=NO;R2.D01=SI;R2.D02=SI;R2.D03=NO,MUNICIPIO30243,MUNICIPIO_SIN_CN_TRAB,Si,No,30243,,Regla 2 coherente para validaciones implementadas.
GPA-001__R2-002__R1-004__0862,GPA-001__R2-002__R1-004,02_inputs_xml_flat/GPA-001__R2-002__R1-004__0862.xml,PASS,INFO,R1.D01=NO;R1.D03=NO;R2.D01=SI;R2.D02=SI;R2.D03=NO,MUNICIPIO30241,MUNICIPIO_SIN_CN_TRAB,Si,No,30241,,Regla 2 coherente para validaciones implementadas.
GPA-001__R2-002__R1-004__0863,GPA-001__R2-002__R1-004,02_inputs_xml_flat/GPA-001__R2-002__R1-004__0863.xml,PASS,INFO,R1.D01=NO;R1.D03=NO;R2.D01=SI;R2.D02=SI;R2.D03=NO,MUNICIPIO30242,MUNICIPIO_SIN_CN_TRAB,Si,No,30242,,Regla 2 coherente para validaciones implementadas.
GPA-001__R2-002__R1-004__0864,GPA-001__R2-002__R1-004,02_inputs_xml_flat/GPA-001__R2-002__R1-004__0864.xml,PASS,INFO,R1.D01=NO;R1.D03=NO;R2.D01=SI;R2.D02=SI;R2.D03=NO,MUNICIPIO30243,MUNICIPIO_SIN_CN_TRAB,Si,No,30243,,Regla 2 coherente para validaciones implementadas.
GPA-001__R2-002__R1-004__0865,GPA-001__R2-002__R1-004,02_inputs_xml_flat/GPA-001__R2-002__R1-004__0865.xml,PASS,INFO,R1.D01=NO;R1.D03=NO;R2.D01=SI;R2.D02=SI;R2.D03=NO,MUNICIPIO30241,MUNICIPIO_SIN_CN_TRAB,Si,No,30241,,Regla 2 coherente para validaciones implementadas.
GPA-001__R2-002__R1-004__0866,GPA-001__R2-002__R1-004,02_inputs_xml_flat/GPA-001__R2-002__R1-004__0866.xml,PASS,INFO,R1.D01=NO;R1.D03=NO;R2.D01=SI;R2.D02=SI;R2.D03=NO,MUNICIPIO30242,MUNICIPIO_SIN_CN_TRAB,Si,No,30242,,Regla 2 coherente para validaciones implementadas.
GPA-001__R2-002__R1-004__0867,GPA-001__R2-002__R1-004,02_inputs_xml_flat/GPA-001__R2-002__R1-004__0867.xml,PASS,INFO,R1.D01=NO;R1.D03=NO;R2.D01=SI;R2.D02=SI;R2.D03=NO,MUNICIPIO30243,MUNICIPIO_SIN_CN_TRAB,Si,No,30243,,Regla 2 coherente para validaciones implementadas.
GPA-001__R2-002__R1-004__0868,GPA-001__R2-002__R1-004,02_inputs_xml_flat/GPA-001__R2-002__R1-004__0868.xml,PASS,INFO,R1.D01=NO;R1.D03=NO;R2.D01=SI;R2.D02=SI;R2.D03=NO,MUNICIPIO30241,MUNICIPIO_SIN_CN_TRAB,Si,No,30241,,Regla 2 coherente para validaciones implementadas.
GPA-001__R2-002__R1-004__0869,GPA-001__R2-002__R1-004,02_inputs_xml_flat/GPA-001__R2-002__R1-004__0869.xml,PASS,INFO,R1.D01=NO;R1.D03=NO;R2.D01=SI;R2.D02=SI;R2.D03=NO,MUNICIPIO30242,MUNICIPIO_SIN_CN_TRAB,Si,No,30242,,Regla 2 coherente para validaciones implementadas.
GPA-001__R2-002__R1-004__0870,GPA-001__R2-002__R1-004,02_inputs_xml_flat/GPA-001__R2-002__R1-004__0870.xml,PASS,INFO,R1.D01=NO;R1.D03=NO;R2.D01=SI;R2.D02=SI;R2.D03=NO,MUNICIPIO30243,MUNICIPIO_SIN_CN_TRAB,Si,No,30243,,Regla 2 coherente para validaciones implementadas.
GPA-001__R2-002__R1-004__0871,GPA-001__R2-002__R1-004,02_inputs_xml_flat/GPA-001__R2-002__R1-004__0871.xml,PASS,INFO,R1.D01=NO;R1.D03=NO;R2.D01=SI;R2.D02=SI;R2.D03=NO,MUNICIPIO30241,MUNICIPIO_SIN_CN_TRAB,Si,No,30241,,Regla 2 coherente para validaciones implementadas.
GPA-001__R2-002__R1-004__0872,GPA-001__R2-002__R1-004,02_inputs_xml_flat/GPA-001__R2-002__R1-004__0872.xml,PASS,INFO,R1.D01=NO;R1.D03=NO;R2.D01=SI;R2.D02=SI;R2.D03=NO,MUNICIPIO30242,MUNICIPIO_SIN_CN_TRAB,Si,No,30242,,Regla 2 coherente para validaciones implementadas.
GPA-001__R2-002__R1-004__0873,GPA-001__R2-002__R1-004,02_inputs_xml_flat/GPA-001__R2-002__R1-004__0873.xml,PASS,INFO,R1.D01=NO;R1.D03=NO;R2.D01=SI;R2.D02=SI;R2.D03=NO,MUNICIPIO30243,MUNICIPIO_SIN_CN_TRAB,Si,No,30243,,Regla 2 coherente para validaciones implementadas.
GPA-001__R2-002__R1-004__0874,GPA-001__R2-002__R1-004,02_inputs_xml_flat/GPA-001__R2-002__R1-004__0874.xml,PASS,INFO,R1.D01=NO;R1.D03=NO;R2.D01=SI;R2.D02=SI;R2.D03=NO,MUNICIPIO30241,MUNICIPIO_SIN_CN_TRAB,Si,No,30241,,Regla 2 coherente para validaciones implementadas.
GPA-001__R2-002__R1-004__0875,GPA-001__R2-002__R1-004,02_inputs_xml_flat/GPA-001__R2-002__R1-004__0875.xml,PASS,INFO,R1.D01=NO;R1.D03=NO;R2.D01=SI;R2.D02=SI;R2.D03=NO,MUNICIPIO30242,MUNICIPIO_SIN_CN_TRAB,Si,No,30242,,Regla 2 coherente para validaciones implementadas.
GPA-001__R2-002__R1-004__0876,GPA-001__R2-002__R1-004,02_inputs_xml_flat/GPA-001__R2-002__R1-004__0876.xml,PASS,INFO,R1.D01=NO;R1.D03=NO;R2.D01=SI;R2.D02=SI;R2.D03=NO,MUNICIPIO30243,MUNICIPIO_SIN_CN_TRAB,Si,No,30243,,Regla 2 coherente para validaciones implementadas.
GPA-001__R2-002__R1-004__0877,GPA-001__R2-002__R1-004,02_inputs_xml_flat/GPA-001__R2-002__R1-004__0877.xml,PASS,INFO,R1.D01=NO;R1.D03=NO;R2.D01=SI;R2.D02=SI;R2.D03=NO,MUNICIPIO30241,MUNICIPIO_SIN_CN_TRAB,Si,No,30241,,Regla 2 coherente para validaciones implementadas.
GPA-001__R2-002__R1-004__0878,GPA-001__R2-002__R1-004,02_inputs_xml_flat/GPA-001__R2-002__R1-004__0878.xml,PASS,INFO,R1.D01=NO;R1.D03=NO;R2.D01=SI;R2.D02=SI;R2.D03=NO,MUNICIPIO30242,MUNICIPIO_SIN_CN_TRAB,Si,No,30242,,Regla 2 coherente para validaciones implementadas.
GPA-001__R2-002__R1-004__0879,GPA-001__R2-002__R1-004,02_inputs_xml_flat/GPA-001__R2-002__R1-004__0879.xml,PASS,INFO,R1.D01=NO;R1.D03=NO;R2.D01=SI;R2.D02=SI;R2.D03=NO,MUNICIPIO30243,MUNICIPIO_SIN_CN_TRAB,Si,No,30243,,Regla 2 coherente para validaciones implementadas.
GPA-001__R2-002__R1-004__0880,GPA-001__R2-002__R1-004,02_inputs_xml_flat/GPA-001__R2-002__R1-004__0880.xml,PASS,INFO,R1.D01=NO;R1.D03=NO;R2.D01=SI;R2.D02=SI;R2.D03=NO,MUNICIPIO30241,MUNICIPIO_SIN_CN_TRAB,Si,No,30241,,Regla 2 coherente para validaciones implementadas.
GPA-001__R2-002__R1-004__0881,GPA-001__R2-002__R1-004,02_inputs_xml_flat/GPA-001__R2-002__R1-004__0881.xml,PASS,INFO,R1.D01=NO;R1.D03=NO;R2.D01=SI;R2.D02=SI;R2.D03=NO,MUNICIPIO30242,MUNICIPIO_SIN_CN_TRAB,Si,No,30242,,Regla 2 coherente para validaciones implementadas.
GPA-001__R2-002__R1-004__0882,GPA-001__R2-002__R1-004,02_inputs_xml_flat/GPA-001__R2-002__R1-004__0882.xml,PASS,INFO,R1.D01=NO;R1.D03=NO;R2.D01=SI;R2.D02=SI;R2.D03=NO,MUNICIPIO30243,MUNICIPIO_SIN_CN_TRAB,Si,No,30243,,Regla 2 coherente para validaciones implementadas.
GPA-001__R2-002__R1-004__0883,GPA-001__R2-002__R1-004,02_inputs_xml_flat/GPA-001__R2-002__R1-004__0883.xml,PASS,INFO,R1.D01=NO;R1.D03=NO;R2.D01=SI;R2.D02=SI;R2.D03=NO,MUNICIPIO30241,MUNICIPIO_SIN_CN_TRAB,Si,No,30241,,Regla 2 coherente para validaciones implementadas.
GPA-001__R2-002__R1-004__0884,GPA-001__R2-002__R1-004,02_inputs_xml_flat/GPA-001__R2-002__R1-004__0884.xml,PASS,INFO,R1.D01=NO;R1.D03=NO;R2.D01=SI;R2.D02=SI;R2.D03=NO,MUNICIPIO30242,MUNICIPIO_SIN_CN_TRAB,Si,No,30242,,Regla 2 coherente para validaciones implementadas.
GPA-001__R2-002__R1-004__0885,GPA-001__R2-002__R1-004,02_inputs_xml_flat/GPA-001__R2-002__R1-004__0885.xml,PASS,INFO,R1.D01=NO;R1.D03=NO;R2.D01=SI;R2.D02=SI;R2.D03=NO,MUNICIPIO30243,MUNICIPIO_SIN_CN_TRAB,Si,No,30243,,Regla 2 coherente para validaciones implementadas.
GPA-001__R2-002__R1-004__0886,GPA-001__R2-002__R1-004,02_inputs_xml_flat/GPA-001__R2-002__R1-004__0886.xml,PASS,INFO,R1.D01=NO;R1.D03=NO;R2.D01=SI;R2.D02=SI;R2.D03=NO,MUNICIPIO30241,MUNICIPIO_SIN_CN_TRAB,Si,No,30241,,Regla 2 coherente para validaciones implementadas.
GPA-001__R2-002__R1-004__0887,GPA-001__R2-002__R1-004,02_inputs_xml_flat/GPA-001__R2-002__R1-004__0887.xml,PASS,INFO,R1.D01=NO;R1.D03=NO;R2.D01=SI;R2.D02=SI;R2.D03=NO,MUNICIPIO30242,MUNICIPIO_SIN_CN_TRAB,Si,No,30242,,Regla 2 coherente para validaciones implementadas.
GPA-001__R2-002__R1-004__0888,GPA-001__R2-002__R1-004,02_inputs_xml_flat/GPA-001__R2-002__R1-004__0888.xml,PASS,INFO,R1.D01=NO;R1.D03=NO;R2.D01=SI;R2.D02=SI;R2.D03=NO,MUNICIPIO30243,MUNICIPIO_SIN_CN_TRAB,Si,No,30243,,Regla 2 coherente para validaciones implementadas.
GPA-001__R2-002__R1-004__0889,GPA-001__R2-002__R1-004,02_inputs_xml_flat/GPA-001__R2-002__R1-004__0889.xml,PASS,INFO,R1.D01=NO;R1.D03=NO;R2.D01=SI;R2.D02=SI;R2.D03=NO,MUNICIPIO30241,MUNICIPIO_SIN_CN_TRAB,Si,No,30241,,Regla 2 coherente para validaciones implementadas.
GPA-001__R2-002__R1-004__0890,GPA-001__R2-002__R1-004,02_inputs_xml_flat/GPA-001__R2-002__R1-004__0890.xml,PASS,INFO,R1.D01=NO;R1.D03=NO;R2.D01=SI;R2.D02=SI;R2.D03=NO,MUNICIPIO30242,MUNICIPIO_SIN_CN_TRAB,Si,No,30242,,Regla 2 coherente para validaciones implementadas.
GPA-001__R2-002__R1-004__0891,GPA-001__R2-002__R1-004,02_inputs_xml_flat/GPA-001__R2-002__R1-004__0891.xml,PASS,INFO,R1.D01=NO;R1.D03=NO;R2.D01=SI;R2.D02=SI;R2.D03=NO,MUNICIPIO30243,MUNICIPIO_SIN_CN_TRAB,Si,No,30243,,Regla 2 coherente para validaciones implementadas.
GPA-001__R2-002__R1-004__0892,GPA-001__R2-002__R1-004,02_inputs_xml_flat/GPA-001__R2-002__R1-004__0892.xml,PASS,INFO,R1.D01=NO;R1.D03=NO;R2.D01=SI;R2.D02=SI;R2.D03=NO,MUNICIPIO30241,MUNICIPIO_SIN_CN_TRAB,Si,No,30241,,Regla 2 coherente para validaciones implementadas.
GPA-001__R2-002__R1-004__0893,GPA-001__R2-002__R1-004,02_inputs_xml_flat/GPA-001__R2-002__R1-004__0893.xml,PASS,INFO,R1.D01=NO;R1.D03=NO;R2.D01=SI;R2.D02=SI;R2.D03=NO,MUNICIPIO30242,MUNICIPIO_SIN_CN_TRAB,Si,No,30242,,Regla 2 coherente para validaciones implementadas.
GPA-001__R2-002__R1-004__0894,GPA-001__R2-002__R1-004,02_inputs_xml_flat/GPA-001__R2-002__R1-004__0894.xml,PASS,INFO,R1.D01=NO;R1.D03=NO;R2.D01=SI;R2.D02=SI;R2.D03=NO,MUNICIPIO30243,MUNICIPIO_SIN_CN_TRAB,Si,No,30243,,Regla 2 coherente para validaciones implementadas.
GPA-001__R2-002__R1-004__0895,GPA-001__R2-002__R1-004,02_inputs_xml_flat/GPA-001__R2-002__R1-004__0895.xml,PASS,INFO,R1.D01=NO;R1.D03=NO;R2.D01=SI;R2.D02=SI;R2.D03=NO,MUNICIPIO30241,MUNICIPIO_SIN_CN_TRAB,Si,No,30241,,Regla 2 coherente para validaciones implementadas.
GPA-001__R2-002__R1-004__0896,GPA-001__R2-002__R1-004,02_inputs_xml_flat/GPA-001__R2-002__R1-004__0896.xml,PASS,INFO,R1.D01=NO;R1.D03=NO;R2.D01=SI;R2.D02=SI;R2.D03=NO,MUNICIPIO30242,MUNICIPIO_SIN_CN_TRAB,Si,No,30242,,Regla 2 coherente para validaciones implementadas.
GPA-001__R2-002__R1-004__0897,GPA-001__R2-002__R1-004,02_inputs_xml_flat/GPA-001__R2-002__R1-004__0897.xml,PASS,INFO,R1.D01=NO;R1.D03=NO;R2.D01=SI;R2.D02=SI;R2.D03=NO,MUNICIPIO30243,MUNICIPIO_SIN_CN_TRAB,Si,No,30243,,Regla 2 coherente para validaciones implementadas.
GPA-001__R2-002__R1-004__0898,GPA-001__R2-002__R1-004,02_inputs_xml_flat/GPA-001__R2-002__R1-004__0898.xml,PASS,INFO,R1.D01=NO;R1.D03=NO;R2.D01=SI;R2.D02=SI;R2.D03=NO,MUNICIPIO30241,MUNICIPIO_SIN_CN_TRAB,Si,No,30241,,Regla 2 coherente para validaciones implementadas.
GPA-001__R2-002__R1-004__0899,GPA-001__R2-002__R1-004,02_inputs_xml_flat/GPA-001__R2-002__R1-004__0899.xml,PASS,INFO,R1.D01=NO;R1.D03=NO;R2.D01=SI;R2.D02=SI;R2.D03=NO,MUNICIPIO30242,MUNICIPIO_SIN_CN_TRAB,Si,No,30242,,Regla 2 coherente para validaciones implementadas.
GPA-001__R2-002__R1-004__0900,GPA-001__R2-002__R1-004,02_inputs_xml_flat/GPA-001__R2-002__R1-004__0900.xml,PASS,INFO,R1.D01=NO;R1.D03=NO;R2.D01=SI;R2.D02=SI;R2.D03=NO,MUNICIPIO30243,MUNICIPIO_SIN_CN_TRAB,Si,No,30243,,Regla 2 coherente para validaciones implementadas.
GPA-001__R2-002__R1-004__0901,GPA-001__R2-002__R1-004,02_inputs_xml_flat/GPA-001__R2-002__R1-004__0901.xml,PASS,INFO,R1.D01=NO;R1.D03=NO;R2.D01=SI;R2.D02=SI;R2.D03=NO,MUNICIPIO30241,MUNICIPIO_SIN_CN_TRAB,Si,No,30241,,Regla 2 coherente para validaciones implementadas.
GPA-001__R2-002__R1-004__0902,GPA-001__R2-002__R1-004,02_inputs_xml_flat/GPA-001__R2-002__R1-004__0902.xml,PASS,INFO,R1.D01=NO;R1.D03=NO;R2.D01=SI;R2.D02=SI;R2.D03=NO,MUNICIPIO30242,MUNICIPIO_SIN_CN_TRAB,Si,No,30242,,Regla 2 coherente para validaciones implementadas.
GPA-001__R2-002__R1-004__0903,GPA-001__R2-002__R1-004,02_inputs_xml_flat/GPA-001__R2-002__R1-004__0903.xml,PASS,INFO,R1.D01=NO;R1.D03=NO;R2.D01=SI;R2.D02=SI;R2.D03=NO,MUNICIPIO30243,MUNICIPIO_SIN_CN_TRAB,Si,No,30243,,Regla 2 coherente para validaciones implementadas.
GPA-001__R2-002__R1-004__0904,GPA-001__R2-002__R1-004,02_inputs_xml_flat/GPA-001__R2-002__R1-004__0904.xml,PASS,INFO,R1.D01=NO;R1.D03=NO;R2.D01=SI;R2.D02=SI;R2.D03=NO,MUNICIPIO30241,MUNICIPIO_SIN_CN_TRAB,Si,No,30241,,Regla 2 coherente para validaciones implementadas.
GPA-001__R2-002__R1-004__0905,GPA-001__R2-002__R1-004,02_inputs_xml_flat/GPA-001__R2-002__R1-004__0905.xml,PASS,INFO,R1.D01=NO;R1.D03=NO;R2.D01=SI;R2.D02=SI;R2.D03=NO,MUNICIPIO30242,MUNICIPIO_SIN_CN_TRAB,Si,No,30242,,Regla 2 coherente para validaciones implementadas.
GPA-001__R2-002__R1-004__0906,GPA-001__R2-002__R1-004,02_inputs_xml_flat/GPA-001__R2-002__R1-004__0906.xml,PASS,INFO,R1.D01=NO;R1.D03=NO;R2.D01=SI;R2.D02=SI;R2.D03=NO,MUNICIPIO30243,MUNICIPIO_SIN_CN_TRAB,Si,No,30243,,Regla 2 coherente para validaciones implementadas.
GPA-001__R2-002__R1-004__0907,GPA-001__R2-002__R1-004,02_inputs_xml_flat/GPA-001__R2-002__R1-004__0907.xml,PASS,INFO,R1.D01=NO;R1.D03=NO;R2.D01=SI;R2.D02=SI;R2.D03=NO,MUNICIPIO30241,MUNICIPIO_SIN_CN_TRAB,Si,No,30241,,Regla 2 coherente para validaciones implementadas.
GPA-001__R2-002__R1-004__0908,GPA-001__R2-002__R1-004,02_inputs_xml_flat/GPA-001__R2-002__R1-004__0908.xml,PASS,INFO,R1.D01=NO;R1.D03=NO;R2.D01=SI;R2.D02=SI;R2.D03=NO,MUNICIPIO30242,MUNICIPIO_SIN_CN_TRAB,Si,No,30242,,Regla 2 coherente para validaciones implementadas.
GPA-001__R2-002__R1-004__0909,GPA-001__R2-002__R1-004,02_inputs_xml_flat/GPA-001__R2-002__R1-004__0909.xml,PASS,INFO,R1.D01=NO;R1.D03=NO;R2.D01=SI;R2.D02=SI;R2.D03=NO,MUNICIPIO30243,MUNICIPIO_SIN_CN_TRAB,Si,No,30243,,Regla 2 coherente para validaciones implementadas.
GPA-001__R2-002__R1-004__0910,GPA-001__R2-002__R1-004,02_inputs_xml_flat/GPA-001__R2-002__R1-004__0910.xml,PASS,INFO,R1.D01=NO;R1.D03=NO;R2.D01=SI;R2.D02=SI;R2.D03=NO,MUNICIPIO30241,MUNICIPIO_SIN_CN_TRAB,Si,No,30241,,Regla 2 coherente para validaciones implementadas.
GPA-001__R2-002__R1-004__0911,GPA-001__R2-002__R1-004,02_inputs_xml_flat/GPA-001__R2-002__R1-004__0911.xml,PASS,INFO,R1.D01=NO;R1.D03=NO;R2.D01=SI;R2.D02=SI;R2.D03=NO,MUNICIPIO30242,MUNICIPIO_SIN_CN_TRAB,Si,No,30242,,Regla 2 coherente para validaciones implementadas.
GPA-001__R2-002__R1-004__0912,GPA-001__R2-002__R1-004,02_inputs_xml_flat/GPA-001__R2-002__R1-004__0912.xml,PASS,INFO,R1.D01=NO;R1.D03=NO;R2.D01=SI;R2.D02=SI;R2.D03=NO,MUNICIPIO30243,MUNICIPIO_SIN_CN_TRAB,Si,No,30243,,Regla 2 coherente para validaciones implementadas.
GPA-001__R2-002__R1-004__0913,GPA-001__R2-002__R1-004,02_inputs_xml_flat/GPA-001__R2-002__R1-004__0913.xml,PASS,INFO,R1.D01=NO;R1.D03=NO;R2.D01=SI;R2.D02=SI;R2.D03=NO,MUNICIPIO30241,MUNICIPIO_SIN_CN_TRAB,Si,No,30241,,Regla 2 coherente para validaciones implementadas.
GPA-001__R2-002__R1-004__0914,GPA-001__R2-002__R1-004,02_inputs_xml_flat/GPA-001__R2-002__R1-004__0914.xml,PASS,INFO,R1.D01=NO;R1.D03=NO;R2.D01=SI;R2.D02=SI;R2.D03=NO,MUNICIPIO30242,MUNICIPIO_SIN_CN_TRAB,Si,No,30242,,Regla 2 coherente para validaciones implementadas.
GPA-001__R2-002__R1-004__0915,GPA-001__R2-002__R1-004,02_inputs_xml_flat/GPA-001__R2-002__R1-004__0915.xml,PASS,INFO,R1.D01=NO;R1.D03=NO;R2.D01=SI;R2.D02=SI;R2.D03=NO,MUNICIPIO30243,MUNICIPIO_SIN_CN_TRAB,Si,No,30243,,Regla 2 coherente para validaciones implementadas.
GPA-001__R2-002__R1-004__0916,GPA-001__R2-002__R1-004,02_inputs_xml_flat/GPA-001__R2-002__R1-004__0916.xml,PASS,INFO,R1.D01=NO;R1.D03=NO;R2.D01=SI;R2.D02=SI;R2.D03=NO,MUNICIPIO30241,MUNICIPIO_SIN_CN_TRAB,Si,No,30241,,Regla 2 coherente para validaciones implementadas.
GPA-001__R2-002__R1-004__0917,GPA-001__R2-002__R1-004,02_inputs_xml_flat/GPA-001__R2-002__R1-004__0917.xml,PASS,INFO,R1.D01=NO;R1.D03=NO;R2.D01=SI;R2.D02=SI;R2.D03=NO,MUNICIPIO30242,MUNICIPIO_SIN_CN_TRAB,Si,No,30242,,Regla 2 coherente para validaciones implementadas.
GPA-001__R2-002__R1-004__0918,GPA-001__R2-002__R1-004,02_inputs_xml_flat/GPA-001__R2-002__R1-004__0918.xml,PASS,INFO,R1.D01=NO;R1.D03=NO;R2.D01=SI;R2.D02=SI;R2.D03=NO,MUNICIPIO30243,MUNICIPIO_SIN_CN_TRAB,Si,No,30243,,Regla 2 coherente para validaciones implementadas.
GPA-001__R2-002__R1-004__0919,GPA-001__R2-002__R1-004,02_inputs_xml_flat/GPA-001__R2-002__R1-004__0919.xml,PASS,INFO,R1.D01=NO;R1.D03=NO;R2.D01=SI;R2.D02=SI;R2.D03=NO,MUNICIPIO30241,MUNICIPIO_SIN_CN_TRAB,Si,No,30241,,Regla 2 coherente para validaciones implementadas.
GPA-001__R2-002__R1-004__0920,GPA-001__R2-002__R1-004,02_inputs_xml_flat/GPA-001__R2-002__R1-004__0920.xml,PASS,INFO,R1.D01=NO;R1.D03=NO;R2.D01=SI;R2.D02=SI;R2.D03=NO,MUNICIPIO30242,MUNICIPIO_SIN_CN_TRAB,Si,No,30242,,Regla 2 coherente para validaciones implementadas.
GPA-001__R2-002__R1-004__0921,GPA-001__R2-002__R1-004,02_inputs_xml_flat/GPA-001__R2-002__R1-004__0921.xml,PASS,INFO,R1.D01=NO;R1.D03=NO;R2.D01=SI;R2.D02=SI;R2.D03=NO,MUNICIPIO30243,MUNICIPIO_SIN_CN_TRAB,Si,No,30243,,Regla 2 coherente para validaciones implementadas.
GPA-001__R2-002__R1-004__0922,GPA-001__R2-002__R1-004,02_inputs_xml_flat/GPA-001__R2-002__R1-004__0922.xml,PASS,INFO,R1.D01=NO;R1.D03=NO;R2.D01=SI;R2.D02=SI;R2.D03=NO,MUNICIPIO30241,MUNICIPIO_SIN_CN_TRAB,Si,No,30241,,Regla 2 coherente para validaciones implementadas.
GPA-001__R2-002__R1-004__0923,GPA-001__R2-002__R1-004,02_inputs_xml_flat/GPA-001__R2-002__R1-004__0923.xml,PASS,INFO,R1.D01=NO;R1.D03=NO;R2.D01=SI;R2.D02=SI;R2.D03=NO,MUNICIPIO30242,MUNICIPIO_SIN_CN_TRAB,Si,No,30242,,Regla 2 coherente para validaciones implementadas.
GPA-001__R2-002__R1-004__0924,GPA-001__R2-002__R1-004,02_inputs_xml_flat/GPA-001__R2-002__R1-004__0924.xml,PASS,INFO,R1.D01=NO;R1.D03=NO;R2.D01=SI;R2.D02=SI;R2.D03=NO,MUNICIPIO30243,MUNICIPIO_SIN_CN_TRAB,Si,No,30243,,Regla 2 coherente para validaciones implementadas.
GPA-001__R2-002__R1-004__0925,GPA-001__R2-002__R1-004,02_inputs_xml_flat/GPA-001__R2-002__R1-004__0925.xml,PASS,INFO,R1.D01=NO;R1.D03=NO;R2.D01=SI;R2.D02=SI;R2.D03=NO,MUNICIPIO30241,MUNICIPIO_SIN_CN_TRAB,Si,No,30241,,Regla 2 coherente para validaciones implementadas.
GPA-001__R2-002__R1-004__0926,GPA-001__R2-002__R1-004,02_inputs_xml_flat/GPA-001__R2-002__R1-004__0926.xml,PASS,INFO,R1.D01=NO;R1.D03=NO;R2.D01=SI;R2.D02=SI;R2.D03=NO,MUNICIPIO30242,MUNICIPIO_SIN_CN_TRAB,Si,No,30242,,Regla 2 coherente para validaciones implementadas.
GPA-001__R2-002__R1-004__0927,GPA-001__R2-002__R1-004,02_inputs_xml_flat/GPA-001__R2-002__R1-004__0927.xml,PASS,INFO,R1.D01=NO;R1.D03=NO;R2.D01=SI;R2.D02=SI;R2.D03=NO,MUNICIPIO30243,MUNICIPIO_SIN_CN_TRAB,Si,No,30243,,Regla 2 coherente para validaciones implementadas.
GPA-001__R2-002__R1-004__0928,GPA-001__R2-002__R1-004,02_inputs_xml_flat/GPA-001__R2-002__R1-004__0928.xml,PASS,INFO,R1.D01=NO;R1.D03=NO;R2.D01=SI;R2.D02=SI;R2.D03=NO,MUNICIPIO30241,MUNICIPIO_SIN_CN_TRAB,Si,No,30241,,Regla 2 coherente para validaciones implementadas.
GPA-001__R2-002__R1-004__0929,GPA-001__R2-002__R1-004,02_inputs_xml_flat/GPA-001__R2-002__R1-004__0929.xml,PASS,INFO,R1.D01=NO;R1.D03=NO;R2.D01=SI;R2.D02=SI;R2.D03=NO,MUNICIPIO30242,MUNICIPIO_SIN_CN_TRAB,Si,No,30242,,Regla 2 coherente para validaciones implementadas.
GPA-001__R2-002__R1-004__0930,GPA-001__R2-002__R1-004,02_inputs_xml_flat/GPA-001__R2-002__R1-004__0930.xml,PASS,INFO,R1.D01=NO;R1.D03=NO;R2.D01=SI;R2.D02=SI;R2.D03=NO,MUNICIPIO30243,MUNICIPIO_SIN_CN_TRAB,Si,No,30243,,Regla 2 coherente para validaciones implementadas.
GPA-001__R2-002__R1-004__0931,GPA-001__R2-002__R1-004,02_inputs_xml_flat/GPA-001__R2-002__R1-004__0931.xml,PASS,INFO,R1.D01=NO;R1.D03=NO;R2.D01=SI;R2.D02=SI;R2.D03=NO,MUNICIPIO30241,MUNICIPIO_SIN_CN_TRAB,Si,No,30241,,Regla 2 coherente para validaciones implementadas.
GPA-001__R2-002__R1-004__0932,GPA-001__R2-002__R1-004,02_inputs_xml_flat/GPA-001__R2-002__R1-004__0932.xml,PASS,INFO,R1.D01=NO;R1.D03=NO;R2.D01=SI;R2.D02=SI;R2.D03=NO,MUNICIPIO30242,MUNICIPIO_SIN_CN_TRAB,Si,No,30242,,Regla 2 coherente para validaciones implementadas.
GPA-001__R2-002__R1-004__0933,GPA-001__R2-002__R1-004,02_inputs_xml_flat/GPA-001__R2-002__R1-004__0933.xml,PASS,INFO,R1.D01=NO;R1.D03=NO;R2.D01=SI;R2.D02=SI;R2.D03=NO,MUNICIPIO30243,MUNICIPIO_SIN_CN_TRAB,Si,No,30243,,Regla 2 coherente para validaciones implementadas.
GPA-001__R2-002__R1-004__0934,GPA-001__R2-002__R1-004,02_inputs_xml_flat/GPA-001__R2-002__R1-004__0934.xml,PASS,INFO,R1.D01=NO;R1.D03=NO;R2.D01=SI;R2.D02=SI;R2.D03=NO,MUNICIPIO30241,MUNICIPIO_SIN_CN_TRAB,Si,No,30241,,Regla 2 coherente para validaciones implementadas.
GPA-001__R2-002__R1-004__0935,GPA-001__R2-002__R1-004,02_inputs_xml_flat/GPA-001__R2-002__R1-004__0935.xml,PASS,INFO,R1.D01=NO;R1.D03=NO;R2.D01=SI;R2.D02=SI;R2.D03=NO,MUNICIPIO30242,MUNICIPIO_SIN_CN_TRAB,Si,No,30242,,Regla 2 coherente para validaciones implementadas.
GPA-001__R2-002__R1-004__0936,GPA-001__R2-002__R1-004,02_inputs_xml_flat/GPA-001__R2-002__R1-004__0936.xml,PASS,INFO,R1.D01=NO;R1.D03=NO;R2.D01=SI;R2.D02=SI;R2.D03=NO,MUNICIPIO30243,MUNICIPIO_SIN_CN_TRAB,Si,No,30243,,Regla 2 coherente para validaciones implementadas.
GPA-001__R2-002__R1-004__0937,GPA-001__R2-002__R1-004,02_inputs_xml_flat/GPA-001__R2-002__R1-004__0937.xml,PASS,INFO,R1.D01=NO;R1.D03=NO;R2.D01=SI;R2.D02=SI;R2.D03=NO,MUNICIPIO30241,MUNICIPIO_SIN_CN_TRAB,Si,No,30241,,Regla 2 coherente para validaciones implementadas.
GPA-001__R2-002__R1-004__0938,GPA-001__R2-002__R1-004,02_inputs_xml_flat/GPA-001__R2-002__R1-004__0938.xml,PASS,INFO,R1.D01=NO;R1.D03=NO;R2.D01=SI;R2.D02=SI;R2.D03=NO,MUNICIPIO30242,MUNICIPIO_SIN_CN_TRAB,Si,No,30242,,Regla 2 coherente para validaciones implementadas.
GPA-001__R2-002__R1-004__0939,GPA-001__R2-002__R1-004,02_inputs_xml_flat/GPA-001__R2-002__R1-004__0939.xml,PASS,INFO,R1.D01=NO;R1.D03=NO;R2.D01=SI;R2.D02=SI;R2.D03=NO,MUNICIPIO30243,MUNICIPIO_SIN_CN_TRAB,Si,No,30243,,Regla 2 coherente para validaciones implementadas.
GPA-001__R2-002__R1-004__0940,GPA-001__R2-002__R1-004,02_inputs_xml_flat/GPA-001__R2-002__R1-004__0940.xml,PASS,INFO,R1.D01=NO;R1.D03=NO;R2.D01=SI;R2.D02=SI;R2.D03=NO,MUNICIPIO30241,MUNICIPIO_SIN_CN_TRAB,Si,No,30241,,Regla 2 coherente para validaciones implementadas.
GPA-001__R2-002__R1-004__0941,GPA-001__R2-002__R1-004,02_inputs_xml_flat/GPA-001__R2-002__R1-004__0941.xml,PASS,INFO,R1.D01=NO;R1.D03=NO;R2.D01=SI;R2.D02=SI;R2.D03=NO,MUNICIPIO30242,MUNICIPIO_SIN_CN_TRAB,Si,No,30242,,Regla 2 coherente para validaciones implementadas.
GPA-001__R2-002__R1-004__0942,GPA-001__R2-002__R1-004,02_inputs_xml_flat/GPA-001__R2-002__R1-004__0942.xml,PASS,INFO,R1.D01=NO;R1.D03=NO;R2.D01=SI;R2.D02=SI;R2.D03=NO,MUNICIPIO30243,MUNICIPIO_SIN_CN_TRAB,Si,No,30243,,Regla 2 coherente para validaciones implementadas.
GPA-001__R2-002__R1-004__0943,GPA-001__R2-002__R1-004,02_inputs_xml_flat/GPA-001__R2-002__R1-004__0943.xml,PASS,INFO,R1.D01=NO;R1.D03=NO;R2.D01=SI;R2.D02=SI;R2.D03=NO,MUNICIPIO30241,MUNICIPIO_SIN_CN_TRAB,Si,No,30241,,Regla 2 coherente para validaciones implementadas.
GPA-001__R2-002__R1-004__0944,GPA-001__R2-002__R1-004,02_inputs_xml_flat/GPA-001__R2-002__R1-004__0944.xml,PASS,INFO,R1.D01=NO;R1.D03=NO;R2.D01=SI;R2.D02=SI;R2.D03=NO,MUNICIPIO30242,MUNICIPIO_SIN_CN_TRAB,Si,No,30242,,Regla 2 coherente para validaciones implementadas.
GPA-001__R2-002__R1-004__0945,GPA-001__R2-002__R1-004,02_inputs_xml_flat/GPA-001__R2-002__R1-004__0945.xml,PASS,INFO,R1.D01=NO;R1.D03=NO;R2.D01=SI;R2.D02=SI;R2.D03=NO,MUNICIPIO30243,MUNICIPIO_SIN_CN_TRAB,Si,No,30243,,Regla 2 coherente para validaciones implementadas.
GPA-001__R2-002__R1-004__0946,GPA-001__R2-002__R1-004,02_inputs_xml_flat/GPA-001__R2-002__R1-004__0946.xml,PASS,INFO,R1.D01=NO;R1.D03=NO;R2.D01=SI;R2.D02=SI;R2.D03=NO,MUNICIPIO30241,MUNICIPIO_SIN_CN_TRAB,Si,No,30241,,Regla 2 coherente para validaciones implementadas.
GPA-001__R2-002__R1-004__0947,GPA-001__R2-002__R1-004,02_inputs_xml_flat/GPA-001__R2-002__R1-004__0947.xml,PASS,INFO,R1.D01=NO;R1.D03=NO;R2.D01=SI;R2.D02=SI;R2.D03=NO,MUNICIPIO30242,MUNICIPIO_SIN_CN_TRAB,Si,No,30242,,Regla 2 coherente para validaciones implementadas.
GPA-001__R2-002__R1-004__0948,GPA-001__R2-002__R1-004,02_inputs_xml_flat/GPA-001__R2-002__R1-004__0948.xml,PASS,INFO,R1.D01=NO;R1.D03=NO;R2.D01=SI;R2.D02=SI;R2.D03=NO,MUNICIPIO30243,MUNICIPIO_SIN_CN_TRAB,Si,No,30243,,Regla 2 coherente para validaciones implementadas.
GPA-001__R2-002__R1-004__0949,GPA-001__R2-002__R1-004,02_inputs_xml_flat/GPA-001__R2-002__R1-004__0949.xml,PASS,INFO,R1.D01=NO;R1.D03=NO;R2.D01=SI;R2.D02=SI;R2.D03=NO,MUNICIPIO30241,MUNICIPIO_SIN_CN_TRAB,Si,No,30241,,Regla 2 coherente para validaciones implementadas.
GPA-001__R2-002__R1-004__0950,GPA-001__R2-002__R1-004,02_inputs_xml_flat/GPA-001__R2-002__R1-004__0950.xml,PASS,INFO,R1.D01=NO;R1.D03=NO;R2.D01=SI;R2.D02=SI;R2.D03=NO,MUNICIPIO30242,MUNICIPIO_SIN_CN_TRAB,Si,No,30242,,Regla 2 coherente para validaciones implementadas.
GPA-001__R2-002__R1-004__0951,GPA-001__R2-002__R1-004,02_inputs_xml_flat/GPA-001__R2-002__R1-004__0951.xml,PASS,INFO,R1.D01=NO;R1.D03=NO;R2.D01=SI;R2.D02=SI;R2.D03=NO,MUNICIPIO30243,MUNICIPIO_SIN_CN_TRAB,Si,No,30243,,Regla 2 coherente para validaciones implementadas.
GPA-001__R2-002__R1-004__0952,GPA-001__R2-002__R1-004,02_inputs_xml_flat/GPA-001__R2-002__R1-004__0952.xml,PASS,INFO,R1.D01=NO;R1.D03=NO;R2.D01=SI;R2.D02=SI;R2.D03=NO,MUNICIPIO30241,MUNICIPIO_SIN_CN_TRAB,Si,No,30241,,Regla 2 coherente para validaciones implementadas.
GPA-001__R2-002__R1-004__0953,GPA-001__R2-002__R1-004,02_inputs_xml_flat/GPA-001__R2-002__R1-004__0953.xml,PASS,INFO,R1.D01=NO;R1.D03=NO;R2.D01=SI;R2.D02=SI;R2.D03=NO,MUNICIPIO30242,MUNICIPIO_SIN_CN_TRAB,Si,No,30242,,Regla 2 coherente para validaciones implementadas.
GPA-001__R2-002__R1-004__0954,GPA-001__R2-002__R1-004,02_inputs_xml_flat/GPA-001__R2-002__R1-004__0954.xml,PASS,INFO,R1.D01=NO;R1.D03=NO;R2.D01=SI;R2.D02=SI;R2.D03=NO,MUNICIPIO30243,MUNICIPIO_SIN_CN_TRAB,Si,No,30243,,Regla 2 coherente para validaciones implementadas.
GPA-001__R2-002__R1-004__0955,GPA-001__R2-002__R1-004,02_inputs_xml_flat/GPA-001__R2-002__R1-004__0955.xml,PASS,INFO,R1.D01=NO;R1.D03=NO;R2.D01=SI;R2.D02=SI;R2.D03=NO,MUNICIPIO30241,MUNICIPIO_SIN_CN_TRAB,Si,No,30241,,Regla 2 coherente para validaciones implementadas.
GPA-001__R2-002__R1-004__0956,GPA-001__R2-002__R1-004,02_inputs_xml_flat/GPA-001__R2-002__R1-004__0956.xml,PASS,INFO,R1.D01=NO;R1.D03=NO;R2.D01=SI;R2.D02=SI;R2.D03=NO,MUNICIPIO30242,MUNICIPIO_SIN_CN_TRAB,Si,No,30242,,Regla 2 coherente para validaciones implementadas.
GPA-001__R2-002__R1-004__0957,GPA-001__R2-002__R1-004,02_inputs_xml_flat/GPA-001__R2-002__R1-004__0957.xml,PASS,INFO,R1.D01=NO;R1.D03=NO;R2.D01=SI;R2.D02=SI;R2.D03=NO,MUNICIPIO30243,MUNICIPIO_SIN_CN_TRAB,Si,No,30243,,Regla 2 coherente para validaciones implementadas.
GPA-001__R2-002__R1-004__0958,GPA-001__R2-002__R1-004,02_inputs_xml_flat/GPA-001__R2-002__R1-004__0958.xml,PASS,INFO,R1.D01=NO;R1.D03=NO;R2.D01=SI;R2.D02=SI;R2.D03=NO,MUNICIPIO30241,MUNICIPIO_SIN_CN_TRAB,Si,No,30241,,Regla 2 coherente para validaciones implementadas.
GPA-001__R2-002__R1-004__0959,GPA-001__R2-002__R1-004,02_inputs_xml_flat/GPA-001__R2-002__R1-004__0959.xml,PASS,INFO,R1.D01=NO;R1.D03=NO;R2.D01=SI;R2.D02=SI;R2.D03=NO,MUNICIPIO30242,MUNICIPIO_SIN_CN_TRAB,Si,No,30242,,Regla 2 coherente para validaciones implementadas.
GPA-001__R2-002__R1-004__0960,GPA-001__R2-002__R1-004,02_inputs_xml_flat/GPA-001__R2-002__R1-004__0960.xml,PASS,INFO,R1.D01=NO;R1.D03=NO;R2.D01=SI;R2.D02=SI;R2.D03=NO,MUNICIPIO30243,MUNICIPIO_SIN_CN_TRAB,Si,No,30243,,Regla 2 coherente para validaciones implementadas.
GPA-001__R2-002__R1-004__0961,GPA-001__R2-002__R1-004,02_inputs_xml_flat/GPA-001__R2-002__R1-004__0961.xml,PASS,INFO,R1.D01=NO;R1.D03=NO;R2.D01=SI;R2.D02=SI;R2.D03=NO,MUNICIPIO30241,MUNICIPIO_SIN_CN_TRAB,Si,No,30241,,Regla 2 coherente para validaciones implementadas.
GPA-001__R2-002__R1-004__0962,GPA-001__R2-002__R1-004,02_inputs_xml_flat/GPA-001__R2-002__R1-004__0962.xml,PASS,INFO,R1.D01=NO;R1.D03=NO;R2.D01=SI;R2.D02=SI;R2.D03=NO,MUNICIPIO30242,MUNICIPIO_SIN_CN_TRAB,Si,No,30242,,Regla 2 coherente para validaciones implementadas.
GPA-001__R2-002__R1-004__0963,GPA-001__R2-002__R1-004,02_inputs_xml_flat/GPA-001__R2-002__R1-004__0963.xml,PASS,INFO,R1.D01=NO;R1.D03=NO;R2.D01=SI;R2.D02=SI;R2.D03=NO,MUNICIPIO30243,MUNICIPIO_SIN_CN_TRAB,Si,No,30243,,Regla 2 coherente para validaciones implementadas.
GPA-001__R2-002__R1-004__0964,GPA-001__R2-002__R1-004,02_inputs_xml_flat/GPA-001__R2-002__R1-004__0964.xml,PASS,INFO,R1.D01=NO;R1.D03=NO;R2.D01=SI;R2.D02=SI;R2.D03=NO,MUNICIPIO30241,MUNICIPIO_SIN_CN_TRAB,Si,No,30241,,Regla 2 coherente para validaciones implementadas.
GPA-001__R2-002__R1-004__0965,GPA-001__R2-002__R1-004,02_inputs_xml_flat/GPA-001__R2-002__R1-004__0965.xml,PASS,INFO,R1.D01=NO;R1.D03=NO;R2.D01=SI;R2.D02=SI;R2.D03=NO,MUNICIPIO30242,MUNICIPIO_SIN_CN_TRAB,Si,No,30242,,Regla 2 coherente para validaciones implementadas.
GPA-001__R2-002__R1-004__0966,GPA-001__R2-002__R1-004,02_inputs_xml_flat/GPA-001__R2-002__R1-004__0966.xml,PASS,INFO,R1.D01=NO;R1.D03=NO;R2.D01=SI;R2.D02=SI;R2.D03=NO,MUNICIPIO30243,MUNICIPIO_SIN_CN_TRAB,Si,No,30243,,Regla 2 coherente para validaciones implementadas.
GPA-001__R2-002__R1-004__0967,GPA-001__R2-002__R1-004,02_inputs_xml_flat/GPA-001__R2-002__R1-004__0967.xml,PASS,INFO,R1.D01=NO;R1.D03=NO;R2.D01=SI;R2.D02=SI;R2.D03=NO,MUNICIPIO30241,MUNICIPIO_SIN_CN_TRAB,Si,No,30241,,Regla 2 coherente para validaciones implementadas.
GPA-001__R2-002__R1-004__0968,GPA-001__R2-002__R1-004,02_inputs_xml_flat/GPA-001__R2-002__R1-004__0968.xml,PASS,INFO,R1.D01=NO;R1.D03=NO;R2.D01=SI;R2.D02=SI;R2.D03=NO,MUNICIPIO30242,MUNICIPIO_SIN_CN_TRAB,Si,No,30242,,Regla 2 coherente para validaciones implementadas.
GPA-001__R2-002__R1-004__0969,GPA-001__R2-002__R1-004,02_inputs_xml_flat/GPA-001__R2-002__R1-004__0969.xml,PASS,INFO,R1.D01=NO;R1.D03=NO;R2.D01=SI;R2.D02=SI;R2.D03=NO,MUNICIPIO30243,MUNICIPIO_SIN_CN_TRAB,Si,No,30243,,Regla 2 coherente para validaciones implementadas.
GPA-001__R2-002__R1-004__0970,GPA-001__R2-002__R1-004,02_inputs_xml_flat/GPA-001__R2-002__R1-004__0970.xml,PASS,INFO,R1.D01=NO;R1.D03=NO;R2.D01=SI;R2.D02=SI;R2.D03=NO,MUNICIPIO30241,MUNICIPIO_SIN_CN_TRAB,Si,No,30241,,Regla 2 coherente para validaciones implementadas.
GPA-001__R2-002__R1-004__0971,GPA-001__R2-002__R1-004,02_inputs_xml_flat/GPA-001__R2-002__R1-004__0971.xml,PASS,INFO,R1.D01=NO;R1.D03=NO;R2.D01=SI;R2.D02=SI;R2.D03=NO,MUNICIPIO30242,MUNICIPIO_SIN_CN_TRAB,Si,No,30242,,Regla 2 coherente para validaciones implementadas.
GPA-001__R2-002__R1-004__0972,GPA-001__R2-002__R1-004,02_inputs_xml_flat/GPA-001__R2-002__R1-004__0972.xml,PASS,INFO,R1.D01=NO;R1.D03=NO;R2.D01=SI;R2.D02=SI;R2.D03=NO,MUNICIPIO30243,MUNICIPIO_SIN_CN_TRAB,Si,No,30243,,Regla 2 coherente para validaciones implementadas.
GPA-001__R2-002__R1-004__0973,GPA-001__R2-002__R1-004,02_inputs_xml_flat/GPA-001__R2-002__R1-004__0973.xml,PASS,INFO,R1.D01=NO;R1.D03=NO;R2.D01=SI;R2.D02=SI;R2.D03=NO,MUNICIPIO30241,MUNICIPIO_SIN_CN_TRAB,Si,No,30241,,Regla 2 coherente para validaciones implementadas.
GPA-001__R2-002__R1-004__0974,GPA-001__R2-002__R1-004,02_inputs_xml_flat/GPA-001__R2-002__R1-004__0974.xml,PASS,INFO,R1.D01=NO;R1.D03=NO;R2.D01=SI;R2.D02=SI;R2.D03=NO,MUNICIPIO30242,MUNICIPIO_SIN_CN_TRAB,Si,No,30242,,Regla 2 coherente para validaciones implementadas.
GPA-001__R2-002__R1-004__0975,GPA-001__R2-002__R1-004,02_inputs_xml_flat/GPA-001__R2-002__R1-004__0975.xml,PASS,INFO,R1.D01=NO;R1.D03=NO;R2.D01=SI;R2.D02=SI;R2.D03=NO,MUNICIPIO30243,MUNICIPIO_SIN_CN_TRAB,Si,No,30243,,Regla 2 coherente para validaciones implementadas.
GPA-001__R2-002__R1-004__0976,GPA-001__R2-002__R1-004,02_inputs_xml_flat/GPA-001__R2-002__R1-004__0976.xml,PASS,INFO,R1.D01=NO;R1.D03=NO;R2.D01=SI;R2.D02=SI;R2.D03=NO,MUNICIPIO30241,MUNICIPIO_SIN_CN_TRAB,Si,No,30241,,Regla 2 coherente para validaciones implementadas.
GPA-001__R2-002__R1-004__0977,GPA-001__R2-002__R1-004,02_inputs_xml_flat/GPA-001__R2-002__R1-004__0977.xml,PASS,INFO,R1.D01=NO;R1.D03=NO;R2.D01=SI;R2.D02=SI;R2.D03=NO,MUNICIPIO30242,MUNICIPIO_SIN_CN_TRAB,Si,No,30242,,Regla 2 coherente para validaciones implementadas.
GPA-001__R2-002__R1-004__0978,GPA-001__R2-002__R1-004,02_inputs_xml_flat/GPA-001__R2-002__R1-004__0978.xml,PASS,INFO,R1.D01=NO;R1.D03=NO;R2.D01=SI;R2.D02=SI;R2.D03=NO,MUNICIPIO30243,MUNICIPIO_SIN_CN_TRAB,Si,No,30243,,Regla 2 coherente para validaciones implementadas.
GPA-001__R2-002__R1-004__0979,GPA-001__R2-002__R1-004,02_inputs_xml_flat/GPA-001__R2-002__R1-004__0979.xml,PASS,INFO,R1.D01=NO;R1.D03=NO;R2.D01=SI;R2.D02=SI;R2.D03=NO,MUNICIPIO30241,MUNICIPIO_SIN_CN_TRAB,Si,No,30241,,Regla 2 coherente para validaciones implementadas.
GPA-001__R2-002__R1-004__0980,GPA-001__R2-002__R1-004,02_inputs_xml_flat/GPA-001__R2-002__R1-004__0980.xml,PASS,INFO,R1.D01=NO;R1.D03=NO;R2.D01=SI;R2.D02=SI;R2.D03=NO,MUNICIPIO30242,MUNICIPIO_SIN_CN_TRAB,Si,No,30242,,Regla 2 coherente para validaciones implementadas.
GPA-001__R2-002__R1-004__0981,GPA-001__R2-002__R1-004,02_inputs_xml_flat/GPA-001__R2-002__R1-004__0981.xml,PASS,INFO,R1.D01=NO;R1.D03=NO;R2.D01=SI;R2.D02=SI;R2.D03=NO,MUNICIPIO30243,MUNICIPIO_SIN_CN_TRAB,Si,No,30243,,Regla 2 coherente para validaciones implementadas.
GPA-001__R2-002__R1-004__0982,GPA-001__R2-002__R1-004,02_inputs_xml_flat/GPA-001__R2-002__R1-004__0982.xml,PASS,INFO,R1.D01=NO;R1.D03=NO;R2.D01=SI;R2.D02=SI;R2.D03=NO,MUNICIPIO30241,MUNICIPIO_SIN_CN_TRAB,Si,No,30241,,Regla 2 coherente para validaciones implementadas.
GPA-001__R2-002__R1-004__0983,GPA-001__R2-002__R1-004,02_inputs_xml_flat/GPA-001__R2-002__R1-004__0983.xml,PASS,INFO,R1.D01=NO;R1.D03=NO;R2.D01=SI;R2.D02=SI;R2.D03=NO,MUNICIPIO30242,MUNICIPIO_SIN_CN_TRAB,Si,No,30242,,Regla 2 coherente para validaciones implementadas.
GPA-001__R2-002__R1-004__0984,GPA-001__R2-002__R1-004,02_inputs_xml_flat/GPA-001__R2-002__R1-004__0984.xml,PASS,INFO,R1.D01=NO;R1.D03=NO;R2.D01=SI;R2.D02=SI;R2.D03=NO,MUNICIPIO30243,MUNICIPIO_SIN_CN_TRAB,Si,No,30243,,Regla 2 coherente para validaciones implementadas.
GPA-001__R2-002__R1-004__0985,GPA-001__R2-002__R1-004,02_inputs_xml_flat/GPA-001__R2-002__R1-004__0985.xml,PASS,INFO,R1.D01=NO;R1.D03=NO;R2.D01=SI;R2.D02=SI;R2.D03=NO,MUNICIPIO30241,MUNICIPIO_SIN_CN_TRAB,Si,No,30241,,Regla 2 coherente para validaciones implementadas.
GPA-001__R2-002__R1-004__0986,GPA-001__R2-002__R1-004,02_inputs_xml_flat/GPA-001__R2-002__R1-004__0986.xml,PASS,INFO,R1.D01=NO;R1.D03=NO;R2.D01=SI;R2.D02=SI;R2.D03=NO,MUNICIPIO30242,MUNICIPIO_SIN_CN_TRAB,Si,No,30242,,Regla 2 coherente para validaciones implementadas.
GPA-001__R2-002__R1-004__0987,GPA-001__R2-002__R1-004,02_inputs_xml_flat/GPA-001__R2-002__R1-004__0987.xml,PASS,INFO,R1.D01=NO;R1.D03=NO;R2.D01=SI;R2.D02=SI;R2.D03=NO,MUNICIPIO30243,MUNICIPIO_SIN_CN_TRAB,Si,No,30243,,Regla 2 coherente para validaciones implementadas.
GPA-001__R2-002__R1-004__0988,GPA-001__R2-002__R1-004,02_inputs_xml_flat/GPA-001__R2-002__R1-004__0988.xml,PASS,INFO,R1.D01=NO;R1.D03=NO;R2.D01=SI;R2.D02=SI;R2.D03=NO,MUNICIPIO30241,MUNICIPIO_SIN_CN_TRAB,Si,No,30241,,Regla 2 coherente para validaciones implementadas.
GPA-001__R2-002__R1-004__0989,GPA-001__R2-002__R1-004,02_inputs_xml_flat/GPA-001__R2-002__R1-004__0989.xml,PASS,INFO,R1.D01=NO;R1.D03=NO;R2.D01=SI;R2.D02=SI;R2.D03=NO,MUNICIPIO30242,MUNICIPIO_SIN_CN_TRAB,Si,No,30242,,Regla 2 coherente para validaciones implementadas.
GPA-001__R2-002__R1-004__0990,GPA-001__R2-002__R1-004,02_inputs_xml_flat/GPA-001__R2-002__R1-004__0990.xml,PASS,INFO,R1.D01=NO;R1.D03=NO;R2.D01=SI;R2.D02=SI;R2.D03=NO,MUNICIPIO30243,MUNICIPIO_SIN_CN_TRAB,Si,No,30243,,Regla 2 coherente para validaciones implementadas.
GPA-001__R2-002__R1-004__0991,GPA-001__R2-002__R1-004,02_inputs_xml_flat/GPA-001__R2-002__R1-004__0991.xml,PASS,INFO,R1.D01=NO;R1.D03=NO;R2.D01=SI;R2.D02=SI;R2.D03=NO,MUNICIPIO30241,MUNICIPIO_SIN_CN_TRAB,Si,No,30241,,Regla 2 coherente para validaciones implementadas.
GPA-001__R2-002__R1-004__0992,GPA-001__R2-002__R1-004,02_inputs_xml_flat/GPA-001__R2-002__R1-004__0992.xml,PASS,INFO,R1.D01=NO;R1.D03=NO;R2.D01=SI;R2.D02=SI;R2.D03=NO,MUNICIPIO30242,MUNICIPIO_SIN_CN_TRAB,Si,No,30242,,Regla 2 coherente para validaciones implementadas.
GPA-001__R2-002__R1-004__0993,GPA-001__R2-002__R1-004,02_inputs_xml_flat/GPA-001__R2-002__R1-004__0993.xml,PASS,INFO,R1.D01=NO;R1.D03=NO;R2.D01=SI;R2.D02=SI;R2.D03=NO,MUNICIPIO30243,MUNICIPIO_SIN_CN_TRAB,Si,No,30243,,Regla 2 coherente para validaciones implementadas.
GPA-001__R2-002__R1-004__0994,GPA-001__R2-002__R1-004,02_inputs_xml_flat/GPA-001__R2-002__R1-004__0994.xml,PASS,INFO,R1.D01=NO;R1.D03=NO;R2.D01=SI;R2.D02=SI;R2.D03=NO,MUNICIPIO30241,MUNICIPIO_SIN_CN_TRAB,Si,No,30241,,Regla 2 coherente para validaciones implementadas.
GPA-001__R2-002__R1-004__0995,GPA-001__R2-002__R1-004,02_inputs_xml_flat/GPA-001__R2-002__R1-004__0995.xml,PASS,INFO,R1.D01=NO;R1.D03=NO;R2.D01=SI;R2.D02=SI;R2.D03=NO,MUNICIPIO30242,MUNICIPIO_SIN_CN_TRAB,Si,No,30242,,Regla 2 coherente para validaciones implementadas.
GPA-001__R2-002__R1-004__0996,GPA-001__R2-002__R1-004,02_inputs_xml_flat/GPA-001__R2-002__R1-004__0996.xml,PASS,INFO,R1.D01=NO;R1.D03=NO;R2.D01=SI;R2.D02=SI;R2.D03=NO,MUNICIPIO30243,MUNICIPIO_SIN_CN_TRAB,Si,No,30243,,Regla 2 coherente para validaciones implementadas.
GPA-001__R2-002__R1-004__0997,GPA-001__R2-002__R1-004,02_inputs_xml_flat/GPA-001__R2-002__R1-004__0997.xml,PASS,INFO,R1.D01=NO;R1.D03=NO;R2.D01=SI;R2.D02=SI;R2.D03=NO,MUNICIPIO30241,MUNICIPIO_SIN_CN_TRAB,Si,No,30241,,Regla 2 coherente para validaciones implementadas.
GPA-001__R2-002__R1-004__0998,GPA-001__R2-002__R1-004,02_inputs_xml_flat/GPA-001__R2-002__R1-004__0998.xml,PASS,INFO,R1.D01=NO;R1.D03=NO;R2.D01=SI;R2.D02=SI;R2.D03=NO,MUNICIPIO30242,MUNICIPIO_SIN_CN_TRAB,Si,No,30242,,Regla 2 coherente para validaciones implementadas.
GPA-001__R2-002__R1-004__0999,GPA-001__R2-002__R1-004,02_inputs_xml_flat/GPA-001__R2-002__R1-004__0999.xml,PASS,INFO,R1.D01=NO;R1.D03=NO;R2.D01=SI;R2.D02=SI;R2.D03=NO,MUNICIPIO30243,MUNICIPIO_SIN_CN_TRAB,Si,No,30243,,Regla 2 coherente para validaciones implementadas.
GPA-001__R2-002__R1-004__1000,GPA-001__R2-002__R1-004,02_inputs_xml_flat/GPA-001__R2-002__R1-004__1000.xml,PASS,INFO,R1.D01=NO;R1.D03=NO;R2.D01=SI;R2.D02=SI;R2.D03=NO,MUNICIPIO30241,MUNICIPIO_SIN_CN_TRAB,Si,No,30241,,Regla 2 coherente para validaciones implementadas.
GPA-001__R2-003__R1-001__0001,GPA-001__R2-003__R1-001,02_inputs_xml_flat/GPA-001__R2-003__R1-001__0001.xml,PASS,INFO,R1.D01=SI;R1.D02=SI;R2.D01=SI;R2.D02=NO;R2.D04=SI;R2.D05=SI;R2.D06=SI,MUNICIPIO_SIN_CN_VIV,MUNICIPIO30611,No,Si,,30611,Regla 2 coherente para validaciones implementadas.
GPA-001__R2-003__R1-001__0002,GPA-001__R2-003__R1-001,02_inputs_xml_flat/GPA-001__R2-003__R1-001__0002.xml,PASS,INFO,R1.D01=SI;R1.D02=SI;R2.D01=SI;R2.D02=NO;R2.D04=SI;R2.D05=SI;R2.D06=SI,MUNICIPIO_SIN_CN_VIV,MUNICIPIO30612,No,Si,,30612,Regla 2 coherente para validaciones implementadas.
GPA-001__R2-003__R1-001__0003,GPA-001__R2-003__R1-001,02_inputs_xml_flat/GPA-001__R2-003__R1-001__0003.xml,PASS,INFO,R1.D01=SI;R1.D02=SI;R2.D01=SI;R2.D02=NO;R2.D04=SI;R2.D05=SI;R2.D06=SI,MUNICIPIO_SIN_CN_VIV,MUNICIPIO30613,No,Si,,30613,Regla 2 coherente para validaciones implementadas.
GPA-001__R2-003__R1-001__0004,GPA-001__R2-003__R1-001,02_inputs_xml_flat/GPA-001__R2-003__R1-001__0004.xml,PASS,INFO,R1.D01=SI;R1.D02=SI;R2.D01=SI;R2.D02=NO;R2.D04=SI;R2.D05=SI;R2.D06=SI,MUNICIPIO_SIN_CN_VIV,MUNICIPIO30611,No,Si,,30611,Regla 2 coherente para validaciones implementadas.
GPA-001__R2-003__R1-001__0005,GPA-001__R2-003__R1-001,02_inputs_xml_flat/GPA-001__R2-003__R1-001__0005.xml,PASS,INFO,R1.D01=SI;R1.D02=SI;R2.D01=SI;R2.D02=NO;R2.D04=SI;R2.D05=SI;R2.D06=SI,MUNICIPIO_SIN_CN_VIV,MUNICIPIO30612,No,Si,,30612,Regla 2 coherente para validaciones implementadas.
GPA-001__R2-003__R1-001__0006,GPA-001__R2-003__R1-001,02_inputs_xml_flat/GPA-001__R2-003__R1-001__0006.xml,PASS,INFO,R1.D01=SI;R1.D02=SI;R2.D01=SI;R2.D02=NO;R2.D04=SI;R2.D05=SI;R2.D06=SI,MUNICIPIO_SIN_CN_VIV,MUNICIPIO30613,No,Si,,30613,Regla 2 coherente para validaciones implementadas.
GPA-001__R2-003__R1-001__0007,GPA-001__R2-003__R1-001,02_inputs_xml_flat/GPA-001__R2-003__R1-001__0007.xml,PASS,INFO,R1.D01=SI;R1.D02=SI;R2.D01=SI;R2.D02=NO;R2.D04=SI;R2.D05=SI;R2.D06=SI,MUNICIPIO_SIN_CN_VIV,MUNICIPIO30611,No,Si,,30611,Regla 2 coherente para validaciones implementadas.
GPA-001__R2-003__R1-001__0008,GPA-001__R2-003__R1-001,02_inputs_xml_flat/GPA-001__R2-003__R1-001__0008.xml,PASS,INFO,R1.D01=SI;R1.D02=SI;R2.D01=SI;R2.D02=NO;R2.D04=SI;R2.D05=SI;R2.D06=SI,MUNICIPIO_SIN_CN_VIV,MUNICIPIO30612,No,Si,,30612,Regla 2 coherente para validaciones implementadas.
GPA-001__R2-003__R1-001__0009,GPA-001__R2-003__R1-001,02_inputs_xml_flat/GPA-001__R2-003__R1-001__0009.xml,PASS,INFO,R1.D01=SI;R1.D02=SI;R2.D01=SI;R2.D02=NO;R2.D04=SI;R2.D05=SI;R2.D06=SI,MUNICIPIO_SIN_CN_VIV,MUNICIPIO30613,No,Si,,30613,Regla 2 coherente para validaciones implementadas.
GPA-001__R2-003__R1-001__0010,GPA-001__R2-003__R1-001,02_inputs_xml_flat/GPA-001__R2-003__R1-001__0010.xml,PASS,INFO,R1.D01=SI;R1.D02=SI;R2.D01=SI;R2.D02=NO;R2.D04=SI;R2.D05=SI;R2.D06=SI,MUNICIPIO_SIN_CN_VIV,MUNICIPIO30611,No,Si,,30611,Regla 2 coherente para validaciones implementadas.
GPA-001__R2-003__R1-001__0011,GPA-001__R2-003__R1-001,02_inputs_xml_flat/GPA-001__R2-003__R1-001__0011.xml,PASS,INFO,R1.D01=SI;R1.D02=SI;R2.D01=SI;R2.D02=NO;R2.D04=SI;R2.D05=SI;R2.D06=SI,MUNICIPIO_SIN_CN_VIV,MUNICIPIO30612,No,Si,,30612,Regla 2 coherente para validaciones implementadas.
GPA-001__R2-003__R1-001__0012,GPA-001__R2-003__R1-001,02_inputs_xml_flat/GPA-001__R2-003__R1-001__0012.xml,PASS,INFO,R1.D01=SI;R1.D02=SI;R2.D01=SI;R2.D02=NO;R2.D04=SI;R2.D05=SI;R2.D06=SI,MUNICIPIO_SIN_CN_VIV,MUNICIPIO30613,No,Si,,30613,Regla 2 coherente para validaciones implementadas.
GPA-001__R2-003__R1-001__0013,GPA-001__R2-003__R1-001,02_inputs_xml_flat/GPA-001__R2-003__R1-001__0013.xml,PASS,INFO,R1.D01=SI;R1.D02=SI;R2.D01=SI;R2.D02=NO;R2.D04=SI;R2.D05=SI;R2.D06=SI,MUNICIPIO_SIN_CN_VIV,MUNICIPIO30611,No,Si,,30611,Regla 2 coherente para validaciones implementadas.
GPA-001__R2-003__R1-001__0014,GPA-001__R2-003__R1-001,02_inputs_xml_flat/GPA-001__R2-003__R1-001__0014.xml,PASS,INFO,R1.D01=SI;R1.D02=SI;R2.D01=SI;R2.D02=NO;R2.D04=SI;R2.D05=SI;R2.D06=SI,MUNICIPIO_SIN_CN_VIV,MUNICIPIO30612,No,Si,,30612,Regla 2 coherente para validaciones implementadas.
GPA-001__R2-003__R1-001__0015,GPA-001__R2-003__R1-001,02_inputs_xml_flat/GPA-001__R2-003__R1-001__0015.xml,PASS,INFO,R1.D01=SI;R1.D02=SI;R2.D01=SI;R2.D02=NO;R2.D04=SI;R2.D05=SI;R2.D06=SI,MUNICIPIO_SIN_CN_VIV,MUNICIPIO30613,No,Si,,30613,Regla 2 coherente para validaciones implementadas.
GPA-001__R2-003__R1-001__0016,GPA-001__R2-003__R1-001,02_inputs_xml_flat/GPA-001__R2-003__R1-001__0016.xml,PASS,INFO,R1.D01=SI;R1.D02=SI;R2.D01=SI;R2.D02=NO;R2.D04=SI;R2.D05=SI;R2.D06=SI,MUNICIPIO_SIN_CN_VIV,MUNICIPIO30611,No,Si,,30611,Regla 2 coherente para validaciones implementadas.
GPA-001__R2-003__R1-001__0017,GPA-001__R2-003__R1-001,02_inputs_xml_flat/GPA-001__R2-003__R1-001__0017.xml,PASS,INFO,R1.D01=SI;R1.D02=SI;R2.D01=SI;R2.D02=NO;R2.D04=SI;R2.D05=SI;R2.D06=SI,MUNICIPIO_SIN_CN_VIV,MUNICIPIO30612,No,Si,,30612,Regla 2 coherente para validaciones implementadas.
GPA-001__R2-003__R1-001__0018,GPA-001__R2-003__R1-001,02_inputs_xml_flat/GPA-001__R2-003__R1-001__0018.xml,PASS,INFO,R1.D01=SI;R1.D02=SI;R2.D01=SI;R2.D02=NO;R2.D04=SI;R2.D05=SI;R2.D06=SI,MUNICIPIO_SIN_CN_VIV,MUNICIPIO30613,No,Si,,30613,Regla 2 coherente para validaciones implementadas.
GPA-001__R2-003__R1-001__0019,GPA-001__R2-003__R1-001,02_inputs_xml_flat/GPA-001__R2-003__R1-001__0019.xml,PASS,INFO,R1.D01=SI;R1.D02=SI;R2.D01=SI;R2.D02=NO;R2.D04=SI;R2.D05=SI;R2.D06=SI,MUNICIPIO_SIN_CN_VIV,MUNICIPIO30611,No,Si,,30611,Regla 2 coherente para validaciones implementadas.
GPA-001__R2-003__R1-001__0020,GPA-001__R2-003__R1-001,02_inputs_xml_flat/GPA-001__R2-003__R1-001__0020.xml,PASS,INFO,R1.D01=SI;R1.D02=SI;R2.D01=SI;R2.D02=NO;R2.D04=SI;R2.D05=SI;R2.D06=SI,MUNICIPIO_SIN_CN_VIV,MUNICIPIO30612,No,Si,,30612,Regla 2 coherente para validaciones implementadas.
GPA-001__R2-003__R1-001__0021,GPA-001__R2-003__R1-001,02_inputs_xml_flat/GPA-001__R2-003__R1-001__0021.xml,PASS,INFO,R1.D01=SI;R1.D02=SI;R2.D01=SI;R2.D02=NO;R2.D04=SI;R2.D05=SI;R2.D06=SI,MUNICIPIO_SIN_CN_VIV,MUNICIPIO30613,No,Si,,30613,Regla 2 coherente para validaciones implementadas.
GPA-001__R2-003__R1-001__0022,GPA-001__R2-003__R1-001,02_inputs_xml_flat/GPA-001__R2-003__R1-001__0022.xml,PASS,INFO,R1.D01=SI;R1.D02=SI;R2.D01=SI;R2.D02=NO;R2.D04=SI;R2.D05=SI;R2.D06=SI,MUNICIPIO_SIN_CN_VIV,MUNICIPIO30611,No,Si,,30611,Regla 2 coherente para validaciones implementadas.
GPA-001__R2-003__R1-001__0023,GPA-001__R2-003__R1-001,02_inputs_xml_flat/GPA-001__R2-003__R1-001__0023.xml,PASS,INFO,R1.D01=SI;R1.D02=SI;R2.D01=SI;R2.D02=NO;R2.D04=SI;R2.D05=SI;R2.D06=SI,MUNICIPIO_SIN_CN_VIV,MUNICIPIO30612,No,Si,,30612,Regla 2 coherente para validaciones implementadas.
GPA-001__R2-003__R1-001__0024,GPA-001__R2-003__R1-001,02_inputs_xml_flat/GPA-001__R2-003__R1-001__0024.xml,PASS,INFO,R1.D01=SI;R1.D02=SI;R2.D01=SI;R2.D02=NO;R2.D04=SI;R2.D05=SI;R2.D06=SI,MUNICIPIO_SIN_CN_VIV,MUNICIPIO30613,No,Si,,30613,Regla 2 coherente para validaciones implementadas.
GPA-001__R2-003__R1-001__0025,GPA-001__R2-003__R1-001,02_inputs_xml_flat/GPA-001__R2-003__R1-001__0025.xml,PASS,INFO,R1.D01=SI;R1.D02=SI;R2.D01=SI;R2.D02=NO;R2.D04=SI;R2.D05=SI;R2.D06=SI,MUNICIPIO_SIN_CN_VIV,MUNICIPIO30611,No,Si,,30611,Regla 2 coherente para validaciones implementadas.
GPA-001__R2-003__R1-001__0026,GPA-001__R2-003__R1-001,02_inputs_xml_flat/GPA-001__R2-003__R1-001__0026.xml,PASS,INFO,R1.D01=SI;R1.D02=SI;R2.D01=SI;R2.D02=NO;R2.D04=SI;R2.D05=SI;R2.D06=SI,MUNICIPIO_SIN_CN_VIV,MUNICIPIO30612,No,Si,,30612,Regla 2 coherente para validaciones implementadas.
GPA-001__R2-003__R1-001__0027,GPA-001__R2-003__R1-001,02_inputs_xml_flat/GPA-001__R2-003__R1-001__0027.xml,PASS,INFO,R1.D01=SI;R1.D02=SI;R2.D01=SI;R2.D02=NO;R2.D04=SI;R2.D05=SI;R2.D06=SI,MUNICIPIO_SIN_CN_VIV,MUNICIPIO30613,No,Si,,30613,Regla 2 coherente para validaciones implementadas.
GPA-001__R2-003__R1-001__0028,GPA-001__R2-003__R1-001,02_inputs_xml_flat/GPA-001__R2-003__R1-001__0028.xml,PASS,INFO,R1.D01=SI;R1.D02=SI;R2.D01=SI;R2.D02=NO;R2.D04=SI;R2.D05=SI;R2.D06=SI,MUNICIPIO_SIN_CN_VIV,MUNICIPIO30611,No,Si,,30611,Regla 2 coherente para validaciones implementadas.
GPA-001__R2-003__R1-001__0029,GPA-001__R2-003__R1-001,02_inputs_xml_flat/GPA-001__R2-003__R1-001__0029.xml,PASS,INFO,R1.D01=SI;R1.D02=SI;R2.D01=SI;R2.D02=NO;R2.D04=SI;R2.D05=SI;R2.D06=SI,MUNICIPIO_SIN_CN_VIV,MUNICIPIO30612,No,Si,,30612,Regla 2 coherente para validaciones implementadas.
GPA-001__R2-003__R1-001__0030,GPA-001__R2-003__R1-001,02_inputs_xml_flat/GPA-001__R2-003__R1-001__0030.xml,PASS,INFO,R1.D01=SI;R1.D02=SI;R2.D01=SI;R2.D02=NO;R2.D04=SI;R2.D05=SI;R2.D06=SI,MUNICIPIO_SIN_CN_VIV,MUNICIPIO30613,No,Si,,30613,Regla 2 coherente para validaciones implementadas.
GPA-001__R2-003__R1-001__0031,GPA-001__R2-003__R1-001,02_inputs_xml_flat/GPA-001__R2-003__R1-001__0031.xml,PASS,INFO,R1.D01=SI;R1.D02=SI;R2.D01=SI;R2.D02=NO;R2.D04=SI;R2.D05=SI;R2.D06=SI,MUNICIPIO_SIN_CN_VIV,MUNICIPIO30611,No,Si,,30611,Regla 2 coherente para validaciones implementadas.
GPA-001__R2-003__R1-001__0032,GPA-001__R2-003__R1-001,02_inputs_xml_flat/GPA-001__R2-003__R1-001__0032.xml,PASS,INFO,R1.D01=SI;R1.D02=SI;R2.D01=SI;R2.D02=NO;R2.D04=SI;R2.D05=SI;R2.D06=SI,MUNICIPIO_SIN_CN_VIV,MUNICIPIO30612,No,Si,,30612,Regla 2 coherente para validaciones implementadas.
GPA-001__R2-003__R1-001__0033,GPA-001__R2-003__R1-001,02_inputs_xml_flat/GPA-001__R2-003__R1-001__0033.xml,PASS,INFO,R1.D01=SI;R1.D02=SI;R2.D01=SI;R2.D02=NO;R2.D04=SI;R2.D05=SI;R2.D06=SI,MUNICIPIO_SIN_CN_VIV,MUNICIPIO30613,No,Si,,30613,Regla 2 coherente para validaciones implementadas.
GPA-001__R2-003__R1-001__0034,GPA-001__R2-003__R1-001,02_inputs_xml_flat/GPA-001__R2-003__R1-001__0034.xml,PASS,INFO,R1.D01=SI;R1.D02=SI;R2.D01=SI;R2.D02=NO;R2.D04=SI;R2.D05=SI;R2.D06=SI,MUNICIPIO_SIN_CN_VIV,MUNICIPIO30611,No,Si,,30611,Regla 2 coherente para validaciones implementadas.
GPA-001__R2-003__R1-001__0035,GPA-001__R2-003__R1-001,02_inputs_xml_flat/GPA-001__R2-003__R1-001__0035.xml,PASS,INFO,R1.D01=SI;R1.D02=SI;R2.D01=SI;R2.D02=NO;R2.D04=SI;R2.D05=SI;R2.D06=SI,MUNICIPIO_SIN_CN_VIV,MUNICIPIO30612,No,Si,,30612,Regla 2 coherente para validaciones implementadas.
GPA-001__R2-003__R1-001__0036,GPA-001__R2-003__R1-001,02_inputs_xml_flat/GPA-001__R2-003__R1-001__0036.xml,PASS,INFO,R1.D01=SI;R1.D02=SI;R2.D01=SI;R2.D02=NO;R2.D04=SI;R2.D05=SI;R2.D06=SI,MUNICIPIO_SIN_CN_VIV,MUNICIPIO30613,No,Si,,30613,Regla 2 coherente para validaciones implementadas.
GPA-001__R2-003__R1-001__0037,GPA-001__R2-003__R1-001,02_inputs_xml_flat/GPA-001__R2-003__R1-001__0037.xml,PASS,INFO,R1.D01=SI;R1.D02=SI;R2.D01=SI;R2.D02=NO;R2.D04=SI;R2.D05=SI;R2.D06=SI,MUNICIPIO_SIN_CN_VIV,MUNICIPIO30611,No,Si,,30611,Regla 2 coherente para validaciones implementadas.
GPA-001__R2-003__R1-001__0038,GPA-001__R2-003__R1-001,02_inputs_xml_flat/GPA-001__R2-003__R1-001__0038.xml,PASS,INFO,R1.D01=SI;R1.D02=SI;R2.D01=SI;R2.D02=NO;R2.D04=SI;R2.D05=SI;R2.D06=SI,MUNICIPIO_SIN_CN_VIV,MUNICIPIO30612,No,Si,,30612,Regla 2 coherente para validaciones implementadas.
GPA-001__R2-003__R1-001__0039,GPA-001__R2-003__R1-001,02_inputs_xml_flat/GPA-001__R2-003__R1-001__0039.xml,PASS,INFO,R1.D01=SI;R1.D02=SI;R2.D01=SI;R2.D02=NO;R2.D04=SI;R2.D05=SI;R2.D06=SI,MUNICIPIO_SIN_CN_VIV,MUNICIPIO30613,No,Si,,30613,Regla 2 coherente para validaciones implementadas.
GPA-001__R2-003__R1-001__0040,GPA-001__R2-003__R1-001,02_inputs_xml_flat/GPA-001__R2-003__R1-001__0040.xml,PASS,INFO,R1.D01=SI;R1.D02=SI;R2.D01=SI;R2.D02=NO;R2.D04=SI;R2.D05=SI;R2.D06=SI,MUNICIPIO_SIN_CN_VIV,MUNICIPIO30611,No,Si,,30611,Regla 2 coherente para validaciones implementadas.
GPA-001__R2-003__R1-001__0041,GPA-001__R2-003__R1-001,02_inputs_xml_flat/GPA-001__R2-003__R1-001__0041.xml,PASS,INFO,R1.D01=SI;R1.D02=SI;R2.D01=SI;R2.D02=NO;R2.D04=SI;R2.D05=SI;R2.D06=SI,MUNICIPIO_SIN_CN_VIV,MUNICIPIO30612,No,Si,,30612,Regla 2 coherente para validaciones implementadas.
GPA-001__R2-003__R1-001__0042,GPA-001__R2-003__R1-001,02_inputs_xml_flat/GPA-001__R2-003__R1-001__0042.xml,PASS,INFO,R1.D01=SI;R1.D02=SI;R2.D01=SI;R2.D02=NO;R2.D04=SI;R2.D05=SI;R2.D06=SI,MUNICIPIO_SIN_CN_VIV,MUNICIPIO30613,No,Si,,30613,Regla 2 coherente para validaciones implementadas.
GPA-001__R2-003__R1-001__0043,GPA-001__R2-003__R1-001,02_inputs_xml_flat/GPA-001__R2-003__R1-001__0043.xml,PASS,INFO,R1.D01=SI;R1.D02=SI;R2.D01=SI;R2.D02=NO;R2.D04=SI;R2.D05=SI;R2.D06=SI,MUNICIPIO_SIN_CN_VIV,MUNICIPIO30611,No,Si,,30611,Regla 2 coherente para validaciones implementadas.
GPA-001__R2-003__R1-001__0044,GPA-001__R2-003__R1-001,02_inputs_xml_flat/GPA-001__R2-003__R1-001__0044.xml,PASS,INFO,R1.D01=SI;R1.D02=SI;R2.D01=SI;R2.D02=NO;R2.D04=SI;R2.D05=SI;R2.D06=SI,MUNICIPIO_SIN_CN_VIV,MUNICIPIO30612,No,Si,,30612,Regla 2 coherente para validaciones implementadas.
GPA-001__R2-003__R1-001__0045,GPA-001__R2-003__R1-001,02_inputs_xml_flat/GPA-001__R2-003__R1-001__0045.xml,PASS,INFO,R1.D01=SI;R1.D02=SI;R2.D01=SI;R2.D02=NO;R2.D04=SI;R2.D05=SI;R2.D06=SI,MUNICIPIO_SIN_CN_VIV,MUNICIPIO30613,No,Si,,30613,Regla 2 coherente para validaciones implementadas.
GPA-001__R2-003__R1-001__0046,GPA-001__R2-003__R1-001,02_inputs_xml_flat/GPA-001__R2-003__R1-001__0046.xml,PASS,INFO,R1.D01=SI;R1.D02=SI;R2.D01=SI;R2.D02=NO;R2.D04=SI;R2.D05=SI;R2.D06=SI,MUNICIPIO_SIN_CN_VIV,MUNICIPIO30611,No,Si,,30611,Regla 2 coherente para validaciones implementadas.
GPA-001__R2-003__R1-001__0047,GPA-001__R2-003__R1-001,02_inputs_xml_flat/GPA-001__R2-003__R1-001__0047.xml,PASS,INFO,R1.D01=SI;R1.D02=SI;R2.D01=SI;R2.D02=NO;R2.D04=SI;R2.D05=SI;R2.D06=SI,MUNICIPIO_SIN_CN_VIV,MUNICIPIO30612,No,Si,,30612,Regla 2 coherente para validaciones implementadas.
GPA-001__R2-003__R1-001__0048,GPA-001__R2-003__R1-001,02_inputs_xml_flat/GPA-001__R2-003__R1-001__0048.xml,PASS,INFO,R1.D01=SI;R1.D02=SI;R2.D01=SI;R2.D02=NO;R2.D04=SI;R2.D05=SI;R2.D06=SI,MUNICIPIO_SIN_CN_VIV,MUNICIPIO30613,No,Si,,30613,Regla 2 coherente para validaciones implementadas.
GPA-001__R2-003__R1-001__0049,GPA-001__R2-003__R1-001,02_inputs_xml_flat/GPA-001__R2-003__R1-001__0049.xml,PASS,INFO,R1.D01=SI;R1.D02=SI;R2.D01=SI;R2.D02=NO;R2.D04=SI;R2.D05=SI;R2.D06=SI,MUNICIPIO_SIN_CN_VIV,MUNICIPIO30611,No,Si,,30611,Regla 2 coherente para validaciones implementadas.
GPA-001__R2-003__R1-001__0050,GPA-001__R2-003__R1-001,02_inputs_xml_flat/GPA-001__R2-003__R1-001__0050.xml,PASS,INFO,R1.D01=SI;R1.D02=SI;R2.D01=SI;R2.D02=NO;R2.D04=SI;R2.D05=SI;R2.D06=SI,MUNICIPIO_SIN_CN_VIV,MUNICIPIO30612,No,Si,,30612,Regla 2 coherente para validaciones implementadas.
GPA-001__R2-003__R1-001__0051,GPA-001__R2-003__R1-001,02_inputs_xml_flat/GPA-001__R2-003__R1-001__0051.xml,PASS,INFO,R1.D01=SI;R1.D02=SI;R2.D01=SI;R2.D02=NO;R2.D04=SI;R2.D05=SI;R2.D06=SI,MUNICIPIO_SIN_CN_VIV,MUNICIPIO30613,No,Si,,30613,Regla 2 coherente para validaciones implementadas.
GPA-001__R2-003__R1-001__0052,GPA-001__R2-003__R1-001,02_inputs_xml_flat/GPA-001__R2-003__R1-001__0052.xml,PASS,INFO,R1.D01=SI;R1.D02=SI;R2.D01=SI;R2.D02=NO;R2.D04=SI;R2.D05=SI;R2.D06=SI,MUNICIPIO_SIN_CN_VIV,MUNICIPIO30611,No,Si,,30611,Regla 2 coherente para validaciones implementadas.
GPA-001__R2-003__R1-001__0053,GPA-001__R2-003__R1-001,02_inputs_xml_flat/GPA-001__R2-003__R1-001__0053.xml,PASS,INFO,R1.D01=SI;R1.D02=SI;R2.D01=SI;R2.D02=NO;R2.D04=SI;R2.D05=SI;R2.D06=SI,MUNICIPIO_SIN_CN_VIV,MUNICIPIO30612,No,Si,,30612,Regla 2 coherente para validaciones implementadas.
GPA-001__R2-003__R1-001__0054,GPA-001__R2-003__R1-001,02_inputs_xml_flat/GPA-001__R2-003__R1-001__0054.xml,PASS,INFO,R1.D01=SI;R1.D02=SI;R2.D01=SI;R2.D02=NO;R2.D04=SI;R2.D05=SI;R2.D06=SI,MUNICIPIO_SIN_CN_VIV,MUNICIPIO30613,No,Si,,30613,Regla 2 coherente para validaciones implementadas.
GPA-001__R2-003__R1-001__0055,GPA-001__R2-003__R1-001,02_inputs_xml_flat/GPA-001__R2-003__R1-001__0055.xml,PASS,INFO,R1.D01=SI;R1.D02=SI;R2.D01=SI;R2.D02=NO;R2.D04=SI;R2.D05=SI;R2.D06=SI,MUNICIPIO_SIN_CN_VIV,MUNICIPIO30611,No,Si,,30611,Regla 2 coherente para validaciones implementadas.
GPA-001__R2-003__R1-001__0056,GPA-001__R2-003__R1-001,02_inputs_xml_flat/GPA-001__R2-003__R1-001__0056.xml,PASS,INFO,R1.D01=SI;R1.D02=SI;R2.D01=SI;R2.D02=NO;R2.D04=SI;R2.D05=SI;R2.D06=SI,MUNICIPIO_SIN_CN_VIV,MUNICIPIO30612,No,Si,,30612,Regla 2 coherente para validaciones implementadas.
GPA-001__R2-003__R1-001__0057,GPA-001__R2-003__R1-001,02_inputs_xml_flat/GPA-001__R2-003__R1-001__0057.xml,PASS,INFO,R1.D01=SI;R1.D02=SI;R2.D01=SI;R2.D02=NO;R2.D04=SI;R2.D05=SI;R2.D06=SI,MUNICIPIO_SIN_CN_VIV,MUNICIPIO30613,No,Si,,30613,Regla 2 coherente para validaciones implementadas.
GPA-001__R2-003__R1-001__0058,GPA-001__R2-003__R1-001,02_inputs_xml_flat/GPA-001__R2-003__R1-001__0058.xml,PASS,INFO,R1.D01=SI;R1.D02=SI;R2.D01=SI;R2.D02=NO;R2.D04=SI;R2.D05=SI;R2.D06=SI,MUNICIPIO_SIN_CN_VIV,MUNICIPIO30611,No,Si,,30611,Regla 2 coherente para validaciones implementadas.
GPA-001__R2-003__R1-001__0059,GPA-001__R2-003__R1-001,02_inputs_xml_flat/GPA-001__R2-003__R1-001__0059.xml,PASS,INFO,R1.D01=SI;R1.D02=SI;R2.D01=SI;R2.D02=NO;R2.D04=SI;R2.D05=SI;R2.D06=SI,MUNICIPIO_SIN_CN_VIV,MUNICIPIO30612,No,Si,,30612,Regla 2 coherente para validaciones implementadas.
GPA-001__R2-003__R1-001__0060,GPA-001__R2-003__R1-001,02_inputs_xml_flat/GPA-001__R2-003__R1-001__0060.xml,PASS,INFO,R1.D01=SI;R1.D02=SI;R2.D01=SI;R2.D02=NO;R2.D04=SI;R2.D05=SI;R2.D06=SI,MUNICIPIO_SIN_CN_VIV,MUNICIPIO30613,No,Si,,30613,Regla 2 coherente para validaciones implementadas.
GPA-001__R2-003__R1-001__0061,GPA-001__R2-003__R1-001,02_inputs_xml_flat/GPA-001__R2-003__R1-001__0061.xml,PASS,INFO,R1.D01=SI;R1.D02=SI;R2.D01=SI;R2.D02=NO;R2.D04=SI;R2.D05=SI;R2.D06=SI,MUNICIPIO_SIN_CN_VIV,MUNICIPIO30611,No,Si,,30611,Regla 2 coherente para validaciones implementadas.
GPA-001__R2-003__R1-001__0062,GPA-001__R2-003__R1-001,02_inputs_xml_flat/GPA-001__R2-003__R1-001__0062.xml,PASS,INFO,R1.D01=SI;R1.D02=SI;R2.D01=SI;R2.D02=NO;R2.D04=SI;R2.D05=SI;R2.D06=SI,MUNICIPIO_SIN_CN_VIV,MUNICIPIO30612,No,Si,,30612,Regla 2 coherente para validaciones implementadas.
GPA-001__R2-003__R1-001__0063,GPA-001__R2-003__R1-001,02_inputs_xml_flat/GPA-001__R2-003__R1-001__0063.xml,PASS,INFO,R1.D01=SI;R1.D02=SI;R2.D01=SI;R2.D02=NO;R2.D04=SI;R2.D05=SI;R2.D06=SI,MUNICIPIO_SIN_CN_VIV,MUNICIPIO30613,No,Si,,30613,Regla 2 coherente para validaciones implementadas.
GPA-001__R2-003__R1-001__0064,GPA-001__R2-003__R1-001,02_inputs_xml_flat/GPA-001__R2-003__R1-001__0064.xml,PASS,INFO,R1.D01=SI;R1.D02=SI;R2.D01=SI;R2.D02=NO;R2.D04=SI;R2.D05=SI;R2.D06=SI,MUNICIPIO_SIN_CN_VIV,MUNICIPIO30611,No,Si,,30611,Regla 2 coherente para validaciones implementadas.
GPA-001__R2-003__R1-001__0065,GPA-001__R2-003__R1-001,02_inputs_xml_flat/GPA-001__R2-003__R1-001__0065.xml,PASS,INFO,R1.D01=SI;R1.D02=SI;R2.D01=SI;R2.D02=NO;R2.D04=SI;R2.D05=SI;R2.D06=SI,MUNICIPIO_SIN_CN_VIV,MUNICIPIO30612,No,Si,,30612,Regla 2 coherente para validaciones implementadas.
GPA-001__R2-003__R1-001__0066,GPA-001__R2-003__R1-001,02_inputs_xml_flat/GPA-001__R2-003__R1-001__0066.xml,PASS,INFO,R1.D01=SI;R1.D02=SI;R2.D01=SI;R2.D02=NO;R2.D04=SI;R2.D05=SI;R2.D06=SI,MUNICIPIO_SIN_CN_VIV,MUNICIPIO30613,No,Si,,30613,Regla 2 coherente para validaciones implementadas.
GPA-001__R2-003__R1-001__0067,GPA-001__R2-003__R1-001,02_inputs_xml_flat/GPA-001__R2-003__R1-001__0067.xml,PASS,INFO,R1.D01=SI;R1.D02=SI;R2.D01=SI;R2.D02=NO;R2.D04=SI;R2.D05=SI;R2.D06=SI,MUNICIPIO_SIN_CN_VIV,MUNICIPIO30611,No,Si,,30611,Regla 2 coherente para validaciones implementadas.
GPA-001__R2-003__R1-001__0068,GPA-001__R2-003__R1-001,02_inputs_xml_flat/GPA-001__R2-003__R1-001__0068.xml,PASS,INFO,R1.D01=SI;R1.D02=SI;R2.D01=SI;R2.D02=NO;R2.D04=SI;R2.D05=SI;R2.D06=SI,MUNICIPIO_SIN_CN_VIV,MUNICIPIO30612,No,Si,,30612,Regla 2 coherente para validaciones implementadas.
GPA-001__R2-003__R1-001__0069,GPA-001__R2-003__R1-001,02_inputs_xml_flat/GPA-001__R2-003__R1-001__0069.xml,PASS,INFO,R1.D01=SI;R1.D02=SI;R2.D01=SI;R2.D02=NO;R2.D04=SI;R2.D05=SI;R2.D06=SI,MUNICIPIO_SIN_CN_VIV,MUNICIPIO30613,No,Si,,30613,Regla 2 coherente para validaciones implementadas.
GPA-001__R2-003__R1-001__0070,GPA-001__R2-003__R1-001,02_inputs_xml_flat/GPA-001__R2-003__R1-001__0070.xml,PASS,INFO,R1.D01=SI;R1.D02=SI;R2.D01=SI;R2.D02=NO;R2.D04=SI;R2.D05=SI;R2.D06=SI,MUNICIPIO_SIN_CN_VIV,MUNICIPIO30611,No,Si,,30611,Regla 2 coherente para validaciones implementadas.
GPA-001__R2-003__R1-001__0071,GPA-001__R2-003__R1-001,02_inputs_xml_flat/GPA-001__R2-003__R1-001__0071.xml,PASS,INFO,R1.D01=SI;R1.D02=SI;R2.D01=SI;R2.D02=NO;R2.D04=SI;R2.D05=SI;R2.D06=SI,MUNICIPIO_SIN_CN_VIV,MUNICIPIO30612,No,Si,,30612,Regla 2 coherente para validaciones implementadas.
GPA-001__R2-003__R1-001__0072,GPA-001__R2-003__R1-001,02_inputs_xml_flat/GPA-001__R2-003__R1-001__0072.xml,PASS,INFO,R1.D01=SI;R1.D02=SI;R2.D01=SI;R2.D02=NO;R2.D04=SI;R2.D05=SI;R2.D06=SI,MUNICIPIO_SIN_CN_VIV,MUNICIPIO30613,No,Si,,30613,Regla 2 coherente para validaciones implementadas.
GPA-001__R2-003__R1-001__0073,GPA-001__R2-003__R1-001,02_inputs_xml_flat/GPA-001__R2-003__R1-001__0073.xml,PASS,INFO,R1.D01=SI;R1.D02=SI;R2.D01=SI;R2.D02=NO;R2.D04=SI;R2.D05=SI;R2.D06=SI,MUNICIPIO_SIN_CN_VIV,MUNICIPIO30611,No,Si,,30611,Regla 2 coherente para validaciones implementadas.
GPA-001__R2-003__R1-001__0074,GPA-001__R2-003__R1-001,02_inputs_xml_flat/GPA-001__R2-003__R1-001__0074.xml,PASS,INFO,R1.D01=SI;R1.D02=SI;R2.D01=SI;R2.D02=NO;R2.D04=SI;R2.D05=SI;R2.D06=SI,MUNICIPIO_SIN_CN_VIV,MUNICIPIO30612,No,Si,,30612,Regla 2 coherente para validaciones implementadas.
GPA-001__R2-003__R1-001__0075,GPA-001__R2-003__R1-001,02_inputs_xml_flat/GPA-001__R2-003__R1-001__0075.xml,PASS,INFO,R1.D01=SI;R1.D02=SI;R2.D01=SI;R2.D02=NO;R2.D04=SI;R2.D05=SI;R2.D06=SI,MUNICIPIO_SIN_CN_VIV,MUNICIPIO30613,No,Si,,30613,Regla 2 coherente para validaciones implementadas.
GPA-001__R2-003__R1-001__0076,GPA-001__R2-003__R1-001,02_inputs_xml_flat/GPA-001__R2-003__R1-001__0076.xml,PASS,INFO,R1.D01=SI;R1.D02=SI;R2.D01=SI;R2.D02=NO;R2.D04=SI;R2.D05=SI;R2.D06=SI,MUNICIPIO_SIN_CN_VIV,MUNICIPIO30611,No,Si,,30611,Regla 2 coherente para validaciones implementadas.
GPA-001__R2-003__R1-001__0077,GPA-001__R2-003__R1-001,02_inputs_xml_flat/GPA-001__R2-003__R1-001__0077.xml,PASS,INFO,R1.D01=SI;R1.D02=SI;R2.D01=SI;R2.D02=NO;R2.D04=SI;R2.D05=SI;R2.D06=SI,MUNICIPIO_SIN_CN_VIV,MUNICIPIO30612,No,Si,,30612,Regla 2 coherente para validaciones implementadas.
GPA-001__R2-003__R1-001__0078,GPA-001__R2-003__R1-001,02_inputs_xml_flat/GPA-001__R2-003__R1-001__0078.xml,PASS,INFO,R1.D01=SI;R1.D02=SI;R2.D01=SI;R2.D02=NO;R2.D04=SI;R2.D05=SI;R2.D06=SI,MUNICIPIO_SIN_CN_VIV,MUNICIPIO30613,No,Si,,30613,Regla 2 coherente para validaciones implementadas.
GPA-001__R2-003__R1-001__0079,GPA-001__R2-003__R1-001,02_inputs_xml_flat/GPA-001__R2-003__R1-001__0079.xml,PASS,INFO,R1.D01=SI;R1.D02=SI;R2.D01=SI;R2.D02=NO;R2.D04=SI;R2.D05=SI;R2.D06=SI,MUNICIPIO_SIN_CN_VIV,MUNICIPIO30611,No,Si,,30611,Regla 2 coherente para validaciones implementadas.
GPA-001__R2-003__R1-001__0080,GPA-001__R2-003__R1-001,02_inputs_xml_flat/GPA-001__R2-003__R1-001__0080.xml,PASS,INFO,R1.D01=SI;R1.D02=SI;R2.D01=SI;R2.D02=NO;R2.D04=SI;R2.D05=SI;R2.D06=SI,MUNICIPIO_SIN_CN_VIV,MUNICIPIO30612,No,Si,,30612,Regla 2 coherente para validaciones implementadas.
GPA-001__R2-003__R1-001__0081,GPA-001__R2-003__R1-001,02_inputs_xml_flat/GPA-001__R2-003__R1-001__0081.xml,PASS,INFO,R1.D01=SI;R1.D02=SI;R2.D01=SI;R2.D02=NO;R2.D04=SI;R2.D05=SI;R2.D06=SI,MUNICIPIO_SIN_CN_VIV,MUNICIPIO30613,No,Si,,30613,Regla 2 coherente para validaciones implementadas.
GPA-001__R2-003__R1-001__0082,GPA-001__R2-003__R1-001,02_inputs_xml_flat/GPA-001__R2-003__R1-001__0082.xml,PASS,INFO,R1.D01=SI;R1.D02=SI;R2.D01=SI;R2.D02=NO;R2.D04=SI;R2.D05=SI;R2.D06=SI,MUNICIPIO_SIN_CN_VIV,MUNICIPIO30611,No,Si,,30611,Regla 2 coherente para validaciones implementadas.
GPA-001__R2-003__R1-001__0083,GPA-001__R2-003__R1-001,02_inputs_xml_flat/GPA-001__R2-003__R1-001__0083.xml,PASS,INFO,R1.D01=SI;R1.D02=SI;R2.D01=SI;R2.D02=NO;R2.D04=SI;R2.D05=SI;R2.D06=SI,MUNICIPIO_SIN_CN_VIV,MUNICIPIO30612,No,Si,,30612,Regla 2 coherente para validaciones implementadas.
GPA-001__R2-003__R1-001__0084,GPA-001__R2-003__R1-001,02_inputs_xml_flat/GPA-001__R2-003__R1-001__0084.xml,PASS,INFO,R1.D01=SI;R1.D02=SI;R2.D01=SI;R2.D02=NO;R2.D04=SI;R2.D05=SI;R2.D06=SI,MUNICIPIO_SIN_CN_VIV,MUNICIPIO30613,No,Si,,30613,Regla 2 coherente para validaciones implementadas.
GPA-001__R2-003__R1-001__0085,GPA-001__R2-003__R1-001,02_inputs_xml_flat/GPA-001__R2-003__R1-001__0085.xml,PASS,INFO,R1.D01=SI;R1.D02=SI;R2.D01=SI;R2.D02=NO;R2.D04=SI;R2.D05=SI;R2.D06=SI,MUNICIPIO_SIN_CN_VIV,MUNICIPIO30611,No,Si,,30611,Regla 2 coherente para validaciones implementadas.
GPA-001__R2-003__R1-001__0086,GPA-001__R2-003__R1-001,02_inputs_xml_flat/GPA-001__R2-003__R1-001__0086.xml,PASS,INFO,R1.D01=SI;R1.D02=SI;R2.D01=SI;R2.D02=NO;R2.D04=SI;R2.D05=SI;R2.D06=SI,MUNICIPIO_SIN_CN_VIV,MUNICIPIO30612,No,Si,,30612,Regla 2 coherente para validaciones implementadas.
GPA-001__R2-003__R1-001__0087,GPA-001__R2-003__R1-001,02_inputs_xml_flat/GPA-001__R2-003__R1-001__0087.xml,PASS,INFO,R1.D01=SI;R1.D02=SI;R2.D01=SI;R2.D02=NO;R2.D04=SI;R2.D05=SI;R2.D06=SI,MUNICIPIO_SIN_CN_VIV,MUNICIPIO30613,No,Si,,30613,Regla 2 coherente para validaciones implementadas.
GPA-001__R2-003__R1-001__0088,GPA-001__R2-003__R1-001,02_inputs_xml_flat/GPA-001__R2-003__R1-001__0088.xml,PASS,INFO,R1.D01=SI;R1.D02=SI;R2.D01=SI;R2.D02=NO;R2.D04=SI;R2.D05=SI;R2.D06=SI,MUNICIPIO_SIN_CN_VIV,MUNICIPIO30611,No,Si,,30611,Regla 2 coherente para validaciones implementadas.
GPA-001__R2-003__R1-001__0089,GPA-001__R2-003__R1-001,02_inputs_xml_flat/GPA-001__R2-003__R1-001__0089.xml,PASS,INFO,R1.D01=SI;R1.D02=SI;R2.D01=SI;R2.D02=NO;R2.D04=SI;R2.D05=SI;R2.D06=SI,MUNICIPIO_SIN_CN_VIV,MUNICIPIO30612,No,Si,,30612,Regla 2 coherente para validaciones implementadas.
GPA-001__R2-003__R1-001__0090,GPA-001__R2-003__R1-001,02_inputs_xml_flat/GPA-001__R2-003__R1-001__0090.xml,PASS,INFO,R1.D01=SI;R1.D02=SI;R2.D01=SI;R2.D02=NO;R2.D04=SI;R2.D05=SI;R2.D06=SI,MUNICIPIO_SIN_CN_VIV,MUNICIPIO30613,No,Si,,30613,Regla 2 coherente para validaciones implementadas.
GPA-001__R2-003__R1-001__0091,GPA-001__R2-003__R1-001,02_inputs_xml_flat/GPA-001__R2-003__R1-001__0091.xml,PASS,INFO,R1.D01=SI;R1.D02=SI;R2.D01=SI;R2.D02=NO;R2.D04=SI;R2.D05=SI;R2.D06=SI,MUNICIPIO_SIN_CN_VIV,MUNICIPIO30611,No,Si,,30611,Regla 2 coherente para validaciones implementadas.
GPA-001__R2-003__R1-001__0092,GPA-001__R2-003__R1-001,02_inputs_xml_flat/GPA-001__R2-003__R1-001__0092.xml,PASS,INFO,R1.D01=SI;R1.D02=SI;R2.D01=SI;R2.D02=NO;R2.D04=SI;R2.D05=SI;R2.D06=SI,MUNICIPIO_SIN_CN_VIV,MUNICIPIO30612,No,Si,,30612,Regla 2 coherente para validaciones implementadas.
GPA-001__R2-003__R1-001__0093,GPA-001__R2-003__R1-001,02_inputs_xml_flat/GPA-001__R2-003__R1-001__0093.xml,PASS,INFO,R1.D01=SI;R1.D02=SI;R2.D01=SI;R2.D02=NO;R2.D04=SI;R2.D05=SI;R2.D06=SI,MUNICIPIO_SIN_CN_VIV,MUNICIPIO30613,No,Si,,30613,Regla 2 coherente para validaciones implementadas.
GPA-001__R2-003__R1-001__0094,GPA-001__R2-003__R1-001,02_inputs_xml_flat/GPA-001__R2-003__R1-001__0094.xml,PASS,INFO,R1.D01=SI;R1.D02=SI;R2.D01=SI;R2.D02=NO;R2.D04=SI;R2.D05=SI;R2.D06=SI,MUNICIPIO_SIN_CN_VIV,MUNICIPIO30611,No,Si,,30611,Regla 2 coherente para validaciones implementadas.
GPA-001__R2-003__R1-001__0095,GPA-001__R2-003__R1-001,02_inputs_xml_flat/GPA-001__R2-003__R1-001__0095.xml,PASS,INFO,R1.D01=SI;R1.D02=SI;R2.D01=SI;R2.D02=NO;R2.D04=SI;R2.D05=SI;R2.D06=SI,MUNICIPIO_SIN_CN_VIV,MUNICIPIO30612,No,Si,,30612,Regla 2 coherente para validaciones implementadas.
GPA-001__R2-003__R1-001__0096,GPA-001__R2-003__R1-001,02_inputs_xml_flat/GPA-001__R2-003__R1-001__0096.xml,PASS,INFO,R1.D01=SI;R1.D02=SI;R2.D01=SI;R2.D02=NO;R2.D04=SI;R2.D05=SI;R2.D06=SI,MUNICIPIO_SIN_CN_VIV,MUNICIPIO30613,No,Si,,30613,Regla 2 coherente para validaciones implementadas.
GPA-001__R2-003__R1-001__0097,GPA-001__R2-003__R1-001,02_inputs_xml_flat/GPA-001__R2-003__R1-001__0097.xml,PASS,INFO,R1.D01=SI;R1.D02=SI;R2.D01=SI;R2.D02=NO;R2.D04=SI;R2.D05=SI;R2.D06=SI,MUNICIPIO_SIN_CN_VIV,MUNICIPIO30611,No,Si,,30611,Regla 2 coherente para validaciones implementadas.
GPA-001__R2-003__R1-001__0098,GPA-001__R2-003__R1-001,02_inputs_xml_flat/GPA-001__R2-003__R1-001__0098.xml,PASS,INFO,R1.D01=SI;R1.D02=SI;R2.D01=SI;R2.D02=NO;R2.D04=SI;R2.D05=SI;R2.D06=SI,MUNICIPIO_SIN_CN_VIV,MUNICIPIO30612,No,Si,,30612,Regla 2 coherente para validaciones implementadas.
GPA-001__R2-003__R1-001__0099,GPA-001__R2-003__R1-001,02_inputs_xml_flat/GPA-001__R2-003__R1-001__0099.xml,PASS,INFO,R1.D01=SI;R1.D02=SI;R2.D01=SI;R2.D02=NO;R2.D04=SI;R2.D05=SI;R2.D06=SI,MUNICIPIO_SIN_CN_VIV,MUNICIPIO30613,No,Si,,30613,Regla 2 coherente para validaciones implementadas.
GPA-001__R2-003__R1-001__0100,GPA-001__R2-003__R1-001,02_inputs_xml_flat/GPA-001__R2-003__R1-001__0100.xml,PASS,INFO,R1.D01=SI;R1.D02=SI;R2.D01=SI;R2.D02=NO;R2.D04=SI;R2.D05=SI;R2.D06=SI,MUNICIPIO_SIN_CN_VIV,MUNICIPIO30611,No,Si,,30611,Regla 2 coherente para validaciones implementadas.
GPA-001__R2-003__R1-001__0101,GPA-001__R2-003__R1-001,02_inputs_xml_flat/GPA-001__R2-003__R1-001__0101.xml,PASS,INFO,R1.D01=SI;R1.D02=SI;R2.D01=SI;R2.D02=NO;R2.D04=SI;R2.D05=SI;R2.D06=SI,MUNICIPIO_SIN_CN_VIV,MUNICIPIO30612,No,Si,,30612,Regla 2 coherente para validaciones implementadas.
GPA-001__R2-003__R1-001__0102,GPA-001__R2-003__R1-001,02_inputs_xml_flat/GPA-001__R2-003__R1-001__0102.xml,PASS,INFO,R1.D01=SI;R1.D02=SI;R2.D01=SI;R2.D02=NO;R2.D04=SI;R2.D05=SI;R2.D06=SI,MUNICIPIO_SIN_CN_VIV,MUNICIPIO30613,No,Si,,30613,Regla 2 coherente para validaciones implementadas.
GPA-001__R2-003__R1-001__0103,GPA-001__R2-003__R1-001,02_inputs_xml_flat/GPA-001__R2-003__R1-001__0103.xml,PASS,INFO,R1.D01=SI;R1.D02=SI;R2.D01=SI;R2.D02=NO;R2.D04=SI;R2.D05=SI;R2.D06=SI,MUNICIPIO_SIN_CN_VIV,MUNICIPIO30611,No,Si,,30611,Regla 2 coherente para validaciones implementadas.
GPA-001__R2-003__R1-001__0104,GPA-001__R2-003__R1-001,02_inputs_xml_flat/GPA-001__R2-003__R1-001__0104.xml,PASS,INFO,R1.D01=SI;R1.D02=SI;R2.D01=SI;R2.D02=NO;R2.D04=SI;R2.D05=SI;R2.D06=SI,MUNICIPIO_SIN_CN_VIV,MUNICIPIO30612,No,Si,,30612,Regla 2 coherente para validaciones implementadas.
GPA-001__R2-003__R1-001__0105,GPA-001__R2-003__R1-001,02_inputs_xml_flat/GPA-001__R2-003__R1-001__0105.xml,PASS,INFO,R1.D01=SI;R1.D02=SI;R2.D01=SI;R2.D02=NO;R2.D04=SI;R2.D05=SI;R2.D06=SI,MUNICIPIO_SIN_CN_VIV,MUNICIPIO30613,No,Si,,30613,Regla 2 coherente para validaciones implementadas.
GPA-001__R2-003__R1-001__0106,GPA-001__R2-003__R1-001,02_inputs_xml_flat/GPA-001__R2-003__R1-001__0106.xml,PASS,INFO,R1.D01=SI;R1.D02=SI;R2.D01=SI;R2.D02=NO;R2.D04=SI;R2.D05=SI;R2.D06=SI,MUNICIPIO_SIN_CN_VIV,MUNICIPIO30611,No,Si,,30611,Regla 2 coherente para validaciones implementadas.
GPA-001__R2-003__R1-001__0107,GPA-001__R2-003__R1-001,02_inputs_xml_flat/GPA-001__R2-003__R1-001__0107.xml,PASS,INFO,R1.D01=SI;R1.D02=SI;R2.D01=SI;R2.D02=NO;R2.D04=SI;R2.D05=SI;R2.D06=SI,MUNICIPIO_SIN_CN_VIV,MUNICIPIO30612,No,Si,,30612,Regla 2 coherente para validaciones implementadas.
GPA-001__R2-003__R1-001__0108,GPA-001__R2-003__R1-001,02_inputs_xml_flat/GPA-001__R2-003__R1-001__0108.xml,PASS,INFO,R1.D01=SI;R1.D02=SI;R2.D01=SI;R2.D02=NO;R2.D04=SI;R2.D05=SI;R2.D06=SI,MUNICIPIO_SIN_CN_VIV,MUNICIPIO30613,No,Si,,30613,Regla 2 coherente para validaciones implementadas.
GPA-001__R2-003__R1-001__0109,GPA-001__R2-003__R1-001,02_inputs_xml_flat/GPA-001__R2-003__R1-001__0109.xml,PASS,INFO,R1.D01=SI;R1.D02=SI;R2.D01=SI;R2.D02=NO;R2.D04=SI;R2.D05=SI;R2.D06=SI,MUNICIPIO_SIN_CN_VIV,MUNICIPIO30611,No,Si,,30611,Regla 2 coherente para validaciones implementadas.
GPA-001__R2-003__R1-001__0110,GPA-001__R2-003__R1-001,02_inputs_xml_flat/GPA-001__R2-003__R1-001__0110.xml,PASS,INFO,R1.D01=SI;R1.D02=SI;R2.D01=SI;R2.D02=NO;R2.D04=SI;R2.D05=SI;R2.D06=SI,MUNICIPIO_SIN_CN_VIV,MUNICIPIO30612,No,Si,,30612,Regla 2 coherente para validaciones implementadas.
GPA-001__R2-003__R1-001__0111,GPA-001__R2-003__R1-001,02_inputs_xml_flat/GPA-001__R2-003__R1-001__0111.xml,PASS,INFO,R1.D01=SI;R1.D02=SI;R2.D01=SI;R2.D02=NO;R2.D04=SI;R2.D05=SI;R2.D06=SI,MUNICIPIO_SIN_CN_VIV,MUNICIPIO30613,No,Si,,30613,Regla 2 coherente para validaciones implementadas.
GPA-001__R2-003__R1-001__0112,GPA-001__R2-003__R1-001,02_inputs_xml_flat/GPA-001__R2-003__R1-001__0112.xml,PASS,INFO,R1.D01=SI;R1.D02=SI;R2.D01=SI;R2.D02=NO;R2.D04=SI;R2.D05=SI;R2.D06=SI,MUNICIPIO_SIN_CN_VIV,MUNICIPIO30611,No,Si,,30611,Regla 2 coherente para validaciones implementadas.
GPA-001__R2-003__R1-001__0113,GPA-001__R2-003__R1-001,02_inputs_xml_flat/GPA-001__R2-003__R1-001__0113.xml,PASS,INFO,R1.D01=SI;R1.D02=SI;R2.D01=SI;R2.D02=NO;R2.D04=SI;R2.D05=SI;R2.D06=SI,MUNICIPIO_SIN_CN_VIV,MUNICIPIO30612,No,Si,,30612,Regla 2 coherente para validaciones implementadas.
GPA-001__R2-003__R1-001__0114,GPA-001__R2-003__R1-001,02_inputs_xml_flat/GPA-001__R2-003__R1-001__0114.xml,PASS,INFO,R1.D01=SI;R1.D02=SI;R2.D01=SI;R2.D02=NO;R2.D04=SI;R2.D05=SI;R2.D06=SI,MUNICIPIO_SIN_CN_VIV,MUNICIPIO30613,No,Si,,30613,Regla 2 coherente para validaciones implementadas.
GPA-001__R2-003__R1-001__0115,GPA-001__R2-003__R1-001,02_inputs_xml_flat/GPA-001__R2-003__R1-001__0115.xml,PASS,INFO,R1.D01=SI;R1.D02=SI;R2.D01=SI;R2.D02=NO;R2.D04=SI;R2.D05=SI;R2.D06=SI,MUNICIPIO_SIN_CN_VIV,MUNICIPIO30611,No,Si,,30611,Regla 2 coherente para validaciones implementadas.
GPA-001__R2-003__R1-001__0116,GPA-001__R2-003__R1-001,02_inputs_xml_flat/GPA-001__R2-003__R1-001__0116.xml,PASS,INFO,R1.D01=SI;R1.D02=SI;R2.D01=SI;R2.D02=NO;R2.D04=SI;R2.D05=SI;R2.D06=SI,MUNICIPIO_SIN_CN_VIV,MUNICIPIO30612,No,Si,,30612,Regla 2 coherente para validaciones implementadas.
GPA-001__R2-003__R1-001__0117,GPA-001__R2-003__R1-001,02_inputs_xml_flat/GPA-001__R2-003__R1-001__0117.xml,PASS,INFO,R1.D01=SI;R1.D02=SI;R2.D01=SI;R2.D02=NO;R2.D04=SI;R2.D05=SI;R2.D06=SI,MUNICIPIO_SIN_CN_VIV,MUNICIPIO30613,No,Si,,30613,Regla 2 coherente para validaciones implementadas.
GPA-001__R2-003__R1-001__0118,GPA-001__R2-003__R1-001,02_inputs_xml_flat/GPA-001__R2-003__R1-001__0118.xml,PASS,INFO,R1.D01=SI;R1.D02=SI;R2.D01=SI;R2.D02=NO;R2.D04=SI;R2.D05=SI;R2.D06=SI,MUNICIPIO_SIN_CN_VIV,MUNICIPIO30611,No,Si,,30611,Regla 2 coherente para validaciones implementadas.
GPA-001__R2-003__R1-001__0119,GPA-001__R2-003__R1-001,02_inputs_xml_flat/GPA-001__R2-003__R1-001__0119.xml,PASS,INFO,R1.D01=SI;R1.D02=SI;R2.D01=SI;R2.D02=NO;R2.D04=SI;R2.D05=SI;R2.D06=SI,MUNICIPIO_SIN_CN_VIV,MUNICIPIO30612,No,Si,,30612,Regla 2 coherente para validaciones implementadas.
GPA-001__R2-003__R1-001__0120,GPA-001__R2-003__R1-001,02_inputs_xml_flat/GPA-001__R2-003__R1-001__0120.xml,PASS,INFO,R1.D01=SI;R1.D02=SI;R2.D01=SI;R2.D02=NO;R2.D04=SI;R2.D05=SI;R2.D06=SI,MUNICIPIO_SIN_CN_VIV,MUNICIPIO30613,No,Si,,30613,Regla 2 coherente para validaciones implementadas.
GPA-001__R2-003__R1-001__0121,GPA-001__R2-003__R1-001,02_inputs_xml_flat/GPA-001__R2-003__R1-001__0121.xml,PASS,INFO,R1.D01=SI;R1.D02=SI;R2.D01=SI;R2.D02=NO;R2.D04=SI;R2.D05=SI;R2.D06=SI,MUNICIPIO_SIN_CN_VIV,MUNICIPIO30611,No,Si,,30611,Regla 2 coherente para validaciones implementadas.
GPA-001__R2-003__R1-001__0122,GPA-001__R2-003__R1-001,02_inputs_xml_flat/GPA-001__R2-003__R1-001__0122.xml,PASS,INFO,R1.D01=SI;R1.D02=SI;R2.D01=SI;R2.D02=NO;R2.D04=SI;R2.D05=SI;R2.D06=SI,MUNICIPIO_SIN_CN_VIV,MUNICIPIO30612,No,Si,,30612,Regla 2 coherente para validaciones implementadas.
GPA-001__R2-003__R1-001__0123,GPA-001__R2-003__R1-001,02_inputs_xml_flat/GPA-001__R2-003__R1-001__0123.xml,PASS,INFO,R1.D01=SI;R1.D02=SI;R2.D01=SI;R2.D02=NO;R2.D04=SI;R2.D05=SI;R2.D06=SI,MUNICIPIO_SIN_CN_VIV,MUNICIPIO30613,No,Si,,30613,Regla 2 coherente para validaciones implementadas.
GPA-001__R2-003__R1-001__0124,GPA-001__R2-003__R1-001,02_inputs_xml_flat/GPA-001__R2-003__R1-001__0124.xml,PASS,INFO,R1.D01=SI;R1.D02=SI;R2.D01=SI;R2.D02=NO;R2.D04=SI;R2.D05=SI;R2.D06=SI,MUNICIPIO_SIN_CN_VIV,MUNICIPIO30611,No,Si,,30611,Regla 2 coherente para validaciones implementadas.
GPA-001__R2-003__R1-001__0125,GPA-001__R2-003__R1-001,02_inputs_xml_flat/GPA-001__R2-003__R1-001__0125.xml,PASS,INFO,R1.D01=SI;R1.D02=SI;R2.D01=SI;R2.D02=NO;R2.D04=SI;R2.D05=SI;R2.D06=SI,MUNICIPIO_SIN_CN_VIV,MUNICIPIO30612,No,Si,,30612,Regla 2 coherente para validaciones implementadas.
GPA-001__R2-003__R1-001__0126,GPA-001__R2-003__R1-001,02_inputs_xml_flat/GPA-001__R2-003__R1-001__0126.xml,PASS,INFO,R1.D01=SI;R1.D02=SI;R2.D01=SI;R2.D02=NO;R2.D04=SI;R2.D05=SI;R2.D06=SI,MUNICIPIO_SIN_CN_VIV,MUNICIPIO30613,No,Si,,30613,Regla 2 coherente para validaciones implementadas.
GPA-001__R2-003__R1-001__0127,GPA-001__R2-003__R1-001,02_inputs_xml_flat/GPA-001__R2-003__R1-001__0127.xml,PASS,INFO,R1.D01=SI;R1.D02=SI;R2.D01=SI;R2.D02=NO;R2.D04=SI;R2.D05=SI;R2.D06=SI,MUNICIPIO_SIN_CN_VIV,MUNICIPIO30611,No,Si,,30611,Regla 2 coherente para validaciones implementadas.
GPA-001__R2-003__R1-001__0128,GPA-001__R2-003__R1-001,02_inputs_xml_flat/GPA-001__R2-003__R1-001__0128.xml,PASS,INFO,R1.D01=SI;R1.D02=SI;R2.D01=SI;R2.D02=NO;R2.D04=SI;R2.D05=SI;R2.D06=SI,MUNICIPIO_SIN_CN_VIV,MUNICIPIO30612,No,Si,,30612,Regla 2 coherente para validaciones implementadas.
GPA-001__R2-003__R1-001__0129,GPA-001__R2-003__R1-001,02_inputs_xml_flat/GPA-001__R2-003__R1-001__0129.xml,PASS,INFO,R1.D01=SI;R1.D02=SI;R2.D01=SI;R2.D02=NO;R2.D04=SI;R2.D05=SI;R2.D06=SI,MUNICIPIO_SIN_CN_VIV,MUNICIPIO30613,No,Si,,30613,Regla 2 coherente para validaciones implementadas.
GPA-001__R2-003__R1-001__0130,GPA-001__R2-003__R1-001,02_inputs_xml_flat/GPA-001__R2-003__R1-001__0130.xml,PASS,INFO,R1.D01=SI;R1.D02=SI;R2.D01=SI;R2.D02=NO;R2.D04=SI;R2.D05=SI;R2.D06=SI,MUNICIPIO_SIN_CN_VIV,MUNICIPIO30611,No,Si,,30611,Regla 2 coherente para validaciones implementadas.
GPA-001__R2-003__R1-001__0131,GPA-001__R2-003__R1-001,02_inputs_xml_flat/GPA-001__R2-003__R1-001__0131.xml,PASS,INFO,R1.D01=SI;R1.D02=SI;R2.D01=SI;R2.D02=NO;R2.D04=SI;R2.D05=SI;R2.D06=SI,MUNICIPIO_SIN_CN_VIV,MUNICIPIO30612,No,Si,,30612,Regla 2 coherente para validaciones implementadas.
GPA-001__R2-003__R1-001__0132,GPA-001__R2-003__R1-001,02_inputs_xml_flat/GPA-001__R2-003__R1-001__0132.xml,PASS,INFO,R1.D01=SI;R1.D02=SI;R2.D01=SI;R2.D02=NO;R2.D04=SI;R2.D05=SI;R2.D06=SI,MUNICIPIO_SIN_CN_VIV,MUNICIPIO30613,No,Si,,30613,Regla 2 coherente para validaciones implementadas.
GPA-001__R2-003__R1-001__0133,GPA-001__R2-003__R1-001,02_inputs_xml_flat/GPA-001__R2-003__R1-001__0133.xml,PASS,INFO,R1.D01=SI;R1.D02=SI;R2.D01=SI;R2.D02=NO;R2.D04=SI;R2.D05=SI;R2.D06=SI,MUNICIPIO_SIN_CN_VIV,MUNICIPIO30611,No,Si,,30611,Regla 2 coherente para validaciones implementadas.
GPA-001__R2-003__R1-001__0134,GPA-001__R2-003__R1-001,02_inputs_xml_flat/GPA-001__R2-003__R1-001__0134.xml,PASS,INFO,R1.D01=SI;R1.D02=SI;R2.D01=SI;R2.D02=NO;R2.D04=SI;R2.D05=SI;R2.D06=SI,MUNICIPIO_SIN_CN_VIV,MUNICIPIO30612,No,Si,,30612,Regla 2 coherente para validaciones implementadas.
GPA-001__R2-003__R1-001__0135,GPA-001__R2-003__R1-001,02_inputs_xml_flat/GPA-001__R2-003__R1-001__0135.xml,PASS,INFO,R1.D01=SI;R1.D02=SI;R2.D01=SI;R2.D02=NO;R2.D04=SI;R2.D05=SI;R2.D06=SI,MUNICIPIO_SIN_CN_VIV,MUNICIPIO30613,No,Si,,30613,Regla 2 coherente para validaciones implementadas.
GPA-001__R2-003__R1-001__0136,GPA-001__R2-003__R1-001,02_inputs_xml_flat/GPA-001__R2-003__R1-001__0136.xml,PASS,INFO,R1.D01=SI;R1.D02=SI;R2.D01=SI;R2.D02=NO;R2.D04=SI;R2.D05=SI;R2.D06=SI,MUNICIPIO_SIN_CN_VIV,MUNICIPIO30611,No,Si,,30611,Regla 2 coherente para validaciones implementadas.
GPA-001__R2-003__R1-001__0137,GPA-001__R2-003__R1-001,02_inputs_xml_flat/GPA-001__R2-003__R1-001__0137.xml,PASS,INFO,R1.D01=SI;R1.D02=SI;R2.D01=SI;R2.D02=NO;R2.D04=SI;R2.D05=SI;R2.D06=SI,MUNICIPIO_SIN_CN_VIV,MUNICIPIO30612,No,Si,,30612,Regla 2 coherente para validaciones implementadas.
GPA-001__R2-003__R1-001__0138,GPA-001__R2-003__R1-001,02_inputs_xml_flat/GPA-001__R2-003__R1-001__0138.xml,PASS,INFO,R1.D01=SI;R1.D02=SI;R2.D01=SI;R2.D02=NO;R2.D04=SI;R2.D05=SI;R2.D06=SI,MUNICIPIO_SIN_CN_VIV,MUNICIPIO30613,No,Si,,30613,Regla 2 coherente para validaciones implementadas.
GPA-001__R2-003__R1-001__0139,GPA-001__R2-003__R1-001,02_inputs_xml_flat/GPA-001__R2-003__R1-001__0139.xml,PASS,INFO,R1.D01=SI;R1.D02=SI;R2.D01=SI;R2.D02=NO;R2.D04=SI;R2.D05=SI;R2.D06=SI,MUNICIPIO_SIN_CN_VIV,MUNICIPIO30611,No,Si,,30611,Regla 2 coherente para validaciones implementadas.
GPA-001__R2-003__R1-001__0140,GPA-001__R2-003__R1-001,02_inputs_xml_flat/GPA-001__R2-003__R1-001__0140.xml,PASS,INFO,R1.D01=SI;R1.D02=SI;R2.D01=SI;R2.D02=NO;R2.D04=SI;R2.D05=SI;R2.D06=SI,MUNICIPIO_SIN_CN_VIV,MUNICIPIO30612,No,Si,,30612,Regla 2 coherente para validaciones implementadas.
GPA-001__R2-003__R1-001__0141,GPA-001__R2-003__R1-001,02_inputs_xml_flat/GPA-001__R2-003__R1-001__0141.xml,PASS,INFO,R1.D01=SI;R1.D02=SI;R2.D01=SI;R2.D02=NO;R2.D04=SI;R2.D05=SI;R2.D06=SI,MUNICIPIO_SIN_CN_VIV,MUNICIPIO30613,No,Si,,30613,Regla 2 coherente para validaciones implementadas.
GPA-001__R2-003__R1-001__0142,GPA-001__R2-003__R1-001,02_inputs_xml_flat/GPA-001__R2-003__R1-001__0142.xml,PASS,INFO,R1.D01=SI;R1.D02=SI;R2.D01=SI;R2.D02=NO;R2.D04=SI;R2.D05=SI;R2.D06=SI,MUNICIPIO_SIN_CN_VIV,MUNICIPIO30611,No,Si,,30611,Regla 2 coherente para validaciones implementadas.
GPA-001__R2-003__R1-001__0143,GPA-001__R2-003__R1-001,02_inputs_xml_flat/GPA-001__R2-003__R1-001__0143.xml,PASS,INFO,R1.D01=SI;R1.D02=SI;R2.D01=SI;R2.D02=NO;R2.D04=SI;R2.D05=SI;R2.D06=SI,MUNICIPIO_SIN_CN_VIV,MUNICIPIO30612,No,Si,,30612,Regla 2 coherente para validaciones implementadas.
GPA-001__R2-003__R1-001__0144,GPA-001__R2-003__R1-001,02_inputs_xml_flat/GPA-001__R2-003__R1-001__0144.xml,PASS,INFO,R1.D01=SI;R1.D02=SI;R2.D01=SI;R2.D02=NO;R2.D04=SI;R2.D05=SI;R2.D06=SI,MUNICIPIO_SIN_CN_VIV,MUNICIPIO30613,No,Si,,30613,Regla 2 coherente para validaciones implementadas.
GPA-001__R2-003__R1-001__0145,GPA-001__R2-003__R1-001,02_inputs_xml_flat/GPA-001__R2-003__R1-001__0145.xml,PASS,INFO,R1.D01=SI;R1.D02=SI;R2.D01=SI;R2.D02=NO;R2.D04=SI;R2.D05=SI;R2.D06=SI,MUNICIPIO_SIN_CN_VIV,MUNICIPIO30611,No,Si,,30611,Regla 2 coherente para validaciones implementadas.
GPA-001__R2-003__R1-001__0146,GPA-001__R2-003__R1-001,02_inputs_xml_flat/GPA-001__R2-003__R1-001__0146.xml,PASS,INFO,R1.D01=SI;R1.D02=SI;R2.D01=SI;R2.D02=NO;R2.D04=SI;R2.D05=SI;R2.D06=SI,MUNICIPIO_SIN_CN_VIV,MUNICIPIO30612,No,Si,,30612,Regla 2 coherente para validaciones implementadas.
GPA-001__R2-003__R1-001__0147,GPA-001__R2-003__R1-001,02_inputs_xml_flat/GPA-001__R2-003__R1-001__0147.xml,PASS,INFO,R1.D01=SI;R1.D02=SI;R2.D01=SI;R2.D02=NO;R2.D04=SI;R2.D05=SI;R2.D06=SI,MUNICIPIO_SIN_CN_VIV,MUNICIPIO30613,No,Si,,30613,Regla 2 coherente para validaciones implementadas.
GPA-001__R2-003__R1-001__0148,GPA-001__R2-003__R1-001,02_inputs_xml_flat/GPA-001__R2-003__R1-001__0148.xml,PASS,INFO,R1.D01=SI;R1.D02=SI;R2.D01=SI;R2.D02=NO;R2.D04=SI;R2.D05=SI;R2.D06=SI,MUNICIPIO_SIN_CN_VIV,MUNICIPIO30611,No,Si,,30611,Regla 2 coherente para validaciones implementadas.
GPA-001__R2-003__R1-001__0149,GPA-001__R2-003__R1-001,02_inputs_xml_flat/GPA-001__R2-003__R1-001__0149.xml,PASS,INFO,R1.D01=SI;R1.D02=SI;R2.D01=SI;R2.D02=NO;R2.D04=SI;R2.D05=SI;R2.D06=SI,MUNICIPIO_SIN_CN_VIV,MUNICIPIO30612,No,Si,,30612,Regla 2 coherente para validaciones implementadas.
GPA-001__R2-003__R1-001__0150,GPA-001__R2-003__R1-001,02_inputs_xml_flat/GPA-001__R2-003__R1-001__0150.xml,PASS,INFO,R1.D01=SI;R1.D02=SI;R2.D01=SI;R2.D02=NO;R2.D04=SI;R2.D05=SI;R2.D06=SI,MUNICIPIO_SIN_CN_VIV,MUNICIPIO30613,No,Si,,30613,Regla 2 coherente para validaciones implementadas.
GPA-001__R2-003__R1-001__0151,GPA-001__R2-003__R1-001,02_inputs_xml_flat/GPA-001__R2-003__R1-001__0151.xml,PASS,INFO,R1.D01=SI;R1.D02=SI;R2.D01=SI;R2.D02=NO;R2.D04=SI;R2.D05=SI;R2.D06=SI,MUNICIPIO_SIN_CN_VIV,MUNICIPIO30611,No,Si,,30611,Regla 2 coherente para validaciones implementadas.
GPA-001__R2-003__R1-001__0152,GPA-001__R2-003__R1-001,02_inputs_xml_flat/GPA-001__R2-003__R1-001__0152.xml,PASS,INFO,R1.D01=SI;R1.D02=SI;R2.D01=SI;R2.D02=NO;R2.D04=SI;R2.D05=SI;R2.D06=SI,MUNICIPIO_SIN_CN_VIV,MUNICIPIO30612,No,Si,,30612,Regla 2 coherente para validaciones implementadas.
GPA-001__R2-003__R1-001__0153,GPA-001__R2-003__R1-001,02_inputs_xml_flat/GPA-001__R2-003__R1-001__0153.xml,PASS,INFO,R1.D01=SI;R1.D02=SI;R2.D01=SI;R2.D02=NO;R2.D04=SI;R2.D05=SI;R2.D06=SI,MUNICIPIO_SIN_CN_VIV,MUNICIPIO30613,No,Si,,30613,Regla 2 coherente para validaciones implementadas.
GPA-001__R2-003__R1-001__0154,GPA-001__R2-003__R1-001,02_inputs_xml_flat/GPA-001__R2-003__R1-001__0154.xml,PASS,INFO,R1.D01=SI;R1.D02=SI;R2.D01=SI;R2.D02=NO;R2.D04=SI;R2.D05=SI;R2.D06=SI,MUNICIPIO_SIN_CN_VIV,MUNICIPIO30611,No,Si,,30611,Regla 2 coherente para validaciones implementadas.
GPA-001__R2-003__R1-001__0155,GPA-001__R2-003__R1-001,02_inputs_xml_flat/GPA-001__R2-003__R1-001__0155.xml,PASS,INFO,R1.D01=SI;R1.D02=SI;R2.D01=SI;R2.D02=NO;R2.D04=SI;R2.D05=SI;R2.D06=SI,MUNICIPIO_SIN_CN_VIV,MUNICIPIO30612,No,Si,,30612,Regla 2 coherente para validaciones implementadas.
GPA-001__R2-003__R1-001__0156,GPA-001__R2-003__R1-001,02_inputs_xml_flat/GPA-001__R2-003__R1-001__0156.xml,PASS,INFO,R1.D01=SI;R1.D02=SI;R2.D01=SI;R2.D02=NO;R2.D04=SI;R2.D05=SI;R2.D06=SI,MUNICIPIO_SIN_CN_VIV,MUNICIPIO30613,No,Si,,30613,Regla 2 coherente para validaciones implementadas.
GPA-001__R2-003__R1-001__0157,GPA-001__R2-003__R1-001,02_inputs_xml_flat/GPA-001__R2-003__R1-001__0157.xml,PASS,INFO,R1.D01=SI;R1.D02=SI;R2.D01=SI;R2.D02=NO;R2.D04=SI;R2.D05=SI;R2.D06=SI,MUNICIPIO_SIN_CN_VIV,MUNICIPIO30611,No,Si,,30611,Regla 2 coherente para validaciones implementadas.
GPA-001__R2-003__R1-001__0158,GPA-001__R2-003__R1-001,02_inputs_xml_flat/GPA-001__R2-003__R1-001__0158.xml,PASS,INFO,R1.D01=SI;R1.D02=SI;R2.D01=SI;R2.D02=NO;R2.D04=SI;R2.D05=SI;R2.D06=SI,MUNICIPIO_SIN_CN_VIV,MUNICIPIO30612,No,Si,,30612,Regla 2 coherente para validaciones implementadas.
GPA-001__R2-003__R1-001__0159,GPA-001__R2-003__R1-001,02_inputs_xml_flat/GPA-001__R2-003__R1-001__0159.xml,PASS,INFO,R1.D01=SI;R1.D02=SI;R2.D01=SI;R2.D02=NO;R2.D04=SI;R2.D05=SI;R2.D06=SI,MUNICIPIO_SIN_CN_VIV,MUNICIPIO30613,No,Si,,30613,Regla 2 coherente para validaciones implementadas.
GPA-001__R2-003__R1-001__0160,GPA-001__R2-003__R1-001,02_inputs_xml_flat/GPA-001__R2-003__R1-001__0160.xml,PASS,INFO,R1.D01=SI;R1.D02=SI;R2.D01=SI;R2.D02=NO;R2.D04=SI;R2.D05=SI;R2.D06=SI,MUNICIPIO_SIN_CN_VIV,MUNICIPIO30611,No,Si,,30611,Regla 2 coherente para validaciones implementadas.
GPA-001__R2-003__R1-001__0161,GPA-001__R2-003__R1-001,02_inputs_xml_flat/GPA-001__R2-003__R1-001__0161.xml,PASS,INFO,R1.D01=SI;R1.D02=SI;R2.D01=SI;R2.D02=NO;R2.D04=SI;R2.D05=SI;R2.D06=SI,MUNICIPIO_SIN_CN_VIV,MUNICIPIO30612,No,Si,,30612,Regla 2 coherente para validaciones implementadas.
GPA-001__R2-003__R1-001__0162,GPA-001__R2-003__R1-001,02_inputs_xml_flat/GPA-001__R2-003__R1-001__0162.xml,PASS,INFO,R1.D01=SI;R1.D02=SI;R2.D01=SI;R2.D02=NO;R2.D04=SI;R2.D05=SI;R2.D06=SI,MUNICIPIO_SIN_CN_VIV,MUNICIPIO30613,No,Si,,30613,Regla 2 coherente para validaciones implementadas.
GPA-001__R2-003__R1-001__0163,GPA-001__R2-003__R1-001,02_inputs_xml_flat/GPA-001__R2-003__R1-001__0163.xml,PASS,INFO,R1.D01=SI;R1.D02=SI;R2.D01=SI;R2.D02=NO;R2.D04=SI;R2.D05=SI;R2.D06=SI,MUNICIPIO_SIN_CN_VIV,MUNICIPIO30611,No,Si,,30611,Regla 2 coherente para validaciones implementadas.
GPA-001__R2-003__R1-001__0164,GPA-001__R2-003__R1-001,02_inputs_xml_flat/GPA-001__R2-003__R1-001__0164.xml,PASS,INFO,R1.D01=SI;R1.D02=SI;R2.D01=SI;R2.D02=NO;R2.D04=SI;R2.D05=SI;R2.D06=SI,MUNICIPIO_SIN_CN_VIV,MUNICIPIO30612,No,Si,,30612,Regla 2 coherente para validaciones implementadas.
GPA-001__R2-003__R1-001__0165,GPA-001__R2-003__R1-001,02_inputs_xml_flat/GPA-001__R2-003__R1-001__0165.xml,PASS,INFO,R1.D01=SI;R1.D02=SI;R2.D01=SI;R2.D02=NO;R2.D04=SI;R2.D05=SI;R2.D06=SI,MUNICIPIO_SIN_CN_VIV,MUNICIPIO30613,No,Si,,30613,Regla 2 coherente para validaciones implementadas.
GPA-001__R2-003__R1-001__0166,GPA-001__R2-003__R1-001,02_inputs_xml_flat/GPA-001__R2-003__R1-001__0166.xml,PASS,INFO,R1.D01=SI;R1.D02=SI;R2.D01=SI;R2.D02=NO;R2.D04=SI;R2.D05=SI;R2.D06=SI,MUNICIPIO_SIN_CN_VIV,MUNICIPIO30611,No,Si,,30611,Regla 2 coherente para validaciones implementadas.
GPA-001__R2-003__R1-001__0167,GPA-001__R2-003__R1-001,02_inputs_xml_flat/GPA-001__R2-003__R1-001__0167.xml,PASS,INFO,R1.D01=SI;R1.D02=SI;R2.D01=SI;R2.D02=NO;R2.D04=SI;R2.D05=SI;R2.D06=SI,MUNICIPIO_SIN_CN_VIV,MUNICIPIO30612,No,Si,,30612,Regla 2 coherente para validaciones implementadas.
GPA-001__R2-003__R1-001__0168,GPA-001__R2-003__R1-001,02_inputs_xml_flat/GPA-001__R2-003__R1-001__0168.xml,PASS,INFO,R1.D01=SI;R1.D02=SI;R2.D01=SI;R2.D02=NO;R2.D04=SI;R2.D05=SI;R2.D06=SI,MUNICIPIO_SIN_CN_VIV,MUNICIPIO30613,No,Si,,30613,Regla 2 coherente para validaciones implementadas.
GPA-001__R2-003__R1-001__0169,GPA-001__R2-003__R1-001,02_inputs_xml_flat/GPA-001__R2-003__R1-001__0169.xml,PASS,INFO,R1.D01=SI;R1.D02=SI;R2.D01=SI;R2.D02=NO;R2.D04=SI;R2.D05=SI;R2.D06=SI,MUNICIPIO_SIN_CN_VIV,MUNICIPIO30611,No,Si,,30611,Regla 2 coherente para validaciones implementadas.
GPA-001__R2-003__R1-001__0170,GPA-001__R2-003__R1-001,02_inputs_xml_flat/GPA-001__R2-003__R1-001__0170.xml,PASS,INFO,R1.D01=SI;R1.D02=SI;R2.D01=SI;R2.D02=NO;R2.D04=SI;R2.D05=SI;R2.D06=SI,MUNICIPIO_SIN_CN_VIV,MUNICIPIO30612,No,Si,,30612,Regla 2 coherente para validaciones implementadas.
GPA-001__R2-003__R1-001__0171,GPA-001__R2-003__R1-001,02_inputs_xml_flat/GPA-001__R2-003__R1-001__0171.xml,PASS,INFO,R1.D01=SI;R1.D02=SI;R2.D01=SI;R2.D02=NO;R2.D04=SI;R2.D05=SI;R2.D06=SI,MUNICIPIO_SIN_CN_VIV,MUNICIPIO30613,No,Si,,30613,Regla 2 coherente para validaciones implementadas.
GPA-001__R2-003__R1-001__0172,GPA-001__R2-003__R1-001,02_inputs_xml_flat/GPA-001__R2-003__R1-001__0172.xml,PASS,INFO,R1.D01=SI;R1.D02=SI;R2.D01=SI;R2.D02=NO;R2.D04=SI;R2.D05=SI;R2.D06=SI,MUNICIPIO_SIN_CN_VIV,MUNICIPIO30611,No,Si,,30611,Regla 2 coherente para validaciones implementadas.
GPA-001__R2-003__R1-001__0173,GPA-001__R2-003__R1-001,02_inputs_xml_flat/GPA-001__R2-003__R1-001__0173.xml,PASS,INFO,R1.D01=SI;R1.D02=SI;R2.D01=SI;R2.D02=NO;R2.D04=SI;R2.D05=SI;R2.D06=SI,MUNICIPIO_SIN_CN_VIV,MUNICIPIO30612,No,Si,,30612,Regla 2 coherente para validaciones implementadas.
GPA-001__R2-003__R1-001__0174,GPA-001__R2-003__R1-001,02_inputs_xml_flat/GPA-001__R2-003__R1-001__0174.xml,PASS,INFO,R1.D01=SI;R1.D02=SI;R2.D01=SI;R2.D02=NO;R2.D04=SI;R2.D05=SI;R2.D06=SI,MUNICIPIO_SIN_CN_VIV,MUNICIPIO30613,No,Si,,30613,Regla 2 coherente para validaciones implementadas.
GPA-001__R2-003__R1-001__0175,GPA-001__R2-003__R1-001,02_inputs_xml_flat/GPA-001__R2-003__R1-001__0175.xml,PASS,INFO,R1.D01=SI;R1.D02=SI;R2.D01=SI;R2.D02=NO;R2.D04=SI;R2.D05=SI;R2.D06=SI,MUNICIPIO_SIN_CN_VIV,MUNICIPIO30611,No,Si,,30611,Regla 2 coherente para validaciones implementadas.
GPA-001__R2-003__R1-001__0176,GPA-001__R2-003__R1-001,02_inputs_xml_flat/GPA-001__R2-003__R1-001__0176.xml,PASS,INFO,R1.D01=SI;R1.D02=SI;R2.D01=SI;R2.D02=NO;R2.D04=SI;R2.D05=SI;R2.D06=SI,MUNICIPIO_SIN_CN_VIV,MUNICIPIO30612,No,Si,,30612,Regla 2 coherente para validaciones implementadas.
GPA-001__R2-003__R1-001__0177,GPA-001__R2-003__R1-001,02_inputs_xml_flat/GPA-001__R2-003__R1-001__0177.xml,PASS,INFO,R1.D01=SI;R1.D02=SI;R2.D01=SI;R2.D02=NO;R2.D04=SI;R2.D05=SI;R2.D06=SI,MUNICIPIO_SIN_CN_VIV,MUNICIPIO30613,No,Si,,30613,Regla 2 coherente para validaciones implementadas.
GPA-001__R2-003__R1-001__0178,GPA-001__R2-003__R1-001,02_inputs_xml_flat/GPA-001__R2-003__R1-001__0178.xml,PASS,INFO,R1.D01=SI;R1.D02=SI;R2.D01=SI;R2.D02=NO;R2.D04=SI;R2.D05=SI;R2.D06=SI,MUNICIPIO_SIN_CN_VIV,MUNICIPIO30611,No,Si,,30611,Regla 2 coherente para validaciones implementadas.
GPA-001__R2-003__R1-001__0179,GPA-001__R2-003__R1-001,02_inputs_xml_flat/GPA-001__R2-003__R1-001__0179.xml,PASS,INFO,R1.D01=SI;R1.D02=SI;R2.D01=SI;R2.D02=NO;R2.D04=SI;R2.D05=SI;R2.D06=SI,MUNICIPIO_SIN_CN_VIV,MUNICIPIO30612,No,Si,,30612,Regla 2 coherente para validaciones implementadas.
GPA-001__R2-003__R1-001__0180,GPA-001__R2-003__R1-001,02_inputs_xml_flat/GPA-001__R2-003__R1-001__0180.xml,PASS,INFO,R1.D01=SI;R1.D02=SI;R2.D01=SI;R2.D02=NO;R2.D04=SI;R2.D05=SI;R2.D06=SI,MUNICIPIO_SIN_CN_VIV,MUNICIPIO30613,No,Si,,30613,Regla 2 coherente para validaciones implementadas.
GPA-001__R2-003__R1-001__0181,GPA-001__R2-003__R1-001,02_inputs_xml_flat/GPA-001__R2-003__R1-001__0181.xml,PASS,INFO,R1.D01=SI;R1.D02=SI;R2.D01=SI;R2.D02=NO;R2.D04=SI;R2.D05=SI;R2.D06=SI,MUNICIPIO_SIN_CN_VIV,MUNICIPIO30611,No,Si,,30611,Regla 2 coherente para validaciones implementadas.
GPA-001__R2-003__R1-001__0182,GPA-001__R2-003__R1-001,02_inputs_xml_flat/GPA-001__R2-003__R1-001__0182.xml,PASS,INFO,R1.D01=SI;R1.D02=SI;R2.D01=SI;R2.D02=NO;R2.D04=SI;R2.D05=SI;R2.D06=SI,MUNICIPIO_SIN_CN_VIV,MUNICIPIO30612,No,Si,,30612,Regla 2 coherente para validaciones implementadas.
GPA-001__R2-003__R1-001__0183,GPA-001__R2-003__R1-001,02_inputs_xml_flat/GPA-001__R2-003__R1-001__0183.xml,PASS,INFO,R1.D01=SI;R1.D02=SI;R2.D01=SI;R2.D02=NO;R2.D04=SI;R2.D05=SI;R2.D06=SI,MUNICIPIO_SIN_CN_VIV,MUNICIPIO30613,No,Si,,30613,Regla 2 coherente para validaciones implementadas.
GPA-001__R2-003__R1-001__0184,GPA-001__R2-003__R1-001,02_inputs_xml_flat/GPA-001__R2-003__R1-001__0184.xml,PASS,INFO,R1.D01=SI;R1.D02=SI;R2.D01=SI;R2.D02=NO;R2.D04=SI;R2.D05=SI;R2.D06=SI,MUNICIPIO_SIN_CN_VIV,MUNICIPIO30611,No,Si,,30611,Regla 2 coherente para validaciones implementadas.
GPA-001__R2-003__R1-001__0185,GPA-001__R2-003__R1-001,02_inputs_xml_flat/GPA-001__R2-003__R1-001__0185.xml,PASS,INFO,R1.D01=SI;R1.D02=SI;R2.D01=SI;R2.D02=NO;R2.D04=SI;R2.D05=SI;R2.D06=SI,MUNICIPIO_SIN_CN_VIV,MUNICIPIO30612,No,Si,,30612,Regla 2 coherente para validaciones implementadas.
GPA-001__R2-003__R1-001__0186,GPA-001__R2-003__R1-001,02_inputs_xml_flat/GPA-001__R2-003__R1-001__0186.xml,PASS,INFO,R1.D01=SI;R1.D02=SI;R2.D01=SI;R2.D02=NO;R2.D04=SI;R2.D05=SI;R2.D06=SI,MUNICIPIO_SIN_CN_VIV,MUNICIPIO30613,No,Si,,30613,Regla 2 coherente para validaciones implementadas.
GPA-001__R2-003__R1-001__0187,GPA-001__R2-003__R1-001,02_inputs_xml_flat/GPA-001__R2-003__R1-001__0187.xml,PASS,INFO,R1.D01=SI;R1.D02=SI;R2.D01=SI;R2.D02=NO;R2.D04=SI;R2.D05=SI;R2.D06=SI,MUNICIPIO_SIN_CN_VIV,MUNICIPIO30611,No,Si,,30611,Regla 2 coherente para validaciones implementadas.
GPA-001__R2-003__R1-001__0188,GPA-001__R2-003__R1-001,02_inputs_xml_flat/GPA-001__R2-003__R1-001__0188.xml,PASS,INFO,R1.D01=SI;R1.D02=SI;R2.D01=SI;R2.D02=NO;R2.D04=SI;R2.D05=SI;R2.D06=SI,MUNICIPIO_SIN_CN_VIV,MUNICIPIO30612,No,Si,,30612,Regla 2 coherente para validaciones implementadas.
GPA-001__R2-003__R1-001__0189,GPA-001__R2-003__R1-001,02_inputs_xml_flat/GPA-001__R2-003__R1-001__0189.xml,PASS,INFO,R1.D01=SI;R1.D02=SI;R2.D01=SI;R2.D02=NO;R2.D04=SI;R2.D05=SI;R2.D06=SI,MUNICIPIO_SIN_CN_VIV,MUNICIPIO30613,No,Si,,30613,Regla 2 coherente para validaciones implementadas.
GPA-001__R2-003__R1-001__0190,GPA-001__R2-003__R1-001,02_inputs_xml_flat/GPA-001__R2-003__R1-001__0190.xml,PASS,INFO,R1.D01=SI;R1.D02=SI;R2.D01=SI;R2.D02=NO;R2.D04=SI;R2.D05=SI;R2.D06=SI,MUNICIPIO_SIN_CN_VIV,MUNICIPIO30611,No,Si,,30611,Regla 2 coherente para validaciones implementadas.
GPA-001__R2-003__R1-001__0191,GPA-001__R2-003__R1-001,02_inputs_xml_flat/GPA-001__R2-003__R1-001__0191.xml,PASS,INFO,R1.D01=SI;R1.D02=SI;R2.D01=SI;R2.D02=NO;R2.D04=SI;R2.D05=SI;R2.D06=SI,MUNICIPIO_SIN_CN_VIV,MUNICIPIO30612,No,Si,,30612,Regla 2 coherente para validaciones implementadas.
GPA-001__R2-003__R1-001__0192,GPA-001__R2-003__R1-001,02_inputs_xml_flat/GPA-001__R2-003__R1-001__0192.xml,PASS,INFO,R1.D01=SI;R1.D02=SI;R2.D01=SI;R2.D02=NO;R2.D04=SI;R2.D05=SI;R2.D06=SI,MUNICIPIO_SIN_CN_VIV,MUNICIPIO30613,No,Si,,30613,Regla 2 coherente para validaciones implementadas.
GPA-001__R2-003__R1-001__0193,GPA-001__R2-003__R1-001,02_inputs_xml_flat/GPA-001__R2-003__R1-001__0193.xml,PASS,INFO,R1.D01=SI;R1.D02=SI;R2.D01=SI;R2.D02=NO;R2.D04=SI;R2.D05=SI;R2.D06=SI,MUNICIPIO_SIN_CN_VIV,MUNICIPIO30611,No,Si,,30611,Regla 2 coherente para validaciones implementadas.
GPA-001__R2-003__R1-001__0194,GPA-001__R2-003__R1-001,02_inputs_xml_flat/GPA-001__R2-003__R1-001__0194.xml,PASS,INFO,R1.D01=SI;R1.D02=SI;R2.D01=SI;R2.D02=NO;R2.D04=SI;R2.D05=SI;R2.D06=SI,MUNICIPIO_SIN_CN_VIV,MUNICIPIO30612,No,Si,,30612,Regla 2 coherente para validaciones implementadas.
GPA-001__R2-003__R1-001__0195,GPA-001__R2-003__R1-001,02_inputs_xml_flat/GPA-001__R2-003__R1-001__0195.xml,PASS,INFO,R1.D01=SI;R1.D02=SI;R2.D01=SI;R2.D02=NO;R2.D04=SI;R2.D05=SI;R2.D06=SI,MUNICIPIO_SIN_CN_VIV,MUNICIPIO30613,No,Si,,30613,Regla 2 coherente para validaciones implementadas.
GPA-001__R2-003__R1-001__0196,GPA-001__R2-003__R1-001,02_inputs_xml_flat/GPA-001__R2-003__R1-001__0196.xml,PASS,INFO,R1.D01=SI;R1.D02=SI;R2.D01=SI;R2.D02=NO;R2.D04=SI;R2.D05=SI;R2.D06=SI,MUNICIPIO_SIN_CN_VIV,MUNICIPIO30611,No,Si,,30611,Regla 2 coherente para validaciones implementadas.
GPA-001__R2-003__R1-001__0197,GPA-001__R2-003__R1-001,02_inputs_xml_flat/GPA-001__R2-003__R1-001__0197.xml,PASS,INFO,R1.D01=SI;R1.D02=SI;R2.D01=SI;R2.D02=NO;R2.D04=SI;R2.D05=SI;R2.D06=SI,MUNICIPIO_SIN_CN_VIV,MUNICIPIO30612,No,Si,,30612,Regla 2 coherente para validaciones implementadas.
GPA-001__R2-003__R1-001__0198,GPA-001__R2-003__R1-001,02_inputs_xml_flat/GPA-001__R2-003__R1-001__0198.xml,PASS,INFO,R1.D01=SI;R1.D02=SI;R2.D01=SI;R2.D02=NO;R2.D04=SI;R2.D05=SI;R2.D06=SI,MUNICIPIO_SIN_CN_VIV,MUNICIPIO30613,No,Si,,30613,Regla 2 coherente para validaciones implementadas.
GPA-001__R2-003__R1-001__0199,GPA-001__R2-003__R1-001,02_inputs_xml_flat/GPA-001__R2-003__R1-001__0199.xml,PASS,INFO,R1.D01=SI;R1.D02=SI;R2.D01=SI;R2.D02=NO;R2.D04=SI;R2.D05=SI;R2.D06=SI,MUNICIPIO_SIN_CN_VIV,MUNICIPIO30611,No,Si,,30611,Regla 2 coherente para validaciones implementadas.
GPA-001__R2-003__R1-001__0200,GPA-001__R2-003__R1-001,02_inputs_xml_flat/GPA-001__R2-003__R1-001__0200.xml,PASS,INFO,R1.D01=SI;R1.D02=SI;R2.D01=SI;R2.D02=NO;R2.D04=SI;R2.D05=SI;R2.D06=SI,MUNICIPIO_SIN_CN_VIV,MUNICIPIO30612,No,Si,,30612,Regla 2 coherente para validaciones implementadas.
GPA-001__R2-003__R1-001__0201,GPA-001__R2-003__R1-001,02_inputs_xml_flat/GPA-001__R2-003__R1-001__0201.xml,PASS,INFO,R1.D01=SI;R1.D02=SI;R2.D01=SI;R2.D02=NO;R2.D04=SI;R2.D05=SI;R2.D06=SI,MUNICIPIO_SIN_CN_VIV,MUNICIPIO30613,No,Si,,30613,Regla 2 coherente para validaciones implementadas.
GPA-001__R2-003__R1-001__0202,GPA-001__R2-003__R1-001,02_inputs_xml_flat/GPA-001__R2-003__R1-001__0202.xml,PASS,INFO,R1.D01=SI;R1.D02=SI;R2.D01=SI;R2.D02=NO;R2.D04=SI;R2.D05=SI;R2.D06=SI,MUNICIPIO_SIN_CN_VIV,MUNICIPIO30611,No,Si,,30611,Regla 2 coherente para validaciones implementadas.
GPA-001__R2-003__R1-001__0203,GPA-001__R2-003__R1-001,02_inputs_xml_flat/GPA-001__R2-003__R1-001__0203.xml,PASS,INFO,R1.D01=SI;R1.D02=SI;R2.D01=SI;R2.D02=NO;R2.D04=SI;R2.D05=SI;R2.D06=SI,MUNICIPIO_SIN_CN_VIV,MUNICIPIO30612,No,Si,,30612,Regla 2 coherente para validaciones implementadas.
GPA-001__R2-003__R1-001__0204,GPA-001__R2-003__R1-001,02_inputs_xml_flat/GPA-001__R2-003__R1-001__0204.xml,PASS,INFO,R1.D01=SI;R1.D02=SI;R2.D01=SI;R2.D02=NO;R2.D04=SI;R2.D05=SI;R2.D06=SI,MUNICIPIO_SIN_CN_VIV,MUNICIPIO30613,No,Si,,30613,Regla 2 coherente para validaciones implementadas.
GPA-001__R2-003__R1-001__0205,GPA-001__R2-003__R1-001,02_inputs_xml_flat/GPA-001__R2-003__R1-001__0205.xml,PASS,INFO,R1.D01=SI;R1.D02=SI;R2.D01=SI;R2.D02=NO;R2.D04=SI;R2.D05=SI;R2.D06=SI,MUNICIPIO_SIN_CN_VIV,MUNICIPIO30611,No,Si,,30611,Regla 2 coherente para validaciones implementadas.
GPA-001__R2-003__R1-001__0206,GPA-001__R2-003__R1-001,02_inputs_xml_flat/GPA-001__R2-003__R1-001__0206.xml,PASS,INFO,R1.D01=SI;R1.D02=SI;R2.D01=SI;R2.D02=NO;R2.D04=SI;R2.D05=SI;R2.D06=SI,MUNICIPIO_SIN_CN_VIV,MUNICIPIO30612,No,Si,,30612,Regla 2 coherente para validaciones implementadas.
GPA-001__R2-003__R1-001__0207,GPA-001__R2-003__R1-001,02_inputs_xml_flat/GPA-001__R2-003__R1-001__0207.xml,PASS,INFO,R1.D01=SI;R1.D02=SI;R2.D01=SI;R2.D02=NO;R2.D04=SI;R2.D05=SI;R2.D06=SI,MUNICIPIO_SIN_CN_VIV,MUNICIPIO30613,No,Si,,30613,Regla 2 coherente para validaciones implementadas.
GPA-001__R2-003__R1-001__0208,GPA-001__R2-003__R1-001,02_inputs_xml_flat/GPA-001__R2-003__R1-001__0208.xml,PASS,INFO,R1.D01=SI;R1.D02=SI;R2.D01=SI;R2.D02=NO;R2.D04=SI;R2.D05=SI;R2.D06=SI,MUNICIPIO_SIN_CN_VIV,MUNICIPIO30611,No,Si,,30611,Regla 2 coherente para validaciones implementadas.
GPA-001__R2-003__R1-001__0209,GPA-001__R2-003__R1-001,02_inputs_xml_flat/GPA-001__R2-003__R1-001__0209.xml,PASS,INFO,R1.D01=SI;R1.D02=SI;R2.D01=SI;R2.D02=NO;R2.D04=SI;R2.D05=SI;R2.D06=SI,MUNICIPIO_SIN_CN_VIV,MUNICIPIO30612,No,Si,,30612,Regla 2 coherente para validaciones implementadas.
GPA-001__R2-003__R1-001__0210,GPA-001__R2-003__R1-001,02_inputs_xml_flat/GPA-001__R2-003__R1-001__0210.xml,PASS,INFO,R1.D01=SI;R1.D02=SI;R2.D01=SI;R2.D02=NO;R2.D04=SI;R2.D05=SI;R2.D06=SI,MUNICIPIO_SIN_CN_VIV,MUNICIPIO30613,No,Si,,30613,Regla 2 coherente para validaciones implementadas.
GPA-001__R2-003__R1-001__0211,GPA-001__R2-003__R1-001,02_inputs_xml_flat/GPA-001__R2-003__R1-001__0211.xml,PASS,INFO,R1.D01=SI;R1.D02=SI;R2.D01=SI;R2.D02=NO;R2.D04=SI;R2.D05=SI;R2.D06=SI,MUNICIPIO_SIN_CN_VIV,MUNICIPIO30611,No,Si,,30611,Regla 2 coherente para validaciones implementadas.
GPA-001__R2-003__R1-001__0212,GPA-001__R2-003__R1-001,02_inputs_xml_flat/GPA-001__R2-003__R1-001__0212.xml,PASS,INFO,R1.D01=SI;R1.D02=SI;R2.D01=SI;R2.D02=NO;R2.D04=SI;R2.D05=SI;R2.D06=SI,MUNICIPIO_SIN_CN_VIV,MUNICIPIO30612,No,Si,,30612,Regla 2 coherente para validaciones implementadas.
GPA-001__R2-003__R1-001__0213,GPA-001__R2-003__R1-001,02_inputs_xml_flat/GPA-001__R2-003__R1-001__0213.xml,PASS,INFO,R1.D01=SI;R1.D02=SI;R2.D01=SI;R2.D02=NO;R2.D04=SI;R2.D05=SI;R2.D06=SI,MUNICIPIO_SIN_CN_VIV,MUNICIPIO30613,No,Si,,30613,Regla 2 coherente para validaciones implementadas.
GPA-001__R2-003__R1-001__0214,GPA-001__R2-003__R1-001,02_inputs_xml_flat/GPA-001__R2-003__R1-001__0214.xml,PASS,INFO,R1.D01=SI;R1.D02=SI;R2.D01=SI;R2.D02=NO;R2.D04=SI;R2.D05=SI;R2.D06=SI,MUNICIPIO_SIN_CN_VIV,MUNICIPIO30611,No,Si,,30611,Regla 2 coherente para validaciones implementadas.
GPA-001__R2-003__R1-001__0215,GPA-001__R2-003__R1-001,02_inputs_xml_flat/GPA-001__R2-003__R1-001__0215.xml,PASS,INFO,R1.D01=SI;R1.D02=SI;R2.D01=SI;R2.D02=NO;R2.D04=SI;R2.D05=SI;R2.D06=SI,MUNICIPIO_SIN_CN_VIV,MUNICIPIO30612,No,Si,,30612,Regla 2 coherente para validaciones implementadas.
GPA-001__R2-003__R1-001__0216,GPA-001__R2-003__R1-001,02_inputs_xml_flat/GPA-001__R2-003__R1-001__0216.xml,PASS,INFO,R1.D01=SI;R1.D02=SI;R2.D01=SI;R2.D02=NO;R2.D04=SI;R2.D05=SI;R2.D06=SI,MUNICIPIO_SIN_CN_VIV,MUNICIPIO30613,No,Si,,30613,Regla 2 coherente para validaciones implementadas.
GPA-001__R2-003__R1-001__0217,GPA-001__R2-003__R1-001,02_inputs_xml_flat/GPA-001__R2-003__R1-001__0217.xml,PASS,INFO,R1.D01=SI;R1.D02=SI;R2.D01=SI;R2.D02=NO;R2.D04=SI;R2.D05=SI;R2.D06=SI,MUNICIPIO_SIN_CN_VIV,MUNICIPIO30611,No,Si,,30611,Regla 2 coherente para validaciones implementadas.
GPA-001__R2-003__R1-001__0218,GPA-001__R2-003__R1-001,02_inputs_xml_flat/GPA-001__R2-003__R1-001__0218.xml,PASS,INFO,R1.D01=SI;R1.D02=SI;R2.D01=SI;R2.D02=NO;R2.D04=SI;R2.D05=SI;R2.D06=SI,MUNICIPIO_SIN_CN_VIV,MUNICIPIO30612,No,Si,,30612,Regla 2 coherente para validaciones implementadas.
GPA-001__R2-003__R1-001__0219,GPA-001__R2-003__R1-001,02_inputs_xml_flat/GPA-001__R2-003__R1-001__0219.xml,PASS,INFO,R1.D01=SI;R1.D02=SI;R2.D01=SI;R2.D02=NO;R2.D04=SI;R2.D05=SI;R2.D06=SI,MUNICIPIO_SIN_CN_VIV,MUNICIPIO30613,No,Si,,30613,Regla 2 coherente para validaciones implementadas.
GPA-001__R2-003__R1-001__0220,GPA-001__R2-003__R1-001,02_inputs_xml_flat/GPA-001__R2-003__R1-001__0220.xml,PASS,INFO,R1.D01=SI;R1.D02=SI;R2.D01=SI;R2.D02=NO;R2.D04=SI;R2.D05=SI;R2.D06=SI,MUNICIPIO_SIN_CN_VIV,MUNICIPIO30611,No,Si,,30611,Regla 2 coherente para validaciones implementadas.
GPA-001__R2-003__R1-001__0221,GPA-001__R2-003__R1-001,02_inputs_xml_flat/GPA-001__R2-003__R1-001__0221.xml,PASS,INFO,R1.D01=SI;R1.D02=SI;R2.D01=SI;R2.D02=NO;R2.D04=SI;R2.D05=SI;R2.D06=SI,MUNICIPIO_SIN_CN_VIV,MUNICIPIO30612,No,Si,,30612,Regla 2 coherente para validaciones implementadas.
GPA-001__R2-003__R1-001__0222,GPA-001__R2-003__R1-001,02_inputs_xml_flat/GPA-001__R2-003__R1-001__0222.xml,PASS,INFO,R1.D01=SI;R1.D02=SI;R2.D01=SI;R2.D02=NO;R2.D04=SI;R2.D05=SI;R2.D06=SI,MUNICIPIO_SIN_CN_VIV,MUNICIPIO30613,No,Si,,30613,Regla 2 coherente para validaciones implementadas.
GPA-001__R2-003__R1-001__0223,GPA-001__R2-003__R1-001,02_inputs_xml_flat/GPA-001__R2-003__R1-001__0223.xml,PASS,INFO,R1.D01=SI;R1.D02=SI;R2.D01=SI;R2.D02=NO;R2.D04=SI;R2.D05=SI;R2.D06=SI,MUNICIPIO_SIN_CN_VIV,MUNICIPIO30611,No,Si,,30611,Regla 2 coherente para validaciones implementadas.
GPA-001__R2-003__R1-001__0224,GPA-001__R2-003__R1-001,02_inputs_xml_flat/GPA-001__R2-003__R1-001__0224.xml,PASS,INFO,R1.D01=SI;R1.D02=SI;R2.D01=SI;R2.D02=NO;R2.D04=SI;R2.D05=SI;R2.D06=SI,MUNICIPIO_SIN_CN_VIV,MUNICIPIO30612,No,Si,,30612,Regla 2 coherente para validaciones implementadas.
GPA-001__R2-003__R1-001__0225,GPA-001__R2-003__R1-001,02_inputs_xml_flat/GPA-001__R2-003__R1-001__0225.xml,PASS,INFO,R1.D01=SI;R1.D02=SI;R2.D01=SI;R2.D02=NO;R2.D04=SI;R2.D05=SI;R2.D06=SI,MUNICIPIO_SIN_CN_VIV,MUNICIPIO30613,No,Si,,30613,Regla 2 coherente para validaciones implementadas.
GPA-001__R2-003__R1-001__0226,GPA-001__R2-003__R1-001,02_inputs_xml_flat/GPA-001__R2-003__R1-001__0226.xml,PASS,INFO,R1.D01=SI;R1.D02=SI;R2.D01=SI;R2.D02=NO;R2.D04=SI;R2.D05=SI;R2.D06=SI,MUNICIPIO_SIN_CN_VIV,MUNICIPIO30611,No,Si,,30611,Regla 2 coherente para validaciones implementadas.
GPA-001__R2-003__R1-001__0227,GPA-001__R2-003__R1-001,02_inputs_xml_flat/GPA-001__R2-003__R1-001__0227.xml,PASS,INFO,R1.D01=SI;R1.D02=SI;R2.D01=SI;R2.D02=NO;R2.D04=SI;R2.D05=SI;R2.D06=SI,MUNICIPIO_SIN_CN_VIV,MUNICIPIO30612,No,Si,,30612,Regla 2 coherente para validaciones implementadas.
GPA-001__R2-003__R1-001__0228,GPA-001__R2-003__R1-001,02_inputs_xml_flat/GPA-001__R2-003__R1-001__0228.xml,PASS,INFO,R1.D01=SI;R1.D02=SI;R2.D01=SI;R2.D02=NO;R2.D04=SI;R2.D05=SI;R2.D06=SI,MUNICIPIO_SIN_CN_VIV,MUNICIPIO30613,No,Si,,30613,Regla 2 coherente para validaciones implementadas.
GPA-001__R2-003__R1-001__0229,GPA-001__R2-003__R1-001,02_inputs_xml_flat/GPA-001__R2-003__R1-001__0229.xml,PASS,INFO,R1.D01=SI;R1.D02=SI;R2.D01=SI;R2.D02=NO;R2.D04=SI;R2.D05=SI;R2.D06=SI,MUNICIPIO_SIN_CN_VIV,MUNICIPIO30611,No,Si,,30611,Regla 2 coherente para validaciones implementadas.
GPA-001__R2-003__R1-001__0230,GPA-001__R2-003__R1-001,02_inputs_xml_flat/GPA-001__R2-003__R1-001__0230.xml,PASS,INFO,R1.D01=SI;R1.D02=SI;R2.D01=SI;R2.D02=NO;R2.D04=SI;R2.D05=SI;R2.D06=SI,MUNICIPIO_SIN_CN_VIV,MUNICIPIO30612,No,Si,,30612,Regla 2 coherente para validaciones implementadas.
GPA-001__R2-003__R1-001__0231,GPA-001__R2-003__R1-001,02_inputs_xml_flat/GPA-001__R2-003__R1-001__0231.xml,PASS,INFO,R1.D01=SI;R1.D02=SI;R2.D01=SI;R2.D02=NO;R2.D04=SI;R2.D05=SI;R2.D06=SI,MUNICIPIO_SIN_CN_VIV,MUNICIPIO30613,No,Si,,30613,Regla 2 coherente para validaciones implementadas.
GPA-001__R2-003__R1-001__0232,GPA-001__R2-003__R1-001,02_inputs_xml_flat/GPA-001__R2-003__R1-001__0232.xml,PASS,INFO,R1.D01=SI;R1.D02=SI;R2.D01=SI;R2.D02=NO;R2.D04=SI;R2.D05=SI;R2.D06=SI,MUNICIPIO_SIN_CN_VIV,MUNICIPIO30611,No,Si,,30611,Regla 2 coherente para validaciones implementadas.
GPA-001__R2-003__R1-001__0233,GPA-001__R2-003__R1-001,02_inputs_xml_flat/GPA-001__R2-003__R1-001__0233.xml,PASS,INFO,R1.D01=SI;R1.D02=SI;R2.D01=SI;R2.D02=NO;R2.D04=SI;R2.D05=SI;R2.D06=SI,MUNICIPIO_SIN_CN_VIV,MUNICIPIO30612,No,Si,,30612,Regla 2 coherente para validaciones implementadas.
GPA-001__R2-003__R1-001__0234,GPA-001__R2-003__R1-001,02_inputs_xml_flat/GPA-001__R2-003__R1-001__0234.xml,PASS,INFO,R1.D01=SI;R1.D02=SI;R2.D01=SI;R2.D02=NO;R2.D04=SI;R2.D05=SI;R2.D06=SI,MUNICIPIO_SIN_CN_VIV,MUNICIPIO30613,No,Si,,30613,Regla 2 coherente para validaciones implementadas.
GPA-001__R2-003__R1-001__0235,GPA-001__R2-003__R1-001,02_inputs_xml_flat/GPA-001__R2-003__R1-001__0235.xml,PASS,INFO,R1.D01=SI;R1.D02=SI;R2.D01=SI;R2.D02=NO;R2.D04=SI;R2.D05=SI;R2.D06=SI,MUNICIPIO_SIN_CN_VIV,MUNICIPIO30611,No,Si,,30611,Regla 2 coherente para validaciones implementadas.
GPA-001__R2-003__R1-001__0236,GPA-001__R2-003__R1-001,02_inputs_xml_flat/GPA-001__R2-003__R1-001__0236.xml,PASS,INFO,R1.D01=SI;R1.D02=SI;R2.D01=SI;R2.D02=NO;R2.D04=SI;R2.D05=SI;R2.D06=SI,MUNICIPIO_SIN_CN_VIV,MUNICIPIO30612,No,Si,,30612,Regla 2 coherente para validaciones implementadas.
GPA-001__R2-003__R1-001__0237,GPA-001__R2-003__R1-001,02_inputs_xml_flat/GPA-001__R2-003__R1-001__0237.xml,PASS,INFO,R1.D01=SI;R1.D02=SI;R2.D01=SI;R2.D02=NO;R2.D04=SI;R2.D05=SI;R2.D06=SI,MUNICIPIO_SIN_CN_VIV,MUNICIPIO30613,No,Si,,30613,Regla 2 coherente para validaciones implementadas.
GPA-001__R2-003__R1-001__0238,GPA-001__R2-003__R1-001,02_inputs_xml_flat/GPA-001__R2-003__R1-001__0238.xml,PASS,INFO,R1.D01=SI;R1.D02=SI;R2.D01=SI;R2.D02=NO;R2.D04=SI;R2.D05=SI;R2.D06=SI,MUNICIPIO_SIN_CN_VIV,MUNICIPIO30611,No,Si,,30611,Regla 2 coherente para validaciones implementadas.
GPA-001__R2-003__R1-001__0239,GPA-001__R2-003__R1-001,02_inputs_xml_flat/GPA-001__R2-003__R1-001__0239.xml,PASS,INFO,R1.D01=SI;R1.D02=SI;R2.D01=SI;R2.D02=NO;R2.D04=SI;R2.D05=SI;R2.D06=SI,MUNICIPIO_SIN_CN_VIV,MUNICIPIO30612,No,Si,,30612,Regla 2 coherente para validaciones implementadas.
GPA-001__R2-003__R1-001__0240,GPA-001__R2-003__R1-001,02_inputs_xml_flat/GPA-001__R2-003__R1-001__0240.xml,PASS,INFO,R1.D01=SI;R1.D02=SI;R2.D01=SI;R2.D02=NO;R2.D04=SI;R2.D05=SI;R2.D06=SI,MUNICIPIO_SIN_CN_VIV,MUNICIPIO30613,No,Si,,30613,Regla 2 coherente para validaciones implementadas.
GPA-001__R2-003__R1-001__0241,GPA-001__R2-003__R1-001,02_inputs_xml_flat/GPA-001__R2-003__R1-001__0241.xml,PASS,INFO,R1.D01=SI;R1.D02=SI;R2.D01=SI;R2.D02=NO;R2.D04=SI;R2.D05=SI;R2.D06=SI,MUNICIPIO_SIN_CN_VIV,MUNICIPIO30611,No,Si,,30611,Regla 2 coherente para validaciones implementadas.
GPA-001__R2-003__R1-001__0242,GPA-001__R2-003__R1-001,02_inputs_xml_flat/GPA-001__R2-003__R1-001__0242.xml,PASS,INFO,R1.D01=SI;R1.D02=SI;R2.D01=SI;R2.D02=NO;R2.D04=SI;R2.D05=SI;R2.D06=SI,MUNICIPIO_SIN_CN_VIV,MUNICIPIO30612,No,Si,,30612,Regla 2 coherente para validaciones implementadas.
GPA-001__R2-003__R1-001__0243,GPA-001__R2-003__R1-001,02_inputs_xml_flat/GPA-001__R2-003__R1-001__0243.xml,PASS,INFO,R1.D01=SI;R1.D02=SI;R2.D01=SI;R2.D02=NO;R2.D04=SI;R2.D05=SI;R2.D06=SI,MUNICIPIO_SIN_CN_VIV,MUNICIPIO30613,No,Si,,30613,Regla 2 coherente para validaciones implementadas.
GPA-001__R2-003__R1-001__0244,GPA-001__R2-003__R1-001,02_inputs_xml_flat/GPA-001__R2-003__R1-001__0244.xml,PASS,INFO,R1.D01=SI;R1.D02=SI;R2.D01=SI;R2.D02=NO;R2.D04=SI;R2.D05=SI;R2.D06=SI,MUNICIPIO_SIN_CN_VIV,MUNICIPIO30611,No,Si,,30611,Regla 2 coherente para validaciones implementadas.
GPA-001__R2-003__R1-001__0245,GPA-001__R2-003__R1-001,02_inputs_xml_flat/GPA-001__R2-003__R1-001__0245.xml,PASS,INFO,R1.D01=SI;R1.D02=SI;R2.D01=SI;R2.D02=NO;R2.D04=SI;R2.D05=SI;R2.D06=SI,MUNICIPIO_SIN_CN_VIV,MUNICIPIO30612,No,Si,,30612,Regla 2 coherente para validaciones implementadas.
GPA-001__R2-003__R1-001__0246,GPA-001__R2-003__R1-001,02_inputs_xml_flat/GPA-001__R2-003__R1-001__0246.xml,PASS,INFO,R1.D01=SI;R1.D02=SI;R2.D01=SI;R2.D02=NO;R2.D04=SI;R2.D05=SI;R2.D06=SI,MUNICIPIO_SIN_CN_VIV,MUNICIPIO30613,No,Si,,30613,Regla 2 coherente para validaciones implementadas.
GPA-001__R2-003__R1-001__0247,GPA-001__R2-003__R1-001,02_inputs_xml_flat/GPA-001__R2-003__R1-001__0247.xml,PASS,INFO,R1.D01=SI;R1.D02=SI;R2.D01=SI;R2.D02=NO;R2.D04=SI;R2.D05=SI;R2.D06=SI,MUNICIPIO_SIN_CN_VIV,MUNICIPIO30611,No,Si,,30611,Regla 2 coherente para validaciones implementadas.
GPA-001__R2-003__R1-001__0248,GPA-001__R2-003__R1-001,02_inputs_xml_flat/GPA-001__R2-003__R1-001__0248.xml,PASS,INFO,R1.D01=SI;R1.D02=SI;R2.D01=SI;R2.D02=NO;R2.D04=SI;R2.D05=SI;R2.D06=SI,MUNICIPIO_SIN_CN_VIV,MUNICIPIO30612,No,Si,,30612,Regla 2 coherente para validaciones implementadas.
GPA-001__R2-003__R1-001__0249,GPA-001__R2-003__R1-001,02_inputs_xml_flat/GPA-001__R2-003__R1-001__0249.xml,PASS,INFO,R1.D01=SI;R1.D02=SI;R2.D01=SI;R2.D02=NO;R2.D04=SI;R2.D05=SI;R2.D06=SI,MUNICIPIO_SIN_CN_VIV,MUNICIPIO30613,No,Si,,30613,Regla 2 coherente para validaciones implementadas.
GPA-001__R2-003__R1-001__0250,GPA-001__R2-003__R1-001,02_inputs_xml_flat/GPA-001__R2-003__R1-001__0250.xml,PASS,INFO,R1.D01=SI;R1.D02=SI;R2.D01=SI;R2.D02=NO;R2.D04=SI;R2.D05=SI;R2.D06=SI,MUNICIPIO_SIN_CN_VIV,MUNICIPIO30611,No,Si,,30611,Regla 2 coherente para validaciones implementadas.
GPA-001__R2-003__R1-001__0251,GPA-001__R2-003__R1-001,02_inputs_xml_flat/GPA-001__R2-003__R1-001__0251.xml,PASS,INFO,R1.D01=SI;R1.D02=SI;R2.D01=SI;R2.D02=NO;R2.D04=SI;R2.D05=SI;R2.D06=SI,MUNICIPIO_SIN_CN_VIV,MUNICIPIO30612,No,Si,,30612,Regla 2 coherente para validaciones implementadas.
GPA-001__R2-003__R1-001__0252,GPA-001__R2-003__R1-001,02_inputs_xml_flat/GPA-001__R2-003__R1-001__0252.xml,PASS,INFO,R1.D01=SI;R1.D02=SI;R2.D01=SI;R2.D02=NO;R2.D04=SI;R2.D05=SI;R2.D06=SI,MUNICIPIO_SIN_CN_VIV,MUNICIPIO30613,No,Si,,30613,Regla 2 coherente para validaciones implementadas.
GPA-001__R2-003__R1-001__0253,GPA-001__R2-003__R1-001,02_inputs_xml_flat/GPA-001__R2-003__R1-001__0253.xml,PASS,INFO,R1.D01=SI;R1.D02=SI;R2.D01=SI;R2.D02=NO;R2.D04=SI;R2.D05=SI;R2.D06=SI,MUNICIPIO_SIN_CN_VIV,MUNICIPIO30611,No,Si,,30611,Regla 2 coherente para validaciones implementadas.
GPA-001__R2-003__R1-001__0254,GPA-001__R2-003__R1-001,02_inputs_xml_flat/GPA-001__R2-003__R1-001__0254.xml,PASS,INFO,R1.D01=SI;R1.D02=SI;R2.D01=SI;R2.D02=NO;R2.D04=SI;R2.D05=SI;R2.D06=SI,MUNICIPIO_SIN_CN_VIV,MUNICIPIO30612,No,Si,,30612,Regla 2 coherente para validaciones implementadas.
GPA-001__R2-003__R1-001__0255,GPA-001__R2-003__R1-001,02_inputs_xml_flat/GPA-001__R2-003__R1-001__0255.xml,PASS,INFO,R1.D01=SI;R1.D02=SI;R2.D01=SI;R2.D02=NO;R2.D04=SI;R2.D05=SI;R2.D06=SI,MUNICIPIO_SIN_CN_VIV,MUNICIPIO30613,No,Si,,30613,Regla 2 coherente para validaciones implementadas.
GPA-001__R2-003__R1-001__0256,GPA-001__R2-003__R1-001,02_inputs_xml_flat/GPA-001__R2-003__R1-001__0256.xml,PASS,INFO,R1.D01=SI;R1.D02=SI;R2.D01=SI;R2.D02=NO;R2.D04=SI;R2.D05=SI;R2.D06=SI,MUNICIPIO_SIN_CN_VIV,MUNICIPIO30611,No,Si,,30611,Regla 2 coherente para validaciones implementadas.
GPA-001__R2-003__R1-001__0257,GPA-001__R2-003__R1-001,02_inputs_xml_flat/GPA-001__R2-003__R1-001__0257.xml,PASS,INFO,R1.D01=SI;R1.D02=SI;R2.D01=SI;R2.D02=NO;R2.D04=SI;R2.D05=SI;R2.D06=SI,MUNICIPIO_SIN_CN_VIV,MUNICIPIO30612,No,Si,,30612,Regla 2 coherente para validaciones implementadas.
GPA-001__R2-003__R1-001__0258,GPA-001__R2-003__R1-001,02_inputs_xml_flat/GPA-001__R2-003__R1-001__0258.xml,PASS,INFO,R1.D01=SI;R1.D02=SI;R2.D01=SI;R2.D02=NO;R2.D04=SI;R2.D05=SI;R2.D06=SI,MUNICIPIO_SIN_CN_VIV,MUNICIPIO30613,No,Si,,30613,Regla 2 coherente para validaciones implementadas.
GPA-001__R2-003__R1-001__0259,GPA-001__R2-003__R1-001,02_inputs_xml_flat/GPA-001__R2-003__R1-001__0259.xml,PASS,INFO,R1.D01=SI;R1.D02=SI;R2.D01=SI;R2.D02=NO;R2.D04=SI;R2.D05=SI;R2.D06=SI,MUNICIPIO_SIN_CN_VIV,MUNICIPIO30611,No,Si,,30611,Regla 2 coherente para validaciones implementadas.
GPA-001__R2-003__R1-001__0260,GPA-001__R2-003__R1-001,02_inputs_xml_flat/GPA-001__R2-003__R1-001__0260.xml,PASS,INFO,R1.D01=SI;R1.D02=SI;R2.D01=SI;R2.D02=NO;R2.D04=SI;R2.D05=SI;R2.D06=SI,MUNICIPIO_SIN_CN_VIV,MUNICIPIO30612,No,Si,,30612,Regla 2 coherente para validaciones implementadas.
GPA-001__R2-003__R1-001__0261,GPA-001__R2-003__R1-001,02_inputs_xml_flat/GPA-001__R2-003__R1-001__0261.xml,PASS,INFO,R1.D01=SI;R1.D02=SI;R2.D01=SI;R2.D02=NO;R2.D04=SI;R2.D05=SI;R2.D06=SI,MUNICIPIO_SIN_CN_VIV,MUNICIPIO30613,No,Si,,30613,Regla 2 coherente para validaciones implementadas.
GPA-001__R2-003__R1-001__0262,GPA-001__R2-003__R1-001,02_inputs_xml_flat/GPA-001__R2-003__R1-001__0262.xml,PASS,INFO,R1.D01=SI;R1.D02=SI;R2.D01=SI;R2.D02=NO;R2.D04=SI;R2.D05=SI;R2.D06=SI,MUNICIPIO_SIN_CN_VIV,MUNICIPIO30611,No,Si,,30611,Regla 2 coherente para validaciones implementadas.
GPA-001__R2-003__R1-001__0263,GPA-001__R2-003__R1-001,02_inputs_xml_flat/GPA-001__R2-003__R1-001__0263.xml,PASS,INFO,R1.D01=SI;R1.D02=SI;R2.D01=SI;R2.D02=NO;R2.D04=SI;R2.D05=SI;R2.D06=SI,MUNICIPIO_SIN_CN_VIV,MUNICIPIO30612,No,Si,,30612,Regla 2 coherente para validaciones implementadas.
GPA-001__R2-003__R1-001__0264,GPA-001__R2-003__R1-001,02_inputs_xml_flat/GPA-001__R2-003__R1-001__0264.xml,PASS,INFO,R1.D01=SI;R1.D02=SI;R2.D01=SI;R2.D02=NO;R2.D04=SI;R2.D05=SI;R2.D06=SI,MUNICIPIO_SIN_CN_VIV,MUNICIPIO30613,No,Si,,30613,Regla 2 coherente para validaciones implementadas.
GPA-001__R2-003__R1-001__0265,GPA-001__R2-003__R1-001,02_inputs_xml_flat/GPA-001__R2-003__R1-001__0265.xml,PASS,INFO,R1.D01=SI;R1.D02=SI;R2.D01=SI;R2.D02=NO;R2.D04=SI;R2.D05=SI;R2.D06=SI,MUNICIPIO_SIN_CN_VIV,MUNICIPIO30611,No,Si,,30611,Regla 2 coherente para validaciones implementadas.
GPA-001__R2-003__R1-001__0266,GPA-001__R2-003__R1-001,02_inputs_xml_flat/GPA-001__R2-003__R1-001__0266.xml,PASS,INFO,R1.D01=SI;R1.D02=SI;R2.D01=SI;R2.D02=NO;R2.D04=SI;R2.D05=SI;R2.D06=SI,MUNICIPIO_SIN_CN_VIV,MUNICIPIO30612,No,Si,,30612,Regla 2 coherente para validaciones implementadas.
GPA-001__R2-003__R1-001__0267,GPA-001__R2-003__R1-001,02_inputs_xml_flat/GPA-001__R2-003__R1-001__0267.xml,PASS,INFO,R1.D01=SI;R1.D02=SI;R2.D01=SI;R2.D02=NO;R2.D04=SI;R2.D05=SI;R2.D06=SI,MUNICIPIO_SIN_CN_VIV,MUNICIPIO30613,No,Si,,30613,Regla 2 coherente para validaciones implementadas.
GPA-001__R2-003__R1-001__0268,GPA-001__R2-003__R1-001,02_inputs_xml_flat/GPA-001__R2-003__R1-001__0268.xml,PASS,INFO,R1.D01=SI;R1.D02=SI;R2.D01=SI;R2.D02=NO;R2.D04=SI;R2.D05=SI;R2.D06=SI,MUNICIPIO_SIN_CN_VIV,MUNICIPIO30611,No,Si,,30611,Regla 2 coherente para validaciones implementadas.
GPA-001__R2-003__R1-001__0269,GPA-001__R2-003__R1-001,02_inputs_xml_flat/GPA-001__R2-003__R1-001__0269.xml,PASS,INFO,R1.D01=SI;R1.D02=SI;R2.D01=SI;R2.D02=NO;R2.D04=SI;R2.D05=SI;R2.D06=SI,MUNICIPIO_SIN_CN_VIV,MUNICIPIO30612,No,Si,,30612,Regla 2 coherente para validaciones implementadas.
GPA-001__R2-003__R1-001__0270,GPA-001__R2-003__R1-001,02_inputs_xml_flat/GPA-001__R2-003__R1-001__0270.xml,PASS,INFO,R1.D01=SI;R1.D02=SI;R2.D01=SI;R2.D02=NO;R2.D04=SI;R2.D05=SI;R2.D06=SI,MUNICIPIO_SIN_CN_VIV,MUNICIPIO30613,No,Si,,30613,Regla 2 coherente para validaciones implementadas.
GPA-001__R2-003__R1-001__0271,GPA-001__R2-003__R1-001,02_inputs_xml_flat/GPA-001__R2-003__R1-001__0271.xml,PASS,INFO,R1.D01=SI;R1.D02=SI;R2.D01=SI;R2.D02=NO;R2.D04=SI;R2.D05=SI;R2.D06=SI,MUNICIPIO_SIN_CN_VIV,MUNICIPIO30611,No,Si,,30611,Regla 2 coherente para validaciones implementadas.
GPA-001__R2-003__R1-001__0272,GPA-001__R2-003__R1-001,02_inputs_xml_flat/GPA-001__R2-003__R1-001__0272.xml,PASS,INFO,R1.D01=SI;R1.D02=SI;R2.D01=SI;R2.D02=NO;R2.D04=SI;R2.D05=SI;R2.D06=SI,MUNICIPIO_SIN_CN_VIV,MUNICIPIO30612,No,Si,,30612,Regla 2 coherente para validaciones implementadas.
GPA-001__R2-003__R1-001__0273,GPA-001__R2-003__R1-001,02_inputs_xml_flat/GPA-001__R2-003__R1-001__0273.xml,PASS,INFO,R1.D01=SI;R1.D02=SI;R2.D01=SI;R2.D02=NO;R2.D04=SI;R2.D05=SI;R2.D06=SI,MUNICIPIO_SIN_CN_VIV,MUNICIPIO30613,No,Si,,30613,Regla 2 coherente para validaciones implementadas.
GPA-001__R2-003__R1-001__0274,GPA-001__R2-003__R1-001,02_inputs_xml_flat/GPA-001__R2-003__R1-001__0274.xml,PASS,INFO,R1.D01=SI;R1.D02=SI;R2.D01=SI;R2.D02=NO;R2.D04=SI;R2.D05=SI;R2.D06=SI,MUNICIPIO_SIN_CN_VIV,MUNICIPIO30611,No,Si,,30611,Regla 2 coherente para validaciones implementadas.
GPA-001__R2-003__R1-001__0275,GPA-001__R2-003__R1-001,02_inputs_xml_flat/GPA-001__R2-003__R1-001__0275.xml,PASS,INFO,R1.D01=SI;R1.D02=SI;R2.D01=SI;R2.D02=NO;R2.D04=SI;R2.D05=SI;R2.D06=SI,MUNICIPIO_SIN_CN_VIV,MUNICIPIO30612,No,Si,,30612,Regla 2 coherente para validaciones implementadas.
GPA-001__R2-003__R1-001__0276,GPA-001__R2-003__R1-001,02_inputs_xml_flat/GPA-001__R2-003__R1-001__0276.xml,PASS,INFO,R1.D01=SI;R1.D02=SI;R2.D01=SI;R2.D02=NO;R2.D04=SI;R2.D05=SI;R2.D06=SI,MUNICIPIO_SIN_CN_VIV,MUNICIPIO30613,No,Si,,30613,Regla 2 coherente para validaciones implementadas.
GPA-001__R2-003__R1-001__0277,GPA-001__R2-003__R1-001,02_inputs_xml_flat/GPA-001__R2-003__R1-001__0277.xml,PASS,INFO,R1.D01=SI;R1.D02=SI;R2.D01=SI;R2.D02=NO;R2.D04=SI;R2.D05=SI;R2.D06=SI,MUNICIPIO_SIN_CN_VIV,MUNICIPIO30611,No,Si,,30611,Regla 2 coherente para validaciones implementadas.
GPA-001__R2-003__R1-001__0278,GPA-001__R2-003__R1-001,02_inputs_xml_flat/GPA-001__R2-003__R1-001__0278.xml,PASS,INFO,R1.D01=SI;R1.D02=SI;R2.D01=SI;R2.D02=NO;R2.D04=SI;R2.D05=SI;R2.D06=SI,MUNICIPIO_SIN_CN_VIV,MUNICIPIO30612,No,Si,,30612,Regla 2 coherente para validaciones implementadas.
GPA-001__R2-003__R1-001__0279,GPA-001__R2-003__R1-001,02_inputs_xml_flat/GPA-001__R2-003__R1-001__0279.xml,PASS,INFO,R1.D01=SI;R1.D02=SI;R2.D01=SI;R2.D02=NO;R2.D04=SI;R2.D05=SI;R2.D06=SI,MUNICIPIO_SIN_CN_VIV,MUNICIPIO30613,No,Si,,30613,Regla 2 coherente para validaciones implementadas.
GPA-001__R2-003__R1-001__0280,GPA-001__R2-003__R1-001,02_inputs_xml_flat/GPA-001__R2-003__R1-001__0280.xml,PASS,INFO,R1.D01=SI;R1.D02=SI;R2.D01=SI;R2.D02=NO;R2.D04=SI;R2.D05=SI;R2.D06=SI,MUNICIPIO_SIN_CN_VIV,MUNICIPIO30611,No,Si,,30611,Regla 2 coherente para validaciones implementadas.
GPA-001__R2-003__R1-001__0281,GPA-001__R2-003__R1-001,02_inputs_xml_flat/GPA-001__R2-003__R1-001__0281.xml,PASS,INFO,R1.D01=SI;R1.D02=SI;R2.D01=SI;R2.D02=NO;R2.D04=SI;R2.D05=SI;R2.D06=SI,MUNICIPIO_SIN_CN_VIV,MUNICIPIO30612,No,Si,,30612,Regla 2 coherente para validaciones implementadas.
GPA-001__R2-003__R1-001__0282,GPA-001__R2-003__R1-001,02_inputs_xml_flat/GPA-001__R2-003__R1-001__0282.xml,PASS,INFO,R1.D01=SI;R1.D02=SI;R2.D01=SI;R2.D02=NO;R2.D04=SI;R2.D05=SI;R2.D06=SI,MUNICIPIO_SIN_CN_VIV,MUNICIPIO30613,No,Si,,30613,Regla 2 coherente para validaciones implementadas.
GPA-001__R2-003__R1-001__0283,GPA-001__R2-003__R1-001,02_inputs_xml_flat/GPA-001__R2-003__R1-001__0283.xml,PASS,INFO,R1.D01=SI;R1.D02=SI;R2.D01=SI;R2.D02=NO;R2.D04=SI;R2.D05=SI;R2.D06=SI,MUNICIPIO_SIN_CN_VIV,MUNICIPIO30611,No,Si,,30611,Regla 2 coherente para validaciones implementadas.
GPA-001__R2-003__R1-001__0284,GPA-001__R2-003__R1-001,02_inputs_xml_flat/GPA-001__R2-003__R1-001__0284.xml,PASS,INFO,R1.D01=SI;R1.D02=SI;R2.D01=SI;R2.D02=NO;R2.D04=SI;R2.D05=SI;R2.D06=SI,MUNICIPIO_SIN_CN_VIV,MUNICIPIO30612,No,Si,,30612,Regla 2 coherente para validaciones implementadas.
GPA-001__R2-003__R1-001__0285,GPA-001__R2-003__R1-001,02_inputs_xml_flat/GPA-001__R2-003__R1-001__0285.xml,PASS,INFO,R1.D01=SI;R1.D02=SI;R2.D01=SI;R2.D02=NO;R2.D04=SI;R2.D05=SI;R2.D06=SI,MUNICIPIO_SIN_CN_VIV,MUNICIPIO30613,No,Si,,30613,Regla 2 coherente para validaciones implementadas.
GPA-001__R2-003__R1-001__0286,GPA-001__R2-003__R1-001,02_inputs_xml_flat/GPA-001__R2-003__R1-001__0286.xml,PASS,INFO,R1.D01=SI;R1.D02=SI;R2.D01=SI;R2.D02=NO;R2.D04=SI;R2.D05=SI;R2.D06=SI,MUNICIPIO_SIN_CN_VIV,MUNICIPIO30611,No,Si,,30611,Regla 2 coherente para validaciones implementadas.
GPA-001__R2-003__R1-001__0287,GPA-001__R2-003__R1-001,02_inputs_xml_flat/GPA-001__R2-003__R1-001__0287.xml,PASS,INFO,R1.D01=SI;R1.D02=SI;R2.D01=SI;R2.D02=NO;R2.D04=SI;R2.D05=SI;R2.D06=SI,MUNICIPIO_SIN_CN_VIV,MUNICIPIO30612,No,Si,,30612,Regla 2 coherente para validaciones implementadas.
GPA-001__R2-003__R1-001__0288,GPA-001__R2-003__R1-001,02_inputs_xml_flat/GPA-001__R2-003__R1-001__0288.xml,PASS,INFO,R1.D01=SI;R1.D02=SI;R2.D01=SI;R2.D02=NO;R2.D04=SI;R2.D05=SI;R2.D06=SI,MUNICIPIO_SIN_CN_VIV,MUNICIPIO30613,No,Si,,30613,Regla 2 coherente para validaciones implementadas.
GPA-001__R2-003__R1-001__0289,GPA-001__R2-003__R1-001,02_inputs_xml_flat/GPA-001__R2-003__R1-001__0289.xml,PASS,INFO,R1.D01=SI;R1.D02=SI;R2.D01=SI;R2.D02=NO;R2.D04=SI;R2.D05=SI;R2.D06=SI,MUNICIPIO_SIN_CN_VIV,MUNICIPIO30611,No,Si,,30611,Regla 2 coherente para validaciones implementadas.
GPA-001__R2-003__R1-001__0290,GPA-001__R2-003__R1-001,02_inputs_xml_flat/GPA-001__R2-003__R1-001__0290.xml,PASS,INFO,R1.D01=SI;R1.D02=SI;R2.D01=SI;R2.D02=NO;R2.D04=SI;R2.D05=SI;R2.D06=SI,MUNICIPIO_SIN_CN_VIV,MUNICIPIO30612,No,Si,,30612,Regla 2 coherente para validaciones implementadas.
GPA-001__R2-003__R1-001__0291,GPA-001__R2-003__R1-001,02_inputs_xml_flat/GPA-001__R2-003__R1-001__0291.xml,PASS,INFO,R1.D01=SI;R1.D02=SI;R2.D01=SI;R2.D02=NO;R2.D04=SI;R2.D05=SI;R2.D06=SI,MUNICIPIO_SIN_CN_VIV,MUNICIPIO30613,No,Si,,30613,Regla 2 coherente para validaciones implementadas.
GPA-001__R2-003__R1-001__0292,GPA-001__R2-003__R1-001,02_inputs_xml_flat/GPA-001__R2-003__R1-001__0292.xml,PASS,INFO,R1.D01=SI;R1.D02=SI;R2.D01=SI;R2.D02=NO;R2.D04=SI;R2.D05=SI;R2.D06=SI,MUNICIPIO_SIN_CN_VIV,MUNICIPIO30611,No,Si,,30611,Regla 2 coherente para validaciones implementadas.
GPA-001__R2-003__R1-001__0293,GPA-001__R2-003__R1-001,02_inputs_xml_flat/GPA-001__R2-003__R1-001__0293.xml,PASS,INFO,R1.D01=SI;R1.D02=SI;R2.D01=SI;R2.D02=NO;R2.D04=SI;R2.D05=SI;R2.D06=SI,MUNICIPIO_SIN_CN_VIV,MUNICIPIO30612,No,Si,,30612,Regla 2 coherente para validaciones implementadas.
GPA-001__R2-003__R1-001__0294,GPA-001__R2-003__R1-001,02_inputs_xml_flat/GPA-001__R2-003__R1-001__0294.xml,PASS,INFO,R1.D01=SI;R1.D02=SI;R2.D01=SI;R2.D02=NO;R2.D04=SI;R2.D05=SI;R2.D06=SI,MUNICIPIO_SIN_CN_VIV,MUNICIPIO30613,No,Si,,30613,Regla 2 coherente para validaciones implementadas.
GPA-001__R2-003__R1-001__0295,GPA-001__R2-003__R1-001,02_inputs_xml_flat/GPA-001__R2-003__R1-001__0295.xml,PASS,INFO,R1.D01=SI;R1.D02=SI;R2.D01=SI;R2.D02=NO;R2.D04=SI;R2.D05=SI;R2.D06=SI,MUNICIPIO_SIN_CN_VIV,MUNICIPIO30611,No,Si,,30611,Regla 2 coherente para validaciones implementadas.
GPA-001__R2-003__R1-001__0296,GPA-001__R2-003__R1-001,02_inputs_xml_flat/GPA-001__R2-003__R1-001__0296.xml,PASS,INFO,R1.D01=SI;R1.D02=SI;R2.D01=SI;R2.D02=NO;R2.D04=SI;R2.D05=SI;R2.D06=SI,MUNICIPIO_SIN_CN_VIV,MUNICIPIO30612,No,Si,,30612,Regla 2 coherente para validaciones implementadas.
GPA-001__R2-003__R1-001__0297,GPA-001__R2-003__R1-001,02_inputs_xml_flat/GPA-001__R2-003__R1-001__0297.xml,PASS,INFO,R1.D01=SI;R1.D02=SI;R2.D01=SI;R2.D02=NO;R2.D04=SI;R2.D05=SI;R2.D06=SI,MUNICIPIO_SIN_CN_VIV,MUNICIPIO30613,No,Si,,30613,Regla 2 coherente para validaciones implementadas.
GPA-001__R2-003__R1-001__0298,GPA-001__R2-003__R1-001,02_inputs_xml_flat/GPA-001__R2-003__R1-001__0298.xml,PASS,INFO,R1.D01=SI;R1.D02=SI;R2.D01=SI;R2.D02=NO;R2.D04=SI;R2.D05=SI;R2.D06=SI,MUNICIPIO_SIN_CN_VIV,MUNICIPIO30611,No,Si,,30611,Regla 2 coherente para validaciones implementadas.
GPA-001__R2-003__R1-001__0299,GPA-001__R2-003__R1-001,02_inputs_xml_flat/GPA-001__R2-003__R1-001__0299.xml,PASS,INFO,R1.D01=SI;R1.D02=SI;R2.D01=SI;R2.D02=NO;R2.D04=SI;R2.D05=SI;R2.D06=SI,MUNICIPIO_SIN_CN_VIV,MUNICIPIO30612,No,Si,,30612,Regla 2 coherente para validaciones implementadas.
GPA-001__R2-003__R1-001__0300,GPA-001__R2-003__R1-001,02_inputs_xml_flat/GPA-001__R2-003__R1-001__0300.xml,PASS,INFO,R1.D01=SI;R1.D02=SI;R2.D01=SI;R2.D02=NO;R2.D04=SI;R2.D05=SI;R2.D06=SI,MUNICIPIO_SIN_CN_VIV,MUNICIPIO30613,No,Si,,30613,Regla 2 coherente para validaciones implementadas.
GPA-001__R2-003__R1-001__0301,GPA-001__R2-003__R1-001,02_inputs_xml_flat/GPA-001__R2-003__R1-001__0301.xml,PASS,INFO,R1.D01=SI;R1.D02=SI;R2.D01=SI;R2.D02=NO;R2.D04=SI;R2.D05=SI;R2.D06=SI,MUNICIPIO_SIN_CN_VIV,MUNICIPIO30611,No,Si,,30611,Regla 2 coherente para validaciones implementadas.
GPA-001__R2-003__R1-001__0302,GPA-001__R2-003__R1-001,02_inputs_xml_flat/GPA-001__R2-003__R1-001__0302.xml,PASS,INFO,R1.D01=SI;R1.D02=SI;R2.D01=SI;R2.D02=NO;R2.D04=SI;R2.D05=SI;R2.D06=SI,MUNICIPIO_SIN_CN_VIV,MUNICIPIO30612,No,Si,,30612,Regla 2 coherente para validaciones implementadas.
GPA-001__R2-003__R1-001__0303,GPA-001__R2-003__R1-001,02_inputs_xml_flat/GPA-001__R2-003__R1-001__0303.xml,PASS,INFO,R1.D01=SI;R1.D02=SI;R2.D01=SI;R2.D02=NO;R2.D04=SI;R2.D05=SI;R2.D06=SI,MUNICIPIO_SIN_CN_VIV,MUNICIPIO30613,No,Si,,30613,Regla 2 coherente para validaciones implementadas.
GPA-001__R2-003__R1-001__0304,GPA-001__R2-003__R1-001,02_inputs_xml_flat/GPA-001__R2-003__R1-001__0304.xml,PASS,INFO,R1.D01=SI;R1.D02=SI;R2.D01=SI;R2.D02=NO;R2.D04=SI;R2.D05=SI;R2.D06=SI,MUNICIPIO_SIN_CN_VIV,MUNICIPIO30611,No,Si,,30611,Regla 2 coherente para validaciones implementadas.
GPA-001__R2-003__R1-001__0305,GPA-001__R2-003__R1-001,02_inputs_xml_flat/GPA-001__R2-003__R1-001__0305.xml,PASS,INFO,R1.D01=SI;R1.D02=SI;R2.D01=SI;R2.D02=NO;R2.D04=SI;R2.D05=SI;R2.D06=SI,MUNICIPIO_SIN_CN_VIV,MUNICIPIO30612,No,Si,,30612,Regla 2 coherente para validaciones implementadas.
GPA-001__R2-003__R1-001__0306,GPA-001__R2-003__R1-001,02_inputs_xml_flat/GPA-001__R2-003__R1-001__0306.xml,PASS,INFO,R1.D01=SI;R1.D02=SI;R2.D01=SI;R2.D02=NO;R2.D04=SI;R2.D05=SI;R2.D06=SI,MUNICIPIO_SIN_CN_VIV,MUNICIPIO30613,No,Si,,30613,Regla 2 coherente para validaciones implementadas.
GPA-001__R2-003__R1-001__0307,GPA-001__R2-003__R1-001,02_inputs_xml_flat/GPA-001__R2-003__R1-001__0307.xml,PASS,INFO,R1.D01=SI;R1.D02=SI;R2.D01=SI;R2.D02=NO;R2.D04=SI;R2.D05=SI;R2.D06=SI,MUNICIPIO_SIN_CN_VIV,MUNICIPIO30611,No,Si,,30611,Regla 2 coherente para validaciones implementadas.
GPA-001__R2-003__R1-001__0308,GPA-001__R2-003__R1-001,02_inputs_xml_flat/GPA-001__R2-003__R1-001__0308.xml,PASS,INFO,R1.D01=SI;R1.D02=SI;R2.D01=SI;R2.D02=NO;R2.D04=SI;R2.D05=SI;R2.D06=SI,MUNICIPIO_SIN_CN_VIV,MUNICIPIO30612,No,Si,,30612,Regla 2 coherente para validaciones implementadas.
GPA-001__R2-003__R1-001__0309,GPA-001__R2-003__R1-001,02_inputs_xml_flat/GPA-001__R2-003__R1-001__0309.xml,PASS,INFO,R1.D01=SI;R1.D02=SI;R2.D01=SI;R2.D02=NO;R2.D04=SI;R2.D05=SI;R2.D06=SI,MUNICIPIO_SIN_CN_VIV,MUNICIPIO30613,No,Si,,30613,Regla 2 coherente para validaciones implementadas.
GPA-001__R2-003__R1-001__0310,GPA-001__R2-003__R1-001,02_inputs_xml_flat/GPA-001__R2-003__R1-001__0310.xml,PASS,INFO,R1.D01=SI;R1.D02=SI;R2.D01=SI;R2.D02=NO;R2.D04=SI;R2.D05=SI;R2.D06=SI,MUNICIPIO_SIN_CN_VIV,MUNICIPIO30611,No,Si,,30611,Regla 2 coherente para validaciones implementadas.
GPA-001__R2-003__R1-001__0311,GPA-001__R2-003__R1-001,02_inputs_xml_flat/GPA-001__R2-003__R1-001__0311.xml,PASS,INFO,R1.D01=SI;R1.D02=SI;R2.D01=SI;R2.D02=NO;R2.D04=SI;R2.D05=SI;R2.D06=SI,MUNICIPIO_SIN_CN_VIV,MUNICIPIO30612,No,Si,,30612,Regla 2 coherente para validaciones implementadas.
GPA-001__R2-003__R1-001__0312,GPA-001__R2-003__R1-001,02_inputs_xml_flat/GPA-001__R2-003__R1-001__0312.xml,PASS,INFO,R1.D01=SI;R1.D02=SI;R2.D01=SI;R2.D02=NO;R2.D04=SI;R2.D05=SI;R2.D06=SI,MUNICIPIO_SIN_CN_VIV,MUNICIPIO30613,No,Si,,30613,Regla 2 coherente para validaciones implementadas.
GPA-001__R2-003__R1-001__0313,GPA-001__R2-003__R1-001,02_inputs_xml_flat/GPA-001__R2-003__R1-001__0313.xml,PASS,INFO,R1.D01=SI;R1.D02=SI;R2.D01=SI;R2.D02=NO;R2.D04=SI;R2.D05=SI;R2.D06=SI,MUNICIPIO_SIN_CN_VIV,MUNICIPIO30611,No,Si,,30611,Regla 2 coherente para validaciones implementadas.
GPA-001__R2-003__R1-001__0314,GPA-001__R2-003__R1-001,02_inputs_xml_flat/GPA-001__R2-003__R1-001__0314.xml,PASS,INFO,R1.D01=SI;R1.D02=SI;R2.D01=SI;R2.D02=NO;R2.D04=SI;R2.D05=SI;R2.D06=SI,MUNICIPIO_SIN_CN_VIV,MUNICIPIO30612,No,Si,,30612,Regla 2 coherente para validaciones implementadas.
GPA-001__R2-003__R1-001__0315,GPA-001__R2-003__R1-001,02_inputs_xml_flat/GPA-001__R2-003__R1-001__0315.xml,PASS,INFO,R1.D01=SI;R1.D02=SI;R2.D01=SI;R2.D02=NO;R2.D04=SI;R2.D05=SI;R2.D06=SI,MUNICIPIO_SIN_CN_VIV,MUNICIPIO30613,No,Si,,30613,Regla 2 coherente para validaciones implementadas.
GPA-001__R2-003__R1-001__0316,GPA-001__R2-003__R1-001,02_inputs_xml_flat/GPA-001__R2-003__R1-001__0316.xml,PASS,INFO,R1.D01=SI;R1.D02=SI;R2.D01=SI;R2.D02=NO;R2.D04=SI;R2.D05=SI;R2.D06=SI,MUNICIPIO_SIN_CN_VIV,MUNICIPIO30611,No,Si,,30611,Regla 2 coherente para validaciones implementadas.
GPA-001__R2-003__R1-001__0317,GPA-001__R2-003__R1-001,02_inputs_xml_flat/GPA-001__R2-003__R1-001__0317.xml,PASS,INFO,R1.D01=SI;R1.D02=SI;R2.D01=SI;R2.D02=NO;R2.D04=SI;R2.D05=SI;R2.D06=SI,MUNICIPIO_SIN_CN_VIV,MUNICIPIO30612,No,Si,,30612,Regla 2 coherente para validaciones implementadas.
GPA-001__R2-003__R1-001__0318,GPA-001__R2-003__R1-001,02_inputs_xml_flat/GPA-001__R2-003__R1-001__0318.xml,PASS,INFO,R1.D01=SI;R1.D02=SI;R2.D01=SI;R2.D02=NO;R2.D04=SI;R2.D05=SI;R2.D06=SI,MUNICIPIO_SIN_CN_VIV,MUNICIPIO30613,No,Si,,30613,Regla 2 coherente para validaciones implementadas.
GPA-001__R2-003__R1-001__0319,GPA-001__R2-003__R1-001,02_inputs_xml_flat/GPA-001__R2-003__R1-001__0319.xml,PASS,INFO,R1.D01=SI;R1.D02=SI;R2.D01=SI;R2.D02=NO;R2.D04=SI;R2.D05=SI;R2.D06=SI,MUNICIPIO_SIN_CN_VIV,MUNICIPIO30611,No,Si,,30611,Regla 2 coherente para validaciones implementadas.
GPA-001__R2-003__R1-001__0320,GPA-001__R2-003__R1-001,02_inputs_xml_flat/GPA-001__R2-003__R1-001__0320.xml,PASS,INFO,R1.D01=SI;R1.D02=SI;R2.D01=SI;R2.D02=NO;R2.D04=SI;R2.D05=SI;R2.D06=SI,MUNICIPIO_SIN_CN_VIV,MUNICIPIO30612,No,Si,,30612,Regla 2 coherente para validaciones implementadas.
GPA-001__R2-003__R1-001__0321,GPA-001__R2-003__R1-001,02_inputs_xml_flat/GPA-001__R2-003__R1-001__0321.xml,PASS,INFO,R1.D01=SI;R1.D02=SI;R2.D01=SI;R2.D02=NO;R2.D04=SI;R2.D05=SI;R2.D06=SI,MUNICIPIO_SIN_CN_VIV,MUNICIPIO30613,No,Si,,30613,Regla 2 coherente para validaciones implementadas.
GPA-001__R2-003__R1-001__0322,GPA-001__R2-003__R1-001,02_inputs_xml_flat/GPA-001__R2-003__R1-001__0322.xml,PASS,INFO,R1.D01=SI;R1.D02=SI;R2.D01=SI;R2.D02=NO;R2.D04=SI;R2.D05=SI;R2.D06=SI,MUNICIPIO_SIN_CN_VIV,MUNICIPIO30611,No,Si,,30611,Regla 2 coherente para validaciones implementadas.
GPA-001__R2-003__R1-001__0323,GPA-001__R2-003__R1-001,02_inputs_xml_flat/GPA-001__R2-003__R1-001__0323.xml,PASS,INFO,R1.D01=SI;R1.D02=SI;R2.D01=SI;R2.D02=NO;R2.D04=SI;R2.D05=SI;R2.D06=SI,MUNICIPIO_SIN_CN_VIV,MUNICIPIO30612,No,Si,,30612,Regla 2 coherente para validaciones implementadas.
GPA-001__R2-003__R1-001__0324,GPA-001__R2-003__R1-001,02_inputs_xml_flat/GPA-001__R2-003__R1-001__0324.xml,PASS,INFO,R1.D01=SI;R1.D02=SI;R2.D01=SI;R2.D02=NO;R2.D04=SI;R2.D05=SI;R2.D06=SI,MUNICIPIO_SIN_CN_VIV,MUNICIPIO30613,No,Si,,30613,Regla 2 coherente para validaciones implementadas.
GPA-001__R2-003__R1-001__0325,GPA-001__R2-003__R1-001,02_inputs_xml_flat/GPA-001__R2-003__R1-001__0325.xml,PASS,INFO,R1.D01=SI;R1.D02=SI;R2.D01=SI;R2.D02=NO;R2.D04=SI;R2.D05=SI;R2.D06=SI,MUNICIPIO_SIN_CN_VIV,MUNICIPIO30611,No,Si,,30611,Regla 2 coherente para validaciones implementadas.
GPA-001__R2-003__R1-001__0326,GPA-001__R2-003__R1-001,02_inputs_xml_flat/GPA-001__R2-003__R1-001__0326.xml,PASS,INFO,R1.D01=SI;R1.D02=SI;R2.D01=SI;R2.D02=NO;R2.D04=SI;R2.D05=SI;R2.D06=SI,MUNICIPIO_SIN_CN_VIV,MUNICIPIO30612,No,Si,,30612,Regla 2 coherente para validaciones implementadas.
GPA-001__R2-003__R1-001__0327,GPA-001__R2-003__R1-001,02_inputs_xml_flat/GPA-001__R2-003__R1-001__0327.xml,PASS,INFO,R1.D01=SI;R1.D02=SI;R2.D01=SI;R2.D02=NO;R2.D04=SI;R2.D05=SI;R2.D06=SI,MUNICIPIO_SIN_CN_VIV,MUNICIPIO30613,No,Si,,30613,Regla 2 coherente para validaciones implementadas.
GPA-001__R2-003__R1-001__0328,GPA-001__R2-003__R1-001,02_inputs_xml_flat/GPA-001__R2-003__R1-001__0328.xml,PASS,INFO,R1.D01=SI;R1.D02=SI;R2.D01=SI;R2.D02=NO;R2.D04=SI;R2.D05=SI;R2.D06=SI,MUNICIPIO_SIN_CN_VIV,MUNICIPIO30611,No,Si,,30611,Regla 2 coherente para validaciones implementadas.
GPA-001__R2-003__R1-001__0329,GPA-001__R2-003__R1-001,02_inputs_xml_flat/GPA-001__R2-003__R1-001__0329.xml,PASS,INFO,R1.D01=SI;R1.D02=SI;R2.D01=SI;R2.D02=NO;R2.D04=SI;R2.D05=SI;R2.D06=SI,MUNICIPIO_SIN_CN_VIV,MUNICIPIO30612,No,Si,,30612,Regla 2 coherente para validaciones implementadas.
GPA-001__R2-003__R1-001__0330,GPA-001__R2-003__R1-001,02_inputs_xml_flat/GPA-001__R2-003__R1-001__0330.xml,PASS,INFO,R1.D01=SI;R1.D02=SI;R2.D01=SI;R2.D02=NO;R2.D04=SI;R2.D05=SI;R2.D06=SI,MUNICIPIO_SIN_CN_VIV,MUNICIPIO30613,No,Si,,30613,Regla 2 coherente para validaciones implementadas.
GPA-001__R2-003__R1-001__0331,GPA-001__R2-003__R1-001,02_inputs_xml_flat/GPA-001__R2-003__R1-001__0331.xml,PASS,INFO,R1.D01=SI;R1.D02=SI;R2.D01=SI;R2.D02=NO;R2.D04=SI;R2.D05=SI;R2.D06=SI,MUNICIPIO_SIN_CN_VIV,MUNICIPIO30611,No,Si,,30611,Regla 2 coherente para validaciones implementadas.
GPA-001__R2-003__R1-001__0332,GPA-001__R2-003__R1-001,02_inputs_xml_flat/GPA-001__R2-003__R1-001__0332.xml,PASS,INFO,R1.D01=SI;R1.D02=SI;R2.D01=SI;R2.D02=NO;R2.D04=SI;R2.D05=SI;R2.D06=SI,MUNICIPIO_SIN_CN_VIV,MUNICIPIO30612,No,Si,,30612,Regla 2 coherente para validaciones implementadas.
GPA-001__R2-003__R1-001__0333,GPA-001__R2-003__R1-001,02_inputs_xml_flat/GPA-001__R2-003__R1-001__0333.xml,PASS,INFO,R1.D01=SI;R1.D02=SI;R2.D01=SI;R2.D02=NO;R2.D04=SI;R2.D05=SI;R2.D06=SI,MUNICIPIO_SIN_CN_VIV,MUNICIPIO30613,No,Si,,30613,Regla 2 coherente para validaciones implementadas.
GPA-001__R2-003__R1-001__0334,GPA-001__R2-003__R1-001,02_inputs_xml_flat/GPA-001__R2-003__R1-001__0334.xml,PASS,INFO,R1.D01=SI;R1.D02=SI;R2.D01=SI;R2.D02=NO;R2.D04=SI;R2.D05=SI;R2.D06=SI,MUNICIPIO_SIN_CN_VIV,MUNICIPIO30611,No,Si,,30611,Regla 2 coherente para validaciones implementadas.
GPA-001__R2-003__R1-001__0335,GPA-001__R2-003__R1-001,02_inputs_xml_flat/GPA-001__R2-003__R1-001__0335.xml,PASS,INFO,R1.D01=SI;R1.D02=SI;R2.D01=SI;R2.D02=NO;R2.D04=SI;R2.D05=SI;R2.D06=SI,MUNICIPIO_SIN_CN_VIV,MUNICIPIO30612,No,Si,,30612,Regla 2 coherente para validaciones implementadas.
GPA-001__R2-003__R1-001__0336,GPA-001__R2-003__R1-001,02_inputs_xml_flat/GPA-001__R2-003__R1-001__0336.xml,PASS,INFO,R1.D01=SI;R1.D02=SI;R2.D01=SI;R2.D02=NO;R2.D04=SI;R2.D05=SI;R2.D06=SI,MUNICIPIO_SIN_CN_VIV,MUNICIPIO30613,No,Si,,30613,Regla 2 coherente para validaciones implementadas.
GPA-001__R2-003__R1-001__0337,GPA-001__R2-003__R1-001,02_inputs_xml_flat/GPA-001__R2-003__R1-001__0337.xml,PASS,INFO,R1.D01=SI;R1.D02=SI;R2.D01=SI;R2.D02=NO;R2.D04=SI;R2.D05=SI;R2.D06=SI,MUNICIPIO_SIN_CN_VIV,MUNICIPIO30611,No,Si,,30611,Regla 2 coherente para validaciones implementadas.
GPA-001__R2-003__R1-001__0338,GPA-001__R2-003__R1-001,02_inputs_xml_flat/GPA-001__R2-003__R1-001__0338.xml,PASS,INFO,R1.D01=SI;R1.D02=SI;R2.D01=SI;R2.D02=NO;R2.D04=SI;R2.D05=SI;R2.D06=SI,MUNICIPIO_SIN_CN_VIV,MUNICIPIO30612,No,Si,,30612,Regla 2 coherente para validaciones implementadas.
GPA-001__R2-003__R1-001__0339,GPA-001__R2-003__R1-001,02_inputs_xml_flat/GPA-001__R2-003__R1-001__0339.xml,PASS,INFO,R1.D01=SI;R1.D02=SI;R2.D01=SI;R2.D02=NO;R2.D04=SI;R2.D05=SI;R2.D06=SI,MUNICIPIO_SIN_CN_VIV,MUNICIPIO30613,No,Si,,30613,Regla 2 coherente para validaciones implementadas.
GPA-001__R2-003__R1-001__0340,GPA-001__R2-003__R1-001,02_inputs_xml_flat/GPA-001__R2-003__R1-001__0340.xml,PASS,INFO,R1.D01=SI;R1.D02=SI;R2.D01=SI;R2.D02=NO;R2.D04=SI;R2.D05=SI;R2.D06=SI,MUNICIPIO_SIN_CN_VIV,MUNICIPIO30611,No,Si,,30611,Regla 2 coherente para validaciones implementadas.
GPA-001__R2-003__R1-001__0341,GPA-001__R2-003__R1-001,02_inputs_xml_flat/GPA-001__R2-003__R1-001__0341.xml,PASS,INFO,R1.D01=SI;R1.D02=SI;R2.D01=SI;R2.D02=NO;R2.D04=SI;R2.D05=SI;R2.D06=SI,MUNICIPIO_SIN_CN_VIV,MUNICIPIO30612,No,Si,,30612,Regla 2 coherente para validaciones implementadas.
GPA-001__R2-003__R1-001__0342,GPA-001__R2-003__R1-001,02_inputs_xml_flat/GPA-001__R2-003__R1-001__0342.xml,PASS,INFO,R1.D01=SI;R1.D02=SI;R2.D01=SI;R2.D02=NO;R2.D04=SI;R2.D05=SI;R2.D06=SI,MUNICIPIO_SIN_CN_VIV,MUNICIPIO30613,No,Si,,30613,Regla 2 coherente para validaciones implementadas.
GPA-001__R2-003__R1-001__0343,GPA-001__R2-003__R1-001,02_inputs_xml_flat/GPA-001__R2-003__R1-001__0343.xml,PASS,INFO,R1.D01=SI;R1.D02=SI;R2.D01=SI;R2.D02=NO;R2.D04=SI;R2.D05=SI;R2.D06=SI,MUNICIPIO_SIN_CN_VIV,MUNICIPIO30611,No,Si,,30611,Regla 2 coherente para validaciones implementadas.
GPA-001__R2-003__R1-001__0344,GPA-001__R2-003__R1-001,02_inputs_xml_flat/GPA-001__R2-003__R1-001__0344.xml,PASS,INFO,R1.D01=SI;R1.D02=SI;R2.D01=SI;R2.D02=NO;R2.D04=SI;R2.D05=SI;R2.D06=SI,MUNICIPIO_SIN_CN_VIV,MUNICIPIO30612,No,Si,,30612,Regla 2 coherente para validaciones implementadas.
GPA-001__R2-003__R1-001__0345,GPA-001__R2-003__R1-001,02_inputs_xml_flat/GPA-001__R2-003__R1-001__0345.xml,PASS,INFO,R1.D01=SI;R1.D02=SI;R2.D01=SI;R2.D02=NO;R2.D04=SI;R2.D05=SI;R2.D06=SI,MUNICIPIO_SIN_CN_VIV,MUNICIPIO30613,No,Si,,30613,Regla 2 coherente para validaciones implementadas.
GPA-001__R2-003__R1-001__0346,GPA-001__R2-003__R1-001,02_inputs_xml_flat/GPA-001__R2-003__R1-001__0346.xml,PASS,INFO,R1.D01=SI;R1.D02=SI;R2.D01=SI;R2.D02=NO;R2.D04=SI;R2.D05=SI;R2.D06=SI,MUNICIPIO_SIN_CN_VIV,MUNICIPIO30611,No,Si,,30611,Regla 2 coherente para validaciones implementadas.
GPA-001__R2-003__R1-001__0347,GPA-001__R2-003__R1-001,02_inputs_xml_flat/GPA-001__R2-003__R1-001__0347.xml,PASS,INFO,R1.D01=SI;R1.D02=SI;R2.D01=SI;R2.D02=NO;R2.D04=SI;R2.D05=SI;R2.D06=SI,MUNICIPIO_SIN_CN_VIV,MUNICIPIO30612,No,Si,,30612,Regla 2 coherente para validaciones implementadas.
GPA-001__R2-003__R1-001__0348,GPA-001__R2-003__R1-001,02_inputs_xml_flat/GPA-001__R2-003__R1-001__0348.xml,PASS,INFO,R1.D01=SI;R1.D02=SI;R2.D01=SI;R2.D02=NO;R2.D04=SI;R2.D05=SI;R2.D06=SI,MUNICIPIO_SIN_CN_VIV,MUNICIPIO30613,No,Si,,30613,Regla 2 coherente para validaciones implementadas.
GPA-001__R2-003__R1-001__0349,GPA-001__R2-003__R1-001,02_inputs_xml_flat/GPA-001__R2-003__R1-001__0349.xml,PASS,INFO,R1.D01=SI;R1.D02=SI;R2.D01=SI;R2.D02=NO;R2.D04=SI;R2.D05=SI;R2.D06=SI,MUNICIPIO_SIN_CN_VIV,MUNICIPIO30611,No,Si,,30611,Regla 2 coherente para validaciones implementadas.
GPA-001__R2-003__R1-001__0350,GPA-001__R2-003__R1-001,02_inputs_xml_flat/GPA-001__R2-003__R1-001__0350.xml,PASS,INFO,R1.D01=SI;R1.D02=SI;R2.D01=SI;R2.D02=NO;R2.D04=SI;R2.D05=SI;R2.D06=SI,MUNICIPIO_SIN_CN_VIV,MUNICIPIO30612,No,Si,,30612,Regla 2 coherente para validaciones implementadas.
GPA-001__R2-003__R1-001__0351,GPA-001__R2-003__R1-001,02_inputs_xml_flat/GPA-001__R2-003__R1-001__0351.xml,PASS,INFO,R1.D01=SI;R1.D02=SI;R2.D01=SI;R2.D02=NO;R2.D04=SI;R2.D05=SI;R2.D06=SI,MUNICIPIO_SIN_CN_VIV,MUNICIPIO30613,No,Si,,30613,Regla 2 coherente para validaciones implementadas.
GPA-001__R2-003__R1-001__0352,GPA-001__R2-003__R1-001,02_inputs_xml_flat/GPA-001__R2-003__R1-001__0352.xml,PASS,INFO,R1.D01=SI;R1.D02=SI;R2.D01=SI;R2.D02=NO;R2.D04=SI;R2.D05=SI;R2.D06=SI,MUNICIPIO_SIN_CN_VIV,MUNICIPIO30611,No,Si,,30611,Regla 2 coherente para validaciones implementadas.
GPA-001__R2-003__R1-001__0353,GPA-001__R2-003__R1-001,02_inputs_xml_flat/GPA-001__R2-003__R1-001__0353.xml,PASS,INFO,R1.D01=SI;R1.D02=SI;R2.D01=SI;R2.D02=NO;R2.D04=SI;R2.D05=SI;R2.D06=SI,MUNICIPIO_SIN_CN_VIV,MUNICIPIO30612,No,Si,,30612,Regla 2 coherente para validaciones implementadas.
GPA-001__R2-003__R1-001__0354,GPA-001__R2-003__R1-001,02_inputs_xml_flat/GPA-001__R2-003__R1-001__0354.xml,PASS,INFO,R1.D01=SI;R1.D02=SI;R2.D01=SI;R2.D02=NO;R2.D04=SI;R2.D05=SI;R2.D06=SI,MUNICIPIO_SIN_CN_VIV,MUNICIPIO30613,No,Si,,30613,Regla 2 coherente para validaciones implementadas.
GPA-001__R2-003__R1-001__0355,GPA-001__R2-003__R1-001,02_inputs_xml_flat/GPA-001__R2-003__R1-001__0355.xml,PASS,INFO,R1.D01=SI;R1.D02=SI;R2.D01=SI;R2.D02=NO;R2.D04=SI;R2.D05=SI;R2.D06=SI,MUNICIPIO_SIN_CN_VIV,MUNICIPIO30611,No,Si,,30611,Regla 2 coherente para validaciones implementadas.
GPA-001__R2-003__R1-001__0356,GPA-001__R2-003__R1-001,02_inputs_xml_flat/GPA-001__R2-003__R1-001__0356.xml,PASS,INFO,R1.D01=SI;R1.D02=SI;R2.D01=SI;R2.D02=NO;R2.D04=SI;R2.D05=SI;R2.D06=SI,MUNICIPIO_SIN_CN_VIV,MUNICIPIO30612,No,Si,,30612,Regla 2 coherente para validaciones implementadas.
GPA-001__R2-003__R1-001__0357,GPA-001__R2-003__R1-001,02_inputs_xml_flat/GPA-001__R2-003__R1-001__0357.xml,PASS,INFO,R1.D01=SI;R1.D02=SI;R2.D01=SI;R2.D02=NO;R2.D04=SI;R2.D05=SI;R2.D06=SI,MUNICIPIO_SIN_CN_VIV,MUNICIPIO30613,No,Si,,30613,Regla 2 coherente para validaciones implementadas.
GPA-001__R2-003__R1-001__0358,GPA-001__R2-003__R1-001,02_inputs_xml_flat/GPA-001__R2-003__R1-001__0358.xml,PASS,INFO,R1.D01=SI;R1.D02=SI;R2.D01=SI;R2.D02=NO;R2.D04=SI;R2.D05=SI;R2.D06=SI,MUNICIPIO_SIN_CN_VIV,MUNICIPIO30611,No,Si,,30611,Regla 2 coherente para validaciones implementadas.
GPA-001__R2-003__R1-001__0359,GPA-001__R2-003__R1-001,02_inputs_xml_flat/GPA-001__R2-003__R1-001__0359.xml,PASS,INFO,R1.D01=SI;R1.D02=SI;R2.D01=SI;R2.D02=NO;R2.D04=SI;R2.D05=SI;R2.D06=SI,MUNICIPIO_SIN_CN_VIV,MUNICIPIO30612,No,Si,,30612,Regla 2 coherente para validaciones implementadas.
GPA-001__R2-003__R1-001__0360,GPA-001__R2-003__R1-001,02_inputs_xml_flat/GPA-001__R2-003__R1-001__0360.xml,PASS,INFO,R1.D01=SI;R1.D02=SI;R2.D01=SI;R2.D02=NO;R2.D04=SI;R2.D05=SI;R2.D06=SI,MUNICIPIO_SIN_CN_VIV,MUNICIPIO30613,No,Si,,30613,Regla 2 coherente para validaciones implementadas.
GPA-001__R2-003__R1-001__0361,GPA-001__R2-003__R1-001,02_inputs_xml_flat/GPA-001__R2-003__R1-001__0361.xml,PASS,INFO,R1.D01=SI;R1.D02=SI;R2.D01=SI;R2.D02=NO;R2.D04=SI;R2.D05=SI;R2.D06=SI,MUNICIPIO_SIN_CN_VIV,MUNICIPIO30611,No,Si,,30611,Regla 2 coherente para validaciones implementadas.
GPA-001__R2-003__R1-001__0362,GPA-001__R2-003__R1-001,02_inputs_xml_flat/GPA-001__R2-003__R1-001__0362.xml,PASS,INFO,R1.D01=SI;R1.D02=SI;R2.D01=SI;R2.D02=NO;R2.D04=SI;R2.D05=SI;R2.D06=SI,MUNICIPIO_SIN_CN_VIV,MUNICIPIO30612,No,Si,,30612,Regla 2 coherente para validaciones implementadas.
GPA-001__R2-003__R1-001__0363,GPA-001__R2-003__R1-001,02_inputs_xml_flat/GPA-001__R2-003__R1-001__0363.xml,PASS,INFO,R1.D01=SI;R1.D02=SI;R2.D01=SI;R2.D02=NO;R2.D04=SI;R2.D05=SI;R2.D06=SI,MUNICIPIO_SIN_CN_VIV,MUNICIPIO30613,No,Si,,30613,Regla 2 coherente para validaciones implementadas.
GPA-001__R2-003__R1-001__0364,GPA-001__R2-003__R1-001,02_inputs_xml_flat/GPA-001__R2-003__R1-001__0364.xml,PASS,INFO,R1.D01=SI;R1.D02=SI;R2.D01=SI;R2.D02=NO;R2.D04=SI;R2.D05=SI;R2.D06=SI,MUNICIPIO_SIN_CN_VIV,MUNICIPIO30611,No,Si,,30611,Regla 2 coherente para validaciones implementadas.
GPA-001__R2-003__R1-001__0365,GPA-001__R2-003__R1-001,02_inputs_xml_flat/GPA-001__R2-003__R1-001__0365.xml,PASS,INFO,R1.D01=SI;R1.D02=SI;R2.D01=SI;R2.D02=NO;R2.D04=SI;R2.D05=SI;R2.D06=SI,MUNICIPIO_SIN_CN_VIV,MUNICIPIO30612,No,Si,,30612,Regla 2 coherente para validaciones implementadas.
GPA-001__R2-003__R1-001__0366,GPA-001__R2-003__R1-001,02_inputs_xml_flat/GPA-001__R2-003__R1-001__0366.xml,PASS,INFO,R1.D01=SI;R1.D02=SI;R2.D01=SI;R2.D02=NO;R2.D04=SI;R2.D05=SI;R2.D06=SI,MUNICIPIO_SIN_CN_VIV,MUNICIPIO30613,No,Si,,30613,Regla 2 coherente para validaciones implementadas.
GPA-001__R2-003__R1-001__0367,GPA-001__R2-003__R1-001,02_inputs_xml_flat/GPA-001__R2-003__R1-001__0367.xml,PASS,INFO,R1.D01=SI;R1.D02=SI;R2.D01=SI;R2.D02=NO;R2.D04=SI;R2.D05=SI;R2.D06=SI,MUNICIPIO_SIN_CN_VIV,MUNICIPIO30611,No,Si,,30611,Regla 2 coherente para validaciones implementadas.
GPA-001__R2-003__R1-001__0368,GPA-001__R2-003__R1-001,02_inputs_xml_flat/GPA-001__R2-003__R1-001__0368.xml,PASS,INFO,R1.D01=SI;R1.D02=SI;R2.D01=SI;R2.D02=NO;R2.D04=SI;R2.D05=SI;R2.D06=SI,MUNICIPIO_SIN_CN_VIV,MUNICIPIO30612,No,Si,,30612,Regla 2 coherente para validaciones implementadas.
GPA-001__R2-003__R1-001__0369,GPA-001__R2-003__R1-001,02_inputs_xml_flat/GPA-001__R2-003__R1-001__0369.xml,PASS,INFO,R1.D01=SI;R1.D02=SI;R2.D01=SI;R2.D02=NO;R2.D04=SI;R2.D05=SI;R2.D06=SI,MUNICIPIO_SIN_CN_VIV,MUNICIPIO30613,No,Si,,30613,Regla 2 coherente para validaciones implementadas.
GPA-001__R2-003__R1-001__0370,GPA-001__R2-003__R1-001,02_inputs_xml_flat/GPA-001__R2-003__R1-001__0370.xml,PASS,INFO,R1.D01=SI;R1.D02=SI;R2.D01=SI;R2.D02=NO;R2.D04=SI;R2.D05=SI;R2.D06=SI,MUNICIPIO_SIN_CN_VIV,MUNICIPIO30611,No,Si,,30611,Regla 2 coherente para validaciones implementadas.
GPA-001__R2-003__R1-001__0371,GPA-001__R2-003__R1-001,02_inputs_xml_flat/GPA-001__R2-003__R1-001__0371.xml,PASS,INFO,R1.D01=SI;R1.D02=SI;R2.D01=SI;R2.D02=NO;R2.D04=SI;R2.D05=SI;R2.D06=SI,MUNICIPIO_SIN_CN_VIV,MUNICIPIO30612,No,Si,,30612,Regla 2 coherente para validaciones implementadas.
GPA-001__R2-003__R1-001__0372,GPA-001__R2-003__R1-001,02_inputs_xml_flat/GPA-001__R2-003__R1-001__0372.xml,PASS,INFO,R1.D01=SI;R1.D02=SI;R2.D01=SI;R2.D02=NO;R2.D04=SI;R2.D05=SI;R2.D06=SI,MUNICIPIO_SIN_CN_VIV,MUNICIPIO30613,No,Si,,30613,Regla 2 coherente para validaciones implementadas.
GPA-001__R2-003__R1-001__0373,GPA-001__R2-003__R1-001,02_inputs_xml_flat/GPA-001__R2-003__R1-001__0373.xml,PASS,INFO,R1.D01=SI;R1.D02=SI;R2.D01=SI;R2.D02=NO;R2.D04=SI;R2.D05=SI;R2.D06=SI,MUNICIPIO_SIN_CN_VIV,MUNICIPIO30611,No,Si,,30611,Regla 2 coherente para validaciones implementadas.
GPA-001__R2-003__R1-001__0374,GPA-001__R2-003__R1-001,02_inputs_xml_flat/GPA-001__R2-003__R1-001__0374.xml,PASS,INFO,R1.D01=SI;R1.D02=SI;R2.D01=SI;R2.D02=NO;R2.D04=SI;R2.D05=SI;R2.D06=SI,MUNICIPIO_SIN_CN_VIV,MUNICIPIO30612,No,Si,,30612,Regla 2 coherente para validaciones implementadas.
GPA-001__R2-003__R1-001__0375,GPA-001__R2-003__R1-001,02_inputs_xml_flat/GPA-001__R2-003__R1-001__0375.xml,PASS,INFO,R1.D01=SI;R1.D02=SI;R2.D01=SI;R2.D02=NO;R2.D04=SI;R2.D05=SI;R2.D06=SI,MUNICIPIO_SIN_CN_VIV,MUNICIPIO30613,No,Si,,30613,Regla 2 coherente para validaciones implementadas.
GPA-001__R2-003__R1-001__0376,GPA-001__R2-003__R1-001,02_inputs_xml_flat/GPA-001__R2-003__R1-001__0376.xml,PASS,INFO,R1.D01=SI;R1.D02=SI;R2.D01=SI;R2.D02=NO;R2.D04=SI;R2.D05=SI;R2.D06=SI,MUNICIPIO_SIN_CN_VIV,MUNICIPIO30611,No,Si,,30611,Regla 2 coherente para validaciones implementadas.
GPA-001__R2-003__R1-001__0377,GPA-001__R2-003__R1-001,02_inputs_xml_flat/GPA-001__R2-003__R1-001__0377.xml,PASS,INFO,R1.D01=SI;R1.D02=SI;R2.D01=SI;R2.D02=NO;R2.D04=SI;R2.D05=SI;R2.D06=SI,MUNICIPIO_SIN_CN_VIV,MUNICIPIO30612,No,Si,,30612,Regla 2 coherente para validaciones implementadas.
GPA-001__R2-003__R1-001__0378,GPA-001__R2-003__R1-001,02_inputs_xml_flat/GPA-001__R2-003__R1-001__0378.xml,PASS,INFO,R1.D01=SI;R1.D02=SI;R2.D01=SI;R2.D02=NO;R2.D04=SI;R2.D05=SI;R2.D06=SI,MUNICIPIO_SIN_CN_VIV,MUNICIPIO30613,No,Si,,30613,Regla 2 coherente para validaciones implementadas.
GPA-001__R2-003__R1-001__0379,GPA-001__R2-003__R1-001,02_inputs_xml_flat/GPA-001__R2-003__R1-001__0379.xml,PASS,INFO,R1.D01=SI;R1.D02=SI;R2.D01=SI;R2.D02=NO;R2.D04=SI;R2.D05=SI;R2.D06=SI,MUNICIPIO_SIN_CN_VIV,MUNICIPIO30611,No,Si,,30611,Regla 2 coherente para validaciones implementadas.
GPA-001__R2-003__R1-001__0380,GPA-001__R2-003__R1-001,02_inputs_xml_flat/GPA-001__R2-003__R1-001__0380.xml,PASS,INFO,R1.D01=SI;R1.D02=SI;R2.D01=SI;R2.D02=NO;R2.D04=SI;R2.D05=SI;R2.D06=SI,MUNICIPIO_SIN_CN_VIV,MUNICIPIO30612,No,Si,,30612,Regla 2 coherente para validaciones implementadas.
GPA-001__R2-003__R1-001__0381,GPA-001__R2-003__R1-001,02_inputs_xml_flat/GPA-001__R2-003__R1-001__0381.xml,PASS,INFO,R1.D01=SI;R1.D02=SI;R2.D01=SI;R2.D02=NO;R2.D04=SI;R2.D05=SI;R2.D06=SI,MUNICIPIO_SIN_CN_VIV,MUNICIPIO30613,No,Si,,30613,Regla 2 coherente para validaciones implementadas.
GPA-001__R2-003__R1-001__0382,GPA-001__R2-003__R1-001,02_inputs_xml_flat/GPA-001__R2-003__R1-001__0382.xml,PASS,INFO,R1.D01=SI;R1.D02=SI;R2.D01=SI;R2.D02=NO;R2.D04=SI;R2.D05=SI;R2.D06=SI,MUNICIPIO_SIN_CN_VIV,MUNICIPIO30611,No,Si,,30611,Regla 2 coherente para validaciones implementadas.
GPA-001__R2-003__R1-001__0383,GPA-001__R2-003__R1-001,02_inputs_xml_flat/GPA-001__R2-003__R1-001__0383.xml,PASS,INFO,R1.D01=SI;R1.D02=SI;R2.D01=SI;R2.D02=NO;R2.D04=SI;R2.D05=SI;R2.D06=SI,MUNICIPIO_SIN_CN_VIV,MUNICIPIO30612,No,Si,,30612,Regla 2 coherente para validaciones implementadas.
GPA-001__R2-003__R1-001__0384,GPA-001__R2-003__R1-001,02_inputs_xml_flat/GPA-001__R2-003__R1-001__0384.xml,PASS,INFO,R1.D01=SI;R1.D02=SI;R2.D01=SI;R2.D02=NO;R2.D04=SI;R2.D05=SI;R2.D06=SI,MUNICIPIO_SIN_CN_VIV,MUNICIPIO30613,No,Si,,30613,Regla 2 coherente para validaciones implementadas.
GPA-001__R2-003__R1-001__0385,GPA-001__R2-003__R1-001,02_inputs_xml_flat/GPA-001__R2-003__R1-001__0385.xml,PASS,INFO,R1.D01=SI;R1.D02=SI;R2.D01=SI;R2.D02=NO;R2.D04=SI;R2.D05=SI;R2.D06=SI,MUNICIPIO_SIN_CN_VIV,MUNICIPIO30611,No,Si,,30611,Regla 2 coherente para validaciones implementadas.
GPA-001__R2-003__R1-001__0386,GPA-001__R2-003__R1-001,02_inputs_xml_flat/GPA-001__R2-003__R1-001__0386.xml,PASS,INFO,R1.D01=SI;R1.D02=SI;R2.D01=SI;R2.D02=NO;R2.D04=SI;R2.D05=SI;R2.D06=SI,MUNICIPIO_SIN_CN_VIV,MUNICIPIO30612,No,Si,,30612,Regla 2 coherente para validaciones implementadas.
GPA-001__R2-003__R1-001__0387,GPA-001__R2-003__R1-001,02_inputs_xml_flat/GPA-001__R2-003__R1-001__0387.xml,PASS,INFO,R1.D01=SI;R1.D02=SI;R2.D01=SI;R2.D02=NO;R2.D04=SI;R2.D05=SI;R2.D06=SI,MUNICIPIO_SIN_CN_VIV,MUNICIPIO30613,No,Si,,30613,Regla 2 coherente para validaciones implementadas.
GPA-001__R2-003__R1-001__0388,GPA-001__R2-003__R1-001,02_inputs_xml_flat/GPA-001__R2-003__R1-001__0388.xml,PASS,INFO,R1.D01=SI;R1.D02=SI;R2.D01=SI;R2.D02=NO;R2.D04=SI;R2.D05=SI;R2.D06=SI,MUNICIPIO_SIN_CN_VIV,MUNICIPIO30611,No,Si,,30611,Regla 2 coherente para validaciones implementadas.
GPA-001__R2-003__R1-001__0389,GPA-001__R2-003__R1-001,02_inputs_xml_flat/GPA-001__R2-003__R1-001__0389.xml,PASS,INFO,R1.D01=SI;R1.D02=SI;R2.D01=SI;R2.D02=NO;R2.D04=SI;R2.D05=SI;R2.D06=SI,MUNICIPIO_SIN_CN_VIV,MUNICIPIO30612,No,Si,,30612,Regla 2 coherente para validaciones implementadas.
GPA-001__R2-003__R1-001__0390,GPA-001__R2-003__R1-001,02_inputs_xml_flat/GPA-001__R2-003__R1-001__0390.xml,PASS,INFO,R1.D01=SI;R1.D02=SI;R2.D01=SI;R2.D02=NO;R2.D04=SI;R2.D05=SI;R2.D06=SI,MUNICIPIO_SIN_CN_VIV,MUNICIPIO30613,No,Si,,30613,Regla 2 coherente para validaciones implementadas.
GPA-001__R2-003__R1-001__0391,GPA-001__R2-003__R1-001,02_inputs_xml_flat/GPA-001__R2-003__R1-001__0391.xml,PASS,INFO,R1.D01=SI;R1.D02=SI;R2.D01=SI;R2.D02=NO;R2.D04=SI;R2.D05=SI;R2.D06=SI,MUNICIPIO_SIN_CN_VIV,MUNICIPIO30611,No,Si,,30611,Regla 2 coherente para validaciones implementadas.
GPA-001__R2-003__R1-001__0392,GPA-001__R2-003__R1-001,02_inputs_xml_flat/GPA-001__R2-003__R1-001__0392.xml,PASS,INFO,R1.D01=SI;R1.D02=SI;R2.D01=SI;R2.D02=NO;R2.D04=SI;R2.D05=SI;R2.D06=SI,MUNICIPIO_SIN_CN_VIV,MUNICIPIO30612,No,Si,,30612,Regla 2 coherente para validaciones implementadas.
GPA-001__R2-003__R1-001__0393,GPA-001__R2-003__R1-001,02_inputs_xml_flat/GPA-001__R2-003__R1-001__0393.xml,PASS,INFO,R1.D01=SI;R1.D02=SI;R2.D01=SI;R2.D02=NO;R2.D04=SI;R2.D05=SI;R2.D06=SI,MUNICIPIO_SIN_CN_VIV,MUNICIPIO30613,No,Si,,30613,Regla 2 coherente para validaciones implementadas.
GPA-001__R2-003__R1-001__0394,GPA-001__R2-003__R1-001,02_inputs_xml_flat/GPA-001__R2-003__R1-001__0394.xml,PASS,INFO,R1.D01=SI;R1.D02=SI;R2.D01=SI;R2.D02=NO;R2.D04=SI;R2.D05=SI;R2.D06=SI,MUNICIPIO_SIN_CN_VIV,MUNICIPIO30611,No,Si,,30611,Regla 2 coherente para validaciones implementadas.
GPA-001__R2-003__R1-001__0395,GPA-001__R2-003__R1-001,02_inputs_xml_flat/GPA-001__R2-003__R1-001__0395.xml,PASS,INFO,R1.D01=SI;R1.D02=SI;R2.D01=SI;R2.D02=NO;R2.D04=SI;R2.D05=SI;R2.D06=SI,MUNICIPIO_SIN_CN_VIV,MUNICIPIO30612,No,Si,,30612,Regla 2 coherente para validaciones implementadas.
GPA-001__R2-003__R1-001__0396,GPA-001__R2-003__R1-001,02_inputs_xml_flat/GPA-001__R2-003__R1-001__0396.xml,PASS,INFO,R1.D01=SI;R1.D02=SI;R2.D01=SI;R2.D02=NO;R2.D04=SI;R2.D05=SI;R2.D06=SI,MUNICIPIO_SIN_CN_VIV,MUNICIPIO30613,No,Si,,30613,Regla 2 coherente para validaciones implementadas.
GPA-001__R2-003__R1-001__0397,GPA-001__R2-003__R1-001,02_inputs_xml_flat/GPA-001__R2-003__R1-001__0397.xml,PASS,INFO,R1.D01=SI;R1.D02=SI;R2.D01=SI;R2.D02=NO;R2.D04=SI;R2.D05=SI;R2.D06=SI,MUNICIPIO_SIN_CN_VIV,MUNICIPIO30611,No,Si,,30611,Regla 2 coherente para validaciones implementadas.
GPA-001__R2-003__R1-001__0398,GPA-001__R2-003__R1-001,02_inputs_xml_flat/GPA-001__R2-003__R1-001__0398.xml,PASS,INFO,R1.D01=SI;R1.D02=SI;R2.D01=SI;R2.D02=NO;R2.D04=SI;R2.D05=SI;R2.D06=SI,MUNICIPIO_SIN_CN_VIV,MUNICIPIO30612,No,Si,,30612,Regla 2 coherente para validaciones implementadas.
GPA-001__R2-003__R1-001__0399,GPA-001__R2-003__R1-001,02_inputs_xml_flat/GPA-001__R2-003__R1-001__0399.xml,PASS,INFO,R1.D01=SI;R1.D02=SI;R2.D01=SI;R2.D02=NO;R2.D04=SI;R2.D05=SI;R2.D06=SI,MUNICIPIO_SIN_CN_VIV,MUNICIPIO30613,No,Si,,30613,Regla 2 coherente para validaciones implementadas.
GPA-001__R2-003__R1-001__0400,GPA-001__R2-003__R1-001,02_inputs_xml_flat/GPA-001__R2-003__R1-001__0400.xml,PASS,INFO,R1.D01=SI;R1.D02=SI;R2.D01=SI;R2.D02=NO;R2.D04=SI;R2.D05=SI;R2.D06=SI,MUNICIPIO_SIN_CN_VIV,MUNICIPIO30611,No,Si,,30611,Regla 2 coherente para validaciones implementadas.
GPA-001__R2-003__R1-001__0401,GPA-001__R2-003__R1-001,02_inputs_xml_flat/GPA-001__R2-003__R1-001__0401.xml,PASS,INFO,R1.D01=SI;R1.D02=SI;R2.D01=SI;R2.D02=NO;R2.D04=SI;R2.D05=SI;R2.D06=SI,MUNICIPIO_SIN_CN_VIV,MUNICIPIO30612,No,Si,,30612,Regla 2 coherente para validaciones implementadas.
GPA-001__R2-003__R1-001__0402,GPA-001__R2-003__R1-001,02_inputs_xml_flat/GPA-001__R2-003__R1-001__0402.xml,PASS,INFO,R1.D01=SI;R1.D02=SI;R2.D01=SI;R2.D02=NO;R2.D04=SI;R2.D05=SI;R2.D06=SI,MUNICIPIO_SIN_CN_VIV,MUNICIPIO30613,No,Si,,30613,Regla 2 coherente para validaciones implementadas.
GPA-001__R2-003__R1-001__0403,GPA-001__R2-003__R1-001,02_inputs_xml_flat/GPA-001__R2-003__R1-001__0403.xml,PASS,INFO,R1.D01=SI;R1.D02=SI;R2.D01=SI;R2.D02=NO;R2.D04=SI;R2.D05=SI;R2.D06=SI,MUNICIPIO_SIN_CN_VIV,MUNICIPIO30611,No,Si,,30611,Regla 2 coherente para validaciones implementadas.
GPA-001__R2-003__R1-001__0404,GPA-001__R2-003__R1-001,02_inputs_xml_flat/GPA-001__R2-003__R1-001__0404.xml,PASS,INFO,R1.D01=SI;R1.D02=SI;R2.D01=SI;R2.D02=NO;R2.D04=SI;R2.D05=SI;R2.D06=SI,MUNICIPIO_SIN_CN_VIV,MUNICIPIO30612,No,Si,,30612,Regla 2 coherente para validaciones implementadas.
GPA-001__R2-003__R1-001__0405,GPA-001__R2-003__R1-001,02_inputs_xml_flat/GPA-001__R2-003__R1-001__0405.xml,PASS,INFO,R1.D01=SI;R1.D02=SI;R2.D01=SI;R2.D02=NO;R2.D04=SI;R2.D05=SI;R2.D06=SI,MUNICIPIO_SIN_CN_VIV,MUNICIPIO30613,No,Si,,30613,Regla 2 coherente para validaciones implementadas.
GPA-001__R2-003__R1-001__0406,GPA-001__R2-003__R1-001,02_inputs_xml_flat/GPA-001__R2-003__R1-001__0406.xml,PASS,INFO,R1.D01=SI;R1.D02=SI;R2.D01=SI;R2.D02=NO;R2.D04=SI;R2.D05=SI;R2.D06=SI,MUNICIPIO_SIN_CN_VIV,MUNICIPIO30611,No,Si,,30611,Regla 2 coherente para validaciones implementadas.
GPA-001__R2-003__R1-001__0407,GPA-001__R2-003__R1-001,02_inputs_xml_flat/GPA-001__R2-003__R1-001__0407.xml,PASS,INFO,R1.D01=SI;R1.D02=SI;R2.D01=SI;R2.D02=NO;R2.D04=SI;R2.D05=SI;R2.D06=SI,MUNICIPIO_SIN_CN_VIV,MUNICIPIO30612,No,Si,,30612,Regla 2 coherente para validaciones implementadas.
GPA-001__R2-003__R1-001__0408,GPA-001__R2-003__R1-001,02_inputs_xml_flat/GPA-001__R2-003__R1-001__0408.xml,PASS,INFO,R1.D01=SI;R1.D02=SI;R2.D01=SI;R2.D02=NO;R2.D04=SI;R2.D05=SI;R2.D06=SI,MUNICIPIO_SIN_CN_VIV,MUNICIPIO30613,No,Si,,30613,Regla 2 coherente para validaciones implementadas.
GPA-001__R2-003__R1-001__0409,GPA-001__R2-003__R1-001,02_inputs_xml_flat/GPA-001__R2-003__R1-001__0409.xml,PASS,INFO,R1.D01=SI;R1.D02=SI;R2.D01=SI;R2.D02=NO;R2.D04=SI;R2.D05=SI;R2.D06=SI,MUNICIPIO_SIN_CN_VIV,MUNICIPIO30611,No,Si,,30611,Regla 2 coherente para validaciones implementadas.
GPA-001__R2-003__R1-001__0410,GPA-001__R2-003__R1-001,02_inputs_xml_flat/GPA-001__R2-003__R1-001__0410.xml,PASS,INFO,R1.D01=SI;R1.D02=SI;R2.D01=SI;R2.D02=NO;R2.D04=SI;R2.D05=SI;R2.D06=SI,MUNICIPIO_SIN_CN_VIV,MUNICIPIO30612,No,Si,,30612,Regla 2 coherente para validaciones implementadas.
GPA-001__R2-003__R1-001__0411,GPA-001__R2-003__R1-001,02_inputs_xml_flat/GPA-001__R2-003__R1-001__0411.xml,PASS,INFO,R1.D01=SI;R1.D02=SI;R2.D01=SI;R2.D02=NO;R2.D04=SI;R2.D05=SI;R2.D06=SI,MUNICIPIO_SIN_CN_VIV,MUNICIPIO30613,No,Si,,30613,Regla 2 coherente para validaciones implementadas.
GPA-001__R2-003__R1-001__0412,GPA-001__R2-003__R1-001,02_inputs_xml_flat/GPA-001__R2-003__R1-001__0412.xml,PASS,INFO,R1.D01=SI;R1.D02=SI;R2.D01=SI;R2.D02=NO;R2.D04=SI;R2.D05=SI;R2.D06=SI,MUNICIPIO_SIN_CN_VIV,MUNICIPIO30611,No,Si,,30611,Regla 2 coherente para validaciones implementadas.
GPA-001__R2-003__R1-001__0413,GPA-001__R2-003__R1-001,02_inputs_xml_flat/GPA-001__R2-003__R1-001__0413.xml,PASS,INFO,R1.D01=SI;R1.D02=SI;R2.D01=SI;R2.D02=NO;R2.D04=SI;R2.D05=SI;R2.D06=SI,MUNICIPIO_SIN_CN_VIV,MUNICIPIO30612,No,Si,,30612,Regla 2 coherente para validaciones implementadas.
GPA-001__R2-003__R1-001__0414,GPA-001__R2-003__R1-001,02_inputs_xml_flat/GPA-001__R2-003__R1-001__0414.xml,PASS,INFO,R1.D01=SI;R1.D02=SI;R2.D01=SI;R2.D02=NO;R2.D04=SI;R2.D05=SI;R2.D06=SI,MUNICIPIO_SIN_CN_VIV,MUNICIPIO30613,No,Si,,30613,Regla 2 coherente para validaciones implementadas.
GPA-001__R2-003__R1-001__0415,GPA-001__R2-003__R1-001,02_inputs_xml_flat/GPA-001__R2-003__R1-001__0415.xml,PASS,INFO,R1.D01=SI;R1.D02=SI;R2.D01=SI;R2.D02=NO;R2.D04=SI;R2.D05=SI;R2.D06=SI,MUNICIPIO_SIN_CN_VIV,MUNICIPIO30611,No,Si,,30611,Regla 2 coherente para validaciones implementadas.
GPA-001__R2-003__R1-001__0416,GPA-001__R2-003__R1-001,02_inputs_xml_flat/GPA-001__R2-003__R1-001__0416.xml,PASS,INFO,R1.D01=SI;R1.D02=SI;R2.D01=SI;R2.D02=NO;R2.D04=SI;R2.D05=SI;R2.D06=SI,MUNICIPIO_SIN_CN_VIV,MUNICIPIO30612,No,Si,,30612,Regla 2 coherente para validaciones implementadas.
GPA-001__R2-003__R1-001__0417,GPA-001__R2-003__R1-001,02_inputs_xml_flat/GPA-001__R2-003__R1-001__0417.xml,PASS,INFO,R1.D01=SI;R1.D02=SI;R2.D01=SI;R2.D02=NO;R2.D04=SI;R2.D05=SI;R2.D06=SI,MUNICIPIO_SIN_CN_VIV,MUNICIPIO30613,No,Si,,30613,Regla 2 coherente para validaciones implementadas.
GPA-001__R2-003__R1-001__0418,GPA-001__R2-003__R1-001,02_inputs_xml_flat/GPA-001__R2-003__R1-001__0418.xml,PASS,INFO,R1.D01=SI;R1.D02=SI;R2.D01=SI;R2.D02=NO;R2.D04=SI;R2.D05=SI;R2.D06=SI,MUNICIPIO_SIN_CN_VIV,MUNICIPIO30611,No,Si,,30611,Regla 2 coherente para validaciones implementadas.
GPA-001__R2-003__R1-001__0419,GPA-001__R2-003__R1-001,02_inputs_xml_flat/GPA-001__R2-003__R1-001__0419.xml,PASS,INFO,R1.D01=SI;R1.D02=SI;R2.D01=SI;R2.D02=NO;R2.D04=SI;R2.D05=SI;R2.D06=SI,MUNICIPIO_SIN_CN_VIV,MUNICIPIO30612,No,Si,,30612,Regla 2 coherente para validaciones implementadas.
GPA-001__R2-003__R1-001__0420,GPA-001__R2-003__R1-001,02_inputs_xml_flat/GPA-001__R2-003__R1-001__0420.xml,PASS,INFO,R1.D01=SI;R1.D02=SI;R2.D01=SI;R2.D02=NO;R2.D04=SI;R2.D05=SI;R2.D06=SI,MUNICIPIO_SIN_CN_VIV,MUNICIPIO30613,No,Si,,30613,Regla 2 coherente para validaciones implementadas.
GPA-001__R2-003__R1-001__0421,GPA-001__R2-003__R1-001,02_inputs_xml_flat/GPA-001__R2-003__R1-001__0421.xml,PASS,INFO,R1.D01=SI;R1.D02=SI;R2.D01=SI;R2.D02=NO;R2.D04=SI;R2.D05=SI;R2.D06=SI,MUNICIPIO_SIN_CN_VIV,MUNICIPIO30611,No,Si,,30611,Regla 2 coherente para validaciones implementadas.
GPA-001__R2-003__R1-001__0422,GPA-001__R2-003__R1-001,02_inputs_xml_flat/GPA-001__R2-003__R1-001__0422.xml,PASS,INFO,R1.D01=SI;R1.D02=SI;R2.D01=SI;R2.D02=NO;R2.D04=SI;R2.D05=SI;R2.D06=SI,MUNICIPIO_SIN_CN_VIV,MUNICIPIO30612,No,Si,,30612,Regla 2 coherente para validaciones implementadas.
GPA-001__R2-003__R1-001__0423,GPA-001__R2-003__R1-001,02_inputs_xml_flat/GPA-001__R2-003__R1-001__0423.xml,PASS,INFO,R1.D01=SI;R1.D02=SI;R2.D01=SI;R2.D02=NO;R2.D04=SI;R2.D05=SI;R2.D06=SI,MUNICIPIO_SIN_CN_VIV,MUNICIPIO30613,No,Si,,30613,Regla 2 coherente para validaciones implementadas.
GPA-001__R2-003__R1-001__0424,GPA-001__R2-003__R1-001,02_inputs_xml_flat/GPA-001__R2-003__R1-001__0424.xml,PASS,INFO,R1.D01=SI;R1.D02=SI;R2.D01=SI;R2.D02=NO;R2.D04=SI;R2.D05=SI;R2.D06=SI,MUNICIPIO_SIN_CN_VIV,MUNICIPIO30611,No,Si,,30611,Regla 2 coherente para validaciones implementadas.
GPA-001__R2-003__R1-001__0425,GPA-001__R2-003__R1-001,02_inputs_xml_flat/GPA-001__R2-003__R1-001__0425.xml,PASS,INFO,R1.D01=SI;R1.D02=SI;R2.D01=SI;R2.D02=NO;R2.D04=SI;R2.D05=SI;R2.D06=SI,MUNICIPIO_SIN_CN_VIV,MUNICIPIO30612,No,Si,,30612,Regla 2 coherente para validaciones implementadas.
GPA-001__R2-003__R1-001__0426,GPA-001__R2-003__R1-001,02_inputs_xml_flat/GPA-001__R2-003__R1-001__0426.xml,PASS,INFO,R1.D01=SI;R1.D02=SI;R2.D01=SI;R2.D02=NO;R2.D04=SI;R2.D05=SI;R2.D06=SI,MUNICIPIO_SIN_CN_VIV,MUNICIPIO30613,No,Si,,30613,Regla 2 coherente para validaciones implementadas.
GPA-001__R2-003__R1-001__0427,GPA-001__R2-003__R1-001,02_inputs_xml_flat/GPA-001__R2-003__R1-001__0427.xml,PASS,INFO,R1.D01=SI;R1.D02=SI;R2.D01=SI;R2.D02=NO;R2.D04=SI;R2.D05=SI;R2.D06=SI,MUNICIPIO_SIN_CN_VIV,MUNICIPIO30611,No,Si,,30611,Regla 2 coherente para validaciones implementadas.
GPA-001__R2-003__R1-001__0428,GPA-001__R2-003__R1-001,02_inputs_xml_flat/GPA-001__R2-003__R1-001__0428.xml,PASS,INFO,R1.D01=SI;R1.D02=SI;R2.D01=SI;R2.D02=NO;R2.D04=SI;R2.D05=SI;R2.D06=SI,MUNICIPIO_SIN_CN_VIV,MUNICIPIO30612,No,Si,,30612,Regla 2 coherente para validaciones implementadas.
GPA-001__R2-003__R1-001__0429,GPA-001__R2-003__R1-001,02_inputs_xml_flat/GPA-001__R2-003__R1-001__0429.xml,PASS,INFO,R1.D01=SI;R1.D02=SI;R2.D01=SI;R2.D02=NO;R2.D04=SI;R2.D05=SI;R2.D06=SI,MUNICIPIO_SIN_CN_VIV,MUNICIPIO30613,No,Si,,30613,Regla 2 coherente para validaciones implementadas.
GPA-001__R2-003__R1-001__0430,GPA-001__R2-003__R1-001,02_inputs_xml_flat/GPA-001__R2-003__R1-001__0430.xml,PASS,INFO,R1.D01=SI;R1.D02=SI;R2.D01=SI;R2.D02=NO;R2.D04=SI;R2.D05=SI;R2.D06=SI,MUNICIPIO_SIN_CN_VIV,MUNICIPIO30611,No,Si,,30611,Regla 2 coherente para validaciones implementadas.
GPA-001__R2-003__R1-001__0431,GPA-001__R2-003__R1-001,02_inputs_xml_flat/GPA-001__R2-003__R1-001__0431.xml,PASS,INFO,R1.D01=SI;R1.D02=SI;R2.D01=SI;R2.D02=NO;R2.D04=SI;R2.D05=SI;R2.D06=SI,MUNICIPIO_SIN_CN_VIV,MUNICIPIO30612,No,Si,,30612,Regla 2 coherente para validaciones implementadas.
GPA-001__R2-003__R1-001__0432,GPA-001__R2-003__R1-001,02_inputs_xml_flat/GPA-001__R2-003__R1-001__0432.xml,PASS,INFO,R1.D01=SI;R1.D02=SI;R2.D01=SI;R2.D02=NO;R2.D04=SI;R2.D05=SI;R2.D06=SI,MUNICIPIO_SIN_CN_VIV,MUNICIPIO30613,No,Si,,30613,Regla 2 coherente para validaciones implementadas.
GPA-001__R2-003__R1-001__0433,GPA-001__R2-003__R1-001,02_inputs_xml_flat/GPA-001__R2-003__R1-001__0433.xml,PASS,INFO,R1.D01=SI;R1.D02=SI;R2.D01=SI;R2.D02=NO;R2.D04=SI;R2.D05=SI;R2.D06=SI,MUNICIPIO_SIN_CN_VIV,MUNICIPIO30611,No,Si,,30611,Regla 2 coherente para validaciones implementadas.
GPA-001__R2-003__R1-001__0434,GPA-001__R2-003__R1-001,02_inputs_xml_flat/GPA-001__R2-003__R1-001__0434.xml,PASS,INFO,R1.D01=SI;R1.D02=SI;R2.D01=SI;R2.D02=NO;R2.D04=SI;R2.D05=SI;R2.D06=SI,MUNICIPIO_SIN_CN_VIV,MUNICIPIO30612,No,Si,,30612,Regla 2 coherente para validaciones implementadas.
GPA-001__R2-003__R1-001__0435,GPA-001__R2-003__R1-001,02_inputs_xml_flat/GPA-001__R2-003__R1-001__0435.xml,PASS,INFO,R1.D01=SI;R1.D02=SI;R2.D01=SI;R2.D02=NO;R2.D04=SI;R2.D05=SI;R2.D06=SI,MUNICIPIO_SIN_CN_VIV,MUNICIPIO30613,No,Si,,30613,Regla 2 coherente para validaciones implementadas.
GPA-001__R2-003__R1-001__0436,GPA-001__R2-003__R1-001,02_inputs_xml_flat/GPA-001__R2-003__R1-001__0436.xml,PASS,INFO,R1.D01=SI;R1.D02=SI;R2.D01=SI;R2.D02=NO;R2.D04=SI;R2.D05=SI;R2.D06=SI,MUNICIPIO_SIN_CN_VIV,MUNICIPIO30611,No,Si,,30611,Regla 2 coherente para validaciones implementadas.
GPA-001__R2-003__R1-001__0437,GPA-001__R2-003__R1-001,02_inputs_xml_flat/GPA-001__R2-003__R1-001__0437.xml,PASS,INFO,R1.D01=SI;R1.D02=SI;R2.D01=SI;R2.D02=NO;R2.D04=SI;R2.D05=SI;R2.D06=SI,MUNICIPIO_SIN_CN_VIV,MUNICIPIO30612,No,Si,,30612,Regla 2 coherente para validaciones implementadas.
GPA-001__R2-003__R1-001__0438,GPA-001__R2-003__R1-001,02_inputs_xml_flat/GPA-001__R2-003__R1-001__0438.xml,PASS,INFO,R1.D01=SI;R1.D02=SI;R2.D01=SI;R2.D02=NO;R2.D04=SI;R2.D05=SI;R2.D06=SI,MUNICIPIO_SIN_CN_VIV,MUNICIPIO30613,No,Si,,30613,Regla 2 coherente para validaciones implementadas.
GPA-001__R2-003__R1-001__0439,GPA-001__R2-003__R1-001,02_inputs_xml_flat/GPA-001__R2-003__R1-001__0439.xml,PASS,INFO,R1.D01=SI;R1.D02=SI;R2.D01=SI;R2.D02=NO;R2.D04=SI;R2.D05=SI;R2.D06=SI,MUNICIPIO_SIN_CN_VIV,MUNICIPIO30611,No,Si,,30611,Regla 2 coherente para validaciones implementadas.
GPA-001__R2-003__R1-001__0440,GPA-001__R2-003__R1-001,02_inputs_xml_flat/GPA-001__R2-003__R1-001__0440.xml,PASS,INFO,R1.D01=SI;R1.D02=SI;R2.D01=SI;R2.D02=NO;R2.D04=SI;R2.D05=SI;R2.D06=SI,MUNICIPIO_SIN_CN_VIV,MUNICIPIO30612,No,Si,,30612,Regla 2 coherente para validaciones implementadas.
GPA-001__R2-003__R1-001__0441,GPA-001__R2-003__R1-001,02_inputs_xml_flat/GPA-001__R2-003__R1-001__0441.xml,PASS,INFO,R1.D01=SI;R1.D02=SI;R2.D01=SI;R2.D02=NO;R2.D04=SI;R2.D05=SI;R2.D06=SI,MUNICIPIO_SIN_CN_VIV,MUNICIPIO30613,No,Si,,30613,Regla 2 coherente para validaciones implementadas.
GPA-001__R2-003__R1-001__0442,GPA-001__R2-003__R1-001,02_inputs_xml_flat/GPA-001__R2-003__R1-001__0442.xml,PASS,INFO,R1.D01=SI;R1.D02=SI;R2.D01=SI;R2.D02=NO;R2.D04=SI;R2.D05=SI;R2.D06=SI,MUNICIPIO_SIN_CN_VIV,MUNICIPIO30611,No,Si,,30611,Regla 2 coherente para validaciones implementadas.
GPA-001__R2-003__R1-001__0443,GPA-001__R2-003__R1-001,02_inputs_xml_flat/GPA-001__R2-003__R1-001__0443.xml,PASS,INFO,R1.D01=SI;R1.D02=SI;R2.D01=SI;R2.D02=NO;R2.D04=SI;R2.D05=SI;R2.D06=SI,MUNICIPIO_SIN_CN_VIV,MUNICIPIO30612,No,Si,,30612,Regla 2 coherente para validaciones implementadas.
GPA-001__R2-003__R1-001__0444,GPA-001__R2-003__R1-001,02_inputs_xml_flat/GPA-001__R2-003__R1-001__0444.xml,PASS,INFO,R1.D01=SI;R1.D02=SI;R2.D01=SI;R2.D02=NO;R2.D04=SI;R2.D05=SI;R2.D06=SI,MUNICIPIO_SIN_CN_VIV,MUNICIPIO30613,No,Si,,30613,Regla 2 coherente para validaciones implementadas.
GPA-001__R2-003__R1-001__0445,GPA-001__R2-003__R1-001,02_inputs_xml_flat/GPA-001__R2-003__R1-001__0445.xml,PASS,INFO,R1.D01=SI;R1.D02=SI;R2.D01=SI;R2.D02=NO;R2.D04=SI;R2.D05=SI;R2.D06=SI,MUNICIPIO_SIN_CN_VIV,MUNICIPIO30611,No,Si,,30611,Regla 2 coherente para validaciones implementadas.
GPA-001__R2-003__R1-001__0446,GPA-001__R2-003__R1-001,02_inputs_xml_flat/GPA-001__R2-003__R1-001__0446.xml,PASS,INFO,R1.D01=SI;R1.D02=SI;R2.D01=SI;R2.D02=NO;R2.D04=SI;R2.D05=SI;R2.D06=SI,MUNICIPIO_SIN_CN_VIV,MUNICIPIO30612,No,Si,,30612,Regla 2 coherente para validaciones implementadas.
GPA-001__R2-003__R1-001__0447,GPA-001__R2-003__R1-001,02_inputs_xml_flat/GPA-001__R2-003__R1-001__0447.xml,PASS,INFO,R1.D01=SI;R1.D02=SI;R2.D01=SI;R2.D02=NO;R2.D04=SI;R2.D05=SI;R2.D06=SI,MUNICIPIO_SIN_CN_VIV,MUNICIPIO30613,No,Si,,30613,Regla 2 coherente para validaciones implementadas.
GPA-001__R2-003__R1-001__0448,GPA-001__R2-003__R1-001,02_inputs_xml_flat/GPA-001__R2-003__R1-001__0448.xml,PASS,INFO,R1.D01=SI;R1.D02=SI;R2.D01=SI;R2.D02=NO;R2.D04=SI;R2.D05=SI;R2.D06=SI,MUNICIPIO_SIN_CN_VIV,MUNICIPIO30611,No,Si,,30611,Regla 2 coherente para validaciones implementadas.
GPA-001__R2-003__R1-001__0449,GPA-001__R2-003__R1-001,02_inputs_xml_flat/GPA-001__R2-003__R1-001__0449.xml,PASS,INFO,R1.D01=SI;R1.D02=SI;R2.D01=SI;R2.D02=NO;R2.D04=SI;R2.D05=SI;R2.D06=SI,MUNICIPIO_SIN_CN_VIV,MUNICIPIO30612,No,Si,,30612,Regla 2 coherente para validaciones implementadas.
GPA-001__R2-003__R1-001__0450,GPA-001__R2-003__R1-001,02_inputs_xml_flat/GPA-001__R2-003__R1-001__0450.xml,PASS,INFO,R1.D01=SI;R1.D02=SI;R2.D01=SI;R2.D02=NO;R2.D04=SI;R2.D05=SI;R2.D06=SI,MUNICIPIO_SIN_CN_VIV,MUNICIPIO30613,No,Si,,30613,Regla 2 coherente para validaciones implementadas.
GPA-001__R2-003__R1-001__0451,GPA-001__R2-003__R1-001,02_inputs_xml_flat/GPA-001__R2-003__R1-001__0451.xml,PASS,INFO,R1.D01=SI;R1.D02=SI;R2.D01=SI;R2.D02=NO;R2.D04=SI;R2.D05=SI;R2.D06=SI,MUNICIPIO_SIN_CN_VIV,MUNICIPIO30611,No,Si,,30611,Regla 2 coherente para validaciones implementadas.
GPA-001__R2-003__R1-001__0452,GPA-001__R2-003__R1-001,02_inputs_xml_flat/GPA-001__R2-003__R1-001__0452.xml,PASS,INFO,R1.D01=SI;R1.D02=SI;R2.D01=SI;R2.D02=NO;R2.D04=SI;R2.D05=SI;R2.D06=SI,MUNICIPIO_SIN_CN_VIV,MUNICIPIO30612,No,Si,,30612,Regla 2 coherente para validaciones implementadas.
GPA-001__R2-003__R1-001__0453,GPA-001__R2-003__R1-001,02_inputs_xml_flat/GPA-001__R2-003__R1-001__0453.xml,PASS,INFO,R1.D01=SI;R1.D02=SI;R2.D01=SI;R2.D02=NO;R2.D04=SI;R2.D05=SI;R2.D06=SI,MUNICIPIO_SIN_CN_VIV,MUNICIPIO30613,No,Si,,30613,Regla 2 coherente para validaciones implementadas.
GPA-001__R2-003__R1-001__0454,GPA-001__R2-003__R1-001,02_inputs_xml_flat/GPA-001__R2-003__R1-001__0454.xml,PASS,INFO,R1.D01=SI;R1.D02=SI;R2.D01=SI;R2.D02=NO;R2.D04=SI;R2.D05=SI;R2.D06=SI,MUNICIPIO_SIN_CN_VIV,MUNICIPIO30611,No,Si,,30611,Regla 2 coherente para validaciones implementadas.
GPA-001__R2-003__R1-001__0455,GPA-001__R2-003__R1-001,02_inputs_xml_flat/GPA-001__R2-003__R1-001__0455.xml,PASS,INFO,R1.D01=SI;R1.D02=SI;R2.D01=SI;R2.D02=NO;R2.D04=SI;R2.D05=SI;R2.D06=SI,MUNICIPIO_SIN_CN_VIV,MUNICIPIO30612,No,Si,,30612,Regla 2 coherente para validaciones implementadas.
GPA-001__R2-003__R1-001__0456,GPA-001__R2-003__R1-001,02_inputs_xml_flat/GPA-001__R2-003__R1-001__0456.xml,PASS,INFO,R1.D01=SI;R1.D02=SI;R2.D01=SI;R2.D02=NO;R2.D04=SI;R2.D05=SI;R2.D06=SI,MUNICIPIO_SIN_CN_VIV,MUNICIPIO30613,No,Si,,30613,Regla 2 coherente para validaciones implementadas.
GPA-001__R2-003__R1-001__0457,GPA-001__R2-003__R1-001,02_inputs_xml_flat/GPA-001__R2-003__R1-001__0457.xml,PASS,INFO,R1.D01=SI;R1.D02=SI;R2.D01=SI;R2.D02=NO;R2.D04=SI;R2.D05=SI;R2.D06=SI,MUNICIPIO_SIN_CN_VIV,MUNICIPIO30611,No,Si,,30611,Regla 2 coherente para validaciones implementadas.
GPA-001__R2-003__R1-001__0458,GPA-001__R2-003__R1-001,02_inputs_xml_flat/GPA-001__R2-003__R1-001__0458.xml,PASS,INFO,R1.D01=SI;R1.D02=SI;R2.D01=SI;R2.D02=NO;R2.D04=SI;R2.D05=SI;R2.D06=SI,MUNICIPIO_SIN_CN_VIV,MUNICIPIO30612,No,Si,,30612,Regla 2 coherente para validaciones implementadas.
GPA-001__R2-003__R1-001__0459,GPA-001__R2-003__R1-001,02_inputs_xml_flat/GPA-001__R2-003__R1-001__0459.xml,PASS,INFO,R1.D01=SI;R1.D02=SI;R2.D01=SI;R2.D02=NO;R2.D04=SI;R2.D05=SI;R2.D06=SI,MUNICIPIO_SIN_CN_VIV,MUNICIPIO30613,No,Si,,30613,Regla 2 coherente para validaciones implementadas.
GPA-001__R2-003__R1-001__0460,GPA-001__R2-003__R1-001,02_inputs_xml_flat/GPA-001__R2-003__R1-001__0460.xml,PASS,INFO,R1.D01=SI;R1.D02=SI;R2.D01=SI;R2.D02=NO;R2.D04=SI;R2.D05=SI;R2.D06=SI,MUNICIPIO_SIN_CN_VIV,MUNICIPIO30611,No,Si,,30611,Regla 2 coherente para validaciones implementadas.
GPA-001__R2-003__R1-001__0461,GPA-001__R2-003__R1-001,02_inputs_xml_flat/GPA-001__R2-003__R1-001__0461.xml,PASS,INFO,R1.D01=SI;R1.D02=SI;R2.D01=SI;R2.D02=NO;R2.D04=SI;R2.D05=SI;R2.D06=SI,MUNICIPIO_SIN_CN_VIV,MUNICIPIO30612,No,Si,,30612,Regla 2 coherente para validaciones implementadas.
GPA-001__R2-003__R1-001__0462,GPA-001__R2-003__R1-001,02_inputs_xml_flat/GPA-001__R2-003__R1-001__0462.xml,PASS,INFO,R1.D01=SI;R1.D02=SI;R2.D01=SI;R2.D02=NO;R2.D04=SI;R2.D05=SI;R2.D06=SI,MUNICIPIO_SIN_CN_VIV,MUNICIPIO30613,No,Si,,30613,Regla 2 coherente para validaciones implementadas.
GPA-001__R2-003__R1-001__0463,GPA-001__R2-003__R1-001,02_inputs_xml_flat/GPA-001__R2-003__R1-001__0463.xml,PASS,INFO,R1.D01=SI;R1.D02=SI;R2.D01=SI;R2.D02=NO;R2.D04=SI;R2.D05=SI;R2.D06=SI,MUNICIPIO_SIN_CN_VIV,MUNICIPIO30611,No,Si,,30611,Regla 2 coherente para validaciones implementadas.
GPA-001__R2-003__R1-001__0464,GPA-001__R2-003__R1-001,02_inputs_xml_flat/GPA-001__R2-003__R1-001__0464.xml,PASS,INFO,R1.D01=SI;R1.D02=SI;R2.D01=SI;R2.D02=NO;R2.D04=SI;R2.D05=SI;R2.D06=SI,MUNICIPIO_SIN_CN_VIV,MUNICIPIO30612,No,Si,,30612,Regla 2 coherente para validaciones implementadas.
GPA-001__R2-003__R1-001__0465,GPA-001__R2-003__R1-001,02_inputs_xml_flat/GPA-001__R2-003__R1-001__0465.xml,PASS,INFO,R1.D01=SI;R1.D02=SI;R2.D01=SI;R2.D02=NO;R2.D04=SI;R2.D05=SI;R2.D06=SI,MUNICIPIO_SIN_CN_VIV,MUNICIPIO30613,No,Si,,30613,Regla 2 coherente para validaciones implementadas.
GPA-001__R2-003__R1-001__0466,GPA-001__R2-003__R1-001,02_inputs_xml_flat/GPA-001__R2-003__R1-001__0466.xml,PASS,INFO,R1.D01=SI;R1.D02=SI;R2.D01=SI;R2.D02=NO;R2.D04=SI;R2.D05=SI;R2.D06=SI,MUNICIPIO_SIN_CN_VIV,MUNICIPIO30611,No,Si,,30611,Regla 2 coherente para validaciones implementadas.
GPA-001__R2-003__R1-001__0467,GPA-001__R2-003__R1-001,02_inputs_xml_flat/GPA-001__R2-003__R1-001__0467.xml,PASS,INFO,R1.D01=SI;R1.D02=SI;R2.D01=SI;R2.D02=NO;R2.D04=SI;R2.D05=SI;R2.D06=SI,MUNICIPIO_SIN_CN_VIV,MUNICIPIO30612,No,Si,,30612,Regla 2 coherente para validaciones implementadas.
GPA-001__R2-003__R1-001__0468,GPA-001__R2-003__R1-001,02_inputs_xml_flat/GPA-001__R2-003__R1-001__0468.xml,PASS,INFO,R1.D01=SI;R1.D02=SI;R2.D01=SI;R2.D02=NO;R2.D04=SI;R2.D05=SI;R2.D06=SI,MUNICIPIO_SIN_CN_VIV,MUNICIPIO30613,No,Si,,30613,Regla 2 coherente para validaciones implementadas.
GPA-001__R2-003__R1-001__0469,GPA-001__R2-003__R1-001,02_inputs_xml_flat/GPA-001__R2-003__R1-001__0469.xml,PASS,INFO,R1.D01=SI;R1.D02=SI;R2.D01=SI;R2.D02=NO;R2.D04=SI;R2.D05=SI;R2.D06=SI,MUNICIPIO_SIN_CN_VIV,MUNICIPIO30611,No,Si,,30611,Regla 2 coherente para validaciones implementadas.
GPA-001__R2-003__R1-001__0470,GPA-001__R2-003__R1-001,02_inputs_xml_flat/GPA-001__R2-003__R1-001__0470.xml,PASS,INFO,R1.D01=SI;R1.D02=SI;R2.D01=SI;R2.D02=NO;R2.D04=SI;R2.D05=SI;R2.D06=SI,MUNICIPIO_SIN_CN_VIV,MUNICIPIO30612,No,Si,,30612,Regla 2 coherente para validaciones implementadas.
GPA-001__R2-003__R1-001__0471,GPA-001__R2-003__R1-001,02_inputs_xml_flat/GPA-001__R2-003__R1-001__0471.xml,PASS,INFO,R1.D01=SI;R1.D02=SI;R2.D01=SI;R2.D02=NO;R2.D04=SI;R2.D05=SI;R2.D06=SI,MUNICIPIO_SIN_CN_VIV,MUNICIPIO30613,No,Si,,30613,Regla 2 coherente para validaciones implementadas.
GPA-001__R2-003__R1-001__0472,GPA-001__R2-003__R1-001,02_inputs_xml_flat/GPA-001__R2-003__R1-001__0472.xml,PASS,INFO,R1.D01=SI;R1.D02=SI;R2.D01=SI;R2.D02=NO;R2.D04=SI;R2.D05=SI;R2.D06=SI,MUNICIPIO_SIN_CN_VIV,MUNICIPIO30611,No,Si,,30611,Regla 2 coherente para validaciones implementadas.
GPA-001__R2-003__R1-001__0473,GPA-001__R2-003__R1-001,02_inputs_xml_flat/GPA-001__R2-003__R1-001__0473.xml,PASS,INFO,R1.D01=SI;R1.D02=SI;R2.D01=SI;R2.D02=NO;R2.D04=SI;R2.D05=SI;R2.D06=SI,MUNICIPIO_SIN_CN_VIV,MUNICIPIO30612,No,Si,,30612,Regla 2 coherente para validaciones implementadas.
GPA-001__R2-003__R1-001__0474,GPA-001__R2-003__R1-001,02_inputs_xml_flat/GPA-001__R2-003__R1-001__0474.xml,PASS,INFO,R1.D01=SI;R1.D02=SI;R2.D01=SI;R2.D02=NO;R2.D04=SI;R2.D05=SI;R2.D06=SI,MUNICIPIO_SIN_CN_VIV,MUNICIPIO30613,No,Si,,30613,Regla 2 coherente para validaciones implementadas.
GPA-001__R2-003__R1-001__0475,GPA-001__R2-003__R1-001,02_inputs_xml_flat/GPA-001__R2-003__R1-001__0475.xml,PASS,INFO,R1.D01=SI;R1.D02=SI;R2.D01=SI;R2.D02=NO;R2.D04=SI;R2.D05=SI;R2.D06=SI,MUNICIPIO_SIN_CN_VIV,MUNICIPIO30611,No,Si,,30611,Regla 2 coherente para validaciones implementadas.
GPA-001__R2-003__R1-001__0476,GPA-001__R2-003__R1-001,02_inputs_xml_flat/GPA-001__R2-003__R1-001__0476.xml,PASS,INFO,R1.D01=SI;R1.D02=SI;R2.D01=SI;R2.D02=NO;R2.D04=SI;R2.D05=SI;R2.D06=SI,MUNICIPIO_SIN_CN_VIV,MUNICIPIO30612,No,Si,,30612,Regla 2 coherente para validaciones implementadas.
GPA-001__R2-003__R1-001__0477,GPA-001__R2-003__R1-001,02_inputs_xml_flat/GPA-001__R2-003__R1-001__0477.xml,PASS,INFO,R1.D01=SI;R1.D02=SI;R2.D01=SI;R2.D02=NO;R2.D04=SI;R2.D05=SI;R2.D06=SI,MUNICIPIO_SIN_CN_VIV,MUNICIPIO30613,No,Si,,30613,Regla 2 coherente para validaciones implementadas.
GPA-001__R2-003__R1-001__0478,GPA-001__R2-003__R1-001,02_inputs_xml_flat/GPA-001__R2-003__R1-001__0478.xml,PASS,INFO,R1.D01=SI;R1.D02=SI;R2.D01=SI;R2.D02=NO;R2.D04=SI;R2.D05=SI;R2.D06=SI,MUNICIPIO_SIN_CN_VIV,MUNICIPIO30611,No,Si,,30611,Regla 2 coherente para validaciones implementadas.
GPA-001__R2-003__R1-001__0479,GPA-001__R2-003__R1-001,02_inputs_xml_flat/GPA-001__R2-003__R1-001__0479.xml,PASS,INFO,R1.D01=SI;R1.D02=SI;R2.D01=SI;R2.D02=NO;R2.D04=SI;R2.D05=SI;R2.D06=SI,MUNICIPIO_SIN_CN_VIV,MUNICIPIO30612,No,Si,,30612,Regla 2 coherente para validaciones implementadas.
GPA-001__R2-003__R1-001__0480,GPA-001__R2-003__R1-001,02_inputs_xml_flat/GPA-001__R2-003__R1-001__0480.xml,PASS,INFO,R1.D01=SI;R1.D02=SI;R2.D01=SI;R2.D02=NO;R2.D04=SI;R2.D05=SI;R2.D06=SI,MUNICIPIO_SIN_CN_VIV,MUNICIPIO30613,No,Si,,30613,Regla 2 coherente para validaciones implementadas.
GPA-001__R2-003__R1-001__0481,GPA-001__R2-003__R1-001,02_inputs_xml_flat/GPA-001__R2-003__R1-001__0481.xml,PASS,INFO,R1.D01=SI;R1.D02=SI;R2.D01=SI;R2.D02=NO;R2.D04=SI;R2.D05=SI;R2.D06=SI,MUNICIPIO_SIN_CN_VIV,MUNICIPIO30611,No,Si,,30611,Regla 2 coherente para validaciones implementadas.
GPA-001__R2-003__R1-001__0482,GPA-001__R2-003__R1-001,02_inputs_xml_flat/GPA-001__R2-003__R1-001__0482.xml,PASS,INFO,R1.D01=SI;R1.D02=SI;R2.D01=SI;R2.D02=NO;R2.D04=SI;R2.D05=SI;R2.D06=SI,MUNICIPIO_SIN_CN_VIV,MUNICIPIO30612,No,Si,,30612,Regla 2 coherente para validaciones implementadas.
GPA-001__R2-003__R1-001__0483,GPA-001__R2-003__R1-001,02_inputs_xml_flat/GPA-001__R2-003__R1-001__0483.xml,PASS,INFO,R1.D01=SI;R1.D02=SI;R2.D01=SI;R2.D02=NO;R2.D04=SI;R2.D05=SI;R2.D06=SI,MUNICIPIO_SIN_CN_VIV,MUNICIPIO30613,No,Si,,30613,Regla 2 coherente para validaciones implementadas.
GPA-001__R2-003__R1-001__0484,GPA-001__R2-003__R1-001,02_inputs_xml_flat/GPA-001__R2-003__R1-001__0484.xml,PASS,INFO,R1.D01=SI;R1.D02=SI;R2.D01=SI;R2.D02=NO;R2.D04=SI;R2.D05=SI;R2.D06=SI,MUNICIPIO_SIN_CN_VIV,MUNICIPIO30611,No,Si,,30611,Regla 2 coherente para validaciones implementadas.
GPA-001__R2-003__R1-001__0485,GPA-001__R2-003__R1-001,02_inputs_xml_flat/GPA-001__R2-003__R1-001__0485.xml,PASS,INFO,R1.D01=SI;R1.D02=SI;R2.D01=SI;R2.D02=NO;R2.D04=SI;R2.D05=SI;R2.D06=SI,MUNICIPIO_SIN_CN_VIV,MUNICIPIO30612,No,Si,,30612,Regla 2 coherente para validaciones implementadas.
GPA-001__R2-003__R1-001__0486,GPA-001__R2-003__R1-001,02_inputs_xml_flat/GPA-001__R2-003__R1-001__0486.xml,PASS,INFO,R1.D01=SI;R1.D02=SI;R2.D01=SI;R2.D02=NO;R2.D04=SI;R2.D05=SI;R2.D06=SI,MUNICIPIO_SIN_CN_VIV,MUNICIPIO30613,No,Si,,30613,Regla 2 coherente para validaciones implementadas.
GPA-001__R2-003__R1-001__0487,GPA-001__R2-003__R1-001,02_inputs_xml_flat/GPA-001__R2-003__R1-001__0487.xml,PASS,INFO,R1.D01=SI;R1.D02=SI;R2.D01=SI;R2.D02=NO;R2.D04=SI;R2.D05=SI;R2.D06=SI,MUNICIPIO_SIN_CN_VIV,MUNICIPIO30611,No,Si,,30611,Regla 2 coherente para validaciones implementadas.
GPA-001__R2-003__R1-001__0488,GPA-001__R2-003__R1-001,02_inputs_xml_flat/GPA-001__R2-003__R1-001__0488.xml,PASS,INFO,R1.D01=SI;R1.D02=SI;R2.D01=SI;R2.D02=NO;R2.D04=SI;R2.D05=SI;R2.D06=SI,MUNICIPIO_SIN_CN_VIV,MUNICIPIO30612,No,Si,,30612,Regla 2 coherente para validaciones implementadas.
GPA-001__R2-003__R1-001__0489,GPA-001__R2-003__R1-001,02_inputs_xml_flat/GPA-001__R2-003__R1-001__0489.xml,PASS,INFO,R1.D01=SI;R1.D02=SI;R2.D01=SI;R2.D02=NO;R2.D04=SI;R2.D05=SI;R2.D06=SI,MUNICIPIO_SIN_CN_VIV,MUNICIPIO30613,No,Si,,30613,Regla 2 coherente para validaciones implementadas.
GPA-001__R2-003__R1-001__0490,GPA-001__R2-003__R1-001,02_inputs_xml_flat/GPA-001__R2-003__R1-001__0490.xml,PASS,INFO,R1.D01=SI;R1.D02=SI;R2.D01=SI;R2.D02=NO;R2.D04=SI;R2.D05=SI;R2.D06=SI,MUNICIPIO_SIN_CN_VIV,MUNICIPIO30611,No,Si,,30611,Regla 2 coherente para validaciones implementadas.
GPA-001__R2-003__R1-001__0491,GPA-001__R2-003__R1-001,02_inputs_xml_flat/GPA-001__R2-003__R1-001__0491.xml,PASS,INFO,R1.D01=SI;R1.D02=SI;R2.D01=SI;R2.D02=NO;R2.D04=SI;R2.D05=SI;R2.D06=SI,MUNICIPIO_SIN_CN_VIV,MUNICIPIO30612,No,Si,,30612,Regla 2 coherente para validaciones implementadas.
GPA-001__R2-003__R1-001__0492,GPA-001__R2-003__R1-001,02_inputs_xml_flat/GPA-001__R2-003__R1-001__0492.xml,PASS,INFO,R1.D01=SI;R1.D02=SI;R2.D01=SI;R2.D02=NO;R2.D04=SI;R2.D05=SI;R2.D06=SI,MUNICIPIO_SIN_CN_VIV,MUNICIPIO30613,No,Si,,30613,Regla 2 coherente para validaciones implementadas.
GPA-001__R2-003__R1-001__0493,GPA-001__R2-003__R1-001,02_inputs_xml_flat/GPA-001__R2-003__R1-001__0493.xml,PASS,INFO,R1.D01=SI;R1.D02=SI;R2.D01=SI;R2.D02=NO;R2.D04=SI;R2.D05=SI;R2.D06=SI,MUNICIPIO_SIN_CN_VIV,MUNICIPIO30611,No,Si,,30611,Regla 2 coherente para validaciones implementadas.
GPA-001__R2-003__R1-001__0494,GPA-001__R2-003__R1-001,02_inputs_xml_flat/GPA-001__R2-003__R1-001__0494.xml,PASS,INFO,R1.D01=SI;R1.D02=SI;R2.D01=SI;R2.D02=NO;R2.D04=SI;R2.D05=SI;R2.D06=SI,MUNICIPIO_SIN_CN_VIV,MUNICIPIO30612,No,Si,,30612,Regla 2 coherente para validaciones implementadas.
GPA-001__R2-003__R1-001__0495,GPA-001__R2-003__R1-001,02_inputs_xml_flat/GPA-001__R2-003__R1-001__0495.xml,PASS,INFO,R1.D01=SI;R1.D02=SI;R2.D01=SI;R2.D02=NO;R2.D04=SI;R2.D05=SI;R2.D06=SI,MUNICIPIO_SIN_CN_VIV,MUNICIPIO30613,No,Si,,30613,Regla 2 coherente para validaciones implementadas.
GPA-001__R2-003__R1-001__0496,GPA-001__R2-003__R1-001,02_inputs_xml_flat/GPA-001__R2-003__R1-001__0496.xml,PASS,INFO,R1.D01=SI;R1.D02=SI;R2.D01=SI;R2.D02=NO;R2.D04=SI;R2.D05=SI;R2.D06=SI,MUNICIPIO_SIN_CN_VIV,MUNICIPIO30611,No,Si,,30611,Regla 2 coherente para validaciones implementadas.
GPA-001__R2-003__R1-001__0497,GPA-001__R2-003__R1-001,02_inputs_xml_flat/GPA-001__R2-003__R1-001__0497.xml,PASS,INFO,R1.D01=SI;R1.D02=SI;R2.D01=SI;R2.D02=NO;R2.D04=SI;R2.D05=SI;R2.D06=SI,MUNICIPIO_SIN_CN_VIV,MUNICIPIO30612,No,Si,,30612,Regla 2 coherente para validaciones implementadas.
GPA-001__R2-003__R1-001__0498,GPA-001__R2-003__R1-001,02_inputs_xml_flat/GPA-001__R2-003__R1-001__0498.xml,PASS,INFO,R1.D01=SI;R1.D02=SI;R2.D01=SI;R2.D02=NO;R2.D04=SI;R2.D05=SI;R2.D06=SI,MUNICIPIO_SIN_CN_VIV,MUNICIPIO30613,No,Si,,30613,Regla 2 coherente para validaciones implementadas.
GPA-001__R2-003__R1-001__0499,GPA-001__R2-003__R1-001,02_inputs_xml_flat/GPA-001__R2-003__R1-001__0499.xml,PASS,INFO,R1.D01=SI;R1.D02=SI;R2.D01=SI;R2.D02=NO;R2.D04=SI;R2.D05=SI;R2.D06=SI,MUNICIPIO_SIN_CN_VIV,MUNICIPIO30611,No,Si,,30611,Regla 2 coherente para validaciones implementadas.
GPA-001__R2-003__R1-001__0500,GPA-001__R2-003__R1-001,02_inputs_xml_flat/GPA-001__R2-003__R1-001__0500.xml,PASS,INFO,R1.D01=SI;R1.D02=SI;R2.D01=SI;R2.D02=NO;R2.D04=SI;R2.D05=SI;R2.D06=SI,MUNICIPIO_SIN_CN_VIV,MUNICIPIO30612,No,Si,,30612,Regla 2 coherente para validaciones implementadas.
GPA-001__R2-003__R1-001__0501,GPA-001__R2-003__R1-001,02_inputs_xml_flat/GPA-001__R2-003__R1-001__0501.xml,PASS,INFO,R1.D01=SI;R1.D02=SI;R2.D01=SI;R2.D02=NO;R2.D04=SI;R2.D05=SI;R2.D06=SI,MUNICIPIO_SIN_CN_VIV,MUNICIPIO30613,No,Si,,30613,Regla 2 coherente para validaciones implementadas.
GPA-001__R2-003__R1-001__0502,GPA-001__R2-003__R1-001,02_inputs_xml_flat/GPA-001__R2-003__R1-001__0502.xml,PASS,INFO,R1.D01=SI;R1.D02=SI;R2.D01=SI;R2.D02=NO;R2.D04=SI;R2.D05=SI;R2.D06=SI,MUNICIPIO_SIN_CN_VIV,MUNICIPIO30611,No,Si,,30611,Regla 2 coherente para validaciones implementadas.
GPA-001__R2-003__R1-001__0503,GPA-001__R2-003__R1-001,02_inputs_xml_flat/GPA-001__R2-003__R1-001__0503.xml,PASS,INFO,R1.D01=SI;R1.D02=SI;R2.D01=SI;R2.D02=NO;R2.D04=SI;R2.D05=SI;R2.D06=SI,MUNICIPIO_SIN_CN_VIV,MUNICIPIO30612,No,Si,,30612,Regla 2 coherente para validaciones implementadas.
GPA-001__R2-003__R1-001__0504,GPA-001__R2-003__R1-001,02_inputs_xml_flat/GPA-001__R2-003__R1-001__0504.xml,PASS,INFO,R1.D01=SI;R1.D02=SI;R2.D01=SI;R2.D02=NO;R2.D04=SI;R2.D05=SI;R2.D06=SI,MUNICIPIO_SIN_CN_VIV,MUNICIPIO30613,No,Si,,30613,Regla 2 coherente para validaciones implementadas.
GPA-001__R2-003__R1-001__0505,GPA-001__R2-003__R1-001,02_inputs_xml_flat/GPA-001__R2-003__R1-001__0505.xml,PASS,INFO,R1.D01=SI;R1.D02=SI;R2.D01=SI;R2.D02=NO;R2.D04=SI;R2.D05=SI;R2.D06=SI,MUNICIPIO_SIN_CN_VIV,MUNICIPIO30611,No,Si,,30611,Regla 2 coherente para validaciones implementadas.
GPA-001__R2-003__R1-001__0506,GPA-001__R2-003__R1-001,02_inputs_xml_flat/GPA-001__R2-003__R1-001__0506.xml,PASS,INFO,R1.D01=SI;R1.D02=SI;R2.D01=SI;R2.D02=NO;R2.D04=SI;R2.D05=SI;R2.D06=SI,MUNICIPIO_SIN_CN_VIV,MUNICIPIO30612,No,Si,,30612,Regla 2 coherente para validaciones implementadas.
GPA-001__R2-003__R1-001__0507,GPA-001__R2-003__R1-001,02_inputs_xml_flat/GPA-001__R2-003__R1-001__0507.xml,PASS,INFO,R1.D01=SI;R1.D02=SI;R2.D01=SI;R2.D02=NO;R2.D04=SI;R2.D05=SI;R2.D06=SI,MUNICIPIO_SIN_CN_VIV,MUNICIPIO30613,No,Si,,30613,Regla 2 coherente para validaciones implementadas.
GPA-001__R2-003__R1-001__0508,GPA-001__R2-003__R1-001,02_inputs_xml_flat/GPA-001__R2-003__R1-001__0508.xml,PASS,INFO,R1.D01=SI;R1.D02=SI;R2.D01=SI;R2.D02=NO;R2.D04=SI;R2.D05=SI;R2.D06=SI,MUNICIPIO_SIN_CN_VIV,MUNICIPIO30611,No,Si,,30611,Regla 2 coherente para validaciones implementadas.
GPA-001__R2-003__R1-001__0509,GPA-001__R2-003__R1-001,02_inputs_xml_flat/GPA-001__R2-003__R1-001__0509.xml,PASS,INFO,R1.D01=SI;R1.D02=SI;R2.D01=SI;R2.D02=NO;R2.D04=SI;R2.D05=SI;R2.D06=SI,MUNICIPIO_SIN_CN_VIV,MUNICIPIO30612,No,Si,,30612,Regla 2 coherente para validaciones implementadas.
GPA-001__R2-003__R1-001__0510,GPA-001__R2-003__R1-001,02_inputs_xml_flat/GPA-001__R2-003__R1-001__0510.xml,PASS,INFO,R1.D01=SI;R1.D02=SI;R2.D01=SI;R2.D02=NO;R2.D04=SI;R2.D05=SI;R2.D06=SI,MUNICIPIO_SIN_CN_VIV,MUNICIPIO30613,No,Si,,30613,Regla 2 coherente para validaciones implementadas.
GPA-001__R2-003__R1-001__0511,GPA-001__R2-003__R1-001,02_inputs_xml_flat/GPA-001__R2-003__R1-001__0511.xml,PASS,INFO,R1.D01=SI;R1.D02=SI;R2.D01=SI;R2.D02=NO;R2.D04=SI;R2.D05=SI;R2.D06=SI,MUNICIPIO_SIN_CN_VIV,MUNICIPIO30611,No,Si,,30611,Regla 2 coherente para validaciones implementadas.
GPA-001__R2-003__R1-001__0512,GPA-001__R2-003__R1-001,02_inputs_xml_flat/GPA-001__R2-003__R1-001__0512.xml,PASS,INFO,R1.D01=SI;R1.D02=SI;R2.D01=SI;R2.D02=NO;R2.D04=SI;R2.D05=SI;R2.D06=SI,MUNICIPIO_SIN_CN_VIV,MUNICIPIO30612,No,Si,,30612,Regla 2 coherente para validaciones implementadas.
GPA-001__R2-003__R1-001__0513,GPA-001__R2-003__R1-001,02_inputs_xml_flat/GPA-001__R2-003__R1-001__0513.xml,PASS,INFO,R1.D01=SI;R1.D02=SI;R2.D01=SI;R2.D02=NO;R2.D04=SI;R2.D05=SI;R2.D06=SI,MUNICIPIO_SIN_CN_VIV,MUNICIPIO30613,No,Si,,30613,Regla 2 coherente para validaciones implementadas.
GPA-001__R2-003__R1-001__0514,GPA-001__R2-003__R1-001,02_inputs_xml_flat/GPA-001__R2-003__R1-001__0514.xml,PASS,INFO,R1.D01=SI;R1.D02=SI;R2.D01=SI;R2.D02=NO;R2.D04=SI;R2.D05=SI;R2.D06=SI,MUNICIPIO_SIN_CN_VIV,MUNICIPIO30611,No,Si,,30611,Regla 2 coherente para validaciones implementadas.
GPA-001__R2-003__R1-001__0515,GPA-001__R2-003__R1-001,02_inputs_xml_flat/GPA-001__R2-003__R1-001__0515.xml,PASS,INFO,R1.D01=SI;R1.D02=SI;R2.D01=SI;R2.D02=NO;R2.D04=SI;R2.D05=SI;R2.D06=SI,MUNICIPIO_SIN_CN_VIV,MUNICIPIO30612,No,Si,,30612,Regla 2 coherente para validaciones implementadas.
GPA-001__R2-003__R1-001__0516,GPA-001__R2-003__R1-001,02_inputs_xml_flat/GPA-001__R2-003__R1-001__0516.xml,PASS,INFO,R1.D01=SI;R1.D02=SI;R2.D01=SI;R2.D02=NO;R2.D04=SI;R2.D05=SI;R2.D06=SI,MUNICIPIO_SIN_CN_VIV,MUNICIPIO30613,No,Si,,30613,Regla 2 coherente para validaciones implementadas.
GPA-001__R2-003__R1-001__0517,GPA-001__R2-003__R1-001,02_inputs_xml_flat/GPA-001__R2-003__R1-001__0517.xml,PASS,INFO,R1.D01=SI;R1.D02=SI;R2.D01=SI;R2.D02=NO;R2.D04=SI;R2.D05=SI;R2.D06=SI,MUNICIPIO_SIN_CN_VIV,MUNICIPIO30611,No,Si,,30611,Regla 2 coherente para validaciones implementadas.
GPA-001__R2-003__R1-001__0518,GPA-001__R2-003__R1-001,02_inputs_xml_flat/GPA-001__R2-003__R1-001__0518.xml,PASS,INFO,R1.D01=SI;R1.D02=SI;R2.D01=SI;R2.D02=NO;R2.D04=SI;R2.D05=SI;R2.D06=SI,MUNICIPIO_SIN_CN_VIV,MUNICIPIO30612,No,Si,,30612,Regla 2 coherente para validaciones implementadas.
GPA-001__R2-003__R1-001__0519,GPA-001__R2-003__R1-001,02_inputs_xml_flat/GPA-001__R2-003__R1-001__0519.xml,PASS,INFO,R1.D01=SI;R1.D02=SI;R2.D01=SI;R2.D02=NO;R2.D04=SI;R2.D05=SI;R2.D06=SI,MUNICIPIO_SIN_CN_VIV,MUNICIPIO30613,No,Si,,30613,Regla 2 coherente para validaciones implementadas.
GPA-001__R2-003__R1-001__0520,GPA-001__R2-003__R1-001,02_inputs_xml_flat/GPA-001__R2-003__R1-001__0520.xml,PASS,INFO,R1.D01=SI;R1.D02=SI;R2.D01=SI;R2.D02=NO;R2.D04=SI;R2.D05=SI;R2.D06=SI,MUNICIPIO_SIN_CN_VIV,MUNICIPIO30611,No,Si,,30611,Regla 2 coherente para validaciones implementadas.
GPA-001__R2-003__R1-001__0521,GPA-001__R2-003__R1-001,02_inputs_xml_flat/GPA-001__R2-003__R1-001__0521.xml,PASS,INFO,R1.D01=SI;R1.D02=SI;R2.D01=SI;R2.D02=NO;R2.D04=SI;R2.D05=SI;R2.D06=SI,MUNICIPIO_SIN_CN_VIV,MUNICIPIO30612,No,Si,,30612,Regla 2 coherente para validaciones implementadas.
GPA-001__R2-003__R1-001__0522,GPA-001__R2-003__R1-001,02_inputs_xml_flat/GPA-001__R2-003__R1-001__0522.xml,PASS,INFO,R1.D01=SI;R1.D02=SI;R2.D01=SI;R2.D02=NO;R2.D04=SI;R2.D05=SI;R2.D06=SI,MUNICIPIO_SIN_CN_VIV,MUNICIPIO30613,No,Si,,30613,Regla 2 coherente para validaciones implementadas.
GPA-001__R2-003__R1-001__0523,GPA-001__R2-003__R1-001,02_inputs_xml_flat/GPA-001__R2-003__R1-001__0523.xml,PASS,INFO,R1.D01=SI;R1.D02=SI;R2.D01=SI;R2.D02=NO;R2.D04=SI;R2.D05=SI;R2.D06=SI,MUNICIPIO_SIN_CN_VIV,MUNICIPIO30611,No,Si,,30611,Regla 2 coherente para validaciones implementadas.
GPA-001__R2-003__R1-001__0524,GPA-001__R2-003__R1-001,02_inputs_xml_flat/GPA-001__R2-003__R1-001__0524.xml,PASS,INFO,R1.D01=SI;R1.D02=SI;R2.D01=SI;R2.D02=NO;R2.D04=SI;R2.D05=SI;R2.D06=SI,MUNICIPIO_SIN_CN_VIV,MUNICIPIO30612,No,Si,,30612,Regla 2 coherente para validaciones implementadas.
GPA-001__R2-003__R1-001__0525,GPA-001__R2-003__R1-001,02_inputs_xml_flat/GPA-001__R2-003__R1-001__0525.xml,PASS,INFO,R1.D01=SI;R1.D02=SI;R2.D01=SI;R2.D02=NO;R2.D04=SI;R2.D05=SI;R2.D06=SI,MUNICIPIO_SIN_CN_VIV,MUNICIPIO30613,No,Si,,30613,Regla 2 coherente para validaciones implementadas.
GPA-001__R2-003__R1-001__0526,GPA-001__R2-003__R1-001,02_inputs_xml_flat/GPA-001__R2-003__R1-001__0526.xml,PASS,INFO,R1.D01=SI;R1.D02=SI;R2.D01=SI;R2.D02=NO;R2.D04=SI;R2.D05=SI;R2.D06=SI,MUNICIPIO_SIN_CN_VIV,MUNICIPIO30611,No,Si,,30611,Regla 2 coherente para validaciones implementadas.
GPA-001__R2-003__R1-001__0527,GPA-001__R2-003__R1-001,02_inputs_xml_flat/GPA-001__R2-003__R1-001__0527.xml,PASS,INFO,R1.D01=SI;R1.D02=SI;R2.D01=SI;R2.D02=NO;R2.D04=SI;R2.D05=SI;R2.D06=SI,MUNICIPIO_SIN_CN_VIV,MUNICIPIO30612,No,Si,,30612,Regla 2 coherente para validaciones implementadas.
GPA-001__R2-003__R1-001__0528,GPA-001__R2-003__R1-001,02_inputs_xml_flat/GPA-001__R2-003__R1-001__0528.xml,PASS,INFO,R1.D01=SI;R1.D02=SI;R2.D01=SI;R2.D02=NO;R2.D04=SI;R2.D05=SI;R2.D06=SI,MUNICIPIO_SIN_CN_VIV,MUNICIPIO30613,No,Si,,30613,Regla 2 coherente para validaciones implementadas.
GPA-001__R2-003__R1-001__0529,GPA-001__R2-003__R1-001,02_inputs_xml_flat/GPA-001__R2-003__R1-001__0529.xml,PASS,INFO,R1.D01=SI;R1.D02=SI;R2.D01=SI;R2.D02=NO;R2.D04=SI;R2.D05=SI;R2.D06=SI,MUNICIPIO_SIN_CN_VIV,MUNICIPIO30611,No,Si,,30611,Regla 2 coherente para validaciones implementadas.
GPA-001__R2-003__R1-001__0530,GPA-001__R2-003__R1-001,02_inputs_xml_flat/GPA-001__R2-003__R1-001__0530.xml,PASS,INFO,R1.D01=SI;R1.D02=SI;R2.D01=SI;R2.D02=NO;R2.D04=SI;R2.D05=SI;R2.D06=SI,MUNICIPIO_SIN_CN_VIV,MUNICIPIO30612,No,Si,,30612,Regla 2 coherente para validaciones implementadas.
GPA-001__R2-003__R1-001__0531,GPA-001__R2-003__R1-001,02_inputs_xml_flat/GPA-001__R2-003__R1-001__0531.xml,PASS,INFO,R1.D01=SI;R1.D02=SI;R2.D01=SI;R2.D02=NO;R2.D04=SI;R2.D05=SI;R2.D06=SI,MUNICIPIO_SIN_CN_VIV,MUNICIPIO30613,No,Si,,30613,Regla 2 coherente para validaciones implementadas.
GPA-001__R2-003__R1-001__0532,GPA-001__R2-003__R1-001,02_inputs_xml_flat/GPA-001__R2-003__R1-001__0532.xml,PASS,INFO,R1.D01=SI;R1.D02=SI;R2.D01=SI;R2.D02=NO;R2.D04=SI;R2.D05=SI;R2.D06=SI,MUNICIPIO_SIN_CN_VIV,MUNICIPIO30611,No,Si,,30611,Regla 2 coherente para validaciones implementadas.
GPA-001__R2-003__R1-001__0533,GPA-001__R2-003__R1-001,02_inputs_xml_flat/GPA-001__R2-003__R1-001__0533.xml,PASS,INFO,R1.D01=SI;R1.D02=SI;R2.D01=SI;R2.D02=NO;R2.D04=SI;R2.D05=SI;R2.D06=SI,MUNICIPIO_SIN_CN_VIV,MUNICIPIO30612,No,Si,,30612,Regla 2 coherente para validaciones implementadas.
GPA-001__R2-003__R1-001__0534,GPA-001__R2-003__R1-001,02_inputs_xml_flat/GPA-001__R2-003__R1-001__0534.xml,PASS,INFO,R1.D01=SI;R1.D02=SI;R2.D01=SI;R2.D02=NO;R2.D04=SI;R2.D05=SI;R2.D06=SI,MUNICIPIO_SIN_CN_VIV,MUNICIPIO30613,No,Si,,30613,Regla 2 coherente para validaciones implementadas.
GPA-001__R2-003__R1-001__0535,GPA-001__R2-003__R1-001,02_inputs_xml_flat/GPA-001__R2-003__R1-001__0535.xml,PASS,INFO,R1.D01=SI;R1.D02=SI;R2.D01=SI;R2.D02=NO;R2.D04=SI;R2.D05=SI;R2.D06=SI,MUNICIPIO_SIN_CN_VIV,MUNICIPIO30611,No,Si,,30611,Regla 2 coherente para validaciones implementadas.
GPA-001__R2-003__R1-001__0536,GPA-001__R2-003__R1-001,02_inputs_xml_flat/GPA-001__R2-003__R1-001__0536.xml,PASS,INFO,R1.D01=SI;R1.D02=SI;R2.D01=SI;R2.D02=NO;R2.D04=SI;R2.D05=SI;R2.D06=SI,MUNICIPIO_SIN_CN_VIV,MUNICIPIO30612,No,Si,,30612,Regla 2 coherente para validaciones implementadas.
GPA-001__R2-003__R1-001__0537,GPA-001__R2-003__R1-001,02_inputs_xml_flat/GPA-001__R2-003__R1-001__0537.xml,PASS,INFO,R1.D01=SI;R1.D02=SI;R2.D01=SI;R2.D02=NO;R2.D04=SI;R2.D05=SI;R2.D06=SI,MUNICIPIO_SIN_CN_VIV,MUNICIPIO30613,No,Si,,30613,Regla 2 coherente para validaciones implementadas.
GPA-001__R2-003__R1-001__0538,GPA-001__R2-003__R1-001,02_inputs_xml_flat/GPA-001__R2-003__R1-001__0538.xml,PASS,INFO,R1.D01=SI;R1.D02=SI;R2.D01=SI;R2.D02=NO;R2.D04=SI;R2.D05=SI;R2.D06=SI,MUNICIPIO_SIN_CN_VIV,MUNICIPIO30611,No,Si,,30611,Regla 2 coherente para validaciones implementadas.
GPA-001__R2-003__R1-001__0539,GPA-001__R2-003__R1-001,02_inputs_xml_flat/GPA-001__R2-003__R1-001__0539.xml,PASS,INFO,R1.D01=SI;R1.D02=SI;R2.D01=SI;R2.D02=NO;R2.D04=SI;R2.D05=SI;R2.D06=SI,MUNICIPIO_SIN_CN_VIV,MUNICIPIO30612,No,Si,,30612,Regla 2 coherente para validaciones implementadas.
GPA-001__R2-003__R1-001__0540,GPA-001__R2-003__R1-001,02_inputs_xml_flat/GPA-001__R2-003__R1-001__0540.xml,PASS,INFO,R1.D01=SI;R1.D02=SI;R2.D01=SI;R2.D02=NO;R2.D04=SI;R2.D05=SI;R2.D06=SI,MUNICIPIO_SIN_CN_VIV,MUNICIPIO30613,No,Si,,30613,Regla 2 coherente para validaciones implementadas.
GPA-001__R2-003__R1-001__0541,GPA-001__R2-003__R1-001,02_inputs_xml_flat/GPA-001__R2-003__R1-001__0541.xml,PASS,INFO,R1.D01=SI;R1.D02=SI;R2.D01=SI;R2.D02=NO;R2.D04=SI;R2.D05=SI;R2.D06=SI,MUNICIPIO_SIN_CN_VIV,MUNICIPIO30611,No,Si,,30611,Regla 2 coherente para validaciones implementadas.
GPA-001__R2-003__R1-001__0542,GPA-001__R2-003__R1-001,02_inputs_xml_flat/GPA-001__R2-003__R1-001__0542.xml,PASS,INFO,R1.D01=SI;R1.D02=SI;R2.D01=SI;R2.D02=NO;R2.D04=SI;R2.D05=SI;R2.D06=SI,MUNICIPIO_SIN_CN_VIV,MUNICIPIO30612,No,Si,,30612,Regla 2 coherente para validaciones implementadas.
GPA-001__R2-003__R1-001__0543,GPA-001__R2-003__R1-001,02_inputs_xml_flat/GPA-001__R2-003__R1-001__0543.xml,PASS,INFO,R1.D01=SI;R1.D02=SI;R2.D01=SI;R2.D02=NO;R2.D04=SI;R2.D05=SI;R2.D06=SI,MUNICIPIO_SIN_CN_VIV,MUNICIPIO30613,No,Si,,30613,Regla 2 coherente para validaciones implementadas.
GPA-001__R2-003__R1-001__0544,GPA-001__R2-003__R1-001,02_inputs_xml_flat/GPA-001__R2-003__R1-001__0544.xml,PASS,INFO,R1.D01=SI;R1.D02=SI;R2.D01=SI;R2.D02=NO;R2.D04=SI;R2.D05=SI;R2.D06=SI,MUNICIPIO_SIN_CN_VIV,MUNICIPIO30611,No,Si,,30611,Regla 2 coherente para validaciones implementadas.
GPA-001__R2-003__R1-001__0545,GPA-001__R2-003__R1-001,02_inputs_xml_flat/GPA-001__R2-003__R1-001__0545.xml,PASS,INFO,R1.D01=SI;R1.D02=SI;R2.D01=SI;R2.D02=NO;R2.D04=SI;R2.D05=SI;R2.D06=SI,MUNICIPIO_SIN_CN_VIV,MUNICIPIO30612,No,Si,,30612,Regla 2 coherente para validaciones implementadas.
GPA-001__R2-003__R1-001__0546,GPA-001__R2-003__R1-001,02_inputs_xml_flat/GPA-001__R2-003__R1-001__0546.xml,PASS,INFO,R1.D01=SI;R1.D02=SI;R2.D01=SI;R2.D02=NO;R2.D04=SI;R2.D05=SI;R2.D06=SI,MUNICIPIO_SIN_CN_VIV,MUNICIPIO30613,No,Si,,30613,Regla 2 coherente para validaciones implementadas.
GPA-001__R2-003__R1-001__0547,GPA-001__R2-003__R1-001,02_inputs_xml_flat/GPA-001__R2-003__R1-001__0547.xml,PASS,INFO,R1.D01=SI;R1.D02=SI;R2.D01=SI;R2.D02=NO;R2.D04=SI;R2.D05=SI;R2.D06=SI,MUNICIPIO_SIN_CN_VIV,MUNICIPIO30611,No,Si,,30611,Regla 2 coherente para validaciones implementadas.
GPA-001__R2-003__R1-001__0548,GPA-001__R2-003__R1-001,02_inputs_xml_flat/GPA-001__R2-003__R1-001__0548.xml,PASS,INFO,R1.D01=SI;R1.D02=SI;R2.D01=SI;R2.D02=NO;R2.D04=SI;R2.D05=SI;R2.D06=SI,MUNICIPIO_SIN_CN_VIV,MUNICIPIO30612,No,Si,,30612,Regla 2 coherente para validaciones implementadas.
GPA-001__R2-003__R1-001__0549,GPA-001__R2-003__R1-001,02_inputs_xml_flat/GPA-001__R2-003__R1-001__0549.xml,PASS,INFO,R1.D01=SI;R1.D02=SI;R2.D01=SI;R2.D02=NO;R2.D04=SI;R2.D05=SI;R2.D06=SI,MUNICIPIO_SIN_CN_VIV,MUNICIPIO30613,No,Si,,30613,Regla 2 coherente para validaciones implementadas.
GPA-001__R2-003__R1-001__0550,GPA-001__R2-003__R1-001,02_inputs_xml_flat/GPA-001__R2-003__R1-001__0550.xml,PASS,INFO,R1.D01=SI;R1.D02=SI;R2.D01=SI;R2.D02=NO;R2.D04=SI;R2.D05=SI;R2.D06=SI,MUNICIPIO_SIN_CN_VIV,MUNICIPIO30611,No,Si,,30611,Regla 2 coherente para validaciones implementadas.
GPA-001__R2-003__R1-001__0551,GPA-001__R2-003__R1-001,02_inputs_xml_flat/GPA-001__R2-003__R1-001__0551.xml,PASS,INFO,R1.D01=SI;R1.D02=SI;R2.D01=SI;R2.D02=NO;R2.D04=SI;R2.D05=SI;R2.D06=SI,MUNICIPIO_SIN_CN_VIV,MUNICIPIO30612,No,Si,,30612,Regla 2 coherente para validaciones implementadas.
GPA-001__R2-003__R1-001__0552,GPA-001__R2-003__R1-001,02_inputs_xml_flat/GPA-001__R2-003__R1-001__0552.xml,PASS,INFO,R1.D01=SI;R1.D02=SI;R2.D01=SI;R2.D02=NO;R2.D04=SI;R2.D05=SI;R2.D06=SI,MUNICIPIO_SIN_CN_VIV,MUNICIPIO30613,No,Si,,30613,Regla 2 coherente para validaciones implementadas.
GPA-001__R2-003__R1-001__0553,GPA-001__R2-003__R1-001,02_inputs_xml_flat/GPA-001__R2-003__R1-001__0553.xml,PASS,INFO,R1.D01=SI;R1.D02=SI;R2.D01=SI;R2.D02=NO;R2.D04=SI;R2.D05=SI;R2.D06=SI,MUNICIPIO_SIN_CN_VIV,MUNICIPIO30611,No,Si,,30611,Regla 2 coherente para validaciones implementadas.
GPA-001__R2-003__R1-001__0554,GPA-001__R2-003__R1-001,02_inputs_xml_flat/GPA-001__R2-003__R1-001__0554.xml,PASS,INFO,R1.D01=SI;R1.D02=SI;R2.D01=SI;R2.D02=NO;R2.D04=SI;R2.D05=SI;R2.D06=SI,MUNICIPIO_SIN_CN_VIV,MUNICIPIO30612,No,Si,,30612,Regla 2 coherente para validaciones implementadas.
GPA-001__R2-003__R1-001__0555,GPA-001__R2-003__R1-001,02_inputs_xml_flat/GPA-001__R2-003__R1-001__0555.xml,PASS,INFO,R1.D01=SI;R1.D02=SI;R2.D01=SI;R2.D02=NO;R2.D04=SI;R2.D05=SI;R2.D06=SI,MUNICIPIO_SIN_CN_VIV,MUNICIPIO30613,No,Si,,30613,Regla 2 coherente para validaciones implementadas.
GPA-001__R2-003__R1-001__0556,GPA-001__R2-003__R1-001,02_inputs_xml_flat/GPA-001__R2-003__R1-001__0556.xml,PASS,INFO,R1.D01=SI;R1.D02=SI;R2.D01=SI;R2.D02=NO;R2.D04=SI;R2.D05=SI;R2.D06=SI,MUNICIPIO_SIN_CN_VIV,MUNICIPIO30611,No,Si,,30611,Regla 2 coherente para validaciones implementadas.
GPA-001__R2-003__R1-001__0557,GPA-001__R2-003__R1-001,02_inputs_xml_flat/GPA-001__R2-003__R1-001__0557.xml,PASS,INFO,R1.D01=SI;R1.D02=SI;R2.D01=SI;R2.D02=NO;R2.D04=SI;R2.D05=SI;R2.D06=SI,MUNICIPIO_SIN_CN_VIV,MUNICIPIO30612,No,Si,,30612,Regla 2 coherente para validaciones implementadas.
GPA-001__R2-003__R1-001__0558,GPA-001__R2-003__R1-001,02_inputs_xml_flat/GPA-001__R2-003__R1-001__0558.xml,PASS,INFO,R1.D01=SI;R1.D02=SI;R2.D01=SI;R2.D02=NO;R2.D04=SI;R2.D05=SI;R2.D06=SI,MUNICIPIO_SIN_CN_VIV,MUNICIPIO30613,No,Si,,30613,Regla 2 coherente para validaciones implementadas.
GPA-001__R2-003__R1-001__0559,GPA-001__R2-003__R1-001,02_inputs_xml_flat/GPA-001__R2-003__R1-001__0559.xml,PASS,INFO,R1.D01=SI;R1.D02=SI;R2.D01=SI;R2.D02=NO;R2.D04=SI;R2.D05=SI;R2.D06=SI,MUNICIPIO_SIN_CN_VIV,MUNICIPIO30611,No,Si,,30611,Regla 2 coherente para validaciones implementadas.
GPA-001__R2-003__R1-001__0560,GPA-001__R2-003__R1-001,02_inputs_xml_flat/GPA-001__R2-003__R1-001__0560.xml,PASS,INFO,R1.D01=SI;R1.D02=SI;R2.D01=SI;R2.D02=NO;R2.D04=SI;R2.D05=SI;R2.D06=SI,MUNICIPIO_SIN_CN_VIV,MUNICIPIO30612,No,Si,,30612,Regla 2 coherente para validaciones implementadas.
GPA-001__R2-003__R1-001__0561,GPA-001__R2-003__R1-001,02_inputs_xml_flat/GPA-001__R2-003__R1-001__0561.xml,PASS,INFO,R1.D01=SI;R1.D02=SI;R2.D01=SI;R2.D02=NO;R2.D04=SI;R2.D05=SI;R2.D06=SI,MUNICIPIO_SIN_CN_VIV,MUNICIPIO30613,No,Si,,30613,Regla 2 coherente para validaciones implementadas.
GPA-001__R2-003__R1-001__0562,GPA-001__R2-003__R1-001,02_inputs_xml_flat/GPA-001__R2-003__R1-001__0562.xml,PASS,INFO,R1.D01=SI;R1.D02=SI;R2.D01=SI;R2.D02=NO;R2.D04=SI;R2.D05=SI;R2.D06=SI,MUNICIPIO_SIN_CN_VIV,MUNICIPIO30611,No,Si,,30611,Regla 2 coherente para validaciones implementadas.
GPA-001__R2-003__R1-001__0563,GPA-001__R2-003__R1-001,02_inputs_xml_flat/GPA-001__R2-003__R1-001__0563.xml,PASS,INFO,R1.D01=SI;R1.D02=SI;R2.D01=SI;R2.D02=NO;R2.D04=SI;R2.D05=SI;R2.D06=SI,MUNICIPIO_SIN_CN_VIV,MUNICIPIO30612,No,Si,,30612,Regla 2 coherente para validaciones implementadas.
GPA-001__R2-003__R1-001__0564,GPA-001__R2-003__R1-001,02_inputs_xml_flat/GPA-001__R2-003__R1-001__0564.xml,PASS,INFO,R1.D01=SI;R1.D02=SI;R2.D01=SI;R2.D02=NO;R2.D04=SI;R2.D05=SI;R2.D06=SI,MUNICIPIO_SIN_CN_VIV,MUNICIPIO30613,No,Si,,30613,Regla 2 coherente para validaciones implementadas.
GPA-001__R2-003__R1-001__0565,GPA-001__R2-003__R1-001,02_inputs_xml_flat/GPA-001__R2-003__R1-001__0565.xml,PASS,INFO,R1.D01=SI;R1.D02=SI;R2.D01=SI;R2.D02=NO;R2.D04=SI;R2.D05=SI;R2.D06=SI,MUNICIPIO_SIN_CN_VIV,MUNICIPIO30611,No,Si,,30611,Regla 2 coherente para validaciones implementadas.
GPA-001__R2-003__R1-001__0566,GPA-001__R2-003__R1-001,02_inputs_xml_flat/GPA-001__R2-003__R1-001__0566.xml,PASS,INFO,R1.D01=SI;R1.D02=SI;R2.D01=SI;R2.D02=NO;R2.D04=SI;R2.D05=SI;R2.D06=SI,MUNICIPIO_SIN_CN_VIV,MUNICIPIO30612,No,Si,,30612,Regla 2 coherente para validaciones implementadas.
GPA-001__R2-003__R1-001__0567,GPA-001__R2-003__R1-001,02_inputs_xml_flat/GPA-001__R2-003__R1-001__0567.xml,PASS,INFO,R1.D01=SI;R1.D02=SI;R2.D01=SI;R2.D02=NO;R2.D04=SI;R2.D05=SI;R2.D06=SI,MUNICIPIO_SIN_CN_VIV,MUNICIPIO30613,No,Si,,30613,Regla 2 coherente para validaciones implementadas.
GPA-001__R2-003__R1-001__0568,GPA-001__R2-003__R1-001,02_inputs_xml_flat/GPA-001__R2-003__R1-001__0568.xml,PASS,INFO,R1.D01=SI;R1.D02=SI;R2.D01=SI;R2.D02=NO;R2.D04=SI;R2.D05=SI;R2.D06=SI,MUNICIPIO_SIN_CN_VIV,MUNICIPIO30611,No,Si,,30611,Regla 2 coherente para validaciones implementadas.
GPA-001__R2-003__R1-001__0569,GPA-001__R2-003__R1-001,02_inputs_xml_flat/GPA-001__R2-003__R1-001__0569.xml,PASS,INFO,R1.D01=SI;R1.D02=SI;R2.D01=SI;R2.D02=NO;R2.D04=SI;R2.D05=SI;R2.D06=SI,MUNICIPIO_SIN_CN_VIV,MUNICIPIO30612,No,Si,,30612,Regla 2 coherente para validaciones implementadas.
GPA-001__R2-003__R1-001__0570,GPA-001__R2-003__R1-001,02_inputs_xml_flat/GPA-001__R2-003__R1-001__0570.xml,PASS,INFO,R1.D01=SI;R1.D02=SI;R2.D01=SI;R2.D02=NO;R2.D04=SI;R2.D05=SI;R2.D06=SI,MUNICIPIO_SIN_CN_VIV,MUNICIPIO30613,No,Si,,30613,Regla 2 coherente para validaciones implementadas.
GPA-001__R2-003__R1-001__0571,GPA-001__R2-003__R1-001,02_inputs_xml_flat/GPA-001__R2-003__R1-001__0571.xml,PASS,INFO,R1.D01=SI;R1.D02=SI;R2.D01=SI;R2.D02=NO;R2.D04=SI;R2.D05=SI;R2.D06=SI,MUNICIPIO_SIN_CN_VIV,MUNICIPIO30611,No,Si,,30611,Regla 2 coherente para validaciones implementadas.
GPA-001__R2-003__R1-001__0572,GPA-001__R2-003__R1-001,02_inputs_xml_flat/GPA-001__R2-003__R1-001__0572.xml,PASS,INFO,R1.D01=SI;R1.D02=SI;R2.D01=SI;R2.D02=NO;R2.D04=SI;R2.D05=SI;R2.D06=SI,MUNICIPIO_SIN_CN_VIV,MUNICIPIO30612,No,Si,,30612,Regla 2 coherente para validaciones implementadas.
GPA-001__R2-003__R1-001__0573,GPA-001__R2-003__R1-001,02_inputs_xml_flat/GPA-001__R2-003__R1-001__0573.xml,PASS,INFO,R1.D01=SI;R1.D02=SI;R2.D01=SI;R2.D02=NO;R2.D04=SI;R2.D05=SI;R2.D06=SI,MUNICIPIO_SIN_CN_VIV,MUNICIPIO30613,No,Si,,30613,Regla 2 coherente para validaciones implementadas.
GPA-001__R2-003__R1-001__0574,GPA-001__R2-003__R1-001,02_inputs_xml_flat/GPA-001__R2-003__R1-001__0574.xml,PASS,INFO,R1.D01=SI;R1.D02=SI;R2.D01=SI;R2.D02=NO;R2.D04=SI;R2.D05=SI;R2.D06=SI,MUNICIPIO_SIN_CN_VIV,MUNICIPIO30611,No,Si,,30611,Regla 2 coherente para validaciones implementadas.
GPA-001__R2-003__R1-001__0575,GPA-001__R2-003__R1-001,02_inputs_xml_flat/GPA-001__R2-003__R1-001__0575.xml,PASS,INFO,R1.D01=SI;R1.D02=SI;R2.D01=SI;R2.D02=NO;R2.D04=SI;R2.D05=SI;R2.D06=SI,MUNICIPIO_SIN_CN_VIV,MUNICIPIO30612,No,Si,,30612,Regla 2 coherente para validaciones implementadas.
GPA-001__R2-003__R1-001__0576,GPA-001__R2-003__R1-001,02_inputs_xml_flat/GPA-001__R2-003__R1-001__0576.xml,PASS,INFO,R1.D01=SI;R1.D02=SI;R2.D01=SI;R2.D02=NO;R2.D04=SI;R2.D05=SI;R2.D06=SI,MUNICIPIO_SIN_CN_VIV,MUNICIPIO30613,No,Si,,30613,Regla 2 coherente para validaciones implementadas.
GPA-001__R2-003__R1-001__0577,GPA-001__R2-003__R1-001,02_inputs_xml_flat/GPA-001__R2-003__R1-001__0577.xml,PASS,INFO,R1.D01=SI;R1.D02=SI;R2.D01=SI;R2.D02=NO;R2.D04=SI;R2.D05=SI;R2.D06=SI,MUNICIPIO_SIN_CN_VIV,MUNICIPIO30611,No,Si,,30611,Regla 2 coherente para validaciones implementadas.
GPA-001__R2-003__R1-001__0578,GPA-001__R2-003__R1-001,02_inputs_xml_flat/GPA-001__R2-003__R1-001__0578.xml,PASS,INFO,R1.D01=SI;R1.D02=SI;R2.D01=SI;R2.D02=NO;R2.D04=SI;R2.D05=SI;R2.D06=SI,MUNICIPIO_SIN_CN_VIV,MUNICIPIO30612,No,Si,,30612,Regla 2 coherente para validaciones implementadas.
GPA-001__R2-003__R1-001__0579,GPA-001__R2-003__R1-001,02_inputs_xml_flat/GPA-001__R2-003__R1-001__0579.xml,PASS,INFO,R1.D01=SI;R1.D02=SI;R2.D01=SI;R2.D02=NO;R2.D04=SI;R2.D05=SI;R2.D06=SI,MUNICIPIO_SIN_CN_VIV,MUNICIPIO30613,No,Si,,30613,Regla 2 coherente para validaciones implementadas.
GPA-001__R2-003__R1-001__0580,GPA-001__R2-003__R1-001,02_inputs_xml_flat/GPA-001__R2-003__R1-001__0580.xml,PASS,INFO,R1.D01=SI;R1.D02=SI;R2.D01=SI;R2.D02=NO;R2.D04=SI;R2.D05=SI;R2.D06=SI,MUNICIPIO_SIN_CN_VIV,MUNICIPIO30611,No,Si,,30611,Regla 2 coherente para validaciones implementadas.
GPA-001__R2-003__R1-001__0581,GPA-001__R2-003__R1-001,02_inputs_xml_flat/GPA-001__R2-003__R1-001__0581.xml,PASS,INFO,R1.D01=SI;R1.D02=SI;R2.D01=SI;R2.D02=NO;R2.D04=SI;R2.D05=SI;R2.D06=SI,MUNICIPIO_SIN_CN_VIV,MUNICIPIO30612,No,Si,,30612,Regla 2 coherente para validaciones implementadas.
GPA-001__R2-003__R1-001__0582,GPA-001__R2-003__R1-001,02_inputs_xml_flat/GPA-001__R2-003__R1-001__0582.xml,PASS,INFO,R1.D01=SI;R1.D02=SI;R2.D01=SI;R2.D02=NO;R2.D04=SI;R2.D05=SI;R2.D06=SI,MUNICIPIO_SIN_CN_VIV,MUNICIPIO30613,No,Si,,30613,Regla 2 coherente para validaciones implementadas.
GPA-001__R2-003__R1-001__0583,GPA-001__R2-003__R1-001,02_inputs_xml_flat/GPA-001__R2-003__R1-001__0583.xml,PASS,INFO,R1.D01=SI;R1.D02=SI;R2.D01=SI;R2.D02=NO;R2.D04=SI;R2.D05=SI;R2.D06=SI,MUNICIPIO_SIN_CN_VIV,MUNICIPIO30611,No,Si,,30611,Regla 2 coherente para validaciones implementadas.
GPA-001__R2-003__R1-001__0584,GPA-001__R2-003__R1-001,02_inputs_xml_flat/GPA-001__R2-003__R1-001__0584.xml,PASS,INFO,R1.D01=SI;R1.D02=SI;R2.D01=SI;R2.D02=NO;R2.D04=SI;R2.D05=SI;R2.D06=SI,MUNICIPIO_SIN_CN_VIV,MUNICIPIO30612,No,Si,,30612,Regla 2 coherente para validaciones implementadas.
GPA-001__R2-003__R1-001__0585,GPA-001__R2-003__R1-001,02_inputs_xml_flat/GPA-001__R2-003__R1-001__0585.xml,PASS,INFO,R1.D01=SI;R1.D02=SI;R2.D01=SI;R2.D02=NO;R2.D04=SI;R2.D05=SI;R2.D06=SI,MUNICIPIO_SIN_CN_VIV,MUNICIPIO30613,No,Si,,30613,Regla 2 coherente para validaciones implementadas.
GPA-001__R2-003__R1-001__0586,GPA-001__R2-003__R1-001,02_inputs_xml_flat/GPA-001__R2-003__R1-001__0586.xml,PASS,INFO,R1.D01=SI;R1.D02=SI;R2.D01=SI;R2.D02=NO;R2.D04=SI;R2.D05=SI;R2.D06=SI,MUNICIPIO_SIN_CN_VIV,MUNICIPIO30611,No,Si,,30611,Regla 2 coherente para validaciones implementadas.
GPA-001__R2-003__R1-001__0587,GPA-001__R2-003__R1-001,02_inputs_xml_flat/GPA-001__R2-003__R1-001__0587.xml,PASS,INFO,R1.D01=SI;R1.D02=SI;R2.D01=SI;R2.D02=NO;R2.D04=SI;R2.D05=SI;R2.D06=SI,MUNICIPIO_SIN_CN_VIV,MUNICIPIO30612,No,Si,,30612,Regla 2 coherente para validaciones implementadas.
GPA-001__R2-003__R1-001__0588,GPA-001__R2-003__R1-001,02_inputs_xml_flat/GPA-001__R2-003__R1-001__0588.xml,PASS,INFO,R1.D01=SI;R1.D02=SI;R2.D01=SI;R2.D02=NO;R2.D04=SI;R2.D05=SI;R2.D06=SI,MUNICIPIO_SIN_CN_VIV,MUNICIPIO30613,No,Si,,30613,Regla 2 coherente para validaciones implementadas.
GPA-001__R2-003__R1-001__0589,GPA-001__R2-003__R1-001,02_inputs_xml_flat/GPA-001__R2-003__R1-001__0589.xml,PASS,INFO,R1.D01=SI;R1.D02=SI;R2.D01=SI;R2.D02=NO;R2.D04=SI;R2.D05=SI;R2.D06=SI,MUNICIPIO_SIN_CN_VIV,MUNICIPIO30611,No,Si,,30611,Regla 2 coherente para validaciones implementadas.
GPA-001__R2-003__R1-001__0590,GPA-001__R2-003__R1-001,02_inputs_xml_flat/GPA-001__R2-003__R1-001__0590.xml,PASS,INFO,R1.D01=SI;R1.D02=SI;R2.D01=SI;R2.D02=NO;R2.D04=SI;R2.D05=SI;R2.D06=SI,MUNICIPIO_SIN_CN_VIV,MUNICIPIO30612,No,Si,,30612,Regla 2 coherente para validaciones implementadas.
GPA-001__R2-003__R1-001__0591,GPA-001__R2-003__R1-001,02_inputs_xml_flat/GPA-001__R2-003__R1-001__0591.xml,PASS,INFO,R1.D01=SI;R1.D02=SI;R2.D01=SI;R2.D02=NO;R2.D04=SI;R2.D05=SI;R2.D06=SI,MUNICIPIO_SIN_CN_VIV,MUNICIPIO30613,No,Si,,30613,Regla 2 coherente para validaciones implementadas.
GPA-001__R2-003__R1-001__0592,GPA-001__R2-003__R1-001,02_inputs_xml_flat/GPA-001__R2-003__R1-001__0592.xml,PASS,INFO,R1.D01=SI;R1.D02=SI;R2.D01=SI;R2.D02=NO;R2.D04=SI;R2.D05=SI;R2.D06=SI,MUNICIPIO_SIN_CN_VIV,MUNICIPIO30611,No,Si,,30611,Regla 2 coherente para validaciones implementadas.
GPA-001__R2-003__R1-001__0593,GPA-001__R2-003__R1-001,02_inputs_xml_flat/GPA-001__R2-003__R1-001__0593.xml,PASS,INFO,R1.D01=SI;R1.D02=SI;R2.D01=SI;R2.D02=NO;R2.D04=SI;R2.D05=SI;R2.D06=SI,MUNICIPIO_SIN_CN_VIV,MUNICIPIO30612,No,Si,,30612,Regla 2 coherente para validaciones implementadas.
GPA-001__R2-003__R1-001__0594,GPA-001__R2-003__R1-001,02_inputs_xml_flat/GPA-001__R2-003__R1-001__0594.xml,PASS,INFO,R1.D01=SI;R1.D02=SI;R2.D01=SI;R2.D02=NO;R2.D04=SI;R2.D05=SI;R2.D06=SI,MUNICIPIO_SIN_CN_VIV,MUNICIPIO30613,No,Si,,30613,Regla 2 coherente para validaciones implementadas.
GPA-001__R2-003__R1-001__0595,GPA-001__R2-003__R1-001,02_inputs_xml_flat/GPA-001__R2-003__R1-001__0595.xml,PASS,INFO,R1.D01=SI;R1.D02=SI;R2.D01=SI;R2.D02=NO;R2.D04=SI;R2.D05=SI;R2.D06=SI,MUNICIPIO_SIN_CN_VIV,MUNICIPIO30611,No,Si,,30611,Regla 2 coherente para validaciones implementadas.
GPA-001__R2-003__R1-001__0596,GPA-001__R2-003__R1-001,02_inputs_xml_flat/GPA-001__R2-003__R1-001__0596.xml,PASS,INFO,R1.D01=SI;R1.D02=SI;R2.D01=SI;R2.D02=NO;R2.D04=SI;R2.D05=SI;R2.D06=SI,MUNICIPIO_SIN_CN_VIV,MUNICIPIO30612,No,Si,,30612,Regla 2 coherente para validaciones implementadas.
GPA-001__R2-003__R1-001__0597,GPA-001__R2-003__R1-001,02_inputs_xml_flat/GPA-001__R2-003__R1-001__0597.xml,PASS,INFO,R1.D01=SI;R1.D02=SI;R2.D01=SI;R2.D02=NO;R2.D04=SI;R2.D05=SI;R2.D06=SI,MUNICIPIO_SIN_CN_VIV,MUNICIPIO30613,No,Si,,30613,Regla 2 coherente para validaciones implementadas.
GPA-001__R2-003__R1-001__0598,GPA-001__R2-003__R1-001,02_inputs_xml_flat/GPA-001__R2-003__R1-001__0598.xml,PASS,INFO,R1.D01=SI;R1.D02=SI;R2.D01=SI;R2.D02=NO;R2.D04=SI;R2.D05=SI;R2.D06=SI,MUNICIPIO_SIN_CN_VIV,MUNICIPIO30611,No,Si,,30611,Regla 2 coherente para validaciones implementadas.
GPA-001__R2-003__R1-001__0599,GPA-001__R2-003__R1-001,02_inputs_xml_flat/GPA-001__R2-003__R1-001__0599.xml,PASS,INFO,R1.D01=SI;R1.D02=SI;R2.D01=SI;R2.D02=NO;R2.D04=SI;R2.D05=SI;R2.D06=SI,MUNICIPIO_SIN_CN_VIV,MUNICIPIO30612,No,Si,,30612,Regla 2 coherente para validaciones implementadas.
GPA-001__R2-003__R1-001__0600,GPA-001__R2-003__R1-001,02_inputs_xml_flat/GPA-001__R2-003__R1-001__0600.xml,PASS,INFO,R1.D01=SI;R1.D02=SI;R2.D01=SI;R2.D02=NO;R2.D04=SI;R2.D05=SI;R2.D06=SI,MUNICIPIO_SIN_CN_VIV,MUNICIPIO30613,No,Si,,30613,Regla 2 coherente para validaciones implementadas.
GPA-001__R2-003__R1-001__0601,GPA-001__R2-003__R1-001,02_inputs_xml_flat/GPA-001__R2-003__R1-001__0601.xml,PASS,INFO,R1.D01=SI;R1.D02=SI;R2.D01=SI;R2.D02=NO;R2.D04=SI;R2.D05=SI;R2.D06=SI,MUNICIPIO_SIN_CN_VIV,MUNICIPIO30611,No,Si,,30611,Regla 2 coherente para validaciones implementadas.
GPA-001__R2-003__R1-001__0602,GPA-001__R2-003__R1-001,02_inputs_xml_flat/GPA-001__R2-003__R1-001__0602.xml,PASS,INFO,R1.D01=SI;R1.D02=SI;R2.D01=SI;R2.D02=NO;R2.D04=SI;R2.D05=SI;R2.D06=SI,MUNICIPIO_SIN_CN_VIV,MUNICIPIO30612,No,Si,,30612,Regla 2 coherente para validaciones implementadas.
GPA-001__R2-003__R1-001__0603,GPA-001__R2-003__R1-001,02_inputs_xml_flat/GPA-001__R2-003__R1-001__0603.xml,PASS,INFO,R1.D01=SI;R1.D02=SI;R2.D01=SI;R2.D02=NO;R2.D04=SI;R2.D05=SI;R2.D06=SI,MUNICIPIO_SIN_CN_VIV,MUNICIPIO30613,No,Si,,30613,Regla 2 coherente para validaciones implementadas.
GPA-001__R2-003__R1-001__0604,GPA-001__R2-003__R1-001,02_inputs_xml_flat/GPA-001__R2-003__R1-001__0604.xml,PASS,INFO,R1.D01=SI;R1.D02=SI;R2.D01=SI;R2.D02=NO;R2.D04=SI;R2.D05=SI;R2.D06=SI,MUNICIPIO_SIN_CN_VIV,MUNICIPIO30611,No,Si,,30611,Regla 2 coherente para validaciones implementadas.
GPA-001__R2-003__R1-001__0605,GPA-001__R2-003__R1-001,02_inputs_xml_flat/GPA-001__R2-003__R1-001__0605.xml,PASS,INFO,R1.D01=SI;R1.D02=SI;R2.D01=SI;R2.D02=NO;R2.D04=SI;R2.D05=SI;R2.D06=SI,MUNICIPIO_SIN_CN_VIV,MUNICIPIO30612,No,Si,,30612,Regla 2 coherente para validaciones implementadas.
GPA-001__R2-003__R1-001__0606,GPA-001__R2-003__R1-001,02_inputs_xml_flat/GPA-001__R2-003__R1-001__0606.xml,PASS,INFO,R1.D01=SI;R1.D02=SI;R2.D01=SI;R2.D02=NO;R2.D04=SI;R2.D05=SI;R2.D06=SI,MUNICIPIO_SIN_CN_VIV,MUNICIPIO30613,No,Si,,30613,Regla 2 coherente para validaciones implementadas.
GPA-001__R2-003__R1-001__0607,GPA-001__R2-003__R1-001,02_inputs_xml_flat/GPA-001__R2-003__R1-001__0607.xml,PASS,INFO,R1.D01=SI;R1.D02=SI;R2.D01=SI;R2.D02=NO;R2.D04=SI;R2.D05=SI;R2.D06=SI,MUNICIPIO_SIN_CN_VIV,MUNICIPIO30611,No,Si,,30611,Regla 2 coherente para validaciones implementadas.
GPA-001__R2-003__R1-001__0608,GPA-001__R2-003__R1-001,02_inputs_xml_flat/GPA-001__R2-003__R1-001__0608.xml,PASS,INFO,R1.D01=SI;R1.D02=SI;R2.D01=SI;R2.D02=NO;R2.D04=SI;R2.D05=SI;R2.D06=SI,MUNICIPIO_SIN_CN_VIV,MUNICIPIO30612,No,Si,,30612,Regla 2 coherente para validaciones implementadas.
GPA-001__R2-003__R1-001__0609,GPA-001__R2-003__R1-001,02_inputs_xml_flat/GPA-001__R2-003__R1-001__0609.xml,PASS,INFO,R1.D01=SI;R1.D02=SI;R2.D01=SI;R2.D02=NO;R2.D04=SI;R2.D05=SI;R2.D06=SI,MUNICIPIO_SIN_CN_VIV,MUNICIPIO30613,No,Si,,30613,Regla 2 coherente para validaciones implementadas.
GPA-001__R2-003__R1-001__0610,GPA-001__R2-003__R1-001,02_inputs_xml_flat/GPA-001__R2-003__R1-001__0610.xml,PASS,INFO,R1.D01=SI;R1.D02=SI;R2.D01=SI;R2.D02=NO;R2.D04=SI;R2.D05=SI;R2.D06=SI,MUNICIPIO_SIN_CN_VIV,MUNICIPIO30611,No,Si,,30611,Regla 2 coherente para validaciones implementadas.
GPA-001__R2-003__R1-001__0611,GPA-001__R2-003__R1-001,02_inputs_xml_flat/GPA-001__R2-003__R1-001__0611.xml,PASS,INFO,R1.D01=SI;R1.D02=SI;R2.D01=SI;R2.D02=NO;R2.D04=SI;R2.D05=SI;R2.D06=SI,MUNICIPIO_SIN_CN_VIV,MUNICIPIO30612,No,Si,,30612,Regla 2 coherente para validaciones implementadas.
GPA-001__R2-003__R1-001__0612,GPA-001__R2-003__R1-001,02_inputs_xml_flat/GPA-001__R2-003__R1-001__0612.xml,PASS,INFO,R1.D01=SI;R1.D02=SI;R2.D01=SI;R2.D02=NO;R2.D04=SI;R2.D05=SI;R2.D06=SI,MUNICIPIO_SIN_CN_VIV,MUNICIPIO30613,No,Si,,30613,Regla 2 coherente para validaciones implementadas.
GPA-001__R2-003__R1-001__0613,GPA-001__R2-003__R1-001,02_inputs_xml_flat/GPA-001__R2-003__R1-001__0613.xml,PASS,INFO,R1.D01=SI;R1.D02=SI;R2.D01=SI;R2.D02=NO;R2.D04=SI;R2.D05=SI;R2.D06=SI,MUNICIPIO_SIN_CN_VIV,MUNICIPIO30611,No,Si,,30611,Regla 2 coherente para validaciones implementadas.
GPA-001__R2-003__R1-001__0614,GPA-001__R2-003__R1-001,02_inputs_xml_flat/GPA-001__R2-003__R1-001__0614.xml,PASS,INFO,R1.D01=SI;R1.D02=SI;R2.D01=SI;R2.D02=NO;R2.D04=SI;R2.D05=SI;R2.D06=SI,MUNICIPIO_SIN_CN_VIV,MUNICIPIO30612,No,Si,,30612,Regla 2 coherente para validaciones implementadas.
GPA-001__R2-003__R1-001__0615,GPA-001__R2-003__R1-001,02_inputs_xml_flat/GPA-001__R2-003__R1-001__0615.xml,PASS,INFO,R1.D01=SI;R1.D02=SI;R2.D01=SI;R2.D02=NO;R2.D04=SI;R2.D05=SI;R2.D06=SI,MUNICIPIO_SIN_CN_VIV,MUNICIPIO30613,No,Si,,30613,Regla 2 coherente para validaciones implementadas.
GPA-001__R2-003__R1-001__0616,GPA-001__R2-003__R1-001,02_inputs_xml_flat/GPA-001__R2-003__R1-001__0616.xml,PASS,INFO,R1.D01=SI;R1.D02=SI;R2.D01=SI;R2.D02=NO;R2.D04=SI;R2.D05=SI;R2.D06=SI,MUNICIPIO_SIN_CN_VIV,MUNICIPIO30611,No,Si,,30611,Regla 2 coherente para validaciones implementadas.
GPA-001__R2-003__R1-001__0617,GPA-001__R2-003__R1-001,02_inputs_xml_flat/GPA-001__R2-003__R1-001__0617.xml,PASS,INFO,R1.D01=SI;R1.D02=SI;R2.D01=SI;R2.D02=NO;R2.D04=SI;R2.D05=SI;R2.D06=SI,MUNICIPIO_SIN_CN_VIV,MUNICIPIO30612,No,Si,,30612,Regla 2 coherente para validaciones implementadas.
GPA-001__R2-003__R1-001__0618,GPA-001__R2-003__R1-001,02_inputs_xml_flat/GPA-001__R2-003__R1-001__0618.xml,PASS,INFO,R1.D01=SI;R1.D02=SI;R2.D01=SI;R2.D02=NO;R2.D04=SI;R2.D05=SI;R2.D06=SI,MUNICIPIO_SIN_CN_VIV,MUNICIPIO30613,No,Si,,30613,Regla 2 coherente para validaciones implementadas.
GPA-001__R2-003__R1-001__0619,GPA-001__R2-003__R1-001,02_inputs_xml_flat/GPA-001__R2-003__R1-001__0619.xml,PASS,INFO,R1.D01=SI;R1.D02=SI;R2.D01=SI;R2.D02=NO;R2.D04=SI;R2.D05=SI;R2.D06=SI,MUNICIPIO_SIN_CN_VIV,MUNICIPIO30611,No,Si,,30611,Regla 2 coherente para validaciones implementadas.
GPA-001__R2-003__R1-001__0620,GPA-001__R2-003__R1-001,02_inputs_xml_flat/GPA-001__R2-003__R1-001__0620.xml,PASS,INFO,R1.D01=SI;R1.D02=SI;R2.D01=SI;R2.D02=NO;R2.D04=SI;R2.D05=SI;R2.D06=SI,MUNICIPIO_SIN_CN_VIV,MUNICIPIO30612,No,Si,,30612,Regla 2 coherente para validaciones implementadas.
GPA-001__R2-003__R1-001__0621,GPA-001__R2-003__R1-001,02_inputs_xml_flat/GPA-001__R2-003__R1-001__0621.xml,PASS,INFO,R1.D01=SI;R1.D02=SI;R2.D01=SI;R2.D02=NO;R2.D04=SI;R2.D05=SI;R2.D06=SI,MUNICIPIO_SIN_CN_VIV,MUNICIPIO30613,No,Si,,30613,Regla 2 coherente para validaciones implementadas.
GPA-001__R2-003__R1-001__0622,GPA-001__R2-003__R1-001,02_inputs_xml_flat/GPA-001__R2-003__R1-001__0622.xml,PASS,INFO,R1.D01=SI;R1.D02=SI;R2.D01=SI;R2.D02=NO;R2.D04=SI;R2.D05=SI;R2.D06=SI,MUNICIPIO_SIN_CN_VIV,MUNICIPIO30611,No,Si,,30611,Regla 2 coherente para validaciones implementadas.
GPA-001__R2-003__R1-001__0623,GPA-001__R2-003__R1-001,02_inputs_xml_flat/GPA-001__R2-003__R1-001__0623.xml,PASS,INFO,R1.D01=SI;R1.D02=SI;R2.D01=SI;R2.D02=NO;R2.D04=SI;R2.D05=SI;R2.D06=SI,MUNICIPIO_SIN_CN_VIV,MUNICIPIO30612,No,Si,,30612,Regla 2 coherente para validaciones implementadas.
GPA-001__R2-003__R1-001__0624,GPA-001__R2-003__R1-001,02_inputs_xml_flat/GPA-001__R2-003__R1-001__0624.xml,PASS,INFO,R1.D01=SI;R1.D02=SI;R2.D01=SI;R2.D02=NO;R2.D04=SI;R2.D05=SI;R2.D06=SI,MUNICIPIO_SIN_CN_VIV,MUNICIPIO30613,No,Si,,30613,Regla 2 coherente para validaciones implementadas.
GPA-001__R2-003__R1-001__0625,GPA-001__R2-003__R1-001,02_inputs_xml_flat/GPA-001__R2-003__R1-001__0625.xml,PASS,INFO,R1.D01=SI;R1.D02=SI;R2.D01=SI;R2.D02=NO;R2.D04=SI;R2.D05=SI;R2.D06=SI,MUNICIPIO_SIN_CN_VIV,MUNICIPIO30611,No,Si,,30611,Regla 2 coherente para validaciones implementadas.
GPA-001__R2-003__R1-001__0626,GPA-001__R2-003__R1-001,02_inputs_xml_flat/GPA-001__R2-003__R1-001__0626.xml,PASS,INFO,R1.D01=SI;R1.D02=SI;R2.D01=SI;R2.D02=NO;R2.D04=SI;R2.D05=SI;R2.D06=SI,MUNICIPIO_SIN_CN_VIV,MUNICIPIO30612,No,Si,,30612,Regla 2 coherente para validaciones implementadas.
GPA-001__R2-003__R1-001__0627,GPA-001__R2-003__R1-001,02_inputs_xml_flat/GPA-001__R2-003__R1-001__0627.xml,PASS,INFO,R1.D01=SI;R1.D02=SI;R2.D01=SI;R2.D02=NO;R2.D04=SI;R2.D05=SI;R2.D06=SI,MUNICIPIO_SIN_CN_VIV,MUNICIPIO30613,No,Si,,30613,Regla 2 coherente para validaciones implementadas.
GPA-001__R2-003__R1-001__0628,GPA-001__R2-003__R1-001,02_inputs_xml_flat/GPA-001__R2-003__R1-001__0628.xml,PASS,INFO,R1.D01=SI;R1.D02=SI;R2.D01=SI;R2.D02=NO;R2.D04=SI;R2.D05=SI;R2.D06=SI,MUNICIPIO_SIN_CN_VIV,MUNICIPIO30611,No,Si,,30611,Regla 2 coherente para validaciones implementadas.
GPA-001__R2-003__R1-001__0629,GPA-001__R2-003__R1-001,02_inputs_xml_flat/GPA-001__R2-003__R1-001__0629.xml,PASS,INFO,R1.D01=SI;R1.D02=SI;R2.D01=SI;R2.D02=NO;R2.D04=SI;R2.D05=SI;R2.D06=SI,MUNICIPIO_SIN_CN_VIV,MUNICIPIO30612,No,Si,,30612,Regla 2 coherente para validaciones implementadas.
GPA-001__R2-003__R1-001__0630,GPA-001__R2-003__R1-001,02_inputs_xml_flat/GPA-001__R2-003__R1-001__0630.xml,PASS,INFO,R1.D01=SI;R1.D02=SI;R2.D01=SI;R2.D02=NO;R2.D04=SI;R2.D05=SI;R2.D06=SI,MUNICIPIO_SIN_CN_VIV,MUNICIPIO30613,No,Si,,30613,Regla 2 coherente para validaciones implementadas.
GPA-001__R2-003__R1-001__0631,GPA-001__R2-003__R1-001,02_inputs_xml_flat/GPA-001__R2-003__R1-001__0631.xml,PASS,INFO,R1.D01=SI;R1.D02=SI;R2.D01=SI;R2.D02=NO;R2.D04=SI;R2.D05=SI;R2.D06=SI,MUNICIPIO_SIN_CN_VIV,MUNICIPIO30611,No,Si,,30611,Regla 2 coherente para validaciones implementadas.
GPA-001__R2-003__R1-001__0632,GPA-001__R2-003__R1-001,02_inputs_xml_flat/GPA-001__R2-003__R1-001__0632.xml,PASS,INFO,R1.D01=SI;R1.D02=SI;R2.D01=SI;R2.D02=NO;R2.D04=SI;R2.D05=SI;R2.D06=SI,MUNICIPIO_SIN_CN_VIV,MUNICIPIO30612,No,Si,,30612,Regla 2 coherente para validaciones implementadas.
GPA-001__R2-003__R1-001__0633,GPA-001__R2-003__R1-001,02_inputs_xml_flat/GPA-001__R2-003__R1-001__0633.xml,PASS,INFO,R1.D01=SI;R1.D02=SI;R2.D01=SI;R2.D02=NO;R2.D04=SI;R2.D05=SI;R2.D06=SI,MUNICIPIO_SIN_CN_VIV,MUNICIPIO30613,No,Si,,30613,Regla 2 coherente para validaciones implementadas.
GPA-001__R2-003__R1-001__0634,GPA-001__R2-003__R1-001,02_inputs_xml_flat/GPA-001__R2-003__R1-001__0634.xml,PASS,INFO,R1.D01=SI;R1.D02=SI;R2.D01=SI;R2.D02=NO;R2.D04=SI;R2.D05=SI;R2.D06=SI,MUNICIPIO_SIN_CN_VIV,MUNICIPIO30611,No,Si,,30611,Regla 2 coherente para validaciones implementadas.
GPA-001__R2-003__R1-001__0635,GPA-001__R2-003__R1-001,02_inputs_xml_flat/GPA-001__R2-003__R1-001__0635.xml,PASS,INFO,R1.D01=SI;R1.D02=SI;R2.D01=SI;R2.D02=NO;R2.D04=SI;R2.D05=SI;R2.D06=SI,MUNICIPIO_SIN_CN_VIV,MUNICIPIO30612,No,Si,,30612,Regla 2 coherente para validaciones implementadas.
GPA-001__R2-003__R1-001__0636,GPA-001__R2-003__R1-001,02_inputs_xml_flat/GPA-001__R2-003__R1-001__0636.xml,PASS,INFO,R1.D01=SI;R1.D02=SI;R2.D01=SI;R2.D02=NO;R2.D04=SI;R2.D05=SI;R2.D06=SI,MUNICIPIO_SIN_CN_VIV,MUNICIPIO30613,No,Si,,30613,Regla 2 coherente para validaciones implementadas.
GPA-001__R2-003__R1-001__0637,GPA-001__R2-003__R1-001,02_inputs_xml_flat/GPA-001__R2-003__R1-001__0637.xml,PASS,INFO,R1.D01=SI;R1.D02=SI;R2.D01=SI;R2.D02=NO;R2.D04=SI;R2.D05=SI;R2.D06=SI,MUNICIPIO_SIN_CN_VIV,MUNICIPIO30611,No,Si,,30611,Regla 2 coherente para validaciones implementadas.
GPA-001__R2-003__R1-001__0638,GPA-001__R2-003__R1-001,02_inputs_xml_flat/GPA-001__R2-003__R1-001__0638.xml,PASS,INFO,R1.D01=SI;R1.D02=SI;R2.D01=SI;R2.D02=NO;R2.D04=SI;R2.D05=SI;R2.D06=SI,MUNICIPIO_SIN_CN_VIV,MUNICIPIO30612,No,Si,,30612,Regla 2 coherente para validaciones implementadas.
GPA-001__R2-003__R1-001__0639,GPA-001__R2-003__R1-001,02_inputs_xml_flat/GPA-001__R2-003__R1-001__0639.xml,PASS,INFO,R1.D01=SI;R1.D02=SI;R2.D01=SI;R2.D02=NO;R2.D04=SI;R2.D05=SI;R2.D06=SI,MUNICIPIO_SIN_CN_VIV,MUNICIPIO30613,No,Si,,30613,Regla 2 coherente para validaciones implementadas.
GPA-001__R2-003__R1-001__0640,GPA-001__R2-003__R1-001,02_inputs_xml_flat/GPA-001__R2-003__R1-001__0640.xml,PASS,INFO,R1.D01=SI;R1.D02=SI;R2.D01=SI;R2.D02=NO;R2.D04=SI;R2.D05=SI;R2.D06=SI,MUNICIPIO_SIN_CN_VIV,MUNICIPIO30611,No,Si,,30611,Regla 2 coherente para validaciones implementadas.
GPA-001__R2-003__R1-001__0641,GPA-001__R2-003__R1-001,02_inputs_xml_flat/GPA-001__R2-003__R1-001__0641.xml,PASS,INFO,R1.D01=SI;R1.D02=SI;R2.D01=SI;R2.D02=NO;R2.D04=SI;R2.D05=SI;R2.D06=SI,MUNICIPIO_SIN_CN_VIV,MUNICIPIO30612,No,Si,,30612,Regla 2 coherente para validaciones implementadas.
GPA-001__R2-003__R1-001__0642,GPA-001__R2-003__R1-001,02_inputs_xml_flat/GPA-001__R2-003__R1-001__0642.xml,PASS,INFO,R1.D01=SI;R1.D02=SI;R2.D01=SI;R2.D02=NO;R2.D04=SI;R2.D05=SI;R2.D06=SI,MUNICIPIO_SIN_CN_VIV,MUNICIPIO30613,No,Si,,30613,Regla 2 coherente para validaciones implementadas.
GPA-001__R2-003__R1-001__0643,GPA-001__R2-003__R1-001,02_inputs_xml_flat/GPA-001__R2-003__R1-001__0643.xml,PASS,INFO,R1.D01=SI;R1.D02=SI;R2.D01=SI;R2.D02=NO;R2.D04=SI;R2.D05=SI;R2.D06=SI,MUNICIPIO_SIN_CN_VIV,MUNICIPIO30611,No,Si,,30611,Regla 2 coherente para validaciones implementadas.
GPA-001__R2-003__R1-001__0644,GPA-001__R2-003__R1-001,02_inputs_xml_flat/GPA-001__R2-003__R1-001__0644.xml,PASS,INFO,R1.D01=SI;R1.D02=SI;R2.D01=SI;R2.D02=NO;R2.D04=SI;R2.D05=SI;R2.D06=SI,MUNICIPIO_SIN_CN_VIV,MUNICIPIO30612,No,Si,,30612,Regla 2 coherente para validaciones implementadas.
GPA-001__R2-003__R1-001__0645,GPA-001__R2-003__R1-001,02_inputs_xml_flat/GPA-001__R2-003__R1-001__0645.xml,PASS,INFO,R1.D01=SI;R1.D02=SI;R2.D01=SI;R2.D02=NO;R2.D04=SI;R2.D05=SI;R2.D06=SI,MUNICIPIO_SIN_CN_VIV,MUNICIPIO30613,No,Si,,30613,Regla 2 coherente para validaciones implementadas.
GPA-001__R2-003__R1-001__0646,GPA-001__R2-003__R1-001,02_inputs_xml_flat/GPA-001__R2-003__R1-001__0646.xml,PASS,INFO,R1.D01=SI;R1.D02=SI;R2.D01=SI;R2.D02=NO;R2.D04=SI;R2.D05=SI;R2.D06=SI,MUNICIPIO_SIN_CN_VIV,MUNICIPIO30611,No,Si,,30611,Regla 2 coherente para validaciones implementadas.
GPA-001__R2-003__R1-001__0647,GPA-001__R2-003__R1-001,02_inputs_xml_flat/GPA-001__R2-003__R1-001__0647.xml,PASS,INFO,R1.D01=SI;R1.D02=SI;R2.D01=SI;R2.D02=NO;R2.D04=SI;R2.D05=SI;R2.D06=SI,MUNICIPIO_SIN_CN_VIV,MUNICIPIO30612,No,Si,,30612,Regla 2 coherente para validaciones implementadas.
GPA-001__R2-003__R1-001__0648,GPA-001__R2-003__R1-001,02_inputs_xml_flat/GPA-001__R2-003__R1-001__0648.xml,PASS,INFO,R1.D01=SI;R1.D02=SI;R2.D01=SI;R2.D02=NO;R2.D04=SI;R2.D05=SI;R2.D06=SI,MUNICIPIO_SIN_CN_VIV,MUNICIPIO30613,No,Si,,30613,Regla 2 coherente para validaciones implementadas.
GPA-001__R2-003__R1-001__0649,GPA-001__R2-003__R1-001,02_inputs_xml_flat/GPA-001__R2-003__R1-001__0649.xml,PASS,INFO,R1.D01=SI;R1.D02=SI;R2.D01=SI;R2.D02=NO;R2.D04=SI;R2.D05=SI;R2.D06=SI,MUNICIPIO_SIN_CN_VIV,MUNICIPIO30611,No,Si,,30611,Regla 2 coherente para validaciones implementadas.
GPA-001__R2-003__R1-001__0650,GPA-001__R2-003__R1-001,02_inputs_xml_flat/GPA-001__R2-003__R1-001__0650.xml,PASS,INFO,R1.D01=SI;R1.D02=SI;R2.D01=SI;R2.D02=NO;R2.D04=SI;R2.D05=SI;R2.D06=SI,MUNICIPIO_SIN_CN_VIV,MUNICIPIO30612,No,Si,,30612,Regla 2 coherente para validaciones implementadas.
GPA-001__R2-003__R1-001__0651,GPA-001__R2-003__R1-001,02_inputs_xml_flat/GPA-001__R2-003__R1-001__0651.xml,PASS,INFO,R1.D01=SI;R1.D02=SI;R2.D01=SI;R2.D02=NO;R2.D04=SI;R2.D05=SI;R2.D06=SI,MUNICIPIO_SIN_CN_VIV,MUNICIPIO30613,No,Si,,30613,Regla 2 coherente para validaciones implementadas.
GPA-001__R2-003__R1-001__0652,GPA-001__R2-003__R1-001,02_inputs_xml_flat/GPA-001__R2-003__R1-001__0652.xml,PASS,INFO,R1.D01=SI;R1.D02=SI;R2.D01=SI;R2.D02=NO;R2.D04=SI;R2.D05=SI;R2.D06=SI,MUNICIPIO_SIN_CN_VIV,MUNICIPIO30611,No,Si,,30611,Regla 2 coherente para validaciones implementadas.
GPA-001__R2-003__R1-001__0653,GPA-001__R2-003__R1-001,02_inputs_xml_flat/GPA-001__R2-003__R1-001__0653.xml,PASS,INFO,R1.D01=SI;R1.D02=SI;R2.D01=SI;R2.D02=NO;R2.D04=SI;R2.D05=SI;R2.D06=SI,MUNICIPIO_SIN_CN_VIV,MUNICIPIO30612,No,Si,,30612,Regla 2 coherente para validaciones implementadas.
GPA-001__R2-003__R1-001__0654,GPA-001__R2-003__R1-001,02_inputs_xml_flat/GPA-001__R2-003__R1-001__0654.xml,PASS,INFO,R1.D01=SI;R1.D02=SI;R2.D01=SI;R2.D02=NO;R2.D04=SI;R2.D05=SI;R2.D06=SI,MUNICIPIO_SIN_CN_VIV,MUNICIPIO30613,No,Si,,30613,Regla 2 coherente para validaciones implementadas.
GPA-001__R2-003__R1-001__0655,GPA-001__R2-003__R1-001,02_inputs_xml_flat/GPA-001__R2-003__R1-001__0655.xml,PASS,INFO,R1.D01=SI;R1.D02=SI;R2.D01=SI;R2.D02=NO;R2.D04=SI;R2.D05=SI;R2.D06=SI,MUNICIPIO_SIN_CN_VIV,MUNICIPIO30611,No,Si,,30611,Regla 2 coherente para validaciones implementadas.
GPA-001__R2-003__R1-001__0656,GPA-001__R2-003__R1-001,02_inputs_xml_flat/GPA-001__R2-003__R1-001__0656.xml,PASS,INFO,R1.D01=SI;R1.D02=SI;R2.D01=SI;R2.D02=NO;R2.D04=SI;R2.D05=SI;R2.D06=SI,MUNICIPIO_SIN_CN_VIV,MUNICIPIO30612,No,Si,,30612,Regla 2 coherente para validaciones implementadas.
GPA-001__R2-003__R1-001__0657,GPA-001__R2-003__R1-001,02_inputs_xml_flat/GPA-001__R2-003__R1-001__0657.xml,PASS,INFO,R1.D01=SI;R1.D02=SI;R2.D01=SI;R2.D02=NO;R2.D04=SI;R2.D05=SI;R2.D06=SI,MUNICIPIO_SIN_CN_VIV,MUNICIPIO30613,No,Si,,30613,Regla 2 coherente para validaciones implementadas.
GPA-001__R2-003__R1-001__0658,GPA-001__R2-003__R1-001,02_inputs_xml_flat/GPA-001__R2-003__R1-001__0658.xml,PASS,INFO,R1.D01=SI;R1.D02=SI;R2.D01=SI;R2.D02=NO;R2.D04=SI;R2.D05=SI;R2.D06=SI,MUNICIPIO_SIN_CN_VIV,MUNICIPIO30611,No,Si,,30611,Regla 2 coherente para validaciones implementadas.
GPA-001__R2-003__R1-001__0659,GPA-001__R2-003__R1-001,02_inputs_xml_flat/GPA-001__R2-003__R1-001__0659.xml,PASS,INFO,R1.D01=SI;R1.D02=SI;R2.D01=SI;R2.D02=NO;R2.D04=SI;R2.D05=SI;R2.D06=SI,MUNICIPIO_SIN_CN_VIV,MUNICIPIO30612,No,Si,,30612,Regla 2 coherente para validaciones implementadas.
GPA-001__R2-003__R1-001__0660,GPA-001__R2-003__R1-001,02_inputs_xml_flat/GPA-001__R2-003__R1-001__0660.xml,PASS,INFO,R1.D01=SI;R1.D02=SI;R2.D01=SI;R2.D02=NO;R2.D04=SI;R2.D05=SI;R2.D06=SI,MUNICIPIO_SIN_CN_VIV,MUNICIPIO30613,No,Si,,30613,Regla 2 coherente para validaciones implementadas.
GPA-001__R2-003__R1-001__0661,GPA-001__R2-003__R1-001,02_inputs_xml_flat/GPA-001__R2-003__R1-001__0661.xml,PASS,INFO,R1.D01=SI;R1.D02=SI;R2.D01=SI;R2.D02=NO;R2.D04=SI;R2.D05=SI;R2.D06=SI,MUNICIPIO_SIN_CN_VIV,MUNICIPIO30611,No,Si,,30611,Regla 2 coherente para validaciones implementadas.
GPA-001__R2-003__R1-001__0662,GPA-001__R2-003__R1-001,02_inputs_xml_flat/GPA-001__R2-003__R1-001__0662.xml,PASS,INFO,R1.D01=SI;R1.D02=SI;R2.D01=SI;R2.D02=NO;R2.D04=SI;R2.D05=SI;R2.D06=SI,MUNICIPIO_SIN_CN_VIV,MUNICIPIO30612,No,Si,,30612,Regla 2 coherente para validaciones implementadas.
GPA-001__R2-003__R1-001__0663,GPA-001__R2-003__R1-001,02_inputs_xml_flat/GPA-001__R2-003__R1-001__0663.xml,PASS,INFO,R1.D01=SI;R1.D02=SI;R2.D01=SI;R2.D02=NO;R2.D04=SI;R2.D05=SI;R2.D06=SI,MUNICIPIO_SIN_CN_VIV,MUNICIPIO30613,No,Si,,30613,Regla 2 coherente para validaciones implementadas.
GPA-001__R2-003__R1-001__0664,GPA-001__R2-003__R1-001,02_inputs_xml_flat/GPA-001__R2-003__R1-001__0664.xml,PASS,INFO,R1.D01=SI;R1.D02=SI;R2.D01=SI;R2.D02=NO;R2.D04=SI;R2.D05=SI;R2.D06=SI,MUNICIPIO_SIN_CN_VIV,MUNICIPIO30611,No,Si,,30611,Regla 2 coherente para validaciones implementadas.
GPA-001__R2-003__R1-001__0665,GPA-001__R2-003__R1-001,02_inputs_xml_flat/GPA-001__R2-003__R1-001__0665.xml,PASS,INFO,R1.D01=SI;R1.D02=SI;R2.D01=SI;R2.D02=NO;R2.D04=SI;R2.D05=SI;R2.D06=SI,MUNICIPIO_SIN_CN_VIV,MUNICIPIO30612,No,Si,,30612,Regla 2 coherente para validaciones implementadas.
GPA-001__R2-003__R1-001__0666,GPA-001__R2-003__R1-001,02_inputs_xml_flat/GPA-001__R2-003__R1-001__0666.xml,PASS,INFO,R1.D01=SI;R1.D02=SI;R2.D01=SI;R2.D02=NO;R2.D04=SI;R2.D05=SI;R2.D06=SI,MUNICIPIO_SIN_CN_VIV,MUNICIPIO30613,No,Si,,30613,Regla 2 coherente para validaciones implementadas.
GPA-001__R2-003__R1-001__0667,GPA-001__R2-003__R1-001,02_inputs_xml_flat/GPA-001__R2-003__R1-001__0667.xml,PASS,INFO,R1.D01=SI;R1.D02=SI;R2.D01=SI;R2.D02=NO;R2.D04=SI;R2.D05=SI;R2.D06=SI,MUNICIPIO_SIN_CN_VIV,MUNICIPIO30611,No,Si,,30611,Regla 2 coherente para validaciones implementadas.
GPA-001__R2-003__R1-001__0668,GPA-001__R2-003__R1-001,02_inputs_xml_flat/GPA-001__R2-003__R1-001__0668.xml,PASS,INFO,R1.D01=SI;R1.D02=SI;R2.D01=SI;R2.D02=NO;R2.D04=SI;R2.D05=SI;R2.D06=SI,MUNICIPIO_SIN_CN_VIV,MUNICIPIO30612,No,Si,,30612,Regla 2 coherente para validaciones implementadas.
GPA-001__R2-003__R1-001__0669,GPA-001__R2-003__R1-001,02_inputs_xml_flat/GPA-001__R2-003__R1-001__0669.xml,PASS,INFO,R1.D01=SI;R1.D02=SI;R2.D01=SI;R2.D02=NO;R2.D04=SI;R2.D05=SI;R2.D06=SI,MUNICIPIO_SIN_CN_VIV,MUNICIPIO30613,No,Si,,30613,Regla 2 coherente para validaciones implementadas.
GPA-001__R2-003__R1-001__0670,GPA-001__R2-003__R1-001,02_inputs_xml_flat/GPA-001__R2-003__R1-001__0670.xml,PASS,INFO,R1.D01=SI;R1.D02=SI;R2.D01=SI;R2.D02=NO;R2.D04=SI;R2.D05=SI;R2.D06=SI,MUNICIPIO_SIN_CN_VIV,MUNICIPIO30611,No,Si,,30611,Regla 2 coherente para validaciones implementadas.
GPA-001__R2-003__R1-001__0671,GPA-001__R2-003__R1-001,02_inputs_xml_flat/GPA-001__R2-003__R1-001__0671.xml,PASS,INFO,R1.D01=SI;R1.D02=SI;R2.D01=SI;R2.D02=NO;R2.D04=SI;R2.D05=SI;R2.D06=SI,MUNICIPIO_SIN_CN_VIV,MUNICIPIO30612,No,Si,,30612,Regla 2 coherente para validaciones implementadas.
GPA-001__R2-003__R1-001__0672,GPA-001__R2-003__R1-001,02_inputs_xml_flat/GPA-001__R2-003__R1-001__0672.xml,PASS,INFO,R1.D01=SI;R1.D02=SI;R2.D01=SI;R2.D02=NO;R2.D04=SI;R2.D05=SI;R2.D06=SI,MUNICIPIO_SIN_CN_VIV,MUNICIPIO30613,No,Si,,30613,Regla 2 coherente para validaciones implementadas.
GPA-001__R2-003__R1-001__0673,GPA-001__R2-003__R1-001,02_inputs_xml_flat/GPA-001__R2-003__R1-001__0673.xml,PASS,INFO,R1.D01=SI;R1.D02=SI;R2.D01=SI;R2.D02=NO;R2.D04=SI;R2.D05=SI;R2.D06=SI,MUNICIPIO_SIN_CN_VIV,MUNICIPIO30611,No,Si,,30611,Regla 2 coherente para validaciones implementadas.
GPA-001__R2-003__R1-001__0674,GPA-001__R2-003__R1-001,02_inputs_xml_flat/GPA-001__R2-003__R1-001__0674.xml,PASS,INFO,R1.D01=SI;R1.D02=SI;R2.D01=SI;R2.D02=NO;R2.D04=SI;R2.D05=SI;R2.D06=SI,MUNICIPIO_SIN_CN_VIV,MUNICIPIO30612,No,Si,,30612,Regla 2 coherente para validaciones implementadas.
GPA-001__R2-003__R1-001__0675,GPA-001__R2-003__R1-001,02_inputs_xml_flat/GPA-001__R2-003__R1-001__0675.xml,PASS,INFO,R1.D01=SI;R1.D02=SI;R2.D01=SI;R2.D02=NO;R2.D04=SI;R2.D05=SI;R2.D06=SI,MUNICIPIO_SIN_CN_VIV,MUNICIPIO30613,No,Si,,30613,Regla 2 coherente para validaciones implementadas.
GPA-001__R2-003__R1-001__0676,GPA-001__R2-003__R1-001,02_inputs_xml_flat/GPA-001__R2-003__R1-001__0676.xml,PASS,INFO,R1.D01=SI;R1.D02=SI;R2.D01=SI;R2.D02=NO;R2.D04=SI;R2.D05=SI;R2.D06=SI,MUNICIPIO_SIN_CN_VIV,MUNICIPIO30611,No,Si,,30611,Regla 2 coherente para validaciones implementadas.
GPA-001__R2-003__R1-001__0677,GPA-001__R2-003__R1-001,02_inputs_xml_flat/GPA-001__R2-003__R1-001__0677.xml,PASS,INFO,R1.D01=SI;R1.D02=SI;R2.D01=SI;R2.D02=NO;R2.D04=SI;R2.D05=SI;R2.D06=SI,MUNICIPIO_SIN_CN_VIV,MUNICIPIO30612,No,Si,,30612,Regla 2 coherente para validaciones implementadas.
GPA-001__R2-003__R1-001__0678,GPA-001__R2-003__R1-001,02_inputs_xml_flat/GPA-001__R2-003__R1-001__0678.xml,PASS,INFO,R1.D01=SI;R1.D02=SI;R2.D01=SI;R2.D02=NO;R2.D04=SI;R2.D05=SI;R2.D06=SI,MUNICIPIO_SIN_CN_VIV,MUNICIPIO30613,No,Si,,30613,Regla 2 coherente para validaciones implementadas.
GPA-001__R2-003__R1-001__0679,GPA-001__R2-003__R1-001,02_inputs_xml_flat/GPA-001__R2-003__R1-001__0679.xml,PASS,INFO,R1.D01=SI;R1.D02=SI;R2.D01=SI;R2.D02=NO;R2.D04=SI;R2.D05=SI;R2.D06=SI,MUNICIPIO_SIN_CN_VIV,MUNICIPIO30611,No,Si,,30611,Regla 2 coherente para validaciones implementadas.
GPA-001__R2-003__R1-001__0680,GPA-001__R2-003__R1-001,02_inputs_xml_flat/GPA-001__R2-003__R1-001__0680.xml,PASS,INFO,R1.D01=SI;R1.D02=SI;R2.D01=SI;R2.D02=NO;R2.D04=SI;R2.D05=SI;R2.D06=SI,MUNICIPIO_SIN_CN_VIV,MUNICIPIO30612,No,Si,,30612,Regla 2 coherente para validaciones implementadas.
GPA-001__R2-003__R1-001__0681,GPA-001__R2-003__R1-001,02_inputs_xml_flat/GPA-001__R2-003__R1-001__0681.xml,PASS,INFO,R1.D01=SI;R1.D02=SI;R2.D01=SI;R2.D02=NO;R2.D04=SI;R2.D05=SI;R2.D06=SI,MUNICIPIO_SIN_CN_VIV,MUNICIPIO30613,No,Si,,30613,Regla 2 coherente para validaciones implementadas.
GPA-001__R2-003__R1-001__0682,GPA-001__R2-003__R1-001,02_inputs_xml_flat/GPA-001__R2-003__R1-001__0682.xml,PASS,INFO,R1.D01=SI;R1.D02=SI;R2.D01=SI;R2.D02=NO;R2.D04=SI;R2.D05=SI;R2.D06=SI,MUNICIPIO_SIN_CN_VIV,MUNICIPIO30611,No,Si,,30611,Regla 2 coherente para validaciones implementadas.
GPA-001__R2-003__R1-001__0683,GPA-001__R2-003__R1-001,02_inputs_xml_flat/GPA-001__R2-003__R1-001__0683.xml,PASS,INFO,R1.D01=SI;R1.D02=SI;R2.D01=SI;R2.D02=NO;R2.D04=SI;R2.D05=SI;R2.D06=SI,MUNICIPIO_SIN_CN_VIV,MUNICIPIO30612,No,Si,,30612,Regla 2 coherente para validaciones implementadas.
GPA-001__R2-003__R1-001__0684,GPA-001__R2-003__R1-001,02_inputs_xml_flat/GPA-001__R2-003__R1-001__0684.xml,PASS,INFO,R1.D01=SI;R1.D02=SI;R2.D01=SI;R2.D02=NO;R2.D04=SI;R2.D05=SI;R2.D06=SI,MUNICIPIO_SIN_CN_VIV,MUNICIPIO30613,No,Si,,30613,Regla 2 coherente para validaciones implementadas.
GPA-001__R2-003__R1-001__0685,GPA-001__R2-003__R1-001,02_inputs_xml_flat/GPA-001__R2-003__R1-001__0685.xml,PASS,INFO,R1.D01=SI;R1.D02=SI;R2.D01=SI;R2.D02=NO;R2.D04=SI;R2.D05=SI;R2.D06=SI,MUNICIPIO_SIN_CN_VIV,MUNICIPIO30611,No,Si,,30611,Regla 2 coherente para validaciones implementadas.
GPA-001__R2-003__R1-001__0686,GPA-001__R2-003__R1-001,02_inputs_xml_flat/GPA-001__R2-003__R1-001__0686.xml,PASS,INFO,R1.D01=SI;R1.D02=SI;R2.D01=SI;R2.D02=NO;R2.D04=SI;R2.D05=SI;R2.D06=SI,MUNICIPIO_SIN_CN_VIV,MUNICIPIO30612,No,Si,,30612,Regla 2 coherente para validaciones implementadas.
GPA-001__R2-003__R1-001__0687,GPA-001__R2-003__R1-001,02_inputs_xml_flat/GPA-001__R2-003__R1-001__0687.xml,PASS,INFO,R1.D01=SI;R1.D02=SI;R2.D01=SI;R2.D02=NO;R2.D04=SI;R2.D05=SI;R2.D06=SI,MUNICIPIO_SIN_CN_VIV,MUNICIPIO30613,No,Si,,30613,Regla 2 coherente para validaciones implementadas.
GPA-001__R2-003__R1-001__0688,GPA-001__R2-003__R1-001,02_inputs_xml_flat/GPA-001__R2-003__R1-001__0688.xml,PASS,INFO,R1.D01=SI;R1.D02=SI;R2.D01=SI;R2.D02=NO;R2.D04=SI;R2.D05=SI;R2.D06=SI,MUNICIPIO_SIN_CN_VIV,MUNICIPIO30611,No,Si,,30611,Regla 2 coherente para validaciones implementadas.
GPA-001__R2-003__R1-001__0689,GPA-001__R2-003__R1-001,02_inputs_xml_flat/GPA-001__R2-003__R1-001__0689.xml,PASS,INFO,R1.D01=SI;R1.D02=SI;R2.D01=SI;R2.D02=NO;R2.D04=SI;R2.D05=SI;R2.D06=SI,MUNICIPIO_SIN_CN_VIV,MUNICIPIO30612,No,Si,,30612,Regla 2 coherente para validaciones implementadas.
GPA-001__R2-003__R1-001__0690,GPA-001__R2-003__R1-001,02_inputs_xml_flat/GPA-001__R2-003__R1-001__0690.xml,PASS,INFO,R1.D01=SI;R1.D02=SI;R2.D01=SI;R2.D02=NO;R2.D04=SI;R2.D05=SI;R2.D06=SI,MUNICIPIO_SIN_CN_VIV,MUNICIPIO30613,No,Si,,30613,Regla 2 coherente para validaciones implementadas.
GPA-001__R2-003__R1-001__0691,GPA-001__R2-003__R1-001,02_inputs_xml_flat/GPA-001__R2-003__R1-001__0691.xml,PASS,INFO,R1.D01=SI;R1.D02=SI;R2.D01=SI;R2.D02=NO;R2.D04=SI;R2.D05=SI;R2.D06=SI,MUNICIPIO_SIN_CN_VIV,MUNICIPIO30611,No,Si,,30611,Regla 2 coherente para validaciones implementadas.
GPA-001__R2-003__R1-001__0692,GPA-001__R2-003__R1-001,02_inputs_xml_flat/GPA-001__R2-003__R1-001__0692.xml,PASS,INFO,R1.D01=SI;R1.D02=SI;R2.D01=SI;R2.D02=NO;R2.D04=SI;R2.D05=SI;R2.D06=SI,MUNICIPIO_SIN_CN_VIV,MUNICIPIO30612,No,Si,,30612,Regla 2 coherente para validaciones implementadas.
GPA-001__R2-003__R1-001__0693,GPA-001__R2-003__R1-001,02_inputs_xml_flat/GPA-001__R2-003__R1-001__0693.xml,PASS,INFO,R1.D01=SI;R1.D02=SI;R2.D01=SI;R2.D02=NO;R2.D04=SI;R2.D05=SI;R2.D06=SI,MUNICIPIO_SIN_CN_VIV,MUNICIPIO30613,No,Si,,30613,Regla 2 coherente para validaciones implementadas.
GPA-001__R2-003__R1-001__0694,GPA-001__R2-003__R1-001,02_inputs_xml_flat/GPA-001__R2-003__R1-001__0694.xml,PASS,INFO,R1.D01=SI;R1.D02=SI;R2.D01=SI;R2.D02=NO;R2.D04=SI;R2.D05=SI;R2.D06=SI,MUNICIPIO_SIN_CN_VIV,MUNICIPIO30611,No,Si,,30611,Regla 2 coherente para validaciones implementadas.
GPA-001__R2-003__R1-001__0695,GPA-001__R2-003__R1-001,02_inputs_xml_flat/GPA-001__R2-003__R1-001__0695.xml,PASS,INFO,R1.D01=SI;R1.D02=SI;R2.D01=SI;R2.D02=NO;R2.D04=SI;R2.D05=SI;R2.D06=SI,MUNICIPIO_SIN_CN_VIV,MUNICIPIO30612,No,Si,,30612,Regla 2 coherente para validaciones implementadas.
GPA-001__R2-003__R1-001__0696,GPA-001__R2-003__R1-001,02_inputs_xml_flat/GPA-001__R2-003__R1-001__0696.xml,PASS,INFO,R1.D01=SI;R1.D02=SI;R2.D01=SI;R2.D02=NO;R2.D04=SI;R2.D05=SI;R2.D06=SI,MUNICIPIO_SIN_CN_VIV,MUNICIPIO30613,No,Si,,30613,Regla 2 coherente para validaciones implementadas.
GPA-001__R2-003__R1-001__0697,GPA-001__R2-003__R1-001,02_inputs_xml_flat/GPA-001__R2-003__R1-001__0697.xml,PASS,INFO,R1.D01=SI;R1.D02=SI;R2.D01=SI;R2.D02=NO;R2.D04=SI;R2.D05=SI;R2.D06=SI,MUNICIPIO_SIN_CN_VIV,MUNICIPIO30611,No,Si,,30611,Regla 2 coherente para validaciones implementadas.
GPA-001__R2-003__R1-001__0698,GPA-001__R2-003__R1-001,02_inputs_xml_flat/GPA-001__R2-003__R1-001__0698.xml,PASS,INFO,R1.D01=SI;R1.D02=SI;R2.D01=SI;R2.D02=NO;R2.D04=SI;R2.D05=SI;R2.D06=SI,MUNICIPIO_SIN_CN_VIV,MUNICIPIO30612,No,Si,,30612,Regla 2 coherente para validaciones implementadas.
GPA-001__R2-003__R1-001__0699,GPA-001__R2-003__R1-001,02_inputs_xml_flat/GPA-001__R2-003__R1-001__0699.xml,PASS,INFO,R1.D01=SI;R1.D02=SI;R2.D01=SI;R2.D02=NO;R2.D04=SI;R2.D05=SI;R2.D06=SI,MUNICIPIO_SIN_CN_VIV,MUNICIPIO30613,No,Si,,30613,Regla 2 coherente para validaciones implementadas.
GPA-001__R2-003__R1-001__0700,GPA-001__R2-003__R1-001,02_inputs_xml_flat/GPA-001__R2-003__R1-001__0700.xml,PASS,INFO,R1.D01=SI;R1.D02=SI;R2.D01=SI;R2.D02=NO;R2.D04=SI;R2.D05=SI;R2.D06=SI,MUNICIPIO_SIN_CN_VIV,MUNICIPIO30611,No,Si,,30611,Regla 2 coherente para validaciones implementadas.
GPA-001__R2-003__R1-001__0701,GPA-001__R2-003__R1-001,02_inputs_xml_flat/GPA-001__R2-003__R1-001__0701.xml,PASS,INFO,R1.D01=SI;R1.D02=SI;R2.D01=SI;R2.D02=NO;R2.D04=SI;R2.D05=SI;R2.D06=SI,MUNICIPIO_SIN_CN_VIV,MUNICIPIO30612,No,Si,,30612,Regla 2 coherente para validaciones implementadas.
GPA-001__R2-003__R1-001__0702,GPA-001__R2-003__R1-001,02_inputs_xml_flat/GPA-001__R2-003__R1-001__0702.xml,PASS,INFO,R1.D01=SI;R1.D02=SI;R2.D01=SI;R2.D02=NO;R2.D04=SI;R2.D05=SI;R2.D06=SI,MUNICIPIO_SIN_CN_VIV,MUNICIPIO30613,No,Si,,30613,Regla 2 coherente para validaciones implementadas.
GPA-001__R2-003__R1-001__0703,GPA-001__R2-003__R1-001,02_inputs_xml_flat/GPA-001__R2-003__R1-001__0703.xml,PASS,INFO,R1.D01=SI;R1.D02=SI;R2.D01=SI;R2.D02=NO;R2.D04=SI;R2.D05=SI;R2.D06=SI,MUNICIPIO_SIN_CN_VIV,MUNICIPIO30611,No,Si,,30611,Regla 2 coherente para validaciones implementadas.
GPA-001__R2-003__R1-001__0704,GPA-001__R2-003__R1-001,02_inputs_xml_flat/GPA-001__R2-003__R1-001__0704.xml,PASS,INFO,R1.D01=SI;R1.D02=SI;R2.D01=SI;R2.D02=NO;R2.D04=SI;R2.D05=SI;R2.D06=SI,MUNICIPIO_SIN_CN_VIV,MUNICIPIO30612,No,Si,,30612,Regla 2 coherente para validaciones implementadas.
GPA-001__R2-003__R1-001__0705,GPA-001__R2-003__R1-001,02_inputs_xml_flat/GPA-001__R2-003__R1-001__0705.xml,PASS,INFO,R1.D01=SI;R1.D02=SI;R2.D01=SI;R2.D02=NO;R2.D04=SI;R2.D05=SI;R2.D06=SI,MUNICIPIO_SIN_CN_VIV,MUNICIPIO30613,No,Si,,30613,Regla 2 coherente para validaciones implementadas.
GPA-001__R2-003__R1-001__0706,GPA-001__R2-003__R1-001,02_inputs_xml_flat/GPA-001__R2-003__R1-001__0706.xml,PASS,INFO,R1.D01=SI;R1.D02=SI;R2.D01=SI;R2.D02=NO;R2.D04=SI;R2.D05=SI;R2.D06=SI,MUNICIPIO_SIN_CN_VIV,MUNICIPIO30611,No,Si,,30611,Regla 2 coherente para validaciones implementadas.
GPA-001__R2-003__R1-001__0707,GPA-001__R2-003__R1-001,02_inputs_xml_flat/GPA-001__R2-003__R1-001__0707.xml,PASS,INFO,R1.D01=SI;R1.D02=SI;R2.D01=SI;R2.D02=NO;R2.D04=SI;R2.D05=SI;R2.D06=SI,MUNICIPIO_SIN_CN_VIV,MUNICIPIO30612,No,Si,,30612,Regla 2 coherente para validaciones implementadas.
GPA-001__R2-003__R1-001__0708,GPA-001__R2-003__R1-001,02_inputs_xml_flat/GPA-001__R2-003__R1-001__0708.xml,PASS,INFO,R1.D01=SI;R1.D02=SI;R2.D01=SI;R2.D02=NO;R2.D04=SI;R2.D05=SI;R2.D06=SI,MUNICIPIO_SIN_CN_VIV,MUNICIPIO30613,No,Si,,30613,Regla 2 coherente para validaciones implementadas.
GPA-001__R2-003__R1-001__0709,GPA-001__R2-003__R1-001,02_inputs_xml_flat/GPA-001__R2-003__R1-001__0709.xml,PASS,INFO,R1.D01=SI;R1.D02=SI;R2.D01=SI;R2.D02=NO;R2.D04=SI;R2.D05=SI;R2.D06=SI,MUNICIPIO_SIN_CN_VIV,MUNICIPIO30611,No,Si,,30611,Regla 2 coherente para validaciones implementadas.
GPA-001__R2-003__R1-001__0710,GPA-001__R2-003__R1-001,02_inputs_xml_flat/GPA-001__R2-003__R1-001__0710.xml,PASS,INFO,R1.D01=SI;R1.D02=SI;R2.D01=SI;R2.D02=NO;R2.D04=SI;R2.D05=SI;R2.D06=SI,MUNICIPIO_SIN_CN_VIV,MUNICIPIO30612,No,Si,,30612,Regla 2 coherente para validaciones implementadas.
GPA-001__R2-003__R1-001__0711,GPA-001__R2-003__R1-001,02_inputs_xml_flat/GPA-001__R2-003__R1-001__0711.xml,PASS,INFO,R1.D01=SI;R1.D02=SI;R2.D01=SI;R2.D02=NO;R2.D04=SI;R2.D05=SI;R2.D06=SI,MUNICIPIO_SIN_CN_VIV,MUNICIPIO30613,No,Si,,30613,Regla 2 coherente para validaciones implementadas.
GPA-001__R2-003__R1-001__0712,GPA-001__R2-003__R1-001,02_inputs_xml_flat/GPA-001__R2-003__R1-001__0712.xml,PASS,INFO,R1.D01=SI;R1.D02=SI;R2.D01=SI;R2.D02=NO;R2.D04=SI;R2.D05=SI;R2.D06=SI,MUNICIPIO_SIN_CN_VIV,MUNICIPIO30611,No,Si,,30611,Regla 2 coherente para validaciones implementadas.
GPA-001__R2-003__R1-001__0713,GPA-001__R2-003__R1-001,02_inputs_xml_flat/GPA-001__R2-003__R1-001__0713.xml,PASS,INFO,R1.D01=SI;R1.D02=SI;R2.D01=SI;R2.D02=NO;R2.D04=SI;R2.D05=SI;R2.D06=SI,MUNICIPIO_SIN_CN_VIV,MUNICIPIO30612,No,Si,,30612,Regla 2 coherente para validaciones implementadas.
GPA-001__R2-003__R1-001__0714,GPA-001__R2-003__R1-001,02_inputs_xml_flat/GPA-001__R2-003__R1-001__0714.xml,PASS,INFO,R1.D01=SI;R1.D02=SI;R2.D01=SI;R2.D02=NO;R2.D04=SI;R2.D05=SI;R2.D06=SI,MUNICIPIO_SIN_CN_VIV,MUNICIPIO30613,No,Si,,30613,Regla 2 coherente para validaciones implementadas.
GPA-001__R2-003__R1-001__0715,GPA-001__R2-003__R1-001,02_inputs_xml_flat/GPA-001__R2-003__R1-001__0715.xml,PASS,INFO,R1.D01=SI;R1.D02=SI;R2.D01=SI;R2.D02=NO;R2.D04=SI;R2.D05=SI;R2.D06=SI,MUNICIPIO_SIN_CN_VIV,MUNICIPIO30611,No,Si,,30611,Regla 2 coherente para validaciones implementadas.
GPA-001__R2-003__R1-001__0716,GPA-001__R2-003__R1-001,02_inputs_xml_flat/GPA-001__R2-003__R1-001__0716.xml,PASS,INFO,R1.D01=SI;R1.D02=SI;R2.D01=SI;R2.D02=NO;R2.D04=SI;R2.D05=SI;R2.D06=SI,MUNICIPIO_SIN_CN_VIV,MUNICIPIO30612,No,Si,,30612,Regla 2 coherente para validaciones implementadas.
GPA-001__R2-003__R1-001__0717,GPA-001__R2-003__R1-001,02_inputs_xml_flat/GPA-001__R2-003__R1-001__0717.xml,PASS,INFO,R1.D01=SI;R1.D02=SI;R2.D01=SI;R2.D02=NO;R2.D04=SI;R2.D05=SI;R2.D06=SI,MUNICIPIO_SIN_CN_VIV,MUNICIPIO30613,No,Si,,30613,Regla 2 coherente para validaciones implementadas.
GPA-001__R2-003__R1-001__0718,GPA-001__R2-003__R1-001,02_inputs_xml_flat/GPA-001__R2-003__R1-001__0718.xml,PASS,INFO,R1.D01=SI;R1.D02=SI;R2.D01=SI;R2.D02=NO;R2.D04=SI;R2.D05=SI;R2.D06=SI,MUNICIPIO_SIN_CN_VIV,MUNICIPIO30611,No,Si,,30611,Regla 2 coherente para validaciones implementadas.
GPA-001__R2-003__R1-001__0719,GPA-001__R2-003__R1-001,02_inputs_xml_flat/GPA-001__R2-003__R1-001__0719.xml,PASS,INFO,R1.D01=SI;R1.D02=SI;R2.D01=SI;R2.D02=NO;R2.D04=SI;R2.D05=SI;R2.D06=SI,MUNICIPIO_SIN_CN_VIV,MUNICIPIO30612,No,Si,,30612,Regla 2 coherente para validaciones implementadas.
GPA-001__R2-003__R1-001__0720,GPA-001__R2-003__R1-001,02_inputs_xml_flat/GPA-001__R2-003__R1-001__0720.xml,PASS,INFO,R1.D01=SI;R1.D02=SI;R2.D01=SI;R2.D02=NO;R2.D04=SI;R2.D05=SI;R2.D06=SI,MUNICIPIO_SIN_CN_VIV,MUNICIPIO30613,No,Si,,30613,Regla 2 coherente para validaciones implementadas.
GPA-001__R2-003__R1-001__0721,GPA-001__R2-003__R1-001,02_inputs_xml_flat/GPA-001__R2-003__R1-001__0721.xml,PASS,INFO,R1.D01=SI;R1.D02=SI;R2.D01=SI;R2.D02=NO;R2.D04=SI;R2.D05=SI;R2.D06=SI,MUNICIPIO_SIN_CN_VIV,MUNICIPIO30611,No,Si,,30611,Regla 2 coherente para validaciones implementadas.
GPA-001__R2-003__R1-001__0722,GPA-001__R2-003__R1-001,02_inputs_xml_flat/GPA-001__R2-003__R1-001__0722.xml,PASS,INFO,R1.D01=SI;R1.D02=SI;R2.D01=SI;R2.D02=NO;R2.D04=SI;R2.D05=SI;R2.D06=SI,MUNICIPIO_SIN_CN_VIV,MUNICIPIO30612,No,Si,,30612,Regla 2 coherente para validaciones implementadas.
GPA-001__R2-003__R1-001__0723,GPA-001__R2-003__R1-001,02_inputs_xml_flat/GPA-001__R2-003__R1-001__0723.xml,PASS,INFO,R1.D01=SI;R1.D02=SI;R2.D01=SI;R2.D02=NO;R2.D04=SI;R2.D05=SI;R2.D06=SI,MUNICIPIO_SIN_CN_VIV,MUNICIPIO30613,No,Si,,30613,Regla 2 coherente para validaciones implementadas.
GPA-001__R2-003__R1-001__0724,GPA-001__R2-003__R1-001,02_inputs_xml_flat/GPA-001__R2-003__R1-001__0724.xml,PASS,INFO,R1.D01=SI;R1.D02=SI;R2.D01=SI;R2.D02=NO;R2.D04=SI;R2.D05=SI;R2.D06=SI,MUNICIPIO_SIN_CN_VIV,MUNICIPIO30611,No,Si,,30611,Regla 2 coherente para validaciones implementadas.
GPA-001__R2-003__R1-001__0725,GPA-001__R2-003__R1-001,02_inputs_xml_flat/GPA-001__R2-003__R1-001__0725.xml,PASS,INFO,R1.D01=SI;R1.D02=SI;R2.D01=SI;R2.D02=NO;R2.D04=SI;R2.D05=SI;R2.D06=SI,MUNICIPIO_SIN_CN_VIV,MUNICIPIO30612,No,Si,,30612,Regla 2 coherente para validaciones implementadas.
GPA-001__R2-003__R1-001__0726,GPA-001__R2-003__R1-001,02_inputs_xml_flat/GPA-001__R2-003__R1-001__0726.xml,PASS,INFO,R1.D01=SI;R1.D02=SI;R2.D01=SI;R2.D02=NO;R2.D04=SI;R2.D05=SI;R2.D06=SI,MUNICIPIO_SIN_CN_VIV,MUNICIPIO30613,No,Si,,30613,Regla 2 coherente para validaciones implementadas.
GPA-001__R2-003__R1-001__0727,GPA-001__R2-003__R1-001,02_inputs_xml_flat/GPA-001__R2-003__R1-001__0727.xml,PASS,INFO,R1.D01=SI;R1.D02=SI;R2.D01=SI;R2.D02=NO;R2.D04=SI;R2.D05=SI;R2.D06=SI,MUNICIPIO_SIN_CN_VIV,MUNICIPIO30611,No,Si,,30611,Regla 2 coherente para validaciones implementadas.
GPA-001__R2-003__R1-001__0728,GPA-001__R2-003__R1-001,02_inputs_xml_flat/GPA-001__R2-003__R1-001__0728.xml,PASS,INFO,R1.D01=SI;R1.D02=SI;R2.D01=SI;R2.D02=NO;R2.D04=SI;R2.D05=SI;R2.D06=SI,MUNICIPIO_SIN_CN_VIV,MUNICIPIO30612,No,Si,,30612,Regla 2 coherente para validaciones implementadas.
GPA-001__R2-003__R1-001__0729,GPA-001__R2-003__R1-001,02_inputs_xml_flat/GPA-001__R2-003__R1-001__0729.xml,PASS,INFO,R1.D01=SI;R1.D02=SI;R2.D01=SI;R2.D02=NO;R2.D04=SI;R2.D05=SI;R2.D06=SI,MUNICIPIO_SIN_CN_VIV,MUNICIPIO30613,No,Si,,30613,Regla 2 coherente para validaciones implementadas.
GPA-001__R2-003__R1-001__0730,GPA-001__R2-003__R1-001,02_inputs_xml_flat/GPA-001__R2-003__R1-001__0730.xml,PASS,INFO,R1.D01=SI;R1.D02=SI;R2.D01=SI;R2.D02=NO;R2.D04=SI;R2.D05=SI;R2.D06=SI,MUNICIPIO_SIN_CN_VIV,MUNICIPIO30611,No,Si,,30611,Regla 2 coherente para validaciones implementadas.
GPA-001__R2-003__R1-001__0731,GPA-001__R2-003__R1-001,02_inputs_xml_flat/GPA-001__R2-003__R1-001__0731.xml,PASS,INFO,R1.D01=SI;R1.D02=SI;R2.D01=SI;R2.D02=NO;R2.D04=SI;R2.D05=SI;R2.D06=SI,MUNICIPIO_SIN_CN_VIV,MUNICIPIO30612,No,Si,,30612,Regla 2 coherente para validaciones implementadas.
GPA-001__R2-003__R1-001__0732,GPA-001__R2-003__R1-001,02_inputs_xml_flat/GPA-001__R2-003__R1-001__0732.xml,PASS,INFO,R1.D01=SI;R1.D02=SI;R2.D01=SI;R2.D02=NO;R2.D04=SI;R2.D05=SI;R2.D06=SI,MUNICIPIO_SIN_CN_VIV,MUNICIPIO30613,No,Si,,30613,Regla 2 coherente para validaciones implementadas.
GPA-001__R2-003__R1-001__0733,GPA-001__R2-003__R1-001,02_inputs_xml_flat/GPA-001__R2-003__R1-001__0733.xml,PASS,INFO,R1.D01=SI;R1.D02=SI;R2.D01=SI;R2.D02=NO;R2.D04=SI;R2.D05=SI;R2.D06=SI,MUNICIPIO_SIN_CN_VIV,MUNICIPIO30611,No,Si,,30611,Regla 2 coherente para validaciones implementadas.
GPA-001__R2-003__R1-001__0734,GPA-001__R2-003__R1-001,02_inputs_xml_flat/GPA-001__R2-003__R1-001__0734.xml,PASS,INFO,R1.D01=SI;R1.D02=SI;R2.D01=SI;R2.D02=NO;R2.D04=SI;R2.D05=SI;R2.D06=SI,MUNICIPIO_SIN_CN_VIV,MUNICIPIO30612,No,Si,,30612,Regla 2 coherente para validaciones implementadas.
GPA-001__R2-003__R1-001__0735,GPA-001__R2-003__R1-001,02_inputs_xml_flat/GPA-001__R2-003__R1-001__0735.xml,PASS,INFO,R1.D01=SI;R1.D02=SI;R2.D01=SI;R2.D02=NO;R2.D04=SI;R2.D05=SI;R2.D06=SI,MUNICIPIO_SIN_CN_VIV,MUNICIPIO30613,No,Si,,30613,Regla 2 coherente para validaciones implementadas.
GPA-001__R2-003__R1-001__0736,GPA-001__R2-003__R1-001,02_inputs_xml_flat/GPA-001__R2-003__R1-001__0736.xml,PASS,INFO,R1.D01=SI;R1.D02=SI;R2.D01=SI;R2.D02=NO;R2.D04=SI;R2.D05=SI;R2.D06=SI,MUNICIPIO_SIN_CN_VIV,MUNICIPIO30611,No,Si,,30611,Regla 2 coherente para validaciones implementadas.
GPA-001__R2-003__R1-001__0737,GPA-001__R2-003__R1-001,02_inputs_xml_flat/GPA-001__R2-003__R1-001__0737.xml,PASS,INFO,R1.D01=SI;R1.D02=SI;R2.D01=SI;R2.D02=NO;R2.D04=SI;R2.D05=SI;R2.D06=SI,MUNICIPIO_SIN_CN_VIV,MUNICIPIO30612,No,Si,,30612,Regla 2 coherente para validaciones implementadas.
GPA-001__R2-003__R1-001__0738,GPA-001__R2-003__R1-001,02_inputs_xml_flat/GPA-001__R2-003__R1-001__0738.xml,PASS,INFO,R1.D01=SI;R1.D02=SI;R2.D01=SI;R2.D02=NO;R2.D04=SI;R2.D05=SI;R2.D06=SI,MUNICIPIO_SIN_CN_VIV,MUNICIPIO30613,No,Si,,30613,Regla 2 coherente para validaciones implementadas.
GPA-001__R2-003__R1-001__0739,GPA-001__R2-003__R1-001,02_inputs_xml_flat/GPA-001__R2-003__R1-001__0739.xml,PASS,INFO,R1.D01=SI;R1.D02=SI;R2.D01=SI;R2.D02=NO;R2.D04=SI;R2.D05=SI;R2.D06=SI,MUNICIPIO_SIN_CN_VIV,MUNICIPIO30611,No,Si,,30611,Regla 2 coherente para validaciones implementadas.
GPA-001__R2-003__R1-001__0740,GPA-001__R2-003__R1-001,02_inputs_xml_flat/GPA-001__R2-003__R1-001__0740.xml,PASS,INFO,R1.D01=SI;R1.D02=SI;R2.D01=SI;R2.D02=NO;R2.D04=SI;R2.D05=SI;R2.D06=SI,MUNICIPIO_SIN_CN_VIV,MUNICIPIO30612,No,Si,,30612,Regla 2 coherente para validaciones implementadas.
GPA-001__R2-003__R1-001__0741,GPA-001__R2-003__R1-001,02_inputs_xml_flat/GPA-001__R2-003__R1-001__0741.xml,PASS,INFO,R1.D01=SI;R1.D02=SI;R2.D01=SI;R2.D02=NO;R2.D04=SI;R2.D05=SI;R2.D06=SI,MUNICIPIO_SIN_CN_VIV,MUNICIPIO30613,No,Si,,30613,Regla 2 coherente para validaciones implementadas.
GPA-001__R2-003__R1-001__0742,GPA-001__R2-003__R1-001,02_inputs_xml_flat/GPA-001__R2-003__R1-001__0742.xml,PASS,INFO,R1.D01=SI;R1.D02=SI;R2.D01=SI;R2.D02=NO;R2.D04=SI;R2.D05=SI;R2.D06=SI,MUNICIPIO_SIN_CN_VIV,MUNICIPIO30611,No,Si,,30611,Regla 2 coherente para validaciones implementadas.
GPA-001__R2-003__R1-001__0743,GPA-001__R2-003__R1-001,02_inputs_xml_flat/GPA-001__R2-003__R1-001__0743.xml,PASS,INFO,R1.D01=SI;R1.D02=SI;R2.D01=SI;R2.D02=NO;R2.D04=SI;R2.D05=SI;R2.D06=SI,MUNICIPIO_SIN_CN_VIV,MUNICIPIO30612,No,Si,,30612,Regla 2 coherente para validaciones implementadas.
GPA-001__R2-003__R1-001__0744,GPA-001__R2-003__R1-001,02_inputs_xml_flat/GPA-001__R2-003__R1-001__0744.xml,PASS,INFO,R1.D01=SI;R1.D02=SI;R2.D01=SI;R2.D02=NO;R2.D04=SI;R2.D05=SI;R2.D06=SI,MUNICIPIO_SIN_CN_VIV,MUNICIPIO30613,No,Si,,30613,Regla 2 coherente para validaciones implementadas.
GPA-001__R2-003__R1-001__0745,GPA-001__R2-003__R1-001,02_inputs_xml_flat/GPA-001__R2-003__R1-001__0745.xml,PASS,INFO,R1.D01=SI;R1.D02=SI;R2.D01=SI;R2.D02=NO;R2.D04=SI;R2.D05=SI;R2.D06=SI,MUNICIPIO_SIN_CN_VIV,MUNICIPIO30611,No,Si,,30611,Regla 2 coherente para validaciones implementadas.
GPA-001__R2-003__R1-001__0746,GPA-001__R2-003__R1-001,02_inputs_xml_flat/GPA-001__R2-003__R1-001__0746.xml,PASS,INFO,R1.D01=SI;R1.D02=SI;R2.D01=SI;R2.D02=NO;R2.D04=SI;R2.D05=SI;R2.D06=SI,MUNICIPIO_SIN_CN_VIV,MUNICIPIO30612,No,Si,,30612,Regla 2 coherente para validaciones implementadas.
GPA-001__R2-003__R1-001__0747,GPA-001__R2-003__R1-001,02_inputs_xml_flat/GPA-001__R2-003__R1-001__0747.xml,PASS,INFO,R1.D01=SI;R1.D02=SI;R2.D01=SI;R2.D02=NO;R2.D04=SI;R2.D05=SI;R2.D06=SI,MUNICIPIO_SIN_CN_VIV,MUNICIPIO30613,No,Si,,30613,Regla 2 coherente para validaciones implementadas.
GPA-001__R2-003__R1-001__0748,GPA-001__R2-003__R1-001,02_inputs_xml_flat/GPA-001__R2-003__R1-001__0748.xml,PASS,INFO,R1.D01=SI;R1.D02=SI;R2.D01=SI;R2.D02=NO;R2.D04=SI;R2.D05=SI;R2.D06=SI,MUNICIPIO_SIN_CN_VIV,MUNICIPIO30611,No,Si,,30611,Regla 2 coherente para validaciones implementadas.
GPA-001__R2-003__R1-001__0749,GPA-001__R2-003__R1-001,02_inputs_xml_flat/GPA-001__R2-003__R1-001__0749.xml,PASS,INFO,R1.D01=SI;R1.D02=SI;R2.D01=SI;R2.D02=NO;R2.D04=SI;R2.D05=SI;R2.D06=SI,MUNICIPIO_SIN_CN_VIV,MUNICIPIO30612,No,Si,,30612,Regla 2 coherente para validaciones implementadas.
GPA-001__R2-003__R1-001__0750,GPA-001__R2-003__R1-001,02_inputs_xml_flat/GPA-001__R2-003__R1-001__0750.xml,PASS,INFO,R1.D01=SI;R1.D02=SI;R2.D01=SI;R2.D02=NO;R2.D04=SI;R2.D05=SI;R2.D06=SI,MUNICIPIO_SIN_CN_VIV,MUNICIPIO30613,No,Si,,30613,Regla 2 coherente para validaciones implementadas.
GPA-001__R2-003__R1-001__0751,GPA-001__R2-003__R1-001,02_inputs_xml_flat/GPA-001__R2-003__R1-001__0751.xml,PASS,INFO,R1.D01=SI;R1.D02=SI;R2.D01=SI;R2.D02=NO;R2.D04=SI;R2.D05=SI;R2.D06=SI,MUNICIPIO_SIN_CN_VIV,MUNICIPIO30611,No,Si,,30611,Regla 2 coherente para validaciones implementadas.
GPA-001__R2-003__R1-001__0752,GPA-001__R2-003__R1-001,02_inputs_xml_flat/GPA-001__R2-003__R1-001__0752.xml,PASS,INFO,R1.D01=SI;R1.D02=SI;R2.D01=SI;R2.D02=NO;R2.D04=SI;R2.D05=SI;R2.D06=SI,MUNICIPIO_SIN_CN_VIV,MUNICIPIO30612,No,Si,,30612,Regla 2 coherente para validaciones implementadas.
GPA-001__R2-003__R1-001__0753,GPA-001__R2-003__R1-001,02_inputs_xml_flat/GPA-001__R2-003__R1-001__0753.xml,PASS,INFO,R1.D01=SI;R1.D02=SI;R2.D01=SI;R2.D02=NO;R2.D04=SI;R2.D05=SI;R2.D06=SI,MUNICIPIO_SIN_CN_VIV,MUNICIPIO30613,No,Si,,30613,Regla 2 coherente para validaciones implementadas.
GPA-001__R2-003__R1-001__0754,GPA-001__R2-003__R1-001,02_inputs_xml_flat/GPA-001__R2-003__R1-001__0754.xml,PASS,INFO,R1.D01=SI;R1.D02=SI;R2.D01=SI;R2.D02=NO;R2.D04=SI;R2.D05=SI;R2.D06=SI,MUNICIPIO_SIN_CN_VIV,MUNICIPIO30611,No,Si,,30611,Regla 2 coherente para validaciones implementadas.
GPA-001__R2-003__R1-001__0755,GPA-001__R2-003__R1-001,02_inputs_xml_flat/GPA-001__R2-003__R1-001__0755.xml,PASS,INFO,R1.D01=SI;R1.D02=SI;R2.D01=SI;R2.D02=NO;R2.D04=SI;R2.D05=SI;R2.D06=SI,MUNICIPIO_SIN_CN_VIV,MUNICIPIO30612,No,Si,,30612,Regla 2 coherente para validaciones implementadas.
GPA-001__R2-003__R1-001__0756,GPA-001__R2-003__R1-001,02_inputs_xml_flat/GPA-001__R2-003__R1-001__0756.xml,PASS,INFO,R1.D01=SI;R1.D02=SI;R2.D01=SI;R2.D02=NO;R2.D04=SI;R2.D05=SI;R2.D06=SI,MUNICIPIO_SIN_CN_VIV,MUNICIPIO30613,No,Si,,30613,Regla 2 coherente para validaciones implementadas.
GPA-001__R2-003__R1-001__0757,GPA-001__R2-003__R1-001,02_inputs_xml_flat/GPA-001__R2-003__R1-001__0757.xml,PASS,INFO,R1.D01=SI;R1.D02=SI;R2.D01=SI;R2.D02=NO;R2.D04=SI;R2.D05=SI;R2.D06=SI,MUNICIPIO_SIN_CN_VIV,MUNICIPIO30611,No,Si,,30611,Regla 2 coherente para validaciones implementadas.
GPA-001__R2-003__R1-001__0758,GPA-001__R2-003__R1-001,02_inputs_xml_flat/GPA-001__R2-003__R1-001__0758.xml,PASS,INFO,R1.D01=SI;R1.D02=SI;R2.D01=SI;R2.D02=NO;R2.D04=SI;R2.D05=SI;R2.D06=SI,MUNICIPIO_SIN_CN_VIV,MUNICIPIO30612,No,Si,,30612,Regla 2 coherente para validaciones implementadas.
GPA-001__R2-003__R1-001__0759,GPA-001__R2-003__R1-001,02_inputs_xml_flat/GPA-001__R2-003__R1-001__0759.xml,PASS,INFO,R1.D01=SI;R1.D02=SI;R2.D01=SI;R2.D02=NO;R2.D04=SI;R2.D05=SI;R2.D06=SI,MUNICIPIO_SIN_CN_VIV,MUNICIPIO30613,No,Si,,30613,Regla 2 coherente para validaciones implementadas.
GPA-001__R2-003__R1-001__0760,GPA-001__R2-003__R1-001,02_inputs_xml_flat/GPA-001__R2-003__R1-001__0760.xml,PASS,INFO,R1.D01=SI;R1.D02=SI;R2.D01=SI;R2.D02=NO;R2.D04=SI;R2.D05=SI;R2.D06=SI,MUNICIPIO_SIN_CN_VIV,MUNICIPIO30611,No,Si,,30611,Regla 2 coherente para validaciones implementadas.
GPA-001__R2-003__R1-001__0761,GPA-001__R2-003__R1-001,02_inputs_xml_flat/GPA-001__R2-003__R1-001__0761.xml,PASS,INFO,R1.D01=SI;R1.D02=SI;R2.D01=SI;R2.D02=NO;R2.D04=SI;R2.D05=SI;R2.D06=SI,MUNICIPIO_SIN_CN_VIV,MUNICIPIO30612,No,Si,,30612,Regla 2 coherente para validaciones implementadas.
GPA-001__R2-003__R1-001__0762,GPA-001__R2-003__R1-001,02_inputs_xml_flat/GPA-001__R2-003__R1-001__0762.xml,PASS,INFO,R1.D01=SI;R1.D02=SI;R2.D01=SI;R2.D02=NO;R2.D04=SI;R2.D05=SI;R2.D06=SI,MUNICIPIO_SIN_CN_VIV,MUNICIPIO30613,No,Si,,30613,Regla 2 coherente para validaciones implementadas.
GPA-001__R2-003__R1-001__0763,GPA-001__R2-003__R1-001,02_inputs_xml_flat/GPA-001__R2-003__R1-001__0763.xml,PASS,INFO,R1.D01=SI;R1.D02=SI;R2.D01=SI;R2.D02=NO;R2.D04=SI;R2.D05=SI;R2.D06=SI,MUNICIPIO_SIN_CN_VIV,MUNICIPIO30611,No,Si,,30611,Regla 2 coherente para validaciones implementadas.
GPA-001__R2-003__R1-001__0764,GPA-001__R2-003__R1-001,02_inputs_xml_flat/GPA-001__R2-003__R1-001__0764.xml,PASS,INFO,R1.D01=SI;R1.D02=SI;R2.D01=SI;R2.D02=NO;R2.D04=SI;R2.D05=SI;R2.D06=SI,MUNICIPIO_SIN_CN_VIV,MUNICIPIO30612,No,Si,,30612,Regla 2 coherente para validaciones implementadas.
GPA-001__R2-003__R1-001__0765,GPA-001__R2-003__R1-001,02_inputs_xml_flat/GPA-001__R2-003__R1-001__0765.xml,PASS,INFO,R1.D01=SI;R1.D02=SI;R2.D01=SI;R2.D02=NO;R2.D04=SI;R2.D05=SI;R2.D06=SI,MUNICIPIO_SIN_CN_VIV,MUNICIPIO30613,No,Si,,30613,Regla 2 coherente para validaciones implementadas.
GPA-001__R2-003__R1-001__0766,GPA-001__R2-003__R1-001,02_inputs_xml_flat/GPA-001__R2-003__R1-001__0766.xml,PASS,INFO,R1.D01=SI;R1.D02=SI;R2.D01=SI;R2.D02=NO;R2.D04=SI;R2.D05=SI;R2.D06=SI,MUNICIPIO_SIN_CN_VIV,MUNICIPIO30611,No,Si,,30611,Regla 2 coherente para validaciones implementadas.
GPA-001__R2-003__R1-001__0767,GPA-001__R2-003__R1-001,02_inputs_xml_flat/GPA-001__R2-003__R1-001__0767.xml,PASS,INFO,R1.D01=SI;R1.D02=SI;R2.D01=SI;R2.D02=NO;R2.D04=SI;R2.D05=SI;R2.D06=SI,MUNICIPIO_SIN_CN_VIV,MUNICIPIO30612,No,Si,,30612,Regla 2 coherente para validaciones implementadas.
GPA-001__R2-003__R1-001__0768,GPA-001__R2-003__R1-001,02_inputs_xml_flat/GPA-001__R2-003__R1-001__0768.xml,PASS,INFO,R1.D01=SI;R1.D02=SI;R2.D01=SI;R2.D02=NO;R2.D04=SI;R2.D05=SI;R2.D06=SI,MUNICIPIO_SIN_CN_VIV,MUNICIPIO30613,No,Si,,30613,Regla 2 coherente para validaciones implementadas.
GPA-001__R2-003__R1-001__0769,GPA-001__R2-003__R1-001,02_inputs_xml_flat/GPA-001__R2-003__R1-001__0769.xml,PASS,INFO,R1.D01=SI;R1.D02=SI;R2.D01=SI;R2.D02=NO;R2.D04=SI;R2.D05=SI;R2.D06=SI,MUNICIPIO_SIN_CN_VIV,MUNICIPIO30611,No,Si,,30611,Regla 2 coherente para validaciones implementadas.
GPA-001__R2-003__R1-001__0770,GPA-001__R2-003__R1-001,02_inputs_xml_flat/GPA-001__R2-003__R1-001__0770.xml,PASS,INFO,R1.D01=SI;R1.D02=SI;R2.D01=SI;R2.D02=NO;R2.D04=SI;R2.D05=SI;R2.D06=SI,MUNICIPIO_SIN_CN_VIV,MUNICIPIO30612,No,Si,,30612,Regla 2 coherente para validaciones implementadas.
GPA-001__R2-003__R1-001__0771,GPA-001__R2-003__R1-001,02_inputs_xml_flat/GPA-001__R2-003__R1-001__0771.xml,PASS,INFO,R1.D01=SI;R1.D02=SI;R2.D01=SI;R2.D02=NO;R2.D04=SI;R2.D05=SI;R2.D06=SI,MUNICIPIO_SIN_CN_VIV,MUNICIPIO30613,No,Si,,30613,Regla 2 coherente para validaciones implementadas.
GPA-001__R2-003__R1-001__0772,GPA-001__R2-003__R1-001,02_inputs_xml_flat/GPA-001__R2-003__R1-001__0772.xml,PASS,INFO,R1.D01=SI;R1.D02=SI;R2.D01=SI;R2.D02=NO;R2.D04=SI;R2.D05=SI;R2.D06=SI,MUNICIPIO_SIN_CN_VIV,MUNICIPIO30611,No,Si,,30611,Regla 2 coherente para validaciones implementadas.
GPA-001__R2-003__R1-001__0773,GPA-001__R2-003__R1-001,02_inputs_xml_flat/GPA-001__R2-003__R1-001__0773.xml,PASS,INFO,R1.D01=SI;R1.D02=SI;R2.D01=SI;R2.D02=NO;R2.D04=SI;R2.D05=SI;R2.D06=SI,MUNICIPIO_SIN_CN_VIV,MUNICIPIO30612,No,Si,,30612,Regla 2 coherente para validaciones implementadas.
GPA-001__R2-003__R1-001__0774,GPA-001__R2-003__R1-001,02_inputs_xml_flat/GPA-001__R2-003__R1-001__0774.xml,PASS,INFO,R1.D01=SI;R1.D02=SI;R2.D01=SI;R2.D02=NO;R2.D04=SI;R2.D05=SI;R2.D06=SI,MUNICIPIO_SIN_CN_VIV,MUNICIPIO30613,No,Si,,30613,Regla 2 coherente para validaciones implementadas.
GPA-001__R2-003__R1-001__0775,GPA-001__R2-003__R1-001,02_inputs_xml_flat/GPA-001__R2-003__R1-001__0775.xml,PASS,INFO,R1.D01=SI;R1.D02=SI;R2.D01=SI;R2.D02=NO;R2.D04=SI;R2.D05=SI;R2.D06=SI,MUNICIPIO_SIN_CN_VIV,MUNICIPIO30611,No,Si,,30611,Regla 2 coherente para validaciones implementadas.
GPA-001__R2-003__R1-001__0776,GPA-001__R2-003__R1-001,02_inputs_xml_flat/GPA-001__R2-003__R1-001__0776.xml,PASS,INFO,R1.D01=SI;R1.D02=SI;R2.D01=SI;R2.D02=NO;R2.D04=SI;R2.D05=SI;R2.D06=SI,MUNICIPIO_SIN_CN_VIV,MUNICIPIO30612,No,Si,,30612,Regla 2 coherente para validaciones implementadas.
GPA-001__R2-003__R1-001__0777,GPA-001__R2-003__R1-001,02_inputs_xml_flat/GPA-001__R2-003__R1-001__0777.xml,PASS,INFO,R1.D01=SI;R1.D02=SI;R2.D01=SI;R2.D02=NO;R2.D04=SI;R2.D05=SI;R2.D06=SI,MUNICIPIO_SIN_CN_VIV,MUNICIPIO30613,No,Si,,30613,Regla 2 coherente para validaciones implementadas.
GPA-001__R2-003__R1-001__0778,GPA-001__R2-003__R1-001,02_inputs_xml_flat/GPA-001__R2-003__R1-001__0778.xml,PASS,INFO,R1.D01=SI;R1.D02=SI;R2.D01=SI;R2.D02=NO;R2.D04=SI;R2.D05=SI;R2.D06=SI,MUNICIPIO_SIN_CN_VIV,MUNICIPIO30611,No,Si,,30611,Regla 2 coherente para validaciones implementadas.
GPA-001__R2-003__R1-001__0779,GPA-001__R2-003__R1-001,02_inputs_xml_flat/GPA-001__R2-003__R1-001__0779.xml,PASS,INFO,R1.D01=SI;R1.D02=SI;R2.D01=SI;R2.D02=NO;R2.D04=SI;R2.D05=SI;R2.D06=SI,MUNICIPIO_SIN_CN_VIV,MUNICIPIO30612,No,Si,,30612,Regla 2 coherente para validaciones implementadas.
GPA-001__R2-003__R1-001__0780,GPA-001__R2-003__R1-001,02_inputs_xml_flat/GPA-001__R2-003__R1-001__0780.xml,PASS,INFO,R1.D01=SI;R1.D02=SI;R2.D01=SI;R2.D02=NO;R2.D04=SI;R2.D05=SI;R2.D06=SI,MUNICIPIO_SIN_CN_VIV,MUNICIPIO30613,No,Si,,30613,Regla 2 coherente para validaciones implementadas.
GPA-001__R2-003__R1-001__0781,GPA-001__R2-003__R1-001,02_inputs_xml_flat/GPA-001__R2-003__R1-001__0781.xml,PASS,INFO,R1.D01=SI;R1.D02=SI;R2.D01=SI;R2.D02=NO;R2.D04=SI;R2.D05=SI;R2.D06=SI,MUNICIPIO_SIN_CN_VIV,MUNICIPIO30611,No,Si,,30611,Regla 2 coherente para validaciones implementadas.
GPA-001__R2-003__R1-001__0782,GPA-001__R2-003__R1-001,02_inputs_xml_flat/GPA-001__R2-003__R1-001__0782.xml,PASS,INFO,R1.D01=SI;R1.D02=SI;R2.D01=SI;R2.D02=NO;R2.D04=SI;R2.D05=SI;R2.D06=SI,MUNICIPIO_SIN_CN_VIV,MUNICIPIO30612,No,Si,,30612,Regla 2 coherente para validaciones implementadas.
GPA-001__R2-003__R1-001__0783,GPA-001__R2-003__R1-001,02_inputs_xml_flat/GPA-001__R2-003__R1-001__0783.xml,PASS,INFO,R1.D01=SI;R1.D02=SI;R2.D01=SI;R2.D02=NO;R2.D04=SI;R2.D05=SI;R2.D06=SI,MUNICIPIO_SIN_CN_VIV,MUNICIPIO30613,No,Si,,30613,Regla 2 coherente para validaciones implementadas.
GPA-001__R2-003__R1-001__0784,GPA-001__R2-003__R1-001,02_inputs_xml_flat/GPA-001__R2-003__R1-001__0784.xml,PASS,INFO,R1.D01=SI;R1.D02=SI;R2.D01=SI;R2.D02=NO;R2.D04=SI;R2.D05=SI;R2.D06=SI,MUNICIPIO_SIN_CN_VIV,MUNICIPIO30611,No,Si,,30611,Regla 2 coherente para validaciones implementadas.
GPA-001__R2-003__R1-001__0785,GPA-001__R2-003__R1-001,02_inputs_xml_flat/GPA-001__R2-003__R1-001__0785.xml,PASS,INFO,R1.D01=SI;R1.D02=SI;R2.D01=SI;R2.D02=NO;R2.D04=SI;R2.D05=SI;R2.D06=SI,MUNICIPIO_SIN_CN_VIV,MUNICIPIO30612,No,Si,,30612,Regla 2 coherente para validaciones implementadas.
GPA-001__R2-003__R1-001__0786,GPA-001__R2-003__R1-001,02_inputs_xml_flat/GPA-001__R2-003__R1-001__0786.xml,PASS,INFO,R1.D01=SI;R1.D02=SI;R2.D01=SI;R2.D02=NO;R2.D04=SI;R2.D05=SI;R2.D06=SI,MUNICIPIO_SIN_CN_VIV,MUNICIPIO30613,No,Si,,30613,Regla 2 coherente para validaciones implementadas.
GPA-001__R2-003__R1-001__0787,GPA-001__R2-003__R1-001,02_inputs_xml_flat/GPA-001__R2-003__R1-001__0787.xml,PASS,INFO,R1.D01=SI;R1.D02=SI;R2.D01=SI;R2.D02=NO;R2.D04=SI;R2.D05=SI;R2.D06=SI,MUNICIPIO_SIN_CN_VIV,MUNICIPIO30611,No,Si,,30611,Regla 2 coherente para validaciones implementadas.
GPA-001__R2-003__R1-001__0788,GPA-001__R2-003__R1-001,02_inputs_xml_flat/GPA-001__R2-003__R1-001__0788.xml,PASS,INFO,R1.D01=SI;R1.D02=SI;R2.D01=SI;R2.D02=NO;R2.D04=SI;R2.D05=SI;R2.D06=SI,MUNICIPIO_SIN_CN_VIV,MUNICIPIO30612,No,Si,,30612,Regla 2 coherente para validaciones implementadas.
GPA-001__R2-003__R1-001__0789,GPA-001__R2-003__R1-001,02_inputs_xml_flat/GPA-001__R2-003__R1-001__0789.xml,PASS,INFO,R1.D01=SI;R1.D02=SI;R2.D01=SI;R2.D02=NO;R2.D04=SI;R2.D05=SI;R2.D06=SI,MUNICIPIO_SIN_CN_VIV,MUNICIPIO30613,No,Si,,30613,Regla 2 coherente para validaciones implementadas.
GPA-001__R2-003__R1-001__0790,GPA-001__R2-003__R1-001,02_inputs_xml_flat/GPA-001__R2-003__R1-001__0790.xml,PASS,INFO,R1.D01=SI;R1.D02=SI;R2.D01=SI;R2.D02=NO;R2.D04=SI;R2.D05=SI;R2.D06=SI,MUNICIPIO_SIN_CN_VIV,MUNICIPIO30611,No,Si,,30611,Regla 2 coherente para validaciones implementadas.
GPA-001__R2-003__R1-001__0791,GPA-001__R2-003__R1-001,02_inputs_xml_flat/GPA-001__R2-003__R1-001__0791.xml,PASS,INFO,R1.D01=SI;R1.D02=SI;R2.D01=SI;R2.D02=NO;R2.D04=SI;R2.D05=SI;R2.D06=SI,MUNICIPIO_SIN_CN_VIV,MUNICIPIO30612,No,Si,,30612,Regla 2 coherente para validaciones implementadas.
GPA-001__R2-003__R1-001__0792,GPA-001__R2-003__R1-001,02_inputs_xml_flat/GPA-001__R2-003__R1-001__0792.xml,PASS,INFO,R1.D01=SI;R1.D02=SI;R2.D01=SI;R2.D02=NO;R2.D04=SI;R2.D05=SI;R2.D06=SI,MUNICIPIO_SIN_CN_VIV,MUNICIPIO30613,No,Si,,30613,Regla 2 coherente para validaciones implementadas.
GPA-001__R2-003__R1-001__0793,GPA-001__R2-003__R1-001,02_inputs_xml_flat/GPA-001__R2-003__R1-001__0793.xml,PASS,INFO,R1.D01=SI;R1.D02=SI;R2.D01=SI;R2.D02=NO;R2.D04=SI;R2.D05=SI;R2.D06=SI,MUNICIPIO_SIN_CN_VIV,MUNICIPIO30611,No,Si,,30611,Regla 2 coherente para validaciones implementadas.
GPA-001__R2-003__R1-001__0794,GPA-001__R2-003__R1-001,02_inputs_xml_flat/GPA-001__R2-003__R1-001__0794.xml,PASS,INFO,R1.D01=SI;R1.D02=SI;R2.D01=SI;R2.D02=NO;R2.D04=SI;R2.D05=SI;R2.D06=SI,MUNICIPIO_SIN_CN_VIV,MUNICIPIO30612,No,Si,,30612,Regla 2 coherente para validaciones implementadas.
GPA-001__R2-003__R1-001__0795,GPA-001__R2-003__R1-001,02_inputs_xml_flat/GPA-001__R2-003__R1-001__0795.xml,PASS,INFO,R1.D01=SI;R1.D02=SI;R2.D01=SI;R2.D02=NO;R2.D04=SI;R2.D05=SI;R2.D06=SI,MUNICIPIO_SIN_CN_VIV,MUNICIPIO30613,No,Si,,30613,Regla 2 coherente para validaciones implementadas.
GPA-001__R2-003__R1-001__0796,GPA-001__R2-003__R1-001,02_inputs_xml_flat/GPA-001__R2-003__R1-001__0796.xml,PASS,INFO,R1.D01=SI;R1.D02=SI;R2.D01=SI;R2.D02=NO;R2.D04=SI;R2.D05=SI;R2.D06=SI,MUNICIPIO_SIN_CN_VIV,MUNICIPIO30611,No,Si,,30611,Regla 2 coherente para validaciones implementadas.
GPA-001__R2-003__R1-001__0797,GPA-001__R2-003__R1-001,02_inputs_xml_flat/GPA-001__R2-003__R1-001__0797.xml,PASS,INFO,R1.D01=SI;R1.D02=SI;R2.D01=SI;R2.D02=NO;R2.D04=SI;R2.D05=SI;R2.D06=SI,MUNICIPIO_SIN_CN_VIV,MUNICIPIO30612,No,Si,,30612,Regla 2 coherente para validaciones implementadas.
GPA-001__R2-003__R1-001__0798,GPA-001__R2-003__R1-001,02_inputs_xml_flat/GPA-001__R2-003__R1-001__0798.xml,PASS,INFO,R1.D01=SI;R1.D02=SI;R2.D01=SI;R2.D02=NO;R2.D04=SI;R2.D05=SI;R2.D06=SI,MUNICIPIO_SIN_CN_VIV,MUNICIPIO30613,No,Si,,30613,Regla 2 coherente para validaciones implementadas.
GPA-001__R2-003__R1-001__0799,GPA-001__R2-003__R1-001,02_inputs_xml_flat/GPA-001__R2-003__R1-001__0799.xml,PASS,INFO,R1.D01=SI;R1.D02=SI;R2.D01=SI;R2.D02=NO;R2.D04=SI;R2.D05=SI;R2.D06=SI,MUNICIPIO_SIN_CN_VIV,MUNICIPIO30611,No,Si,,30611,Regla 2 coherente para validaciones implementadas.
GPA-001__R2-003__R1-001__0800,GPA-001__R2-003__R1-001,02_inputs_xml_flat/GPA-001__R2-003__R1-001__0800.xml,PASS,INFO,R1.D01=SI;R1.D02=SI;R2.D01=SI;R2.D02=NO;R2.D04=SI;R2.D05=SI;R2.D06=SI,MUNICIPIO_SIN_CN_VIV,MUNICIPIO30612,No,Si,,30612,Regla 2 coherente para validaciones implementadas.
GPA-001__R2-003__R1-001__0801,GPA-001__R2-003__R1-001,02_inputs_xml_flat/GPA-001__R2-003__R1-001__0801.xml,PASS,INFO,R1.D01=SI;R1.D02=SI;R2.D01=SI;R2.D02=NO;R2.D04=SI;R2.D05=SI;R2.D06=SI,MUNICIPIO_SIN_CN_VIV,MUNICIPIO30613,No,Si,,30613,Regla 2 coherente para validaciones implementadas.
GPA-001__R2-003__R1-001__0802,GPA-001__R2-003__R1-001,02_inputs_xml_flat/GPA-001__R2-003__R1-001__0802.xml,PASS,INFO,R1.D01=SI;R1.D02=SI;R2.D01=SI;R2.D02=NO;R2.D04=SI;R2.D05=SI;R2.D06=SI,MUNICIPIO_SIN_CN_VIV,MUNICIPIO30611,No,Si,,30611,Regla 2 coherente para validaciones implementadas.
GPA-001__R2-003__R1-001__0803,GPA-001__R2-003__R1-001,02_inputs_xml_flat/GPA-001__R2-003__R1-001__0803.xml,PASS,INFO,R1.D01=SI;R1.D02=SI;R2.D01=SI;R2.D02=NO;R2.D04=SI;R2.D05=SI;R2.D06=SI,MUNICIPIO_SIN_CN_VIV,MUNICIPIO30612,No,Si,,30612,Regla 2 coherente para validaciones implementadas.
GPA-001__R2-003__R1-001__0804,GPA-001__R2-003__R1-001,02_inputs_xml_flat/GPA-001__R2-003__R1-001__0804.xml,PASS,INFO,R1.D01=SI;R1.D02=SI;R2.D01=SI;R2.D02=NO;R2.D04=SI;R2.D05=SI;R2.D06=SI,MUNICIPIO_SIN_CN_VIV,MUNICIPIO30613,No,Si,,30613,Regla 2 coherente para validaciones implementadas.
GPA-001__R2-003__R1-001__0805,GPA-001__R2-003__R1-001,02_inputs_xml_flat/GPA-001__R2-003__R1-001__0805.xml,PASS,INFO,R1.D01=SI;R1.D02=SI;R2.D01=SI;R2.D02=NO;R2.D04=SI;R2.D05=SI;R2.D06=SI,MUNICIPIO_SIN_CN_VIV,MUNICIPIO30611,No,Si,,30611,Regla 2 coherente para validaciones implementadas.
GPA-001__R2-003__R1-001__0806,GPA-001__R2-003__R1-001,02_inputs_xml_flat/GPA-001__R2-003__R1-001__0806.xml,PASS,INFO,R1.D01=SI;R1.D02=SI;R2.D01=SI;R2.D02=NO;R2.D04=SI;R2.D05=SI;R2.D06=SI,MUNICIPIO_SIN_CN_VIV,MUNICIPIO30612,No,Si,,30612,Regla 2 coherente para validaciones implementadas.
GPA-001__R2-003__R1-001__0807,GPA-001__R2-003__R1-001,02_inputs_xml_flat/GPA-001__R2-003__R1-001__0807.xml,PASS,INFO,R1.D01=SI;R1.D02=SI;R2.D01=SI;R2.D02=NO;R2.D04=SI;R2.D05=SI;R2.D06=SI,MUNICIPIO_SIN_CN_VIV,MUNICIPIO30613,No,Si,,30613,Regla 2 coherente para validaciones implementadas.
GPA-001__R2-003__R1-001__0808,GPA-001__R2-003__R1-001,02_inputs_xml_flat/GPA-001__R2-003__R1-001__0808.xml,PASS,INFO,R1.D01=SI;R1.D02=SI;R2.D01=SI;R2.D02=NO;R2.D04=SI;R2.D05=SI;R2.D06=SI,MUNICIPIO_SIN_CN_VIV,MUNICIPIO30611,No,Si,,30611,Regla 2 coherente para validaciones implementadas.
GPA-001__R2-003__R1-001__0809,GPA-001__R2-003__R1-001,02_inputs_xml_flat/GPA-001__R2-003__R1-001__0809.xml,PASS,INFO,R1.D01=SI;R1.D02=SI;R2.D01=SI;R2.D02=NO;R2.D04=SI;R2.D05=SI;R2.D06=SI,MUNICIPIO_SIN_CN_VIV,MUNICIPIO30612,No,Si,,30612,Regla 2 coherente para validaciones implementadas.
GPA-001__R2-003__R1-001__0810,GPA-001__R2-003__R1-001,02_inputs_xml_flat/GPA-001__R2-003__R1-001__0810.xml,PASS,INFO,R1.D01=SI;R1.D02=SI;R2.D01=SI;R2.D02=NO;R2.D04=SI;R2.D05=SI;R2.D06=SI,MUNICIPIO_SIN_CN_VIV,MUNICIPIO30613,No,Si,,30613,Regla 2 coherente para validaciones implementadas.
GPA-001__R2-003__R1-001__0811,GPA-001__R2-003__R1-001,02_inputs_xml_flat/GPA-001__R2-003__R1-001__0811.xml,PASS,INFO,R1.D01=SI;R1.D02=SI;R2.D01=SI;R2.D02=NO;R2.D04=SI;R2.D05=SI;R2.D06=SI,MUNICIPIO_SIN_CN_VIV,MUNICIPIO30611,No,Si,,30611,Regla 2 coherente para validaciones implementadas.
GPA-001__R2-003__R1-001__0812,GPA-001__R2-003__R1-001,02_inputs_xml_flat/GPA-001__R2-003__R1-001__0812.xml,PASS,INFO,R1.D01=SI;R1.D02=SI;R2.D01=SI;R2.D02=NO;R2.D04=SI;R2.D05=SI;R2.D06=SI,MUNICIPIO_SIN_CN_VIV,MUNICIPIO30612,No,Si,,30612,Regla 2 coherente para validaciones implementadas.
GPA-001__R2-003__R1-001__0813,GPA-001__R2-003__R1-001,02_inputs_xml_flat/GPA-001__R2-003__R1-001__0813.xml,PASS,INFO,R1.D01=SI;R1.D02=SI;R2.D01=SI;R2.D02=NO;R2.D04=SI;R2.D05=SI;R2.D06=SI,MUNICIPIO_SIN_CN_VIV,MUNICIPIO30613,No,Si,,30613,Regla 2 coherente para validaciones implementadas.
GPA-001__R2-003__R1-001__0814,GPA-001__R2-003__R1-001,02_inputs_xml_flat/GPA-001__R2-003__R1-001__0814.xml,PASS,INFO,R1.D01=SI;R1.D02=SI;R2.D01=SI;R2.D02=NO;R2.D04=SI;R2.D05=SI;R2.D06=SI,MUNICIPIO_SIN_CN_VIV,MUNICIPIO30611,No,Si,,30611,Regla 2 coherente para validaciones implementadas.
GPA-001__R2-003__R1-001__0815,GPA-001__R2-003__R1-001,02_inputs_xml_flat/GPA-001__R2-003__R1-001__0815.xml,PASS,INFO,R1.D01=SI;R1.D02=SI;R2.D01=SI;R2.D02=NO;R2.D04=SI;R2.D05=SI;R2.D06=SI,MUNICIPIO_SIN_CN_VIV,MUNICIPIO30612,No,Si,,30612,Regla 2 coherente para validaciones implementadas.
GPA-001__R2-003__R1-001__0816,GPA-001__R2-003__R1-001,02_inputs_xml_flat/GPA-001__R2-003__R1-001__0816.xml,PASS,INFO,R1.D01=SI;R1.D02=SI;R2.D01=SI;R2.D02=NO;R2.D04=SI;R2.D05=SI;R2.D06=SI,MUNICIPIO_SIN_CN_VIV,MUNICIPIO30613,No,Si,,30613,Regla 2 coherente para validaciones implementadas.
GPA-001__R2-003__R1-001__0817,GPA-001__R2-003__R1-001,02_inputs_xml_flat/GPA-001__R2-003__R1-001__0817.xml,PASS,INFO,R1.D01=SI;R1.D02=SI;R2.D01=SI;R2.D02=NO;R2.D04=SI;R2.D05=SI;R2.D06=SI,MUNICIPIO_SIN_CN_VIV,MUNICIPIO30611,No,Si,,30611,Regla 2 coherente para validaciones implementadas.
GPA-001__R2-003__R1-001__0818,GPA-001__R2-003__R1-001,02_inputs_xml_flat/GPA-001__R2-003__R1-001__0818.xml,PASS,INFO,R1.D01=SI;R1.D02=SI;R2.D01=SI;R2.D02=NO;R2.D04=SI;R2.D05=SI;R2.D06=SI,MUNICIPIO_SIN_CN_VIV,MUNICIPIO30612,No,Si,,30612,Regla 2 coherente para validaciones implementadas.
GPA-001__R2-003__R1-001__0819,GPA-001__R2-003__R1-001,02_inputs_xml_flat/GPA-001__R2-003__R1-001__0819.xml,PASS,INFO,R1.D01=SI;R1.D02=SI;R2.D01=SI;R2.D02=NO;R2.D04=SI;R2.D05=SI;R2.D06=SI,MUNICIPIO_SIN_CN_VIV,MUNICIPIO30613,No,Si,,30613,Regla 2 coherente para validaciones implementadas.
GPA-001__R2-003__R1-001__0820,GPA-001__R2-003__R1-001,02_inputs_xml_flat/GPA-001__R2-003__R1-001__0820.xml,PASS,INFO,R1.D01=SI;R1.D02=SI;R2.D01=SI;R2.D02=NO;R2.D04=SI;R2.D05=SI;R2.D06=SI,MUNICIPIO_SIN_CN_VIV,MUNICIPIO30611,No,Si,,30611,Regla 2 coherente para validaciones implementadas.
GPA-001__R2-003__R1-001__0821,GPA-001__R2-003__R1-001,02_inputs_xml_flat/GPA-001__R2-003__R1-001__0821.xml,PASS,INFO,R1.D01=SI;R1.D02=SI;R2.D01=SI;R2.D02=NO;R2.D04=SI;R2.D05=SI;R2.D06=SI,MUNICIPIO_SIN_CN_VIV,MUNICIPIO30612,No,Si,,30612,Regla 2 coherente para validaciones implementadas.
GPA-001__R2-003__R1-001__0822,GPA-001__R2-003__R1-001,02_inputs_xml_flat/GPA-001__R2-003__R1-001__0822.xml,PASS,INFO,R1.D01=SI;R1.D02=SI;R2.D01=SI;R2.D02=NO;R2.D04=SI;R2.D05=SI;R2.D06=SI,MUNICIPIO_SIN_CN_VIV,MUNICIPIO30613,No,Si,,30613,Regla 2 coherente para validaciones implementadas.
GPA-001__R2-003__R1-001__0823,GPA-001__R2-003__R1-001,02_inputs_xml_flat/GPA-001__R2-003__R1-001__0823.xml,PASS,INFO,R1.D01=SI;R1.D02=SI;R2.D01=SI;R2.D02=NO;R2.D04=SI;R2.D05=SI;R2.D06=SI,MUNICIPIO_SIN_CN_VIV,MUNICIPIO30611,No,Si,,30611,Regla 2 coherente para validaciones implementadas.
GPA-001__R2-003__R1-001__0824,GPA-001__R2-003__R1-001,02_inputs_xml_flat/GPA-001__R2-003__R1-001__0824.xml,PASS,INFO,R1.D01=SI;R1.D02=SI;R2.D01=SI;R2.D02=NO;R2.D04=SI;R2.D05=SI;R2.D06=SI,MUNICIPIO_SIN_CN_VIV,MUNICIPIO30612,No,Si,,30612,Regla 2 coherente para validaciones implementadas.
GPA-001__R2-003__R1-001__0825,GPA-001__R2-003__R1-001,02_inputs_xml_flat/GPA-001__R2-003__R1-001__0825.xml,PASS,INFO,R1.D01=SI;R1.D02=SI;R2.D01=SI;R2.D02=NO;R2.D04=SI;R2.D05=SI;R2.D06=SI,MUNICIPIO_SIN_CN_VIV,MUNICIPIO30613,No,Si,,30613,Regla 2 coherente para validaciones implementadas.
GPA-001__R2-003__R1-001__0826,GPA-001__R2-003__R1-001,02_inputs_xml_flat/GPA-001__R2-003__R1-001__0826.xml,PASS,INFO,R1.D01=SI;R1.D02=SI;R2.D01=SI;R2.D02=NO;R2.D04=SI;R2.D05=SI;R2.D06=SI,MUNICIPIO_SIN_CN_VIV,MUNICIPIO30611,No,Si,,30611,Regla 2 coherente para validaciones implementadas.
GPA-001__R2-003__R1-001__0827,GPA-001__R2-003__R1-001,02_inputs_xml_flat/GPA-001__R2-003__R1-001__0827.xml,PASS,INFO,R1.D01=SI;R1.D02=SI;R2.D01=SI;R2.D02=NO;R2.D04=SI;R2.D05=SI;R2.D06=SI,MUNICIPIO_SIN_CN_VIV,MUNICIPIO30612,No,Si,,30612,Regla 2 coherente para validaciones implementadas.
GPA-001__R2-003__R1-001__0828,GPA-001__R2-003__R1-001,02_inputs_xml_flat/GPA-001__R2-003__R1-001__0828.xml,PASS,INFO,R1.D01=SI;R1.D02=SI;R2.D01=SI;R2.D02=NO;R2.D04=SI;R2.D05=SI;R2.D06=SI,MUNICIPIO_SIN_CN_VIV,MUNICIPIO30613,No,Si,,30613,Regla 2 coherente para validaciones implementadas.
GPA-001__R2-003__R1-001__0829,GPA-001__R2-003__R1-001,02_inputs_xml_flat/GPA-001__R2-003__R1-001__0829.xml,PASS,INFO,R1.D01=SI;R1.D02=SI;R2.D01=SI;R2.D02=NO;R2.D04=SI;R2.D05=SI;R2.D06=SI,MUNICIPIO_SIN_CN_VIV,MUNICIPIO30611,No,Si,,30611,Regla 2 coherente para validaciones implementadas.
GPA-001__R2-003__R1-001__0830,GPA-001__R2-003__R1-001,02_inputs_xml_flat/GPA-001__R2-003__R1-001__0830.xml,PASS,INFO,R1.D01=SI;R1.D02=SI;R2.D01=SI;R2.D02=NO;R2.D04=SI;R2.D05=SI;R2.D06=SI,MUNICIPIO_SIN_CN_VIV,MUNICIPIO30612,No,Si,,30612,Regla 2 coherente para validaciones implementadas.
GPA-001__R2-003__R1-001__0831,GPA-001__R2-003__R1-001,02_inputs_xml_flat/GPA-001__R2-003__R1-001__0831.xml,PASS,INFO,R1.D01=SI;R1.D02=SI;R2.D01=SI;R2.D02=NO;R2.D04=SI;R2.D05=SI;R2.D06=SI,MUNICIPIO_SIN_CN_VIV,MUNICIPIO30613,No,Si,,30613,Regla 2 coherente para validaciones implementadas.
GPA-001__R2-003__R1-001__0832,GPA-001__R2-003__R1-001,02_inputs_xml_flat/GPA-001__R2-003__R1-001__0832.xml,PASS,INFO,R1.D01=SI;R1.D02=SI;R2.D01=SI;R2.D02=NO;R2.D04=SI;R2.D05=SI;R2.D06=SI,MUNICIPIO_SIN_CN_VIV,MUNICIPIO30611,No,Si,,30611,Regla 2 coherente para validaciones implementadas.
GPA-001__R2-003__R1-001__0833,GPA-001__R2-003__R1-001,02_inputs_xml_flat/GPA-001__R2-003__R1-001__0833.xml,PASS,INFO,R1.D01=SI;R1.D02=SI;R2.D01=SI;R2.D02=NO;R2.D04=SI;R2.D05=SI;R2.D06=SI,MUNICIPIO_SIN_CN_VIV,MUNICIPIO30612,No,Si,,30612,Regla 2 coherente para validaciones implementadas.
GPA-001__R2-003__R1-001__0834,GPA-001__R2-003__R1-001,02_inputs_xml_flat/GPA-001__R2-003__R1-001__0834.xml,PASS,INFO,R1.D01=SI;R1.D02=SI;R2.D01=SI;R2.D02=NO;R2.D04=SI;R2.D05=SI;R2.D06=SI,MUNICIPIO_SIN_CN_VIV,MUNICIPIO30613,No,Si,,30613,Regla 2 coherente para validaciones implementadas.
GPA-001__R2-003__R1-001__0835,GPA-001__R2-003__R1-001,02_inputs_xml_flat/GPA-001__R2-003__R1-001__0835.xml,PASS,INFO,R1.D01=SI;R1.D02=SI;R2.D01=SI;R2.D02=NO;R2.D04=SI;R2.D05=SI;R2.D06=SI,MUNICIPIO_SIN_CN_VIV,MUNICIPIO30611,No,Si,,30611,Regla 2 coherente para validaciones implementadas.
GPA-001__R2-003__R1-001__0836,GPA-001__R2-003__R1-001,02_inputs_xml_flat/GPA-001__R2-003__R1-001__0836.xml,PASS,INFO,R1.D01=SI;R1.D02=SI;R2.D01=SI;R2.D02=NO;R2.D04=SI;R2.D05=SI;R2.D06=SI,MUNICIPIO_SIN_CN_VIV,MUNICIPIO30612,No,Si,,30612,Regla 2 coherente para validaciones implementadas.
GPA-001__R2-003__R1-001__0837,GPA-001__R2-003__R1-001,02_inputs_xml_flat/GPA-001__R2-003__R1-001__0837.xml,PASS,INFO,R1.D01=SI;R1.D02=SI;R2.D01=SI;R2.D02=NO;R2.D04=SI;R2.D05=SI;R2.D06=SI,MUNICIPIO_SIN_CN_VIV,MUNICIPIO30613,No,Si,,30613,Regla 2 coherente para validaciones implementadas.
GPA-001__R2-003__R1-001__0838,GPA-001__R2-003__R1-001,02_inputs_xml_flat/GPA-001__R2-003__R1-001__0838.xml,PASS,INFO,R1.D01=SI;R1.D02=SI;R2.D01=SI;R2.D02=NO;R2.D04=SI;R2.D05=SI;R2.D06=SI,MUNICIPIO_SIN_CN_VIV,MUNICIPIO30611,No,Si,,30611,Regla 2 coherente para validaciones implementadas.
GPA-001__R2-003__R1-001__0839,GPA-001__R2-003__R1-001,02_inputs_xml_flat/GPA-001__R2-003__R1-001__0839.xml,PASS,INFO,R1.D01=SI;R1.D02=SI;R2.D01=SI;R2.D02=NO;R2.D04=SI;R2.D05=SI;R2.D06=SI,MUNICIPIO_SIN_CN_VIV,MUNICIPIO30612,No,Si,,30612,Regla 2 coherente para validaciones implementadas.
GPA-001__R2-003__R1-001__0840,GPA-001__R2-003__R1-001,02_inputs_xml_flat/GPA-001__R2-003__R1-001__0840.xml,PASS,INFO,R1.D01=SI;R1.D02=SI;R2.D01=SI;R2.D02=NO;R2.D04=SI;R2.D05=SI;R2.D06=SI,MUNICIPIO_SIN_CN_VIV,MUNICIPIO30613,No,Si,,30613,Regla 2 coherente para validaciones implementadas.
GPA-001__R2-003__R1-001__0841,GPA-001__R2-003__R1-001,02_inputs_xml_flat/GPA-001__R2-003__R1-001__0841.xml,PASS,INFO,R1.D01=SI;R1.D02=SI;R2.D01=SI;R2.D02=NO;R2.D04=SI;R2.D05=SI;R2.D06=SI,MUNICIPIO_SIN_CN_VIV,MUNICIPIO30611,No,Si,,30611,Regla 2 coherente para validaciones implementadas.
GPA-001__R2-003__R1-001__0842,GPA-001__R2-003__R1-001,02_inputs_xml_flat/GPA-001__R2-003__R1-001__0842.xml,PASS,INFO,R1.D01=SI;R1.D02=SI;R2.D01=SI;R2.D02=NO;R2.D04=SI;R2.D05=SI;R2.D06=SI,MUNICIPIO_SIN_CN_VIV,MUNICIPIO30612,No,Si,,30612,Regla 2 coherente para validaciones implementadas.
GPA-001__R2-003__R1-001__0843,GPA-001__R2-003__R1-001,02_inputs_xml_flat/GPA-001__R2-003__R1-001__0843.xml,PASS,INFO,R1.D01=SI;R1.D02=SI;R2.D01=SI;R2.D02=NO;R2.D04=SI;R2.D05=SI;R2.D06=SI,MUNICIPIO_SIN_CN_VIV,MUNICIPIO30613,No,Si,,30613,Regla 2 coherente para validaciones implementadas.
GPA-001__R2-003__R1-001__0844,GPA-001__R2-003__R1-001,02_inputs_xml_flat/GPA-001__R2-003__R1-001__0844.xml,PASS,INFO,R1.D01=SI;R1.D02=SI;R2.D01=SI;R2.D02=NO;R2.D04=SI;R2.D05=SI;R2.D06=SI,MUNICIPIO_SIN_CN_VIV,MUNICIPIO30611,No,Si,,30611,Regla 2 coherente para validaciones implementadas.
GPA-001__R2-003__R1-001__0845,GPA-001__R2-003__R1-001,02_inputs_xml_flat/GPA-001__R2-003__R1-001__0845.xml,PASS,INFO,R1.D01=SI;R1.D02=SI;R2.D01=SI;R2.D02=NO;R2.D04=SI;R2.D05=SI;R2.D06=SI,MUNICIPIO_SIN_CN_VIV,MUNICIPIO30612,No,Si,,30612,Regla 2 coherente para validaciones implementadas.
GPA-001__R2-003__R1-001__0846,GPA-001__R2-003__R1-001,02_inputs_xml_flat/GPA-001__R2-003__R1-001__0846.xml,PASS,INFO,R1.D01=SI;R1.D02=SI;R2.D01=SI;R2.D02=NO;R2.D04=SI;R2.D05=SI;R2.D06=SI,MUNICIPIO_SIN_CN_VIV,MUNICIPIO30613,No,Si,,30613,Regla 2 coherente para validaciones implementadas.
GPA-001__R2-003__R1-001__0847,GPA-001__R2-003__R1-001,02_inputs_xml_flat/GPA-001__R2-003__R1-001__0847.xml,PASS,INFO,R1.D01=SI;R1.D02=SI;R2.D01=SI;R2.D02=NO;R2.D04=SI;R2.D05=SI;R2.D06=SI,MUNICIPIO_SIN_CN_VIV,MUNICIPIO30611,No,Si,,30611,Regla 2 coherente para validaciones implementadas.
GPA-001__R2-003__R1-001__0848,GPA-001__R2-003__R1-001,02_inputs_xml_flat/GPA-001__R2-003__R1-001__0848.xml,PASS,INFO,R1.D01=SI;R1.D02=SI;R2.D01=SI;R2.D02=NO;R2.D04=SI;R2.D05=SI;R2.D06=SI,MUNICIPIO_SIN_CN_VIV,MUNICIPIO30612,No,Si,,30612,Regla 2 coherente para validaciones implementadas.
GPA-001__R2-003__R1-001__0849,GPA-001__R2-003__R1-001,02_inputs_xml_flat/GPA-001__R2-003__R1-001__0849.xml,PASS,INFO,R1.D01=SI;R1.D02=SI;R2.D01=SI;R2.D02=NO;R2.D04=SI;R2.D05=SI;R2.D06=SI,MUNICIPIO_SIN_CN_VIV,MUNICIPIO30613,No,Si,,30613,Regla 2 coherente para validaciones implementadas.
GPA-001__R2-003__R1-001__0850,GPA-001__R2-003__R1-001,02_inputs_xml_flat/GPA-001__R2-003__R1-001__0850.xml,PASS,INFO,R1.D01=SI;R1.D02=SI;R2.D01=SI;R2.D02=NO;R2.D04=SI;R2.D05=SI;R2.D06=SI,MUNICIPIO_SIN_CN_VIV,MUNICIPIO30611,No,Si,,30611,Regla 2 coherente para validaciones implementadas.
GPA-001__R2-003__R1-001__0851,GPA-001__R2-003__R1-001,02_inputs_xml_flat/GPA-001__R2-003__R1-001__0851.xml,PASS,INFO,R1.D01=SI;R1.D02=SI;R2.D01=SI;R2.D02=NO;R2.D04=SI;R2.D05=SI;R2.D06=SI,MUNICIPIO_SIN_CN_VIV,MUNICIPIO30612,No,Si,,30612,Regla 2 coherente para validaciones implementadas.
GPA-001__R2-003__R1-001__0852,GPA-001__R2-003__R1-001,02_inputs_xml_flat/GPA-001__R2-003__R1-001__0852.xml,PASS,INFO,R1.D01=SI;R1.D02=SI;R2.D01=SI;R2.D02=NO;R2.D04=SI;R2.D05=SI;R2.D06=SI,MUNICIPIO_SIN_CN_VIV,MUNICIPIO30613,No,Si,,30613,Regla 2 coherente para validaciones implementadas.
GPA-001__R2-003__R1-001__0853,GPA-001__R2-003__R1-001,02_inputs_xml_flat/GPA-001__R2-003__R1-001__0853.xml,PASS,INFO,R1.D01=SI;R1.D02=SI;R2.D01=SI;R2.D02=NO;R2.D04=SI;R2.D05=SI;R2.D06=SI,MUNICIPIO_SIN_CN_VIV,MUNICIPIO30611,No,Si,,30611,Regla 2 coherente para validaciones implementadas.
GPA-001__R2-003__R1-001__0854,GPA-001__R2-003__R1-001,02_inputs_xml_flat/GPA-001__R2-003__R1-001__0854.xml,PASS,INFO,R1.D01=SI;R1.D02=SI;R2.D01=SI;R2.D02=NO;R2.D04=SI;R2.D05=SI;R2.D06=SI,MUNICIPIO_SIN_CN_VIV,MUNICIPIO30612,No,Si,,30612,Regla 2 coherente para validaciones implementadas.
GPA-001__R2-003__R1-001__0855,GPA-001__R2-003__R1-001,02_inputs_xml_flat/GPA-001__R2-003__R1-001__0855.xml,PASS,INFO,R1.D01=SI;R1.D02=SI;R2.D01=SI;R2.D02=NO;R2.D04=SI;R2.D05=SI;R2.D06=SI,MUNICIPIO_SIN_CN_VIV,MUNICIPIO30613,No,Si,,30613,Regla 2 coherente para validaciones implementadas.
GPA-001__R2-003__R1-001__0856,GPA-001__R2-003__R1-001,02_inputs_xml_flat/GPA-001__R2-003__R1-001__0856.xml,PASS,INFO,R1.D01=SI;R1.D02=SI;R2.D01=SI;R2.D02=NO;R2.D04=SI;R2.D05=SI;R2.D06=SI,MUNICIPIO_SIN_CN_VIV,MUNICIPIO30611,No,Si,,30611,Regla 2 coherente para validaciones implementadas.
GPA-001__R2-003__R1-001__0857,GPA-001__R2-003__R1-001,02_inputs_xml_flat/GPA-001__R2-003__R1-001__0857.xml,PASS,INFO,R1.D01=SI;R1.D02=SI;R2.D01=SI;R2.D02=NO;R2.D04=SI;R2.D05=SI;R2.D06=SI,MUNICIPIO_SIN_CN_VIV,MUNICIPIO30612,No,Si,,30612,Regla 2 coherente para validaciones implementadas.
GPA-001__R2-003__R1-001__0858,GPA-001__R2-003__R1-001,02_inputs_xml_flat/GPA-001__R2-003__R1-001__0858.xml,PASS,INFO,R1.D01=SI;R1.D02=SI;R2.D01=SI;R2.D02=NO;R2.D04=SI;R2.D05=SI;R2.D06=SI,MUNICIPIO_SIN_CN_VIV,MUNICIPIO30613,No,Si,,30613,Regla 2 coherente para validaciones implementadas.
GPA-001__R2-003__R1-001__0859,GPA-001__R2-003__R1-001,02_inputs_xml_flat/GPA-001__R2-003__R1-001__0859.xml,PASS,INFO,R1.D01=SI;R1.D02=SI;R2.D01=SI;R2.D02=NO;R2.D04=SI;R2.D05=SI;R2.D06=SI,MUNICIPIO_SIN_CN_VIV,MUNICIPIO30611,No,Si,,30611,Regla 2 coherente para validaciones implementadas.
GPA-001__R2-003__R1-001__0860,GPA-001__R2-003__R1-001,02_inputs_xml_flat/GPA-001__R2-003__R1-001__0860.xml,PASS,INFO,R1.D01=SI;R1.D02=SI;R2.D01=SI;R2.D02=NO;R2.D04=SI;R2.D05=SI;R2.D06=SI,MUNICIPIO_SIN_CN_VIV,MUNICIPIO30612,No,Si,,30612,Regla 2 coherente para validaciones implementadas.
GPA-001__R2-003__R1-001__0861,GPA-001__R2-003__R1-001,02_inputs_xml_flat/GPA-001__R2-003__R1-001__0861.xml,PASS,INFO,R1.D01=SI;R1.D02=SI;R2.D01=SI;R2.D02=NO;R2.D04=SI;R2.D05=SI;R2.D06=SI,MUNICIPIO_SIN_CN_VIV,MUNICIPIO30613,No,Si,,30613,Regla 2 coherente para validaciones implementadas.
GPA-001__R2-003__R1-001__0862,GPA-001__R2-003__R1-001,02_inputs_xml_flat/GPA-001__R2-003__R1-001__0862.xml,PASS,INFO,R1.D01=SI;R1.D02=SI;R2.D01=SI;R2.D02=NO;R2.D04=SI;R2.D05=SI;R2.D06=SI,MUNICIPIO_SIN_CN_VIV,MUNICIPIO30611,No,Si,,30611,Regla 2 coherente para validaciones implementadas.
GPA-001__R2-003__R1-001__0863,GPA-001__R2-003__R1-001,02_inputs_xml_flat/GPA-001__R2-003__R1-001__0863.xml,PASS,INFO,R1.D01=SI;R1.D02=SI;R2.D01=SI;R2.D02=NO;R2.D04=SI;R2.D05=SI;R2.D06=SI,MUNICIPIO_SIN_CN_VIV,MUNICIPIO30612,No,Si,,30612,Regla 2 coherente para validaciones implementadas.
GPA-001__R2-003__R1-001__0864,GPA-001__R2-003__R1-001,02_inputs_xml_flat/GPA-001__R2-003__R1-001__0864.xml,PASS,INFO,R1.D01=SI;R1.D02=SI;R2.D01=SI;R2.D02=NO;R2.D04=SI;R2.D05=SI;R2.D06=SI,MUNICIPIO_SIN_CN_VIV,MUNICIPIO30613,No,Si,,30613,Regla 2 coherente para validaciones implementadas.
GPA-001__R2-003__R1-001__0865,GPA-001__R2-003__R1-001,02_inputs_xml_flat/GPA-001__R2-003__R1-001__0865.xml,PASS,INFO,R1.D01=SI;R1.D02=SI;R2.D01=SI;R2.D02=NO;R2.D04=SI;R2.D05=SI;R2.D06=SI,MUNICIPIO_SIN_CN_VIV,MUNICIPIO30611,No,Si,,30611,Regla 2 coherente para validaciones implementadas.
GPA-001__R2-003__R1-001__0866,GPA-001__R2-003__R1-001,02_inputs_xml_flat/GPA-001__R2-003__R1-001__0866.xml,PASS,INFO,R1.D01=SI;R1.D02=SI;R2.D01=SI;R2.D02=NO;R2.D04=SI;R2.D05=SI;R2.D06=SI,MUNICIPIO_SIN_CN_VIV,MUNICIPIO30612,No,Si,,30612,Regla 2 coherente para validaciones implementadas.
GPA-001__R2-003__R1-001__0867,GPA-001__R2-003__R1-001,02_inputs_xml_flat/GPA-001__R2-003__R1-001__0867.xml,PASS,INFO,R1.D01=SI;R1.D02=SI;R2.D01=SI;R2.D02=NO;R2.D04=SI;R2.D05=SI;R2.D06=SI,MUNICIPIO_SIN_CN_VIV,MUNICIPIO30613,No,Si,,30613,Regla 2 coherente para validaciones implementadas.
GPA-001__R2-003__R1-001__0868,GPA-001__R2-003__R1-001,02_inputs_xml_flat/GPA-001__R2-003__R1-001__0868.xml,PASS,INFO,R1.D01=SI;R1.D02=SI;R2.D01=SI;R2.D02=NO;R2.D04=SI;R2.D05=SI;R2.D06=SI,MUNICIPIO_SIN_CN_VIV,MUNICIPIO30611,No,Si,,30611,Regla 2 coherente para validaciones implementadas.
GPA-001__R2-003__R1-001__0869,GPA-001__R2-003__R1-001,02_inputs_xml_flat/GPA-001__R2-003__R1-001__0869.xml,PASS,INFO,R1.D01=SI;R1.D02=SI;R2.D01=SI;R2.D02=NO;R2.D04=SI;R2.D05=SI;R2.D06=SI,MUNICIPIO_SIN_CN_VIV,MUNICIPIO30612,No,Si,,30612,Regla 2 coherente para validaciones implementadas.
GPA-001__R2-003__R1-001__0870,GPA-001__R2-003__R1-001,02_inputs_xml_flat/GPA-001__R2-003__R1-001__0870.xml,PASS,INFO,R1.D01=SI;R1.D02=SI;R2.D01=SI;R2.D02=NO;R2.D04=SI;R2.D05=SI;R2.D06=SI,MUNICIPIO_SIN_CN_VIV,MUNICIPIO30613,No,Si,,30613,Regla 2 coherente para validaciones implementadas.
GPA-001__R2-003__R1-001__0871,GPA-001__R2-003__R1-001,02_inputs_xml_flat/GPA-001__R2-003__R1-001__0871.xml,PASS,INFO,R1.D01=SI;R1.D02=SI;R2.D01=SI;R2.D02=NO;R2.D04=SI;R2.D05=SI;R2.D06=SI,MUNICIPIO_SIN_CN_VIV,MUNICIPIO30611,No,Si,,30611,Regla 2 coherente para validaciones implementadas.
GPA-001__R2-003__R1-001__0872,GPA-001__R2-003__R1-001,02_inputs_xml_flat/GPA-001__R2-003__R1-001__0872.xml,PASS,INFO,R1.D01=SI;R1.D02=SI;R2.D01=SI;R2.D02=NO;R2.D04=SI;R2.D05=SI;R2.D06=SI,MUNICIPIO_SIN_CN_VIV,MUNICIPIO30612,No,Si,,30612,Regla 2 coherente para validaciones implementadas.
GPA-001__R2-003__R1-001__0873,GPA-001__R2-003__R1-001,02_inputs_xml_flat/GPA-001__R2-003__R1-001__0873.xml,PASS,INFO,R1.D01=SI;R1.D02=SI;R2.D01=SI;R2.D02=NO;R2.D04=SI;R2.D05=SI;R2.D06=SI,MUNICIPIO_SIN_CN_VIV,MUNICIPIO30613,No,Si,,30613,Regla 2 coherente para validaciones implementadas.
GPA-001__R2-003__R1-001__0874,GPA-001__R2-003__R1-001,02_inputs_xml_flat/GPA-001__R2-003__R1-001__0874.xml,PASS,INFO,R1.D01=SI;R1.D02=SI;R2.D01=SI;R2.D02=NO;R2.D04=SI;R2.D05=SI;R2.D06=SI,MUNICIPIO_SIN_CN_VIV,MUNICIPIO30611,No,Si,,30611,Regla 2 coherente para validaciones implementadas.
GPA-001__R2-003__R1-001__0875,GPA-001__R2-003__R1-001,02_inputs_xml_flat/GPA-001__R2-003__R1-001__0875.xml,PASS,INFO,R1.D01=SI;R1.D02=SI;R2.D01=SI;R2.D02=NO;R2.D04=SI;R2.D05=SI;R2.D06=SI,MUNICIPIO_SIN_CN_VIV,MUNICIPIO30612,No,Si,,30612,Regla 2 coherente para validaciones implementadas.
GPA-001__R2-003__R1-001__0876,GPA-001__R2-003__R1-001,02_inputs_xml_flat/GPA-001__R2-003__R1-001__0876.xml,PASS,INFO,R1.D01=SI;R1.D02=SI;R2.D01=SI;R2.D02=NO;R2.D04=SI;R2.D05=SI;R2.D06=SI,MUNICIPIO_SIN_CN_VIV,MUNICIPIO30613,No,Si,,30613,Regla 2 coherente para validaciones implementadas.
GPA-001__R2-003__R1-001__0877,GPA-001__R2-003__R1-001,02_inputs_xml_flat/GPA-001__R2-003__R1-001__0877.xml,PASS,INFO,R1.D01=SI;R1.D02=SI;R2.D01=SI;R2.D02=NO;R2.D04=SI;R2.D05=SI;R2.D06=SI,MUNICIPIO_SIN_CN_VIV,MUNICIPIO30611,No,Si,,30611,Regla 2 coherente para validaciones implementadas.
GPA-001__R2-003__R1-001__0878,GPA-001__R2-003__R1-001,02_inputs_xml_flat/GPA-001__R2-003__R1-001__0878.xml,PASS,INFO,R1.D01=SI;R1.D02=SI;R2.D01=SI;R2.D02=NO;R2.D04=SI;R2.D05=SI;R2.D06=SI,MUNICIPIO_SIN_CN_VIV,MUNICIPIO30612,No,Si,,30612,Regla 2 coherente para validaciones implementadas.
GPA-001__R2-003__R1-001__0879,GPA-001__R2-003__R1-001,02_inputs_xml_flat/GPA-001__R2-003__R1-001__0879.xml,PASS,INFO,R1.D01=SI;R1.D02=SI;R2.D01=SI;R2.D02=NO;R2.D04=SI;R2.D05=SI;R2.D06=SI,MUNICIPIO_SIN_CN_VIV,MUNICIPIO30613,No,Si,,30613,Regla 2 coherente para validaciones implementadas.
GPA-001__R2-003__R1-001__0880,GPA-001__R2-003__R1-001,02_inputs_xml_flat/GPA-001__R2-003__R1-001__0880.xml,PASS,INFO,R1.D01=SI;R1.D02=SI;R2.D01=SI;R2.D02=NO;R2.D04=SI;R2.D05=SI;R2.D06=SI,MUNICIPIO_SIN_CN_VIV,MUNICIPIO30611,No,Si,,30611,Regla 2 coherente para validaciones implementadas.
GPA-001__R2-003__R1-001__0881,GPA-001__R2-003__R1-001,02_inputs_xml_flat/GPA-001__R2-003__R1-001__0881.xml,PASS,INFO,R1.D01=SI;R1.D02=SI;R2.D01=SI;R2.D02=NO;R2.D04=SI;R2.D05=SI;R2.D06=SI,MUNICIPIO_SIN_CN_VIV,MUNICIPIO30612,No,Si,,30612,Regla 2 coherente para validaciones implementadas.
GPA-001__R2-003__R1-001__0882,GPA-001__R2-003__R1-001,02_inputs_xml_flat/GPA-001__R2-003__R1-001__0882.xml,PASS,INFO,R1.D01=SI;R1.D02=SI;R2.D01=SI;R2.D02=NO;R2.D04=SI;R2.D05=SI;R2.D06=SI,MUNICIPIO_SIN_CN_VIV,MUNICIPIO30613,No,Si,,30613,Regla 2 coherente para validaciones implementadas.
GPA-001__R2-003__R1-001__0883,GPA-001__R2-003__R1-001,02_inputs_xml_flat/GPA-001__R2-003__R1-001__0883.xml,PASS,INFO,R1.D01=SI;R1.D02=SI;R2.D01=SI;R2.D02=NO;R2.D04=SI;R2.D05=SI;R2.D06=SI,MUNICIPIO_SIN_CN_VIV,MUNICIPIO30611,No,Si,,30611,Regla 2 coherente para validaciones implementadas.
GPA-001__R2-003__R1-001__0884,GPA-001__R2-003__R1-001,02_inputs_xml_flat/GPA-001__R2-003__R1-001__0884.xml,PASS,INFO,R1.D01=SI;R1.D02=SI;R2.D01=SI;R2.D02=NO;R2.D04=SI;R2.D05=SI;R2.D06=SI,MUNICIPIO_SIN_CN_VIV,MUNICIPIO30612,No,Si,,30612,Regla 2 coherente para validaciones implementadas.
GPA-001__R2-003__R1-001__0885,GPA-001__R2-003__R1-001,02_inputs_xml_flat/GPA-001__R2-003__R1-001__0885.xml,PASS,INFO,R1.D01=SI;R1.D02=SI;R2.D01=SI;R2.D02=NO;R2.D04=SI;R2.D05=SI;R2.D06=SI,MUNICIPIO_SIN_CN_VIV,MUNICIPIO30613,No,Si,,30613,Regla 2 coherente para validaciones implementadas.
GPA-001__R2-003__R1-001__0886,GPA-001__R2-003__R1-001,02_inputs_xml_flat/GPA-001__R2-003__R1-001__0886.xml,PASS,INFO,R1.D01=SI;R1.D02=SI;R2.D01=SI;R2.D02=NO;R2.D04=SI;R2.D05=SI;R2.D06=SI,MUNICIPIO_SIN_CN_VIV,MUNICIPIO30611,No,Si,,30611,Regla 2 coherente para validaciones implementadas.
GPA-001__R2-003__R1-001__0887,GPA-001__R2-003__R1-001,02_inputs_xml_flat/GPA-001__R2-003__R1-001__0887.xml,PASS,INFO,R1.D01=SI;R1.D02=SI;R2.D01=SI;R2.D02=NO;R2.D04=SI;R2.D05=SI;R2.D06=SI,MUNICIPIO_SIN_CN_VIV,MUNICIPIO30612,No,Si,,30612,Regla 2 coherente para validaciones implementadas.
GPA-001__R2-003__R1-001__0888,GPA-001__R2-003__R1-001,02_inputs_xml_flat/GPA-001__R2-003__R1-001__0888.xml,PASS,INFO,R1.D01=SI;R1.D02=SI;R2.D01=SI;R2.D02=NO;R2.D04=SI;R2.D05=SI;R2.D06=SI,MUNICIPIO_SIN_CN_VIV,MUNICIPIO30613,No,Si,,30613,Regla 2 coherente para validaciones implementadas.
GPA-001__R2-003__R1-001__0889,GPA-001__R2-003__R1-001,02_inputs_xml_flat/GPA-001__R2-003__R1-001__0889.xml,PASS,INFO,R1.D01=SI;R1.D02=SI;R2.D01=SI;R2.D02=NO;R2.D04=SI;R2.D05=SI;R2.D06=SI,MUNICIPIO_SIN_CN_VIV,MUNICIPIO30611,No,Si,,30611,Regla 2 coherente para validaciones implementadas.
GPA-001__R2-003__R1-001__0890,GPA-001__R2-003__R1-001,02_inputs_xml_flat/GPA-001__R2-003__R1-001__0890.xml,PASS,INFO,R1.D01=SI;R1.D02=SI;R2.D01=SI;R2.D02=NO;R2.D04=SI;R2.D05=SI;R2.D06=SI,MUNICIPIO_SIN_CN_VIV,MUNICIPIO30612,No,Si,,30612,Regla 2 coherente para validaciones implementadas.
GPA-001__R2-003__R1-001__0891,GPA-001__R2-003__R1-001,02_inputs_xml_flat/GPA-001__R2-003__R1-001__0891.xml,PASS,INFO,R1.D01=SI;R1.D02=SI;R2.D01=SI;R2.D02=NO;R2.D04=SI;R2.D05=SI;R2.D06=SI,MUNICIPIO_SIN_CN_VIV,MUNICIPIO30613,No,Si,,30613,Regla 2 coherente para validaciones implementadas.
GPA-001__R2-003__R1-001__0892,GPA-001__R2-003__R1-001,02_inputs_xml_flat/GPA-001__R2-003__R1-001__0892.xml,PASS,INFO,R1.D01=SI;R1.D02=SI;R2.D01=SI;R2.D02=NO;R2.D04=SI;R2.D05=SI;R2.D06=SI,MUNICIPIO_SIN_CN_VIV,MUNICIPIO30611,No,Si,,30611,Regla 2 coherente para validaciones implementadas.
GPA-001__R2-003__R1-001__0893,GPA-001__R2-003__R1-001,02_inputs_xml_flat/GPA-001__R2-003__R1-001__0893.xml,PASS,INFO,R1.D01=SI;R1.D02=SI;R2.D01=SI;R2.D02=NO;R2.D04=SI;R2.D05=SI;R2.D06=SI,MUNICIPIO_SIN_CN_VIV,MUNICIPIO30612,No,Si,,30612,Regla 2 coherente para validaciones implementadas.
GPA-001__R2-003__R1-001__0894,GPA-001__R2-003__R1-001,02_inputs_xml_flat/GPA-001__R2-003__R1-001__0894.xml,PASS,INFO,R1.D01=SI;R1.D02=SI;R2.D01=SI;R2.D02=NO;R2.D04=SI;R2.D05=SI;R2.D06=SI,MUNICIPIO_SIN_CN_VIV,MUNICIPIO30613,No,Si,,30613,Regla 2 coherente para validaciones implementadas.
GPA-001__R2-003__R1-001__0895,GPA-001__R2-003__R1-001,02_inputs_xml_flat/GPA-001__R2-003__R1-001__0895.xml,PASS,INFO,R1.D01=SI;R1.D02=SI;R2.D01=SI;R2.D02=NO;R2.D04=SI;R2.D05=SI;R2.D06=SI,MUNICIPIO_SIN_CN_VIV,MUNICIPIO30611,No,Si,,30611,Regla 2 coherente para validaciones implementadas.
GPA-001__R2-003__R1-001__0896,GPA-001__R2-003__R1-001,02_inputs_xml_flat/GPA-001__R2-003__R1-001__0896.xml,PASS,INFO,R1.D01=SI;R1.D02=SI;R2.D01=SI;R2.D02=NO;R2.D04=SI;R2.D05=SI;R2.D06=SI,MUNICIPIO_SIN_CN_VIV,MUNICIPIO30612,No,Si,,30612,Regla 2 coherente para validaciones implementadas.
GPA-001__R2-003__R1-001__0897,GPA-001__R2-003__R1-001,02_inputs_xml_flat/GPA-001__R2-003__R1-001__0897.xml,PASS,INFO,R1.D01=SI;R1.D02=SI;R2.D01=SI;R2.D02=NO;R2.D04=SI;R2.D05=SI;R2.D06=SI,MUNICIPIO_SIN_CN_VIV,MUNICIPIO30613,No,Si,,30613,Regla 2 coherente para validaciones implementadas.
GPA-001__R2-003__R1-001__0898,GPA-001__R2-003__R1-001,02_inputs_xml_flat/GPA-001__R2-003__R1-001__0898.xml,PASS,INFO,R1.D01=SI;R1.D02=SI;R2.D01=SI;R2.D02=NO;R2.D04=SI;R2.D05=SI;R2.D06=SI,MUNICIPIO_SIN_CN_VIV,MUNICIPIO30611,No,Si,,30611,Regla 2 coherente para validaciones implementadas.
GPA-001__R2-003__R1-001__0899,GPA-001__R2-003__R1-001,02_inputs_xml_flat/GPA-001__R2-003__R1-001__0899.xml,PASS,INFO,R1.D01=SI;R1.D02=SI;R2.D01=SI;R2.D02=NO;R2.D04=SI;R2.D05=SI;R2.D06=SI,MUNICIPIO_SIN_CN_VIV,MUNICIPIO30612,No,Si,,30612,Regla 2 coherente para validaciones implementadas.
GPA-001__R2-003__R1-001__0900,GPA-001__R2-003__R1-001,02_inputs_xml_flat/GPA-001__R2-003__R1-001__0900.xml,PASS,INFO,R1.D01=SI;R1.D02=SI;R2.D01=SI;R2.D02=NO;R2.D04=SI;R2.D05=SI;R2.D06=SI,MUNICIPIO_SIN_CN_VIV,MUNICIPIO30613,No,Si,,30613,Regla 2 coherente para validaciones implementadas.
GPA-001__R2-003__R1-001__0901,GPA-001__R2-003__R1-001,02_inputs_xml_flat/GPA-001__R2-003__R1-001__0901.xml,PASS,INFO,R1.D01=SI;R1.D02=SI;R2.D01=SI;R2.D02=NO;R2.D04=SI;R2.D05=SI;R2.D06=SI,MUNICIPIO_SIN_CN_VIV,MUNICIPIO30611,No,Si,,30611,Regla 2 coherente para validaciones implementadas.
GPA-001__R2-003__R1-001__0902,GPA-001__R2-003__R1-001,02_inputs_xml_flat/GPA-001__R2-003__R1-001__0902.xml,PASS,INFO,R1.D01=SI;R1.D02=SI;R2.D01=SI;R2.D02=NO;R2.D04=SI;R2.D05=SI;R2.D06=SI,MUNICIPIO_SIN_CN_VIV,MUNICIPIO30612,No,Si,,30612,Regla 2 coherente para validaciones implementadas.
GPA-001__R2-003__R1-001__0903,GPA-001__R2-003__R1-001,02_inputs_xml_flat/GPA-001__R2-003__R1-001__0903.xml,PASS,INFO,R1.D01=SI;R1.D02=SI;R2.D01=SI;R2.D02=NO;R2.D04=SI;R2.D05=SI;R2.D06=SI,MUNICIPIO_SIN_CN_VIV,MUNICIPIO30613,No,Si,,30613,Regla 2 coherente para validaciones implementadas.
GPA-001__R2-003__R1-001__0904,GPA-001__R2-003__R1-001,02_inputs_xml_flat/GPA-001__R2-003__R1-001__0904.xml,PASS,INFO,R1.D01=SI;R1.D02=SI;R2.D01=SI;R2.D02=NO;R2.D04=SI;R2.D05=SI;R2.D06=SI,MUNICIPIO_SIN_CN_VIV,MUNICIPIO30611,No,Si,,30611,Regla 2 coherente para validaciones implementadas.
GPA-001__R2-003__R1-001__0905,GPA-001__R2-003__R1-001,02_inputs_xml_flat/GPA-001__R2-003__R1-001__0905.xml,PASS,INFO,R1.D01=SI;R1.D02=SI;R2.D01=SI;R2.D02=NO;R2.D04=SI;R2.D05=SI;R2.D06=SI,MUNICIPIO_SIN_CN_VIV,MUNICIPIO30612,No,Si,,30612,Regla 2 coherente para validaciones implementadas.
GPA-001__R2-003__R1-001__0906,GPA-001__R2-003__R1-001,02_inputs_xml_flat/GPA-001__R2-003__R1-001__0906.xml,PASS,INFO,R1.D01=SI;R1.D02=SI;R2.D01=SI;R2.D02=NO;R2.D04=SI;R2.D05=SI;R2.D06=SI,MUNICIPIO_SIN_CN_VIV,MUNICIPIO30613,No,Si,,30613,Regla 2 coherente para validaciones implementadas.
GPA-001__R2-003__R1-001__0907,GPA-001__R2-003__R1-001,02_inputs_xml_flat/GPA-001__R2-003__R1-001__0907.xml,PASS,INFO,R1.D01=SI;R1.D02=SI;R2.D01=SI;R2.D02=NO;R2.D04=SI;R2.D05=SI;R2.D06=SI,MUNICIPIO_SIN_CN_VIV,MUNICIPIO30611,No,Si,,30611,Regla 2 coherente para validaciones implementadas.
GPA-001__R2-003__R1-001__0908,GPA-001__R2-003__R1-001,02_inputs_xml_flat/GPA-001__R2-003__R1-001__0908.xml,PASS,INFO,R1.D01=SI;R1.D02=SI;R2.D01=SI;R2.D02=NO;R2.D04=SI;R2.D05=SI;R2.D06=SI,MUNICIPIO_SIN_CN_VIV,MUNICIPIO30612,No,Si,,30612,Regla 2 coherente para validaciones implementadas.
GPA-001__R2-003__R1-001__0909,GPA-001__R2-003__R1-001,02_inputs_xml_flat/GPA-001__R2-003__R1-001__0909.xml,PASS,INFO,R1.D01=SI;R1.D02=SI;R2.D01=SI;R2.D02=NO;R2.D04=SI;R2.D05=SI;R2.D06=SI,MUNICIPIO_SIN_CN_VIV,MUNICIPIO30613,No,Si,,30613,Regla 2 coherente para validaciones implementadas.
GPA-001__R2-003__R1-001__0910,GPA-001__R2-003__R1-001,02_inputs_xml_flat/GPA-001__R2-003__R1-001__0910.xml,PASS,INFO,R1.D01=SI;R1.D02=SI;R2.D01=SI;R2.D02=NO;R2.D04=SI;R2.D05=SI;R2.D06=SI,MUNICIPIO_SIN_CN_VIV,MUNICIPIO30611,No,Si,,30611,Regla 2 coherente para validaciones implementadas.
GPA-001__R2-003__R1-001__0911,GPA-001__R2-003__R1-001,02_inputs_xml_flat/GPA-001__R2-003__R1-001__0911.xml,PASS,INFO,R1.D01=SI;R1.D02=SI;R2.D01=SI;R2.D02=NO;R2.D04=SI;R2.D05=SI;R2.D06=SI,MUNICIPIO_SIN_CN_VIV,MUNICIPIO30612,No,Si,,30612,Regla 2 coherente para validaciones implementadas.
GPA-001__R2-003__R1-001__0912,GPA-001__R2-003__R1-001,02_inputs_xml_flat/GPA-001__R2-003__R1-001__0912.xml,PASS,INFO,R1.D01=SI;R1.D02=SI;R2.D01=SI;R2.D02=NO;R2.D04=SI;R2.D05=SI;R2.D06=SI,MUNICIPIO_SIN_CN_VIV,MUNICIPIO30613,No,Si,,30613,Regla 2 coherente para validaciones implementadas.
GPA-001__R2-003__R1-001__0913,GPA-001__R2-003__R1-001,02_inputs_xml_flat/GPA-001__R2-003__R1-001__0913.xml,PASS,INFO,R1.D01=SI;R1.D02=SI;R2.D01=SI;R2.D02=NO;R2.D04=SI;R2.D05=SI;R2.D06=SI,MUNICIPIO_SIN_CN_VIV,MUNICIPIO30611,No,Si,,30611,Regla 2 coherente para validaciones implementadas.
GPA-001__R2-003__R1-001__0914,GPA-001__R2-003__R1-001,02_inputs_xml_flat/GPA-001__R2-003__R1-001__0914.xml,PASS,INFO,R1.D01=SI;R1.D02=SI;R2.D01=SI;R2.D02=NO;R2.D04=SI;R2.D05=SI;R2.D06=SI,MUNICIPIO_SIN_CN_VIV,MUNICIPIO30612,No,Si,,30612,Regla 2 coherente para validaciones implementadas.
GPA-001__R2-003__R1-001__0915,GPA-001__R2-003__R1-001,02_inputs_xml_flat/GPA-001__R2-003__R1-001__0915.xml,PASS,INFO,R1.D01=SI;R1.D02=SI;R2.D01=SI;R2.D02=NO;R2.D04=SI;R2.D05=SI;R2.D06=SI,MUNICIPIO_SIN_CN_VIV,MUNICIPIO30613,No,Si,,30613,Regla 2 coherente para validaciones implementadas.
GPA-001__R2-003__R1-001__0916,GPA-001__R2-003__R1-001,02_inputs_xml_flat/GPA-001__R2-003__R1-001__0916.xml,PASS,INFO,R1.D01=SI;R1.D02=SI;R2.D01=SI;R2.D02=NO;R2.D04=SI;R2.D05=SI;R2.D06=SI,MUNICIPIO_SIN_CN_VIV,MUNICIPIO30611,No,Si,,30611,Regla 2 coherente para validaciones implementadas.
GPA-001__R2-003__R1-001__0917,GPA-001__R2-003__R1-001,02_inputs_xml_flat/GPA-001__R2-003__R1-001__0917.xml,PASS,INFO,R1.D01=SI;R1.D02=SI;R2.D01=SI;R2.D02=NO;R2.D04=SI;R2.D05=SI;R2.D06=SI,MUNICIPIO_SIN_CN_VIV,MUNICIPIO30612,No,Si,,30612,Regla 2 coherente para validaciones implementadas.
GPA-001__R2-003__R1-001__0918,GPA-001__R2-003__R1-001,02_inputs_xml_flat/GPA-001__R2-003__R1-001__0918.xml,PASS,INFO,R1.D01=SI;R1.D02=SI;R2.D01=SI;R2.D02=NO;R2.D04=SI;R2.D05=SI;R2.D06=SI,MUNICIPIO_SIN_CN_VIV,MUNICIPIO30613,No,Si,,30613,Regla 2 coherente para validaciones implementadas.
GPA-001__R2-003__R1-001__0919,GPA-001__R2-003__R1-001,02_inputs_xml_flat/GPA-001__R2-003__R1-001__0919.xml,PASS,INFO,R1.D01=SI;R1.D02=SI;R2.D01=SI;R2.D02=NO;R2.D04=SI;R2.D05=SI;R2.D06=SI,MUNICIPIO_SIN_CN_VIV,MUNICIPIO30611,No,Si,,30611,Regla 2 coherente para validaciones implementadas.
GPA-001__R2-003__R1-001__0920,GPA-001__R2-003__R1-001,02_inputs_xml_flat/GPA-001__R2-003__R1-001__0920.xml,PASS,INFO,R1.D01=SI;R1.D02=SI;R2.D01=SI;R2.D02=NO;R2.D04=SI;R2.D05=SI;R2.D06=SI,MUNICIPIO_SIN_CN_VIV,MUNICIPIO30612,No,Si,,30612,Regla 2 coherente para validaciones implementadas.
GPA-001__R2-003__R1-001__0921,GPA-001__R2-003__R1-001,02_inputs_xml_flat/GPA-001__R2-003__R1-001__0921.xml,PASS,INFO,R1.D01=SI;R1.D02=SI;R2.D01=SI;R2.D02=NO;R2.D04=SI;R2.D05=SI;R2.D06=SI,MUNICIPIO_SIN_CN_VIV,MUNICIPIO30613,No,Si,,30613,Regla 2 coherente para validaciones implementadas.
GPA-001__R2-003__R1-001__0922,GPA-001__R2-003__R1-001,02_inputs_xml_flat/GPA-001__R2-003__R1-001__0922.xml,PASS,INFO,R1.D01=SI;R1.D02=SI;R2.D01=SI;R2.D02=NO;R2.D04=SI;R2.D05=SI;R2.D06=SI,MUNICIPIO_SIN_CN_VIV,MUNICIPIO30611,No,Si,,30611,Regla 2 coherente para validaciones implementadas.
GPA-001__R2-003__R1-001__0923,GPA-001__R2-003__R1-001,02_inputs_xml_flat/GPA-001__R2-003__R1-001__0923.xml,PASS,INFO,R1.D01=SI;R1.D02=SI;R2.D01=SI;R2.D02=NO;R2.D04=SI;R2.D05=SI;R2.D06=SI,MUNICIPIO_SIN_CN_VIV,MUNICIPIO30612,No,Si,,30612,Regla 2 coherente para validaciones implementadas.
GPA-001__R2-003__R1-001__0924,GPA-001__R2-003__R1-001,02_inputs_xml_flat/GPA-001__R2-003__R1-001__0924.xml,PASS,INFO,R1.D01=SI;R1.D02=SI;R2.D01=SI;R2.D02=NO;R2.D04=SI;R2.D05=SI;R2.D06=SI,MUNICIPIO_SIN_CN_VIV,MUNICIPIO30613,No,Si,,30613,Regla 2 coherente para validaciones implementadas.
GPA-001__R2-003__R1-001__0925,GPA-001__R2-003__R1-001,02_inputs_xml_flat/GPA-001__R2-003__R1-001__0925.xml,PASS,INFO,R1.D01=SI;R1.D02=SI;R2.D01=SI;R2.D02=NO;R2.D04=SI;R2.D05=SI;R2.D06=SI,MUNICIPIO_SIN_CN_VIV,MUNICIPIO30611,No,Si,,30611,Regla 2 coherente para validaciones implementadas.
GPA-001__R2-003__R1-001__0926,GPA-001__R2-003__R1-001,02_inputs_xml_flat/GPA-001__R2-003__R1-001__0926.xml,PASS,INFO,R1.D01=SI;R1.D02=SI;R2.D01=SI;R2.D02=NO;R2.D04=SI;R2.D05=SI;R2.D06=SI,MUNICIPIO_SIN_CN_VIV,MUNICIPIO30612,No,Si,,30612,Regla 2 coherente para validaciones implementadas.
GPA-001__R2-003__R1-001__0927,GPA-001__R2-003__R1-001,02_inputs_xml_flat/GPA-001__R2-003__R1-001__0927.xml,PASS,INFO,R1.D01=SI;R1.D02=SI;R2.D01=SI;R2.D02=NO;R2.D04=SI;R2.D05=SI;R2.D06=SI,MUNICIPIO_SIN_CN_VIV,MUNICIPIO30613,No,Si,,30613,Regla 2 coherente para validaciones implementadas.
GPA-001__R2-003__R1-001__0928,GPA-001__R2-003__R1-001,02_inputs_xml_flat/GPA-001__R2-003__R1-001__0928.xml,PASS,INFO,R1.D01=SI;R1.D02=SI;R2.D01=SI;R2.D02=NO;R2.D04=SI;R2.D05=SI;R2.D06=SI,MUNICIPIO_SIN_CN_VIV,MUNICIPIO30611,No,Si,,30611,Regla 2 coherente para validaciones implementadas.
GPA-001__R2-003__R1-001__0929,GPA-001__R2-003__R1-001,02_inputs_xml_flat/GPA-001__R2-003__R1-001__0929.xml,PASS,INFO,R1.D01=SI;R1.D02=SI;R2.D01=SI;R2.D02=NO;R2.D04=SI;R2.D05=SI;R2.D06=SI,MUNICIPIO_SIN_CN_VIV,MUNICIPIO30612,No,Si,,30612,Regla 2 coherente para validaciones implementadas.
GPA-001__R2-003__R1-001__0930,GPA-001__R2-003__R1-001,02_inputs_xml_flat/GPA-001__R2-003__R1-001__0930.xml,PASS,INFO,R1.D01=SI;R1.D02=SI;R2.D01=SI;R2.D02=NO;R2.D04=SI;R2.D05=SI;R2.D06=SI,MUNICIPIO_SIN_CN_VIV,MUNICIPIO30613,No,Si,,30613,Regla 2 coherente para validaciones implementadas.
GPA-001__R2-003__R1-001__0931,GPA-001__R2-003__R1-001,02_inputs_xml_flat/GPA-001__R2-003__R1-001__0931.xml,PASS,INFO,R1.D01=SI;R1.D02=SI;R2.D01=SI;R2.D02=NO;R2.D04=SI;R2.D05=SI;R2.D06=SI,MUNICIPIO_SIN_CN_VIV,MUNICIPIO30611,No,Si,,30611,Regla 2 coherente para validaciones implementadas.
GPA-001__R2-003__R1-001__0932,GPA-001__R2-003__R1-001,02_inputs_xml_flat/GPA-001__R2-003__R1-001__0932.xml,PASS,INFO,R1.D01=SI;R1.D02=SI;R2.D01=SI;R2.D02=NO;R2.D04=SI;R2.D05=SI;R2.D06=SI,MUNICIPIO_SIN_CN_VIV,MUNICIPIO30612,No,Si,,30612,Regla 2 coherente para validaciones implementadas.
GPA-001__R2-003__R1-001__0933,GPA-001__R2-003__R1-001,02_inputs_xml_flat/GPA-001__R2-003__R1-001__0933.xml,PASS,INFO,R1.D01=SI;R1.D02=SI;R2.D01=SI;R2.D02=NO;R2.D04=SI;R2.D05=SI;R2.D06=SI,MUNICIPIO_SIN_CN_VIV,MUNICIPIO30613,No,Si,,30613,Regla 2 coherente para validaciones implementadas.
GPA-001__R2-003__R1-001__0934,GPA-001__R2-003__R1-001,02_inputs_xml_flat/GPA-001__R2-003__R1-001__0934.xml,PASS,INFO,R1.D01=SI;R1.D02=SI;R2.D01=SI;R2.D02=NO;R2.D04=SI;R2.D05=SI;R2.D06=SI,MUNICIPIO_SIN_CN_VIV,MUNICIPIO30611,No,Si,,30611,Regla 2 coherente para validaciones implementadas.
GPA-001__R2-003__R1-001__0935,GPA-001__R2-003__R1-001,02_inputs_xml_flat/GPA-001__R2-003__R1-001__0935.xml,PASS,INFO,R1.D01=SI;R1.D02=SI;R2.D01=SI;R2.D02=NO;R2.D04=SI;R2.D05=SI;R2.D06=SI,MUNICIPIO_SIN_CN_VIV,MUNICIPIO30612,No,Si,,30612,Regla 2 coherente para validaciones implementadas.
GPA-001__R2-003__R1-001__0936,GPA-001__R2-003__R1-001,02_inputs_xml_flat/GPA-001__R2-003__R1-001__0936.xml,PASS,INFO,R1.D01=SI;R1.D02=SI;R2.D01=SI;R2.D02=NO;R2.D04=SI;R2.D05=SI;R2.D06=SI,MUNICIPIO_SIN_CN_VIV,MUNICIPIO30613,No,Si,,30613,Regla 2 coherente para validaciones implementadas.
GPA-001__R2-003__R1-001__0937,GPA-001__R2-003__R1-001,02_inputs_xml_flat/GPA-001__R2-003__R1-001__0937.xml,PASS,INFO,R1.D01=SI;R1.D02=SI;R2.D01=SI;R2.D02=NO;R2.D04=SI;R2.D05=SI;R2.D06=SI,MUNICIPIO_SIN_CN_VIV,MUNICIPIO30611,No,Si,,30611,Regla 2 coherente para validaciones implementadas.
GPA-001__R2-003__R1-001__0938,GPA-001__R2-003__R1-001,02_inputs_xml_flat/GPA-001__R2-003__R1-001__0938.xml,PASS,INFO,R1.D01=SI;R1.D02=SI;R2.D01=SI;R2.D02=NO;R2.D04=SI;R2.D05=SI;R2.D06=SI,MUNICIPIO_SIN_CN_VIV,MUNICIPIO30612,No,Si,,30612,Regla 2 coherente para validaciones implementadas.
GPA-001__R2-003__R1-001__0939,GPA-001__R2-003__R1-001,02_inputs_xml_flat/GPA-001__R2-003__R1-001__0939.xml,PASS,INFO,R1.D01=SI;R1.D02=SI;R2.D01=SI;R2.D02=NO;R2.D04=SI;R2.D05=SI;R2.D06=SI,MUNICIPIO_SIN_CN_VIV,MUNICIPIO30613,No,Si,,30613,Regla 2 coherente para validaciones implementadas.
GPA-001__R2-003__R1-001__0940,GPA-001__R2-003__R1-001,02_inputs_xml_flat/GPA-001__R2-003__R1-001__0940.xml,PASS,INFO,R1.D01=SI;R1.D02=SI;R2.D01=SI;R2.D02=NO;R2.D04=SI;R2.D05=SI;R2.D06=SI,MUNICIPIO_SIN_CN_VIV,MUNICIPIO30611,No,Si,,30611,Regla 2 coherente para validaciones implementadas.
GPA-001__R2-003__R1-001__0941,GPA-001__R2-003__R1-001,02_inputs_xml_flat/GPA-001__R2-003__R1-001__0941.xml,PASS,INFO,R1.D01=SI;R1.D02=SI;R2.D01=SI;R2.D02=NO;R2.D04=SI;R2.D05=SI;R2.D06=SI,MUNICIPIO_SIN_CN_VIV,MUNICIPIO30612,No,Si,,30612,Regla 2 coherente para validaciones implementadas.
GPA-001__R2-003__R1-001__0942,GPA-001__R2-003__R1-001,02_inputs_xml_flat/GPA-001__R2-003__R1-001__0942.xml,PASS,INFO,R1.D01=SI;R1.D02=SI;R2.D01=SI;R2.D02=NO;R2.D04=SI;R2.D05=SI;R2.D06=SI,MUNICIPIO_SIN_CN_VIV,MUNICIPIO30613,No,Si,,30613,Regla 2 coherente para validaciones implementadas.
GPA-001__R2-003__R1-001__0943,GPA-001__R2-003__R1-001,02_inputs_xml_flat/GPA-001__R2-003__R1-001__0943.xml,PASS,INFO,R1.D01=SI;R1.D02=SI;R2.D01=SI;R2.D02=NO;R2.D04=SI;R2.D05=SI;R2.D06=SI,MUNICIPIO_SIN_CN_VIV,MUNICIPIO30611,No,Si,,30611,Regla 2 coherente para validaciones implementadas.
GPA-001__R2-003__R1-001__0944,GPA-001__R2-003__R1-001,02_inputs_xml_flat/GPA-001__R2-003__R1-001__0944.xml,PASS,INFO,R1.D01=SI;R1.D02=SI;R2.D01=SI;R2.D02=NO;R2.D04=SI;R2.D05=SI;R2.D06=SI,MUNICIPIO_SIN_CN_VIV,MUNICIPIO30612,No,Si,,30612,Regla 2 coherente para validaciones implementadas.
GPA-001__R2-003__R1-001__0945,GPA-001__R2-003__R1-001,02_inputs_xml_flat/GPA-001__R2-003__R1-001__0945.xml,PASS,INFO,R1.D01=SI;R1.D02=SI;R2.D01=SI;R2.D02=NO;R2.D04=SI;R2.D05=SI;R2.D06=SI,MUNICIPIO_SIN_CN_VIV,MUNICIPIO30613,No,Si,,30613,Regla 2 coherente para validaciones implementadas.
GPA-001__R2-003__R1-001__0946,GPA-001__R2-003__R1-001,02_inputs_xml_flat/GPA-001__R2-003__R1-001__0946.xml,PASS,INFO,R1.D01=SI;R1.D02=SI;R2.D01=SI;R2.D02=NO;R2.D04=SI;R2.D05=SI;R2.D06=SI,MUNICIPIO_SIN_CN_VIV,MUNICIPIO30611,No,Si,,30611,Regla 2 coherente para validaciones implementadas.
GPA-001__R2-003__R1-001__0947,GPA-001__R2-003__R1-001,02_inputs_xml_flat/GPA-001__R2-003__R1-001__0947.xml,PASS,INFO,R1.D01=SI;R1.D02=SI;R2.D01=SI;R2.D02=NO;R2.D04=SI;R2.D05=SI;R2.D06=SI,MUNICIPIO_SIN_CN_VIV,MUNICIPIO30612,No,Si,,30612,Regla 2 coherente para validaciones implementadas.
GPA-001__R2-003__R1-001__0948,GPA-001__R2-003__R1-001,02_inputs_xml_flat/GPA-001__R2-003__R1-001__0948.xml,PASS,INFO,R1.D01=SI;R1.D02=SI;R2.D01=SI;R2.D02=NO;R2.D04=SI;R2.D05=SI;R2.D06=SI,MUNICIPIO_SIN_CN_VIV,MUNICIPIO30613,No,Si,,30613,Regla 2 coherente para validaciones implementadas.
GPA-001__R2-003__R1-001__0949,GPA-001__R2-003__R1-001,02_inputs_xml_flat/GPA-001__R2-003__R1-001__0949.xml,PASS,INFO,R1.D01=SI;R1.D02=SI;R2.D01=SI;R2.D02=NO;R2.D04=SI;R2.D05=SI;R2.D06=SI,MUNICIPIO_SIN_CN_VIV,MUNICIPIO30611,No,Si,,30611,Regla 2 coherente para validaciones implementadas.
GPA-001__R2-003__R1-001__0950,GPA-001__R2-003__R1-001,02_inputs_xml_flat/GPA-001__R2-003__R1-001__0950.xml,PASS,INFO,R1.D01=SI;R1.D02=SI;R2.D01=SI;R2.D02=NO;R2.D04=SI;R2.D05=SI;R2.D06=SI,MUNICIPIO_SIN_CN_VIV,MUNICIPIO30612,No,Si,,30612,Regla 2 coherente para validaciones implementadas.
GPA-001__R2-003__R1-001__0951,GPA-001__R2-003__R1-001,02_inputs_xml_flat/GPA-001__R2-003__R1-001__0951.xml,PASS,INFO,R1.D01=SI;R1.D02=SI;R2.D01=SI;R2.D02=NO;R2.D04=SI;R2.D05=SI;R2.D06=SI,MUNICIPIO_SIN_CN_VIV,MUNICIPIO30613,No,Si,,30613,Regla 2 coherente para validaciones implementadas.
GPA-001__R2-003__R1-001__0952,GPA-001__R2-003__R1-001,02_inputs_xml_flat/GPA-001__R2-003__R1-001__0952.xml,PASS,INFO,R1.D01=SI;R1.D02=SI;R2.D01=SI;R2.D02=NO;R2.D04=SI;R2.D05=SI;R2.D06=SI,MUNICIPIO_SIN_CN_VIV,MUNICIPIO30611,No,Si,,30611,Regla 2 coherente para validaciones implementadas.
GPA-001__R2-003__R1-001__0953,GPA-001__R2-003__R1-001,02_inputs_xml_flat/GPA-001__R2-003__R1-001__0953.xml,PASS,INFO,R1.D01=SI;R1.D02=SI;R2.D01=SI;R2.D02=NO;R2.D04=SI;R2.D05=SI;R2.D06=SI,MUNICIPIO_SIN_CN_VIV,MUNICIPIO30612,No,Si,,30612,Regla 2 coherente para validaciones implementadas.
GPA-001__R2-003__R1-001__0954,GPA-001__R2-003__R1-001,02_inputs_xml_flat/GPA-001__R2-003__R1-001__0954.xml,PASS,INFO,R1.D01=SI;R1.D02=SI;R2.D01=SI;R2.D02=NO;R2.D04=SI;R2.D05=SI;R2.D06=SI,MUNICIPIO_SIN_CN_VIV,MUNICIPIO30613,No,Si,,30613,Regla 2 coherente para validaciones implementadas.
GPA-001__R2-003__R1-001__0955,GPA-001__R2-003__R1-001,02_inputs_xml_flat/GPA-001__R2-003__R1-001__0955.xml,PASS,INFO,R1.D01=SI;R1.D02=SI;R2.D01=SI;R2.D02=NO;R2.D04=SI;R2.D05=SI;R2.D06=SI,MUNICIPIO_SIN_CN_VIV,MUNICIPIO30611,No,Si,,30611,Regla 2 coherente para validaciones implementadas.
GPA-001__R2-003__R1-001__0956,GPA-001__R2-003__R1-001,02_inputs_xml_flat/GPA-001__R2-003__R1-001__0956.xml,PASS,INFO,R1.D01=SI;R1.D02=SI;R2.D01=SI;R2.D02=NO;R2.D04=SI;R2.D05=SI;R2.D06=SI,MUNICIPIO_SIN_CN_VIV,MUNICIPIO30612,No,Si,,30612,Regla 2 coherente para validaciones implementadas.
GPA-001__R2-003__R1-001__0957,GPA-001__R2-003__R1-001,02_inputs_xml_flat/GPA-001__R2-003__R1-001__0957.xml,PASS,INFO,R1.D01=SI;R1.D02=SI;R2.D01=SI;R2.D02=NO;R2.D04=SI;R2.D05=SI;R2.D06=SI,MUNICIPIO_SIN_CN_VIV,MUNICIPIO30613,No,Si,,30613,Regla 2 coherente para validaciones implementadas.
GPA-001__R2-003__R1-001__0958,GPA-001__R2-003__R1-001,02_inputs_xml_flat/GPA-001__R2-003__R1-001__0958.xml,PASS,INFO,R1.D01=SI;R1.D02=SI;R2.D01=SI;R2.D02=NO;R2.D04=SI;R2.D05=SI;R2.D06=SI,MUNICIPIO_SIN_CN_VIV,MUNICIPIO30611,No,Si,,30611,Regla 2 coherente para validaciones implementadas.
GPA-001__R2-003__R1-001__0959,GPA-001__R2-003__R1-001,02_inputs_xml_flat/GPA-001__R2-003__R1-001__0959.xml,PASS,INFO,R1.D01=SI;R1.D02=SI;R2.D01=SI;R2.D02=NO;R2.D04=SI;R2.D05=SI;R2.D06=SI,MUNICIPIO_SIN_CN_VIV,MUNICIPIO30612,No,Si,,30612,Regla 2 coherente para validaciones implementadas.
GPA-001__R2-003__R1-001__0960,GPA-001__R2-003__R1-001,02_inputs_xml_flat/GPA-001__R2-003__R1-001__0960.xml,PASS,INFO,R1.D01=SI;R1.D02=SI;R2.D01=SI;R2.D02=NO;R2.D04=SI;R2.D05=SI;R2.D06=SI,MUNICIPIO_SIN_CN_VIV,MUNICIPIO30613,No,Si,,30613,Regla 2 coherente para validaciones implementadas.
GPA-001__R2-003__R1-001__0961,GPA-001__R2-003__R1-001,02_inputs_xml_flat/GPA-001__R2-003__R1-001__0961.xml,PASS,INFO,R1.D01=SI;R1.D02=SI;R2.D01=SI;R2.D02=NO;R2.D04=SI;R2.D05=SI;R2.D06=SI,MUNICIPIO_SIN_CN_VIV,MUNICIPIO30611,No,Si,,30611,Regla 2 coherente para validaciones implementadas.
GPA-001__R2-003__R1-001__0962,GPA-001__R2-003__R1-001,02_inputs_xml_flat/GPA-001__R2-003__R1-001__0962.xml,PASS,INFO,R1.D01=SI;R1.D02=SI;R2.D01=SI;R2.D02=NO;R2.D04=SI;R2.D05=SI;R2.D06=SI,MUNICIPIO_SIN_CN_VIV,MUNICIPIO30612,No,Si,,30612,Regla 2 coherente para validaciones implementadas.
GPA-001__R2-003__R1-001__0963,GPA-001__R2-003__R1-001,02_inputs_xml_flat/GPA-001__R2-003__R1-001__0963.xml,PASS,INFO,R1.D01=SI;R1.D02=SI;R2.D01=SI;R2.D02=NO;R2.D04=SI;R2.D05=SI;R2.D06=SI,MUNICIPIO_SIN_CN_VIV,MUNICIPIO30613,No,Si,,30613,Regla 2 coherente para validaciones implementadas.
GPA-001__R2-003__R1-001__0964,GPA-001__R2-003__R1-001,02_inputs_xml_flat/GPA-001__R2-003__R1-001__0964.xml,PASS,INFO,R1.D01=SI;R1.D02=SI;R2.D01=SI;R2.D02=NO;R2.D04=SI;R2.D05=SI;R2.D06=SI,MUNICIPIO_SIN_CN_VIV,MUNICIPIO30611,No,Si,,30611,Regla 2 coherente para validaciones implementadas.
GPA-001__R2-003__R1-001__0965,GPA-001__R2-003__R1-001,02_inputs_xml_flat/GPA-001__R2-003__R1-001__0965.xml,PASS,INFO,R1.D01=SI;R1.D02=SI;R2.D01=SI;R2.D02=NO;R2.D04=SI;R2.D05=SI;R2.D06=SI,MUNICIPIO_SIN_CN_VIV,MUNICIPIO30612,No,Si,,30612,Regla 2 coherente para validaciones implementadas.
GPA-001__R2-003__R1-001__0966,GPA-001__R2-003__R1-001,02_inputs_xml_flat/GPA-001__R2-003__R1-001__0966.xml,PASS,INFO,R1.D01=SI;R1.D02=SI;R2.D01=SI;R2.D02=NO;R2.D04=SI;R2.D05=SI;R2.D06=SI,MUNICIPIO_SIN_CN_VIV,MUNICIPIO30613,No,Si,,30613,Regla 2 coherente para validaciones implementadas.
GPA-001__R2-003__R1-001__0967,GPA-001__R2-003__R1-001,02_inputs_xml_flat/GPA-001__R2-003__R1-001__0967.xml,PASS,INFO,R1.D01=SI;R1.D02=SI;R2.D01=SI;R2.D02=NO;R2.D04=SI;R2.D05=SI;R2.D06=SI,MUNICIPIO_SIN_CN_VIV,MUNICIPIO30611,No,Si,,30611,Regla 2 coherente para validaciones implementadas.
GPA-001__R2-003__R1-001__0968,GPA-001__R2-003__R1-001,02_inputs_xml_flat/GPA-001__R2-003__R1-001__0968.xml,PASS,INFO,R1.D01=SI;R1.D02=SI;R2.D01=SI;R2.D02=NO;R2.D04=SI;R2.D05=SI;R2.D06=SI,MUNICIPIO_SIN_CN_VIV,MUNICIPIO30612,No,Si,,30612,Regla 2 coherente para validaciones implementadas.
GPA-001__R2-003__R1-001__0969,GPA-001__R2-003__R1-001,02_inputs_xml_flat/GPA-001__R2-003__R1-001__0969.xml,PASS,INFO,R1.D01=SI;R1.D02=SI;R2.D01=SI;R2.D02=NO;R2.D04=SI;R2.D05=SI;R2.D06=SI,MUNICIPIO_SIN_CN_VIV,MUNICIPIO30613,No,Si,,30613,Regla 2 coherente para validaciones implementadas.
GPA-001__R2-003__R1-001__0970,GPA-001__R2-003__R1-001,02_inputs_xml_flat/GPA-001__R2-003__R1-001__0970.xml,PASS,INFO,R1.D01=SI;R1.D02=SI;R2.D01=SI;R2.D02=NO;R2.D04=SI;R2.D05=SI;R2.D06=SI,MUNICIPIO_SIN_CN_VIV,MUNICIPIO30611,No,Si,,30611,Regla 2 coherente para validaciones implementadas.
GPA-001__R2-003__R1-001__0971,GPA-001__R2-003__R1-001,02_inputs_xml_flat/GPA-001__R2-003__R1-001__0971.xml,PASS,INFO,R1.D01=SI;R1.D02=SI;R2.D01=SI;R2.D02=NO;R2.D04=SI;R2.D05=SI;R2.D06=SI,MUNICIPIO_SIN_CN_VIV,MUNICIPIO30612,No,Si,,30612,Regla 2 coherente para validaciones implementadas.
GPA-001__R2-003__R1-001__0972,GPA-001__R2-003__R1-001,02_inputs_xml_flat/GPA-001__R2-003__R1-001__0972.xml,PASS,INFO,R1.D01=SI;R1.D02=SI;R2.D01=SI;R2.D02=NO;R2.D04=SI;R2.D05=SI;R2.D06=SI,MUNICIPIO_SIN_CN_VIV,MUNICIPIO30613,No,Si,,30613,Regla 2 coherente para validaciones implementadas.
GPA-001__R2-003__R1-001__0973,GPA-001__R2-003__R1-001,02_inputs_xml_flat/GPA-001__R2-003__R1-001__0973.xml,PASS,INFO,R1.D01=SI;R1.D02=SI;R2.D01=SI;R2.D02=NO;R2.D04=SI;R2.D05=SI;R2.D06=SI,MUNICIPIO_SIN_CN_VIV,MUNICIPIO30611,No,Si,,30611,Regla 2 coherente para validaciones implementadas.
GPA-001__R2-003__R1-001__0974,GPA-001__R2-003__R1-001,02_inputs_xml_flat/GPA-001__R2-003__R1-001__0974.xml,PASS,INFO,R1.D01=SI;R1.D02=SI;R2.D01=SI;R2.D02=NO;R2.D04=SI;R2.D05=SI;R2.D06=SI,MUNICIPIO_SIN_CN_VIV,MUNICIPIO30612,No,Si,,30612,Regla 2 coherente para validaciones implementadas.
GPA-001__R2-003__R1-001__0975,GPA-001__R2-003__R1-001,02_inputs_xml_flat/GPA-001__R2-003__R1-001__0975.xml,PASS,INFO,R1.D01=SI;R1.D02=SI;R2.D01=SI;R2.D02=NO;R2.D04=SI;R2.D05=SI;R2.D06=SI,MUNICIPIO_SIN_CN_VIV,MUNICIPIO30613,No,Si,,30613,Regla 2 coherente para validaciones implementadas.
GPA-001__R2-003__R1-001__0976,GPA-001__R2-003__R1-001,02_inputs_xml_flat/GPA-001__R2-003__R1-001__0976.xml,PASS,INFO,R1.D01=SI;R1.D02=SI;R2.D01=SI;R2.D02=NO;R2.D04=SI;R2.D05=SI;R2.D06=SI,MUNICIPIO_SIN_CN_VIV,MUNICIPIO30611,No,Si,,30611,Regla 2 coherente para validaciones implementadas.
GPA-001__R2-003__R1-001__0977,GPA-001__R2-003__R1-001,02_inputs_xml_flat/GPA-001__R2-003__R1-001__0977.xml,PASS,INFO,R1.D01=SI;R1.D02=SI;R2.D01=SI;R2.D02=NO;R2.D04=SI;R2.D05=SI;R2.D06=SI,MUNICIPIO_SIN_CN_VIV,MUNICIPIO30612,No,Si,,30612,Regla 2 coherente para validaciones implementadas.
GPA-001__R2-003__R1-001__0978,GPA-001__R2-003__R1-001,02_inputs_xml_flat/GPA-001__R2-003__R1-001__0978.xml,PASS,INFO,R1.D01=SI;R1.D02=SI;R2.D01=SI;R2.D02=NO;R2.D04=SI;R2.D05=SI;R2.D06=SI,MUNICIPIO_SIN_CN_VIV,MUNICIPIO30613,No,Si,,30613,Regla 2 coherente para validaciones implementadas.
GPA-001__R2-003__R1-001__0979,GPA-001__R2-003__R1-001,02_inputs_xml_flat/GPA-001__R2-003__R1-001__0979.xml,PASS,INFO,R1.D01=SI;R1.D02=SI;R2.D01=SI;R2.D02=NO;R2.D04=SI;R2.D05=SI;R2.D06=SI,MUNICIPIO_SIN_CN_VIV,MUNICIPIO30611,No,Si,,30611,Regla 2 coherente para validaciones implementadas.
GPA-001__R2-003__R1-001__0980,GPA-001__R2-003__R1-001,02_inputs_xml_flat/GPA-001__R2-003__R1-001__0980.xml,PASS,INFO,R1.D01=SI;R1.D02=SI;R2.D01=SI;R2.D02=NO;R2.D04=SI;R2.D05=SI;R2.D06=SI,MUNICIPIO_SIN_CN_VIV,MUNICIPIO30612,No,Si,,30612,Regla 2 coherente para validaciones implementadas.
GPA-001__R2-003__R1-001__0981,GPA-001__R2-003__R1-001,02_inputs_xml_flat/GPA-001__R2-003__R1-001__0981.xml,PASS,INFO,R1.D01=SI;R1.D02=SI;R2.D01=SI;R2.D02=NO;R2.D04=SI;R2.D05=SI;R2.D06=SI,MUNICIPIO_SIN_CN_VIV,MUNICIPIO30613,No,Si,,30613,Regla 2 coherente para validaciones implementadas.
GPA-001__R2-003__R1-001__0982,GPA-001__R2-003__R1-001,02_inputs_xml_flat/GPA-001__R2-003__R1-001__0982.xml,PASS,INFO,R1.D01=SI;R1.D02=SI;R2.D01=SI;R2.D02=NO;R2.D04=SI;R2.D05=SI;R2.D06=SI,MUNICIPIO_SIN_CN_VIV,MUNICIPIO30611,No,Si,,30611,Regla 2 coherente para validaciones implementadas.
GPA-001__R2-003__R1-001__0983,GPA-001__R2-003__R1-001,02_inputs_xml_flat/GPA-001__R2-003__R1-001__0983.xml,PASS,INFO,R1.D01=SI;R1.D02=SI;R2.D01=SI;R2.D02=NO;R2.D04=SI;R2.D05=SI;R2.D06=SI,MUNICIPIO_SIN_CN_VIV,MUNICIPIO30612,No,Si,,30612,Regla 2 coherente para validaciones implementadas.
GPA-001__R2-003__R1-001__0984,GPA-001__R2-003__R1-001,02_inputs_xml_flat/GPA-001__R2-003__R1-001__0984.xml,PASS,INFO,R1.D01=SI;R1.D02=SI;R2.D01=SI;R2.D02=NO;R2.D04=SI;R2.D05=SI;R2.D06=SI,MUNICIPIO_SIN_CN_VIV,MUNICIPIO30613,No,Si,,30613,Regla 2 coherente para validaciones implementadas.
GPA-001__R2-003__R1-001__0985,GPA-001__R2-003__R1-001,02_inputs_xml_flat/GPA-001__R2-003__R1-001__0985.xml,PASS,INFO,R1.D01=SI;R1.D02=SI;R2.D01=SI;R2.D02=NO;R2.D04=SI;R2.D05=SI;R2.D06=SI,MUNICIPIO_SIN_CN_VIV,MUNICIPIO30611,No,Si,,30611,Regla 2 coherente para validaciones implementadas.
GPA-001__R2-003__R1-001__0986,GPA-001__R2-003__R1-001,02_inputs_xml_flat/GPA-001__R2-003__R1-001__0986.xml,PASS,INFO,R1.D01=SI;R1.D02=SI;R2.D01=SI;R2.D02=NO;R2.D04=SI;R2.D05=SI;R2.D06=SI,MUNICIPIO_SIN_CN_VIV,MUNICIPIO30612,No,Si,,30612,Regla 2 coherente para validaciones implementadas.
GPA-001__R2-003__R1-001__0987,GPA-001__R2-003__R1-001,02_inputs_xml_flat/GPA-001__R2-003__R1-001__0987.xml,PASS,INFO,R1.D01=SI;R1.D02=SI;R2.D01=SI;R2.D02=NO;R2.D04=SI;R2.D05=SI;R2.D06=SI,MUNICIPIO_SIN_CN_VIV,MUNICIPIO30613,No,Si,,30613,Regla 2 coherente para validaciones implementadas.
GPA-001__R2-003__R1-001__0988,GPA-001__R2-003__R1-001,02_inputs_xml_flat/GPA-001__R2-003__R1-001__0988.xml,PASS,INFO,R1.D01=SI;R1.D02=SI;R2.D01=SI;R2.D02=NO;R2.D04=SI;R2.D05=SI;R2.D06=SI,MUNICIPIO_SIN_CN_VIV,MUNICIPIO30611,No,Si,,30611,Regla 2 coherente para validaciones implementadas.
GPA-001__R2-003__R1-001__0989,GPA-001__R2-003__R1-001,02_inputs_xml_flat/GPA-001__R2-003__R1-001__0989.xml,PASS,INFO,R1.D01=SI;R1.D02=SI;R2.D01=SI;R2.D02=NO;R2.D04=SI;R2.D05=SI;R2.D06=SI,MUNICIPIO_SIN_CN_VIV,MUNICIPIO30612,No,Si,,30612,Regla 2 coherente para validaciones implementadas.
GPA-001__R2-003__R1-001__0990,GPA-001__R2-003__R1-001,02_inputs_xml_flat/GPA-001__R2-003__R1-001__0990.xml,PASS,INFO,R1.D01=SI;R1.D02=SI;R2.D01=SI;R2.D02=NO;R2.D04=SI;R2.D05=SI;R2.D06=SI,MUNICIPIO_SIN_CN_VIV,MUNICIPIO30613,No,Si,,30613,Regla 2 coherente para validaciones implementadas.
GPA-001__R2-003__R1-001__0991,GPA-001__R2-003__R1-001,02_inputs_xml_flat/GPA-001__R2-003__R1-001__0991.xml,PASS,INFO,R1.D01=SI;R1.D02=SI;R2.D01=SI;R2.D02=NO;R2.D04=SI;R2.D05=SI;R2.D06=SI,MUNICIPIO_SIN_CN_VIV,MUNICIPIO30611,No,Si,,30611,Regla 2 coherente para validaciones implementadas.
GPA-001__R2-003__R1-001__0992,GPA-001__R2-003__R1-001,02_inputs_xml_flat/GPA-001__R2-003__R1-001__0992.xml,PASS,INFO,R1.D01=SI;R1.D02=SI;R2.D01=SI;R2.D02=NO;R2.D04=SI;R2.D05=SI;R2.D06=SI,MUNICIPIO_SIN_CN_VIV,MUNICIPIO30612,No,Si,,30612,Regla 2 coherente para validaciones implementadas.
GPA-001__R2-003__R1-001__0993,GPA-001__R2-003__R1-001,02_inputs_xml_flat/GPA-001__R2-003__R1-001__0993.xml,PASS,INFO,R1.D01=SI;R1.D02=SI;R2.D01=SI;R2.D02=NO;R2.D04=SI;R2.D05=SI;R2.D06=SI,MUNICIPIO_SIN_CN_VIV,MUNICIPIO30613,No,Si,,30613,Regla 2 coherente para validaciones implementadas.
GPA-001__R2-003__R1-001__0994,GPA-001__R2-003__R1-001,02_inputs_xml_flat/GPA-001__R2-003__R1-001__0994.xml,PASS,INFO,R1.D01=SI;R1.D02=SI;R2.D01=SI;R2.D02=NO;R2.D04=SI;R2.D05=SI;R2.D06=SI,MUNICIPIO_SIN_CN_VIV,MUNICIPIO30611,No,Si,,30611,Regla 2 coherente para validaciones implementadas.
GPA-001__R2-003__R1-001__0995,GPA-001__R2-003__R1-001,02_inputs_xml_flat/GPA-001__R2-003__R1-001__0995.xml,PASS,INFO,R1.D01=SI;R1.D02=SI;R2.D01=SI;R2.D02=NO;R2.D04=SI;R2.D05=SI;R2.D06=SI,MUNICIPIO_SIN_CN_VIV,MUNICIPIO30612,No,Si,,30612,Regla 2 coherente para validaciones implementadas.
GPA-001__R2-003__R1-001__0996,GPA-001__R2-003__R1-001,02_inputs_xml_flat/GPA-001__R2-003__R1-001__0996.xml,PASS,INFO,R1.D01=SI;R1.D02=SI;R2.D01=SI;R2.D02=NO;R2.D04=SI;R2.D05=SI;R2.D06=SI,MUNICIPIO_SIN_CN_VIV,MUNICIPIO30613,No,Si,,30613,Regla 2 coherente para validaciones implementadas.
GPA-001__R2-003__R1-001__0997,GPA-001__R2-003__R1-001,02_inputs_xml_flat/GPA-001__R2-003__R1-001__0997.xml,PASS,INFO,R1.D01=SI;R1.D02=SI;R2.D01=SI;R2.D02=NO;R2.D04=SI;R2.D05=SI;R2.D06=SI,MUNICIPIO_SIN_CN_VIV,MUNICIPIO30611,No,Si,,30611,Regla 2 coherente para validaciones implementadas.
GPA-001__R2-003__R1-001__0998,GPA-001__R2-003__R1-001,02_inputs_xml_flat/GPA-001__R2-003__R1-001__0998.xml,PASS,INFO,R1.D01=SI;R1.D02=SI;R2.D01=SI;R2.D02=NO;R2.D04=SI;R2.D05=SI;R2.D06=SI,MUNICIPIO_SIN_CN_VIV,MUNICIPIO30612,No,Si,,30612,Regla 2 coherente para validaciones implementadas.
GPA-001__R2-003__R1-001__0999,GPA-001__R2-003__R1-001,02_inputs_xml_flat/GPA-001__R2-003__R1-001__0999.xml,PASS,INFO,R1.D01=SI;R1.D02=SI;R2.D01=SI;R2.D02=NO;R2.D04=SI;R2.D05=SI;R2.D06=SI,MUNICIPIO_SIN_CN_VIV,MUNICIPIO30613,No,Si,,30613,Regla 2 coherente para validaciones implementadas.
GPA-001__R2-003__R1-001__1000,GPA-001__R2-003__R1-001,02_inputs_xml_flat/GPA-001__R2-003__R1-001__1000.xml,PASS,INFO,R1.D01=SI;R1.D02=SI;R2.D01=SI;R2.D02=NO;R2.D04=SI;R2.D05=SI;R2.D06=SI,MUNICIPIO_SIN_CN_VIV,MUNICIPIO30611,No,Si,,30611,Regla 2 coherente para validaciones implementadas.
GPA-001__R2-003__R1-002__0001,GPA-001__R2-003__R1-002,02_inputs_xml_flat/GPA-001__R2-003__R1-002__0001.xml,PASS,INFO,R1.D01=SI;R1.D02=NO;R2.D01=SI;R2.D02=NO;R2.D04=SI;R2.D05=SI;R2.D06=SI,MUNICIPIO_SIN_CN_VIV,MUNICIPIO30621,No,Si,,30621,Regla 2 coherente para validaciones implementadas.
GPA-001__R2-003__R1-002__0002,GPA-001__R2-003__R1-002,02_inputs_xml_flat/GPA-001__R2-003__R1-002__0002.xml,PASS,INFO,R1.D01=SI;R1.D02=NO;R2.D01=SI;R2.D02=NO;R2.D04=SI;R2.D05=SI;R2.D06=SI,MUNICIPIO_SIN_CN_VIV,MUNICIPIO30622,No,Si,,30622,Regla 2 coherente para validaciones implementadas.
GPA-001__R2-003__R1-002__0003,GPA-001__R2-003__R1-002,02_inputs_xml_flat/GPA-001__R2-003__R1-002__0003.xml,PASS,INFO,R1.D01=SI;R1.D02=NO;R2.D01=SI;R2.D02=NO;R2.D04=SI;R2.D05=SI;R2.D06=SI,MUNICIPIO_SIN_CN_VIV,MUNICIPIO30623,No,Si,,30623,Regla 2 coherente para validaciones implementadas.
GPA-001__R2-003__R1-002__0004,GPA-001__R2-003__R1-002,02_inputs_xml_flat/GPA-001__R2-003__R1-002__0004.xml,PASS,INFO,R1.D01=SI;R1.D02=NO;R2.D01=SI;R2.D02=NO;R2.D04=SI;R2.D05=SI;R2.D06=SI,MUNICIPIO_SIN_CN_VIV,MUNICIPIO30621,No,Si,,30621,Regla 2 coherente para validaciones implementadas.
GPA-001__R2-003__R1-002__0005,GPA-001__R2-003__R1-002,02_inputs_xml_flat/GPA-001__R2-003__R1-002__0005.xml,PASS,INFO,R1.D01=SI;R1.D02=NO;R2.D01=SI;R2.D02=NO;R2.D04=SI;R2.D05=SI;R2.D06=SI,MUNICIPIO_SIN_CN_VIV,MUNICIPIO30622,No,Si,,30622,Regla 2 coherente para validaciones implementadas.
GPA-001__R2-003__R1-002__0006,GPA-001__R2-003__R1-002,02_inputs_xml_flat/GPA-001__R2-003__R1-002__0006.xml,PASS,INFO,R1.D01=SI;R1.D02=NO;R2.D01=SI;R2.D02=NO;R2.D04=SI;R2.D05=SI;R2.D06=SI,MUNICIPIO_SIN_CN_VIV,MUNICIPIO30623,No,Si,,30623,Regla 2 coherente para validaciones implementadas.
GPA-001__R2-003__R1-002__0007,GPA-001__R2-003__R1-002,02_inputs_xml_flat/GPA-001__R2-003__R1-002__0007.xml,PASS,INFO,R1.D01=SI;R1.D02=NO;R2.D01=SI;R2.D02=NO;R2.D04=SI;R2.D05=SI;R2.D06=SI,MUNICIPIO_SIN_CN_VIV,MUNICIPIO30621,No,Si,,30621,Regla 2 coherente para validaciones implementadas.
GPA-001__R2-003__R1-002__0008,GPA-001__R2-003__R1-002,02_inputs_xml_flat/GPA-001__R2-003__R1-002__0008.xml,PASS,INFO,R1.D01=SI;R1.D02=NO;R2.D01=SI;R2.D02=NO;R2.D04=SI;R2.D05=SI;R2.D06=SI,MUNICIPIO_SIN_CN_VIV,MUNICIPIO30622,No,Si,,30622,Regla 2 coherente para validaciones implementadas.
GPA-001__R2-003__R1-002__0009,GPA-001__R2-003__R1-002,02_inputs_xml_flat/GPA-001__R2-003__R1-002__0009.xml,PASS,INFO,R1.D01=SI;R1.D02=NO;R2.D01=SI;R2.D02=NO;R2.D04=SI;R2.D05=SI;R2.D06=SI,MUNICIPIO_SIN_CN_VIV,MUNICIPIO30623,No,Si,,30623,Regla 2 coherente para validaciones implementadas.
GPA-001__R2-003__R1-002__0010,GPA-001__R2-003__R1-002,02_inputs_xml_flat/GPA-001__R2-003__R1-002__0010.xml,PASS,INFO,R1.D01=SI;R1.D02=NO;R2.D01=SI;R2.D02=NO;R2.D04=SI;R2.D05=SI;R2.D06=SI,MUNICIPIO_SIN_CN_VIV,MUNICIPIO30621,No,Si,,30621,Regla 2 coherente para validaciones implementadas.
GPA-001__R2-003__R1-002__0011,GPA-001__R2-003__R1-002,02_inputs_xml_flat/GPA-001__R2-003__R1-002__0011.xml,PASS,INFO,R1.D01=SI;R1.D02=NO;R2.D01=SI;R2.D02=NO;R2.D04=SI;R2.D05=SI;R2.D06=SI,MUNICIPIO_SIN_CN_VIV,MUNICIPIO30622,No,Si,,30622,Regla 2 coherente para validaciones implementadas.
GPA-001__R2-003__R1-002__0012,GPA-001__R2-003__R1-002,02_inputs_xml_flat/GPA-001__R2-003__R1-002__0012.xml,PASS,INFO,R1.D01=SI;R1.D02=NO;R2.D01=SI;R2.D02=NO;R2.D04=SI;R2.D05=SI;R2.D06=SI,MUNICIPIO_SIN_CN_VIV,MUNICIPIO30623,No,Si,,30623,Regla 2 coherente para validaciones implementadas.
GPA-001__R2-003__R1-002__0013,GPA-001__R2-003__R1-002,02_inputs_xml_flat/GPA-001__R2-003__R1-002__0013.xml,PASS,INFO,R1.D01=SI;R1.D02=NO;R2.D01=SI;R2.D02=NO;R2.D04=SI;R2.D05=SI;R2.D06=SI,MUNICIPIO_SIN_CN_VIV,MUNICIPIO30621,No,Si,,30621,Regla 2 coherente para validaciones implementadas.
GPA-001__R2-003__R1-002__0014,GPA-001__R2-003__R1-002,02_inputs_xml_flat/GPA-001__R2-003__R1-002__0014.xml,PASS,INFO,R1.D01=SI;R1.D02=NO;R2.D01=SI;R2.D02=NO;R2.D04=SI;R2.D05=SI;R2.D06=SI,MUNICIPIO_SIN_CN_VIV,MUNICIPIO30622,No,Si,,30622,Regla 2 coherente para validaciones implementadas.
GPA-001__R2-003__R1-002__0015,GPA-001__R2-003__R1-002,02_inputs_xml_flat/GPA-001__R2-003__R1-002__0015.xml,PASS,INFO,R1.D01=SI;R1.D02=NO;R2.D01=SI;R2.D02=NO;R2.D04=SI;R2.D05=SI;R2.D06=SI,MUNICIPIO_SIN_CN_VIV,MUNICIPIO30623,No,Si,,30623,Regla 2 coherente para validaciones implementadas.
GPA-001__R2-003__R1-002__0016,GPA-001__R2-003__R1-002,02_inputs_xml_flat/GPA-001__R2-003__R1-002__0016.xml,PASS,INFO,R1.D01=SI;R1.D02=NO;R2.D01=SI;R2.D02=NO;R2.D04=SI;R2.D05=SI;R2.D06=SI,MUNICIPIO_SIN_CN_VIV,MUNICIPIO30621,No,Si,,30621,Regla 2 coherente para validaciones implementadas.
GPA-001__R2-003__R1-002__0017,GPA-001__R2-003__R1-002,02_inputs_xml_flat/GPA-001__R2-003__R1-002__0017.xml,PASS,INFO,R1.D01=SI;R1.D02=NO;R2.D01=SI;R2.D02=NO;R2.D04=SI;R2.D05=SI;R2.D06=SI,MUNICIPIO_SIN_CN_VIV,MUNICIPIO30622,No,Si,,30622,Regla 2 coherente para validaciones implementadas.
GPA-001__R2-003__R1-002__0018,GPA-001__R2-003__R1-002,02_inputs_xml_flat/GPA-001__R2-003__R1-002__0018.xml,PASS,INFO,R1.D01=SI;R1.D02=NO;R2.D01=SI;R2.D02=NO;R2.D04=SI;R2.D05=SI;R2.D06=SI,MUNICIPIO_SIN_CN_VIV,MUNICIPIO30623,No,Si,,30623,Regla 2 coherente para validaciones implementadas.
GPA-001__R2-003__R1-002__0019,GPA-001__R2-003__R1-002,02_inputs_xml_flat/GPA-001__R2-003__R1-002__0019.xml,PASS,INFO,R1.D01=SI;R1.D02=NO;R2.D01=SI;R2.D02=NO;R2.D04=SI;R2.D05=SI;R2.D06=SI,MUNICIPIO_SIN_CN_VIV,MUNICIPIO30621,No,Si,,30621,Regla 2 coherente para validaciones implementadas.
GPA-001__R2-003__R1-002__0020,GPA-001__R2-003__R1-002,02_inputs_xml_flat/GPA-001__R2-003__R1-002__0020.xml,PASS,INFO,R1.D01=SI;R1.D02=NO;R2.D01=SI;R2.D02=NO;R2.D04=SI;R2.D05=SI;R2.D06=SI,MUNICIPIO_SIN_CN_VIV,MUNICIPIO30622,No,Si,,30622,Regla 2 coherente para validaciones implementadas.
GPA-001__R2-003__R1-002__0021,GPA-001__R2-003__R1-002,02_inputs_xml_flat/GPA-001__R2-003__R1-002__0021.xml,PASS,INFO,R1.D01=SI;R1.D02=NO;R2.D01=SI;R2.D02=NO;R2.D04=SI;R2.D05=SI;R2.D06=SI,MUNICIPIO_SIN_CN_VIV,MUNICIPIO30623,No,Si,,30623,Regla 2 coherente para validaciones implementadas.
GPA-001__R2-003__R1-002__0022,GPA-001__R2-003__R1-002,02_inputs_xml_flat/GPA-001__R2-003__R1-002__0022.xml,PASS,INFO,R1.D01=SI;R1.D02=NO;R2.D01=SI;R2.D02=NO;R2.D04=SI;R2.D05=SI;R2.D06=SI,MUNICIPIO_SIN_CN_VIV,MUNICIPIO30621,No,Si,,30621,Regla 2 coherente para validaciones implementadas.
GPA-001__R2-003__R1-002__0023,GPA-001__R2-003__R1-002,02_inputs_xml_flat/GPA-001__R2-003__R1-002__0023.xml,PASS,INFO,R1.D01=SI;R1.D02=NO;R2.D01=SI;R2.D02=NO;R2.D04=SI;R2.D05=SI;R2.D06=SI,MUNICIPIO_SIN_CN_VIV,MUNICIPIO30622,No,Si,,30622,Regla 2 coherente para validaciones implementadas.
GPA-001__R2-003__R1-002__0024,GPA-001__R2-003__R1-002,02_inputs_xml_flat/GPA-001__R2-003__R1-002__0024.xml,PASS,INFO,R1.D01=SI;R1.D02=NO;R2.D01=SI;R2.D02=NO;R2.D04=SI;R2.D05=SI;R2.D06=SI,MUNICIPIO_SIN_CN_VIV,MUNICIPIO30623,No,Si,,30623,Regla 2 coherente para validaciones implementadas.
GPA-001__R2-003__R1-002__0025,GPA-001__R2-003__R1-002,02_inputs_xml_flat/GPA-001__R2-003__R1-002__0025.xml,PASS,INFO,R1.D01=SI;R1.D02=NO;R2.D01=SI;R2.D02=NO;R2.D04=SI;R2.D05=SI;R2.D06=SI,MUNICIPIO_SIN_CN_VIV,MUNICIPIO30621,No,Si,,30621,Regla 2 coherente para validaciones implementadas.
GPA-001__R2-003__R1-002__0026,GPA-001__R2-003__R1-002,02_inputs_xml_flat/GPA-001__R2-003__R1-002__0026.xml,PASS,INFO,R1.D01=SI;R1.D02=NO;R2.D01=SI;R2.D02=NO;R2.D04=SI;R2.D05=SI;R2.D06=SI,MUNICIPIO_SIN_CN_VIV,MUNICIPIO30622,No,Si,,30622,Regla 2 coherente para validaciones implementadas.
GPA-001__R2-003__R1-002__0027,GPA-001__R2-003__R1-002,02_inputs_xml_flat/GPA-001__R2-003__R1-002__0027.xml,PASS,INFO,R1.D01=SI;R1.D02=NO;R2.D01=SI;R2.D02=NO;R2.D04=SI;R2.D05=SI;R2.D06=SI,MUNICIPIO_SIN_CN_VIV,MUNICIPIO30623,No,Si,,30623,Regla 2 coherente para validaciones implementadas.
GPA-001__R2-003__R1-002__0028,GPA-001__R2-003__R1-002,02_inputs_xml_flat/GPA-001__R2-003__R1-002__0028.xml,PASS,INFO,R1.D01=SI;R1.D02=NO;R2.D01=SI;R2.D02=NO;R2.D04=SI;R2.D05=SI;R2.D06=SI,MUNICIPIO_SIN_CN_VIV,MUNICIPIO30621,No,Si,,30621,Regla 2 coherente para validaciones implementadas.
GPA-001__R2-003__R1-002__0029,GPA-001__R2-003__R1-002,02_inputs_xml_flat/GPA-001__R2-003__R1-002__0029.xml,PASS,INFO,R1.D01=SI;R1.D02=NO;R2.D01=SI;R2.D02=NO;R2.D04=SI;R2.D05=SI;R2.D06=SI,MUNICIPIO_SIN_CN_VIV,MUNICIPIO30622,No,Si,,30622,Regla 2 coherente para validaciones implementadas.
GPA-001__R2-003__R1-002__0030,GPA-001__R2-003__R1-002,02_inputs_xml_flat/GPA-001__R2-003__R1-002__0030.xml,PASS,INFO,R1.D01=SI;R1.D02=NO;R2.D01=SI;R2.D02=NO;R2.D04=SI;R2.D05=SI;R2.D06=SI,MUNICIPIO_SIN_CN_VIV,MUNICIPIO30623,No,Si,,30623,Regla 2 coherente para validaciones implementadas.
GPA-001__R2-003__R1-002__0031,GPA-001__R2-003__R1-002,02_inputs_xml_flat/GPA-001__R2-003__R1-002__0031.xml,PASS,INFO,R1.D01=SI;R1.D02=NO;R2.D01=SI;R2.D02=NO;R2.D04=SI;R2.D05=SI;R2.D06=SI,MUNICIPIO_SIN_CN_VIV,MUNICIPIO30621,No,Si,,30621,Regla 2 coherente para validaciones implementadas.
GPA-001__R2-003__R1-002__0032,GPA-001__R2-003__R1-002,02_inputs_xml_flat/GPA-001__R2-003__R1-002__0032.xml,PASS,INFO,R1.D01=SI;R1.D02=NO;R2.D01=SI;R2.D02=NO;R2.D04=SI;R2.D05=SI;R2.D06=SI,MUNICIPIO_SIN_CN_VIV,MUNICIPIO30622,No,Si,,30622,Regla 2 coherente para validaciones implementadas.
GPA-001__R2-003__R1-002__0033,GPA-001__R2-003__R1-002,02_inputs_xml_flat/GPA-001__R2-003__R1-002__0033.xml,PASS,INFO,R1.D01=SI;R1.D02=NO;R2.D01=SI;R2.D02=NO;R2.D04=SI;R2.D05=SI;R2.D06=SI,MUNICIPIO_SIN_CN_VIV,MUNICIPIO30623,No,Si,,30623,Regla 2 coherente para validaciones implementadas.
GPA-001__R2-003__R1-002__0034,GPA-001__R2-003__R1-002,02_inputs_xml_flat/GPA-001__R2-003__R1-002__0034.xml,PASS,INFO,R1.D01=SI;R1.D02=NO;R2.D01=SI;R2.D02=NO;R2.D04=SI;R2.D05=SI;R2.D06=SI,MUNICIPIO_SIN_CN_VIV,MUNICIPIO30621,No,Si,,30621,Regla 2 coherente para validaciones implementadas.
GPA-001__R2-003__R1-002__0035,GPA-001__R2-003__R1-002,02_inputs_xml_flat/GPA-001__R2-003__R1-002__0035.xml,PASS,INFO,R1.D01=SI;R1.D02=NO;R2.D01=SI;R2.D02=NO;R2.D04=SI;R2.D05=SI;R2.D06=SI,MUNICIPIO_SIN_CN_VIV,MUNICIPIO30622,No,Si,,30622,Regla 2 coherente para validaciones implementadas.
GPA-001__R2-003__R1-002__0036,GPA-001__R2-003__R1-002,02_inputs_xml_flat/GPA-001__R2-003__R1-002__0036.xml,PASS,INFO,R1.D01=SI;R1.D02=NO;R2.D01=SI;R2.D02=NO;R2.D04=SI;R2.D05=SI;R2.D06=SI,MUNICIPIO_SIN_CN_VIV,MUNICIPIO30623,No,Si,,30623,Regla 2 coherente para validaciones implementadas.
GPA-001__R2-003__R1-002__0037,GPA-001__R2-003__R1-002,02_inputs_xml_flat/GPA-001__R2-003__R1-002__0037.xml,PASS,INFO,R1.D01=SI;R1.D02=NO;R2.D01=SI;R2.D02=NO;R2.D04=SI;R2.D05=SI;R2.D06=SI,MUNICIPIO_SIN_CN_VIV,MUNICIPIO30621,No,Si,,30621,Regla 2 coherente para validaciones implementadas.
GPA-001__R2-003__R1-002__0038,GPA-001__R2-003__R1-002,02_inputs_xml_flat/GPA-001__R2-003__R1-002__0038.xml,PASS,INFO,R1.D01=SI;R1.D02=NO;R2.D01=SI;R2.D02=NO;R2.D04=SI;R2.D05=SI;R2.D06=SI,MUNICIPIO_SIN_CN_VIV,MUNICIPIO30622,No,Si,,30622,Regla 2 coherente para validaciones implementadas.
GPA-001__R2-003__R1-002__0039,GPA-001__R2-003__R1-002,02_inputs_xml_flat/GPA-001__R2-003__R1-002__0039.xml,PASS,INFO,R1.D01=SI;R1.D02=NO;R2.D01=SI;R2.D02=NO;R2.D04=SI;R2.D05=SI;R2.D06=SI,MUNICIPIO_SIN_CN_VIV,MUNICIPIO30623,No,Si,,30623,Regla 2 coherente para validaciones implementadas.
GPA-001__R2-003__R1-002__0040,GPA-001__R2-003__R1-002,02_inputs_xml_flat/GPA-001__R2-003__R1-002__0040.xml,PASS,INFO,R1.D01=SI;R1.D02=NO;R2.D01=SI;R2.D02=NO;R2.D04=SI;R2.D05=SI;R2.D06=SI,MUNICIPIO_SIN_CN_VIV,MUNICIPIO30621,No,Si,,30621,Regla 2 coherente para validaciones implementadas.
GPA-001__R2-003__R1-002__0041,GPA-001__R2-003__R1-002,02_inputs_xml_flat/GPA-001__R2-003__R1-002__0041.xml,PASS,INFO,R1.D01=SI;R1.D02=NO;R2.D01=SI;R2.D02=NO;R2.D04=SI;R2.D05=SI;R2.D06=SI,MUNICIPIO_SIN_CN_VIV,MUNICIPIO30622,No,Si,,30622,Regla 2 coherente para validaciones implementadas.
GPA-001__R2-003__R1-002__0042,GPA-001__R2-003__R1-002,02_inputs_xml_flat/GPA-001__R2-003__R1-002__0042.xml,PASS,INFO,R1.D01=SI;R1.D02=NO;R2.D01=SI;R2.D02=NO;R2.D04=SI;R2.D05=SI;R2.D06=SI,MUNICIPIO_SIN_CN_VIV,MUNICIPIO30623,No,Si,,30623,Regla 2 coherente para validaciones implementadas.
GPA-001__R2-003__R1-002__0043,GPA-001__R2-003__R1-002,02_inputs_xml_flat/GPA-001__R2-003__R1-002__0043.xml,PASS,INFO,R1.D01=SI;R1.D02=NO;R2.D01=SI;R2.D02=NO;R2.D04=SI;R2.D05=SI;R2.D06=SI,MUNICIPIO_SIN_CN_VIV,MUNICIPIO30621,No,Si,,30621,Regla 2 coherente para validaciones implementadas.
GPA-001__R2-003__R1-002__0044,GPA-001__R2-003__R1-002,02_inputs_xml_flat/GPA-001__R2-003__R1-002__0044.xml,PASS,INFO,R1.D01=SI;R1.D02=NO;R2.D01=SI;R2.D02=NO;R2.D04=SI;R2.D05=SI;R2.D06=SI,MUNICIPIO_SIN_CN_VIV,MUNICIPIO30622,No,Si,,30622,Regla 2 coherente para validaciones implementadas.
GPA-001__R2-003__R1-002__0045,GPA-001__R2-003__R1-002,02_inputs_xml_flat/GPA-001__R2-003__R1-002__0045.xml,PASS,INFO,R1.D01=SI;R1.D02=NO;R2.D01=SI;R2.D02=NO;R2.D04=SI;R2.D05=SI;R2.D06=SI,MUNICIPIO_SIN_CN_VIV,MUNICIPIO30623,No,Si,,30623,Regla 2 coherente para validaciones implementadas.
GPA-001__R2-003__R1-002__0046,GPA-001__R2-003__R1-002,02_inputs_xml_flat/GPA-001__R2-003__R1-002__0046.xml,PASS,INFO,R1.D01=SI;R1.D02=NO;R2.D01=SI;R2.D02=NO;R2.D04=SI;R2.D05=SI;R2.D06=SI,MUNICIPIO_SIN_CN_VIV,MUNICIPIO30621,No,Si,,30621,Regla 2 coherente para validaciones implementadas.
GPA-001__R2-003__R1-002__0047,GPA-001__R2-003__R1-002,02_inputs_xml_flat/GPA-001__R2-003__R1-002__0047.xml,PASS,INFO,R1.D01=SI;R1.D02=NO;R2.D01=SI;R2.D02=NO;R2.D04=SI;R2.D05=SI;R2.D06=SI,MUNICIPIO_SIN_CN_VIV,MUNICIPIO30622,No,Si,,30622,Regla 2 coherente para validaciones implementadas.
GPA-001__R2-003__R1-002__0048,GPA-001__R2-003__R1-002,02_inputs_xml_flat/GPA-001__R2-003__R1-002__0048.xml,PASS,INFO,R1.D01=SI;R1.D02=NO;R2.D01=SI;R2.D02=NO;R2.D04=SI;R2.D05=SI;R2.D06=SI,MUNICIPIO_SIN_CN_VIV,MUNICIPIO30623,No,Si,,30623,Regla 2 coherente para validaciones implementadas.
GPA-001__R2-003__R1-002__0049,GPA-001__R2-003__R1-002,02_inputs_xml_flat/GPA-001__R2-003__R1-002__0049.xml,PASS,INFO,R1.D01=SI;R1.D02=NO;R2.D01=SI;R2.D02=NO;R2.D04=SI;R2.D05=SI;R2.D06=SI,MUNICIPIO_SIN_CN_VIV,MUNICIPIO30621,No,Si,,30621,Regla 2 coherente para validaciones implementadas.
GPA-001__R2-003__R1-002__0050,GPA-001__R2-003__R1-002,02_inputs_xml_flat/GPA-001__R2-003__R1-002__0050.xml,PASS,INFO,R1.D01=SI;R1.D02=NO;R2.D01=SI;R2.D02=NO;R2.D04=SI;R2.D05=SI;R2.D06=SI,MUNICIPIO_SIN_CN_VIV,MUNICIPIO30622,No,Si,,30622,Regla 2 coherente para validaciones implementadas.
GPA-001__R2-003__R1-002__0051,GPA-001__R2-003__R1-002,02_inputs_xml_flat/GPA-001__R2-003__R1-002__0051.xml,PASS,INFO,R1.D01=SI;R1.D02=NO;R2.D01=SI;R2.D02=NO;R2.D04=SI;R2.D05=SI;R2.D06=SI,MUNICIPIO_SIN_CN_VIV,MUNICIPIO30623,No,Si,,30623,Regla 2 coherente para validaciones implementadas.
GPA-001__R2-003__R1-002__0052,GPA-001__R2-003__R1-002,02_inputs_xml_flat/GPA-001__R2-003__R1-002__0052.xml,PASS,INFO,R1.D01=SI;R1.D02=NO;R2.D01=SI;R2.D02=NO;R2.D04=SI;R2.D05=SI;R2.D06=SI,MUNICIPIO_SIN_CN_VIV,MUNICIPIO30621,No,Si,,30621,Regla 2 coherente para validaciones implementadas.
GPA-001__R2-003__R1-002__0053,GPA-001__R2-003__R1-002,02_inputs_xml_flat/GPA-001__R2-003__R1-002__0053.xml,PASS,INFO,R1.D01=SI;R1.D02=NO;R2.D01=SI;R2.D02=NO;R2.D04=SI;R2.D05=SI;R2.D06=SI,MUNICIPIO_SIN_CN_VIV,MUNICIPIO30622,No,Si,,30622,Regla 2 coherente para validaciones implementadas.
GPA-001__R2-003__R1-002__0054,GPA-001__R2-003__R1-002,02_inputs_xml_flat/GPA-001__R2-003__R1-002__0054.xml,PASS,INFO,R1.D01=SI;R1.D02=NO;R2.D01=SI;R2.D02=NO;R2.D04=SI;R2.D05=SI;R2.D06=SI,MUNICIPIO_SIN_CN_VIV,MUNICIPIO30623,No,Si,,30623,Regla 2 coherente para validaciones implementadas.
GPA-001__R2-003__R1-002__0055,GPA-001__R2-003__R1-002,02_inputs_xml_flat/GPA-001__R2-003__R1-002__0055.xml,PASS,INFO,R1.D01=SI;R1.D02=NO;R2.D01=SI;R2.D02=NO;R2.D04=SI;R2.D05=SI;R2.D06=SI,MUNICIPIO_SIN_CN_VIV,MUNICIPIO30621,No,Si,,30621,Regla 2 coherente para validaciones implementadas.
GPA-001__R2-003__R1-002__0056,GPA-001__R2-003__R1-002,02_inputs_xml_flat/GPA-001__R2-003__R1-002__0056.xml,PASS,INFO,R1.D01=SI;R1.D02=NO;R2.D01=SI;R2.D02=NO;R2.D04=SI;R2.D05=SI;R2.D06=SI,MUNICIPIO_SIN_CN_VIV,MUNICIPIO30622,No,Si,,30622,Regla 2 coherente para validaciones implementadas.
GPA-001__R2-003__R1-002__0057,GPA-001__R2-003__R1-002,02_inputs_xml_flat/GPA-001__R2-003__R1-002__0057.xml,PASS,INFO,R1.D01=SI;R1.D02=NO;R2.D01=SI;R2.D02=NO;R2.D04=SI;R2.D05=SI;R2.D06=SI,MUNICIPIO_SIN_CN_VIV,MUNICIPIO30623,No,Si,,30623,Regla 2 coherente para validaciones implementadas.
GPA-001__R2-003__R1-002__0058,GPA-001__R2-003__R1-002,02_inputs_xml_flat/GPA-001__R2-003__R1-002__0058.xml,PASS,INFO,R1.D01=SI;R1.D02=NO;R2.D01=SI;R2.D02=NO;R2.D04=SI;R2.D05=SI;R2.D06=SI,MUNICIPIO_SIN_CN_VIV,MUNICIPIO30621,No,Si,,30621,Regla 2 coherente para validaciones implementadas.
GPA-001__R2-003__R1-002__0059,GPA-001__R2-003__R1-002,02_inputs_xml_flat/GPA-001__R2-003__R1-002__0059.xml,PASS,INFO,R1.D01=SI;R1.D02=NO;R2.D01=SI;R2.D02=NO;R2.D04=SI;R2.D05=SI;R2.D06=SI,MUNICIPIO_SIN_CN_VIV,MUNICIPIO30622,No,Si,,30622,Regla 2 coherente para validaciones implementadas.
GPA-001__R2-003__R1-002__0060,GPA-001__R2-003__R1-002,02_inputs_xml_flat/GPA-001__R2-003__R1-002__0060.xml,PASS,INFO,R1.D01=SI;R1.D02=NO;R2.D01=SI;R2.D02=NO;R2.D04=SI;R2.D05=SI;R2.D06=SI,MUNICIPIO_SIN_CN_VIV,MUNICIPIO30623,No,Si,,30623,Regla 2 coherente para validaciones implementadas.
GPA-001__R2-003__R1-002__0061,GPA-001__R2-003__R1-002,02_inputs_xml_flat/GPA-001__R2-003__R1-002__0061.xml,PASS,INFO,R1.D01=SI;R1.D02=NO;R2.D01=SI;R2.D02=NO;R2.D04=SI;R2.D05=SI;R2.D06=SI,MUNICIPIO_SIN_CN_VIV,MUNICIPIO30621,No,Si,,30621,Regla 2 coherente para validaciones implementadas.
GPA-001__R2-003__R1-002__0062,GPA-001__R2-003__R1-002,02_inputs_xml_flat/GPA-001__R2-003__R1-002__0062.xml,PASS,INFO,R1.D01=SI;R1.D02=NO;R2.D01=SI;R2.D02=NO;R2.D04=SI;R2.D05=SI;R2.D06=SI,MUNICIPIO_SIN_CN_VIV,MUNICIPIO30622,No,Si,,30622,Regla 2 coherente para validaciones implementadas.
GPA-001__R2-003__R1-002__0063,GPA-001__R2-003__R1-002,02_inputs_xml_flat/GPA-001__R2-003__R1-002__0063.xml,PASS,INFO,R1.D01=SI;R1.D02=NO;R2.D01=SI;R2.D02=NO;R2.D04=SI;R2.D05=SI;R2.D06=SI,MUNICIPIO_SIN_CN_VIV,MUNICIPIO30623,No,Si,,30623,Regla 2 coherente para validaciones implementadas.
GPA-001__R2-003__R1-002__0064,GPA-001__R2-003__R1-002,02_inputs_xml_flat/GPA-001__R2-003__R1-002__0064.xml,PASS,INFO,R1.D01=SI;R1.D02=NO;R2.D01=SI;R2.D02=NO;R2.D04=SI;R2.D05=SI;R2.D06=SI,MUNICIPIO_SIN_CN_VIV,MUNICIPIO30621,No,Si,,30621,Regla 2 coherente para validaciones implementadas.
GPA-001__R2-003__R1-002__0065,GPA-001__R2-003__R1-002,02_inputs_xml_flat/GPA-001__R2-003__R1-002__0065.xml,PASS,INFO,R1.D01=SI;R1.D02=NO;R2.D01=SI;R2.D02=NO;R2.D04=SI;R2.D05=SI;R2.D06=SI,MUNICIPIO_SIN_CN_VIV,MUNICIPIO30622,No,Si,,30622,Regla 2 coherente para validaciones implementadas.
GPA-001__R2-003__R1-002__0066,GPA-001__R2-003__R1-002,02_inputs_xml_flat/GPA-001__R2-003__R1-002__0066.xml,PASS,INFO,R1.D01=SI;R1.D02=NO;R2.D01=SI;R2.D02=NO;R2.D04=SI;R2.D05=SI;R2.D06=SI,MUNICIPIO_SIN_CN_VIV,MUNICIPIO30623,No,Si,,30623,Regla 2 coherente para validaciones implementadas.
GPA-001__R2-003__R1-002__0067,GPA-001__R2-003__R1-002,02_inputs_xml_flat/GPA-001__R2-003__R1-002__0067.xml,PASS,INFO,R1.D01=SI;R1.D02=NO;R2.D01=SI;R2.D02=NO;R2.D04=SI;R2.D05=SI;R2.D06=SI,MUNICIPIO_SIN_CN_VIV,MUNICIPIO30621,No,Si,,30621,Regla 2 coherente para validaciones implementadas.
GPA-001__R2-003__R1-002__0068,GPA-001__R2-003__R1-002,02_inputs_xml_flat/GPA-001__R2-003__R1-002__0068.xml,PASS,INFO,R1.D01=SI;R1.D02=NO;R2.D01=SI;R2.D02=NO;R2.D04=SI;R2.D05=SI;R2.D06=SI,MUNICIPIO_SIN_CN_VIV,MUNICIPIO30622,No,Si,,30622,Regla 2 coherente para validaciones implementadas.
GPA-001__R2-003__R1-002__0069,GPA-001__R2-003__R1-002,02_inputs_xml_flat/GPA-001__R2-003__R1-002__0069.xml,PASS,INFO,R1.D01=SI;R1.D02=NO;R2.D01=SI;R2.D02=NO;R2.D04=SI;R2.D05=SI;R2.D06=SI,MUNICIPIO_SIN_CN_VIV,MUNICIPIO30623,No,Si,,30623,Regla 2 coherente para validaciones implementadas.
GPA-001__R2-003__R1-002__0070,GPA-001__R2-003__R1-002,02_inputs_xml_flat/GPA-001__R2-003__R1-002__0070.xml,PASS,INFO,R1.D01=SI;R1.D02=NO;R2.D01=SI;R2.D02=NO;R2.D04=SI;R2.D05=SI;R2.D06=SI,MUNICIPIO_SIN_CN_VIV,MUNICIPIO30621,No,Si,,30621,Regla 2 coherente para validaciones implementadas.
GPA-001__R2-003__R1-002__0071,GPA-001__R2-003__R1-002,02_inputs_xml_flat/GPA-001__R2-003__R1-002__0071.xml,PASS,INFO,R1.D01=SI;R1.D02=NO;R2.D01=SI;R2.D02=NO;R2.D04=SI;R2.D05=SI;R2.D06=SI,MUNICIPIO_SIN_CN_VIV,MUNICIPIO30622,No,Si,,30622,Regla 2 coherente para validaciones implementadas.
GPA-001__R2-003__R1-002__0072,GPA-001__R2-003__R1-002,02_inputs_xml_flat/GPA-001__R2-003__R1-002__0072.xml,PASS,INFO,R1.D01=SI;R1.D02=NO;R2.D01=SI;R2.D02=NO;R2.D04=SI;R2.D05=SI;R2.D06=SI,MUNICIPIO_SIN_CN_VIV,MUNICIPIO30623,No,Si,,30623,Regla 2 coherente para validaciones implementadas.
GPA-001__R2-003__R1-002__0073,GPA-001__R2-003__R1-002,02_inputs_xml_flat/GPA-001__R2-003__R1-002__0073.xml,PASS,INFO,R1.D01=SI;R1.D02=NO;R2.D01=SI;R2.D02=NO;R2.D04=SI;R2.D05=SI;R2.D06=SI,MUNICIPIO_SIN_CN_VIV,MUNICIPIO30621,No,Si,,30621,Regla 2 coherente para validaciones implementadas.
GPA-001__R2-003__R1-002__0074,GPA-001__R2-003__R1-002,02_inputs_xml_flat/GPA-001__R2-003__R1-002__0074.xml,PASS,INFO,R1.D01=SI;R1.D02=NO;R2.D01=SI;R2.D02=NO;R2.D04=SI;R2.D05=SI;R2.D06=SI,MUNICIPIO_SIN_CN_VIV,MUNICIPIO30622,No,Si,,30622,Regla 2 coherente para validaciones implementadas.
GPA-001__R2-003__R1-002__0075,GPA-001__R2-003__R1-002,02_inputs_xml_flat/GPA-001__R2-003__R1-002__0075.xml,PASS,INFO,R1.D01=SI;R1.D02=NO;R2.D01=SI;R2.D02=NO;R2.D04=SI;R2.D05=SI;R2.D06=SI,MUNICIPIO_SIN_CN_VIV,MUNICIPIO30623,No,Si,,30623,Regla 2 coherente para validaciones implementadas.
GPA-001__R2-003__R1-002__0076,GPA-001__R2-003__R1-002,02_inputs_xml_flat/GPA-001__R2-003__R1-002__0076.xml,PASS,INFO,R1.D01=SI;R1.D02=NO;R2.D01=SI;R2.D02=NO;R2.D04=SI;R2.D05=SI;R2.D06=SI,MUNICIPIO_SIN_CN_VIV,MUNICIPIO30621,No,Si,,30621,Regla 2 coherente para validaciones implementadas.
GPA-001__R2-003__R1-002__0077,GPA-001__R2-003__R1-002,02_inputs_xml_flat/GPA-001__R2-003__R1-002__0077.xml,PASS,INFO,R1.D01=SI;R1.D02=NO;R2.D01=SI;R2.D02=NO;R2.D04=SI;R2.D05=SI;R2.D06=SI,MUNICIPIO_SIN_CN_VIV,MUNICIPIO30622,No,Si,,30622,Regla 2 coherente para validaciones implementadas.
GPA-001__R2-003__R1-002__0078,GPA-001__R2-003__R1-002,02_inputs_xml_flat/GPA-001__R2-003__R1-002__0078.xml,PASS,INFO,R1.D01=SI;R1.D02=NO;R2.D01=SI;R2.D02=NO;R2.D04=SI;R2.D05=SI;R2.D06=SI,MUNICIPIO_SIN_CN_VIV,MUNICIPIO30623,No,Si,,30623,Regla 2 coherente para validaciones implementadas.
GPA-001__R2-003__R1-002__0079,GPA-001__R2-003__R1-002,02_inputs_xml_flat/GPA-001__R2-003__R1-002__0079.xml,PASS,INFO,R1.D01=SI;R1.D02=NO;R2.D01=SI;R2.D02=NO;R2.D04=SI;R2.D05=SI;R2.D06=SI,MUNICIPIO_SIN_CN_VIV,MUNICIPIO30621,No,Si,,30621,Regla 2 coherente para validaciones implementadas.
GPA-001__R2-003__R1-002__0080,GPA-001__R2-003__R1-002,02_inputs_xml_flat/GPA-001__R2-003__R1-002__0080.xml,PASS,INFO,R1.D01=SI;R1.D02=NO;R2.D01=SI;R2.D02=NO;R2.D04=SI;R2.D05=SI;R2.D06=SI,MUNICIPIO_SIN_CN_VIV,MUNICIPIO30622,No,Si,,30622,Regla 2 coherente para validaciones implementadas.
GPA-001__R2-003__R1-002__0081,GPA-001__R2-003__R1-002,02_inputs_xml_flat/GPA-001__R2-003__R1-002__0081.xml,PASS,INFO,R1.D01=SI;R1.D02=NO;R2.D01=SI;R2.D02=NO;R2.D04=SI;R2.D05=SI;R2.D06=SI,MUNICIPIO_SIN_CN_VIV,MUNICIPIO30623,No,Si,,30623,Regla 2 coherente para validaciones implementadas.
GPA-001__R2-003__R1-002__0082,GPA-001__R2-003__R1-002,02_inputs_xml_flat/GPA-001__R2-003__R1-002__0082.xml,PASS,INFO,R1.D01=SI;R1.D02=NO;R2.D01=SI;R2.D02=NO;R2.D04=SI;R2.D05=SI;R2.D06=SI,MUNICIPIO_SIN_CN_VIV,MUNICIPIO30621,No,Si,,30621,Regla 2 coherente para validaciones implementadas.
GPA-001__R2-003__R1-002__0083,GPA-001__R2-003__R1-002,02_inputs_xml_flat/GPA-001__R2-003__R1-002__0083.xml,PASS,INFO,R1.D01=SI;R1.D02=NO;R2.D01=SI;R2.D02=NO;R2.D04=SI;R2.D05=SI;R2.D06=SI,MUNICIPIO_SIN_CN_VIV,MUNICIPIO30622,No,Si,,30622,Regla 2 coherente para validaciones implementadas.
GPA-001__R2-003__R1-002__0084,GPA-001__R2-003__R1-002,02_inputs_xml_flat/GPA-001__R2-003__R1-002__0084.xml,PASS,INFO,R1.D01=SI;R1.D02=NO;R2.D01=SI;R2.D02=NO;R2.D04=SI;R2.D05=SI;R2.D06=SI,MUNICIPIO_SIN_CN_VIV,MUNICIPIO30623,No,Si,,30623,Regla 2 coherente para validaciones implementadas.
GPA-001__R2-003__R1-002__0085,GPA-001__R2-003__R1-002,02_inputs_xml_flat/GPA-001__R2-003__R1-002__0085.xml,PASS,INFO,R1.D01=SI;R1.D02=NO;R2.D01=SI;R2.D02=NO;R2.D04=SI;R2.D05=SI;R2.D06=SI,MUNICIPIO_SIN_CN_VIV,MUNICIPIO30621,No,Si,,30621,Regla 2 coherente para validaciones implementadas.
GPA-001__R2-003__R1-002__0086,GPA-001__R2-003__R1-002,02_inputs_xml_flat/GPA-001__R2-003__R1-002__0086.xml,PASS,INFO,R1.D01=SI;R1.D02=NO;R2.D01=SI;R2.D02=NO;R2.D04=SI;R2.D05=SI;R2.D06=SI,MUNICIPIO_SIN_CN_VIV,MUNICIPIO30622,No,Si,,30622,Regla 2 coherente para validaciones implementadas.
GPA-001__R2-003__R1-002__0087,GPA-001__R2-003__R1-002,02_inputs_xml_flat/GPA-001__R2-003__R1-002__0087.xml,PASS,INFO,R1.D01=SI;R1.D02=NO;R2.D01=SI;R2.D02=NO;R2.D04=SI;R2.D05=SI;R2.D06=SI,MUNICIPIO_SIN_CN_VIV,MUNICIPIO30623,No,Si,,30623,Regla 2 coherente para validaciones implementadas.
GPA-001__R2-003__R1-002__0088,GPA-001__R2-003__R1-002,02_inputs_xml_flat/GPA-001__R2-003__R1-002__0088.xml,PASS,INFO,R1.D01=SI;R1.D02=NO;R2.D01=SI;R2.D02=NO;R2.D04=SI;R2.D05=SI;R2.D06=SI,MUNICIPIO_SIN_CN_VIV,MUNICIPIO30621,No,Si,,30621,Regla 2 coherente para validaciones implementadas.
GPA-001__R2-003__R1-002__0089,GPA-001__R2-003__R1-002,02_inputs_xml_flat/GPA-001__R2-003__R1-002__0089.xml,PASS,INFO,R1.D01=SI;R1.D02=NO;R2.D01=SI;R2.D02=NO;R2.D04=SI;R2.D05=SI;R2.D06=SI,MUNICIPIO_SIN_CN_VIV,MUNICIPIO30622,No,Si,,30622,Regla 2 coherente para validaciones implementadas.
GPA-001__R2-003__R1-002__0090,GPA-001__R2-003__R1-002,02_inputs_xml_flat/GPA-001__R2-003__R1-002__0090.xml,PASS,INFO,R1.D01=SI;R1.D02=NO;R2.D01=SI;R2.D02=NO;R2.D04=SI;R2.D05=SI;R2.D06=SI,MUNICIPIO_SIN_CN_VIV,MUNICIPIO30623,No,Si,,30623,Regla 2 coherente para validaciones implementadas.
GPA-001__R2-003__R1-002__0091,GPA-001__R2-003__R1-002,02_inputs_xml_flat/GPA-001__R2-003__R1-002__0091.xml,PASS,INFO,R1.D01=SI;R1.D02=NO;R2.D01=SI;R2.D02=NO;R2.D04=SI;R2.D05=SI;R2.D06=SI,MUNICIPIO_SIN_CN_VIV,MUNICIPIO30621,No,Si,,30621,Regla 2 coherente para validaciones implementadas.
GPA-001__R2-003__R1-002__0092,GPA-001__R2-003__R1-002,02_inputs_xml_flat/GPA-001__R2-003__R1-002__0092.xml,PASS,INFO,R1.D01=SI;R1.D02=NO;R2.D01=SI;R2.D02=NO;R2.D04=SI;R2.D05=SI;R2.D06=SI,MUNICIPIO_SIN_CN_VIV,MUNICIPIO30622,No,Si,,30622,Regla 2 coherente para validaciones implementadas.
GPA-001__R2-003__R1-002__0093,GPA-001__R2-003__R1-002,02_inputs_xml_flat/GPA-001__R2-003__R1-002__0093.xml,PASS,INFO,R1.D01=SI;R1.D02=NO;R2.D01=SI;R2.D02=NO;R2.D04=SI;R2.D05=SI;R2.D06=SI,MUNICIPIO_SIN_CN_VIV,MUNICIPIO30623,No,Si,,30623,Regla 2 coherente para validaciones implementadas.
GPA-001__R2-003__R1-002__0094,GPA-001__R2-003__R1-002,02_inputs_xml_flat/GPA-001__R2-003__R1-002__0094.xml,PASS,INFO,R1.D01=SI;R1.D02=NO;R2.D01=SI;R2.D02=NO;R2.D04=SI;R2.D05=SI;R2.D06=SI,MUNICIPIO_SIN_CN_VIV,MUNICIPIO30621,No,Si,,30621,Regla 2 coherente para validaciones implementadas.
GPA-001__R2-003__R1-002__0095,GPA-001__R2-003__R1-002,02_inputs_xml_flat/GPA-001__R2-003__R1-002__0095.xml,PASS,INFO,R1.D01=SI;R1.D02=NO;R2.D01=SI;R2.D02=NO;R2.D04=SI;R2.D05=SI;R2.D06=SI,MUNICIPIO_SIN_CN_VIV,MUNICIPIO30622,No,Si,,30622,Regla 2 coherente para validaciones implementadas.
GPA-001__R2-003__R1-002__0096,GPA-001__R2-003__R1-002,02_inputs_xml_flat/GPA-001__R2-003__R1-002__0096.xml,PASS,INFO,R1.D01=SI;R1.D02=NO;R2.D01=SI;R2.D02=NO;R2.D04=SI;R2.D05=SI;R2.D06=SI,MUNICIPIO_SIN_CN_VIV,MUNICIPIO30623,No,Si,,30623,Regla 2 coherente para validaciones implementadas.
GPA-001__R2-003__R1-002__0097,GPA-001__R2-003__R1-002,02_inputs_xml_flat/GPA-001__R2-003__R1-002__0097.xml,PASS,INFO,R1.D01=SI;R1.D02=NO;R2.D01=SI;R2.D02=NO;R2.D04=SI;R2.D05=SI;R2.D06=SI,MUNICIPIO_SIN_CN_VIV,MUNICIPIO30621,No,Si,,30621,Regla 2 coherente para validaciones implementadas.
GPA-001__R2-003__R1-002__0098,GPA-001__R2-003__R1-002,02_inputs_xml_flat/GPA-001__R2-003__R1-002__0098.xml,PASS,INFO,R1.D01=SI;R1.D02=NO;R2.D01=SI;R2.D02=NO;R2.D04=SI;R2.D05=SI;R2.D06=SI,MUNICIPIO_SIN_CN_VIV,MUNICIPIO30622,No,Si,,30622,Regla 2 coherente para validaciones implementadas.
GPA-001__R2-003__R1-002__0099,GPA-001__R2-003__R1-002,02_inputs_xml_flat/GPA-001__R2-003__R1-002__0099.xml,PASS,INFO,R1.D01=SI;R1.D02=NO;R2.D01=SI;R2.D02=NO;R2.D04=SI;R2.D05=SI;R2.D06=SI,MUNICIPIO_SIN_CN_VIV,MUNICIPIO30623,No,Si,,30623,Regla 2 coherente para validaciones implementadas.
GPA-001__R2-003__R1-002__0100,GPA-001__R2-003__R1-002,02_inputs_xml_flat/GPA-001__R2-003__R1-002__0100.xml,PASS,INFO,R1.D01=SI;R1.D02=NO;R2.D01=SI;R2.D02=NO;R2.D04=SI;R2.D05=SI;R2.D06=SI,MUNICIPIO_SIN_CN_VIV,MUNICIPIO30621,No,Si,,30621,Regla 2 coherente para validaciones implementadas.
GPA-001__R2-003__R1-002__0101,GPA-001__R2-003__R1-002,02_inputs_xml_flat/GPA-001__R2-003__R1-002__0101.xml,PASS,INFO,R1.D01=SI;R1.D02=NO;R2.D01=SI;R2.D02=NO;R2.D04=SI;R2.D05=SI;R2.D06=SI,MUNICIPIO_SIN_CN_VIV,MUNICIPIO30622,No,Si,,30622,Regla 2 coherente para validaciones implementadas.
GPA-001__R2-003__R1-002__0102,GPA-001__R2-003__R1-002,02_inputs_xml_flat/GPA-001__R2-003__R1-002__0102.xml,PASS,INFO,R1.D01=SI;R1.D02=NO;R2.D01=SI;R2.D02=NO;R2.D04=SI;R2.D05=SI;R2.D06=SI,MUNICIPIO_SIN_CN_VIV,MUNICIPIO30623,No,Si,,30623,Regla 2 coherente para validaciones implementadas.
GPA-001__R2-003__R1-002__0103,GPA-001__R2-003__R1-002,02_inputs_xml_flat/GPA-001__R2-003__R1-002__0103.xml,PASS,INFO,R1.D01=SI;R1.D02=NO;R2.D01=SI;R2.D02=NO;R2.D04=SI;R2.D05=SI;R2.D06=SI,MUNICIPIO_SIN_CN_VIV,MUNICIPIO30621,No,Si,,30621,Regla 2 coherente para validaciones implementadas.
GPA-001__R2-003__R1-002__0104,GPA-001__R2-003__R1-002,02_inputs_xml_flat/GPA-001__R2-003__R1-002__0104.xml,PASS,INFO,R1.D01=SI;R1.D02=NO;R2.D01=SI;R2.D02=NO;R2.D04=SI;R2.D05=SI;R2.D06=SI,MUNICIPIO_SIN_CN_VIV,MUNICIPIO30622,No,Si,,30622,Regla 2 coherente para validaciones implementadas.
GPA-001__R2-003__R1-002__0105,GPA-001__R2-003__R1-002,02_inputs_xml_flat/GPA-001__R2-003__R1-002__0105.xml,PASS,INFO,R1.D01=SI;R1.D02=NO;R2.D01=SI;R2.D02=NO;R2.D04=SI;R2.D05=SI;R2.D06=SI,MUNICIPIO_SIN_CN_VIV,MUNICIPIO30623,No,Si,,30623,Regla 2 coherente para validaciones implementadas.
GPA-001__R2-003__R1-002__0106,GPA-001__R2-003__R1-002,02_inputs_xml_flat/GPA-001__R2-003__R1-002__0106.xml,PASS,INFO,R1.D01=SI;R1.D02=NO;R2.D01=SI;R2.D02=NO;R2.D04=SI;R2.D05=SI;R2.D06=SI,MUNICIPIO_SIN_CN_VIV,MUNICIPIO30621,No,Si,,30621,Regla 2 coherente para validaciones implementadas.
GPA-001__R2-003__R1-002__0107,GPA-001__R2-003__R1-002,02_inputs_xml_flat/GPA-001__R2-003__R1-002__0107.xml,PASS,INFO,R1.D01=SI;R1.D02=NO;R2.D01=SI;R2.D02=NO;R2.D04=SI;R2.D05=SI;R2.D06=SI,MUNICIPIO_SIN_CN_VIV,MUNICIPIO30622,No,Si,,30622,Regla 2 coherente para validaciones implementadas.
GPA-001__R2-003__R1-002__0108,GPA-001__R2-003__R1-002,02_inputs_xml_flat/GPA-001__R2-003__R1-002__0108.xml,PASS,INFO,R1.D01=SI;R1.D02=NO;R2.D01=SI;R2.D02=NO;R2.D04=SI;R2.D05=SI;R2.D06=SI,MUNICIPIO_SIN_CN_VIV,MUNICIPIO30623,No,Si,,30623,Regla 2 coherente para validaciones implementadas.
GPA-001__R2-003__R1-002__0109,GPA-001__R2-003__R1-002,02_inputs_xml_flat/GPA-001__R2-003__R1-002__0109.xml,PASS,INFO,R1.D01=SI;R1.D02=NO;R2.D01=SI;R2.D02=NO;R2.D04=SI;R2.D05=SI;R2.D06=SI,MUNICIPIO_SIN_CN_VIV,MUNICIPIO30621,No,Si,,30621,Regla 2 coherente para validaciones implementadas.
GPA-001__R2-003__R1-002__0110,GPA-001__R2-003__R1-002,02_inputs_xml_flat/GPA-001__R2-003__R1-002__0110.xml,PASS,INFO,R1.D01=SI;R1.D02=NO;R2.D01=SI;R2.D02=NO;R2.D04=SI;R2.D05=SI;R2.D06=SI,MUNICIPIO_SIN_CN_VIV,MUNICIPIO30622,No,Si,,30622,Regla 2 coherente para validaciones implementadas.
GPA-001__R2-003__R1-002__0111,GPA-001__R2-003__R1-002,02_inputs_xml_flat/GPA-001__R2-003__R1-002__0111.xml,PASS,INFO,R1.D01=SI;R1.D02=NO;R2.D01=SI;R2.D02=NO;R2.D04=SI;R2.D05=SI;R2.D06=SI,MUNICIPIO_SIN_CN_VIV,MUNICIPIO30623,No,Si,,30623,Regla 2 coherente para validaciones implementadas.
GPA-001__R2-003__R1-002__0112,GPA-001__R2-003__R1-002,02_inputs_xml_flat/GPA-001__R2-003__R1-002__0112.xml,PASS,INFO,R1.D01=SI;R1.D02=NO;R2.D01=SI;R2.D02=NO;R2.D04=SI;R2.D05=SI;R2.D06=SI,MUNICIPIO_SIN_CN_VIV,MUNICIPIO30621,No,Si,,30621,Regla 2 coherente para validaciones implementadas.
GPA-001__R2-003__R1-002__0113,GPA-001__R2-003__R1-002,02_inputs_xml_flat/GPA-001__R2-003__R1-002__0113.xml,PASS,INFO,R1.D01=SI;R1.D02=NO;R2.D01=SI;R2.D02=NO;R2.D04=SI;R2.D05=SI;R2.D06=SI,MUNICIPIO_SIN_CN_VIV,MUNICIPIO30622,No,Si,,30622,Regla 2 coherente para validaciones implementadas.
GPA-001__R2-003__R1-002__0114,GPA-001__R2-003__R1-002,02_inputs_xml_flat/GPA-001__R2-003__R1-002__0114.xml,PASS,INFO,R1.D01=SI;R1.D02=NO;R2.D01=SI;R2.D02=NO;R2.D04=SI;R2.D05=SI;R2.D06=SI,MUNICIPIO_SIN_CN_VIV,MUNICIPIO30623,No,Si,,30623,Regla 2 coherente para validaciones implementadas.
GPA-001__R2-003__R1-002__0115,GPA-001__R2-003__R1-002,02_inputs_xml_flat/GPA-001__R2-003__R1-002__0115.xml,PASS,INFO,R1.D01=SI;R1.D02=NO;R2.D01=SI;R2.D02=NO;R2.D04=SI;R2.D05=SI;R2.D06=SI,MUNICIPIO_SIN_CN_VIV,MUNICIPIO30621,No,Si,,30621,Regla 2 coherente para validaciones implementadas.
GPA-001__R2-003__R1-002__0116,GPA-001__R2-003__R1-002,02_inputs_xml_flat/GPA-001__R2-003__R1-002__0116.xml,PASS,INFO,R1.D01=SI;R1.D02=NO;R2.D01=SI;R2.D02=NO;R2.D04=SI;R2.D05=SI;R2.D06=SI,MUNICIPIO_SIN_CN_VIV,MUNICIPIO30622,No,Si,,30622,Regla 2 coherente para validaciones implementadas.
GPA-001__R2-003__R1-002__0117,GPA-001__R2-003__R1-002,02_inputs_xml_flat/GPA-001__R2-003__R1-002__0117.xml,PASS,INFO,R1.D01=SI;R1.D02=NO;R2.D01=SI;R2.D02=NO;R2.D04=SI;R2.D05=SI;R2.D06=SI,MUNICIPIO_SIN_CN_VIV,MUNICIPIO30623,No,Si,,30623,Regla 2 coherente para validaciones implementadas.
GPA-001__R2-003__R1-002__0118,GPA-001__R2-003__R1-002,02_inputs_xml_flat/GPA-001__R2-003__R1-002__0118.xml,PASS,INFO,R1.D01=SI;R1.D02=NO;R2.D01=SI;R2.D02=NO;R2.D04=SI;R2.D05=SI;R2.D06=SI,MUNICIPIO_SIN_CN_VIV,MUNICIPIO30621,No,Si,,30621,Regla 2 coherente para validaciones implementadas.
GPA-001__R2-003__R1-002__0119,GPA-001__R2-003__R1-002,02_inputs_xml_flat/GPA-001__R2-003__R1-002__0119.xml,PASS,INFO,R1.D01=SI;R1.D02=NO;R2.D01=SI;R2.D02=NO;R2.D04=SI;R2.D05=SI;R2.D06=SI,MUNICIPIO_SIN_CN_VIV,MUNICIPIO30622,No,Si,,30622,Regla 2 coherente para validaciones implementadas.
GPA-001__R2-003__R1-002__0120,GPA-001__R2-003__R1-002,02_inputs_xml_flat/GPA-001__R2-003__R1-002__0120.xml,PASS,INFO,R1.D01=SI;R1.D02=NO;R2.D01=SI;R2.D02=NO;R2.D04=SI;R2.D05=SI;R2.D06=SI,MUNICIPIO_SIN_CN_VIV,MUNICIPIO30623,No,Si,,30623,Regla 2 coherente para validaciones implementadas.
GPA-001__R2-003__R1-002__0121,GPA-001__R2-003__R1-002,02_inputs_xml_flat/GPA-001__R2-003__R1-002__0121.xml,PASS,INFO,R1.D01=SI;R1.D02=NO;R2.D01=SI;R2.D02=NO;R2.D04=SI;R2.D05=SI;R2.D06=SI,MUNICIPIO_SIN_CN_VIV,MUNICIPIO30621,No,Si,,30621,Regla 2 coherente para validaciones implementadas.
GPA-001__R2-003__R1-002__0122,GPA-001__R2-003__R1-002,02_inputs_xml_flat/GPA-001__R2-003__R1-002__0122.xml,PASS,INFO,R1.D01=SI;R1.D02=NO;R2.D01=SI;R2.D02=NO;R2.D04=SI;R2.D05=SI;R2.D06=SI,MUNICIPIO_SIN_CN_VIV,MUNICIPIO30622,No,Si,,30622,Regla 2 coherente para validaciones implementadas.
GPA-001__R2-003__R1-002__0123,GPA-001__R2-003__R1-002,02_inputs_xml_flat/GPA-001__R2-003__R1-002__0123.xml,PASS,INFO,R1.D01=SI;R1.D02=NO;R2.D01=SI;R2.D02=NO;R2.D04=SI;R2.D05=SI;R2.D06=SI,MUNICIPIO_SIN_CN_VIV,MUNICIPIO30623,No,Si,,30623,Regla 2 coherente para validaciones implementadas.
GPA-001__R2-003__R1-002__0124,GPA-001__R2-003__R1-002,02_inputs_xml_flat/GPA-001__R2-003__R1-002__0124.xml,PASS,INFO,R1.D01=SI;R1.D02=NO;R2.D01=SI;R2.D02=NO;R2.D04=SI;R2.D05=SI;R2.D06=SI,MUNICIPIO_SIN_CN_VIV,MUNICIPIO30621,No,Si,,30621,Regla 2 coherente para validaciones implementadas.
GPA-001__R2-003__R1-002__0125,GPA-001__R2-003__R1-002,02_inputs_xml_flat/GPA-001__R2-003__R1-002__0125.xml,PASS,INFO,R1.D01=SI;R1.D02=NO;R2.D01=SI;R2.D02=NO;R2.D04=SI;R2.D05=SI;R2.D06=SI,MUNICIPIO_SIN_CN_VIV,MUNICIPIO30622,No,Si,,30622,Regla 2 coherente para validaciones implementadas.
GPA-001__R2-003__R1-002__0126,GPA-001__R2-003__R1-002,02_inputs_xml_flat/GPA-001__R2-003__R1-002__0126.xml,PASS,INFO,R1.D01=SI;R1.D02=NO;R2.D01=SI;R2.D02=NO;R2.D04=SI;R2.D05=SI;R2.D06=SI,MUNICIPIO_SIN_CN_VIV,MUNICIPIO30623,No,Si,,30623,Regla 2 coherente para validaciones implementadas.
GPA-001__R2-003__R1-002__0127,GPA-001__R2-003__R1-002,02_inputs_xml_flat/GPA-001__R2-003__R1-002__0127.xml,PASS,INFO,R1.D01=SI;R1.D02=NO;R2.D01=SI;R2.D02=NO;R2.D04=SI;R2.D05=SI;R2.D06=SI,MUNICIPIO_SIN_CN_VIV,MUNICIPIO30621,No,Si,,30621,Regla 2 coherente para validaciones implementadas.
GPA-001__R2-003__R1-002__0128,GPA-001__R2-003__R1-002,02_inputs_xml_flat/GPA-001__R2-003__R1-002__0128.xml,PASS,INFO,R1.D01=SI;R1.D02=NO;R2.D01=SI;R2.D02=NO;R2.D04=SI;R2.D05=SI;R2.D06=SI,MUNICIPIO_SIN_CN_VIV,MUNICIPIO30622,No,Si,,30622,Regla 2 coherente para validaciones implementadas.
GPA-001__R2-003__R1-002__0129,GPA-001__R2-003__R1-002,02_inputs_xml_flat/GPA-001__R2-003__R1-002__0129.xml,PASS,INFO,R1.D01=SI;R1.D02=NO;R2.D01=SI;R2.D02=NO;R2.D04=SI;R2.D05=SI;R2.D06=SI,MUNICIPIO_SIN_CN_VIV,MUNICIPIO30623,No,Si,,30623,Regla 2 coherente para validaciones implementadas.
GPA-001__R2-003__R1-002__0130,GPA-001__R2-003__R1-002,02_inputs_xml_flat/GPA-001__R2-003__R1-002__0130.xml,PASS,INFO,R1.D01=SI;R1.D02=NO;R2.D01=SI;R2.D02=NO;R2.D04=SI;R2.D05=SI;R2.D06=SI,MUNICIPIO_SIN_CN_VIV,MUNICIPIO30621,No,Si,,30621,Regla 2 coherente para validaciones implementadas.
GPA-001__R2-003__R1-002__0131,GPA-001__R2-003__R1-002,02_inputs_xml_flat/GPA-001__R2-003__R1-002__0131.xml,PASS,INFO,R1.D01=SI;R1.D02=NO;R2.D01=SI;R2.D02=NO;R2.D04=SI;R2.D05=SI;R2.D06=SI,MUNICIPIO_SIN_CN_VIV,MUNICIPIO30622,No,Si,,30622,Regla 2 coherente para validaciones implementadas.
GPA-001__R2-003__R1-002__0132,GPA-001__R2-003__R1-002,02_inputs_xml_flat/GPA-001__R2-003__R1-002__0132.xml,PASS,INFO,R1.D01=SI;R1.D02=NO;R2.D01=SI;R2.D02=NO;R2.D04=SI;R2.D05=SI;R2.D06=SI,MUNICIPIO_SIN_CN_VIV,MUNICIPIO30623,No,Si,,30623,Regla 2 coherente para validaciones implementadas.
GPA-001__R2-003__R1-002__0133,GPA-001__R2-003__R1-002,02_inputs_xml_flat/GPA-001__R2-003__R1-002__0133.xml,PASS,INFO,R1.D01=SI;R1.D02=NO;R2.D01=SI;R2.D02=NO;R2.D04=SI;R2.D05=SI;R2.D06=SI,MUNICIPIO_SIN_CN_VIV,MUNICIPIO30621,No,Si,,30621,Regla 2 coherente para validaciones implementadas.
GPA-001__R2-003__R1-002__0134,GPA-001__R2-003__R1-002,02_inputs_xml_flat/GPA-001__R2-003__R1-002__0134.xml,PASS,INFO,R1.D01=SI;R1.D02=NO;R2.D01=SI;R2.D02=NO;R2.D04=SI;R2.D05=SI;R2.D06=SI,MUNICIPIO_SIN_CN_VIV,MUNICIPIO30622,No,Si,,30622,Regla 2 coherente para validaciones implementadas.
GPA-001__R2-003__R1-002__0135,GPA-001__R2-003__R1-002,02_inputs_xml_flat/GPA-001__R2-003__R1-002__0135.xml,PASS,INFO,R1.D01=SI;R1.D02=NO;R2.D01=SI;R2.D02=NO;R2.D04=SI;R2.D05=SI;R2.D06=SI,MUNICIPIO_SIN_CN_VIV,MUNICIPIO30623,No,Si,,30623,Regla 2 coherente para validaciones implementadas.
GPA-001__R2-003__R1-002__0136,GPA-001__R2-003__R1-002,02_inputs_xml_flat/GPA-001__R2-003__R1-002__0136.xml,PASS,INFO,R1.D01=SI;R1.D02=NO;R2.D01=SI;R2.D02=NO;R2.D04=SI;R2.D05=SI;R2.D06=SI,MUNICIPIO_SIN_CN_VIV,MUNICIPIO30621,No,Si,,30621,Regla 2 coherente para validaciones implementadas.
GPA-001__R2-003__R1-002__0137,GPA-001__R2-003__R1-002,02_inputs_xml_flat/GPA-001__R2-003__R1-002__0137.xml,PASS,INFO,R1.D01=SI;R1.D02=NO;R2.D01=SI;R2.D02=NO;R2.D04=SI;R2.D05=SI;R2.D06=SI,MUNICIPIO_SIN_CN_VIV,MUNICIPIO30622,No,Si,,30622,Regla 2 coherente para validaciones implementadas.
GPA-001__R2-003__R1-002__0138,GPA-001__R2-003__R1-002,02_inputs_xml_flat/GPA-001__R2-003__R1-002__0138.xml,PASS,INFO,R1.D01=SI;R1.D02=NO;R2.D01=SI;R2.D02=NO;R2.D04=SI;R2.D05=SI;R2.D06=SI,MUNICIPIO_SIN_CN_VIV,MUNICIPIO30623,No,Si,,30623,Regla 2 coherente para validaciones implementadas.
GPA-001__R2-003__R1-002__0139,GPA-001__R2-003__R1-002,02_inputs_xml_flat/GPA-001__R2-003__R1-002__0139.xml,PASS,INFO,R1.D01=SI;R1.D02=NO;R2.D01=SI;R2.D02=NO;R2.D04=SI;R2.D05=SI;R2.D06=SI,MUNICIPIO_SIN_CN_VIV,MUNICIPIO30621,No,Si,,30621,Regla 2 coherente para validaciones implementadas.
GPA-001__R2-003__R1-002__0140,GPA-001__R2-003__R1-002,02_inputs_xml_flat/GPA-001__R2-003__R1-002__0140.xml,PASS,INFO,R1.D01=SI;R1.D02=NO;R2.D01=SI;R2.D02=NO;R2.D04=SI;R2.D05=SI;R2.D06=SI,MUNICIPIO_SIN_CN_VIV,MUNICIPIO30622,No,Si,,30622,Regla 2 coherente para validaciones implementadas.
GPA-001__R2-003__R1-002__0141,GPA-001__R2-003__R1-002,02_inputs_xml_flat/GPA-001__R2-003__R1-002__0141.xml,PASS,INFO,R1.D01=SI;R1.D02=NO;R2.D01=SI;R2.D02=NO;R2.D04=SI;R2.D05=SI;R2.D06=SI,MUNICIPIO_SIN_CN_VIV,MUNICIPIO30623,No,Si,,30623,Regla 2 coherente para validaciones implementadas.
GPA-001__R2-003__R1-002__0142,GPA-001__R2-003__R1-002,02_inputs_xml_flat/GPA-001__R2-003__R1-002__0142.xml,PASS,INFO,R1.D01=SI;R1.D02=NO;R2.D01=SI;R2.D02=NO;R2.D04=SI;R2.D05=SI;R2.D06=SI,MUNICIPIO_SIN_CN_VIV,MUNICIPIO30621,No,Si,,30621,Regla 2 coherente para validaciones implementadas.
GPA-001__R2-003__R1-002__0143,GPA-001__R2-003__R1-002,02_inputs_xml_flat/GPA-001__R2-003__R1-002__0143.xml,PASS,INFO,R1.D01=SI;R1.D02=NO;R2.D01=SI;R2.D02=NO;R2.D04=SI;R2.D05=SI;R2.D06=SI,MUNICIPIO_SIN_CN_VIV,MUNICIPIO30622,No,Si,,30622,Regla 2 coherente para validaciones implementadas.
GPA-001__R2-003__R1-002__0144,GPA-001__R2-003__R1-002,02_inputs_xml_flat/GPA-001__R2-003__R1-002__0144.xml,PASS,INFO,R1.D01=SI;R1.D02=NO;R2.D01=SI;R2.D02=NO;R2.D04=SI;R2.D05=SI;R2.D06=SI,MUNICIPIO_SIN_CN_VIV,MUNICIPIO30623,No,Si,,30623,Regla 2 coherente para validaciones implementadas.
GPA-001__R2-003__R1-002__0145,GPA-001__R2-003__R1-002,02_inputs_xml_flat/GPA-001__R2-003__R1-002__0145.xml,PASS,INFO,R1.D01=SI;R1.D02=NO;R2.D01=SI;R2.D02=NO;R2.D04=SI;R2.D05=SI;R2.D06=SI,MUNICIPIO_SIN_CN_VIV,MUNICIPIO30621,No,Si,,30621,Regla 2 coherente para validaciones implementadas.
GPA-001__R2-003__R1-002__0146,GPA-001__R2-003__R1-002,02_inputs_xml_flat/GPA-001__R2-003__R1-002__0146.xml,PASS,INFO,R1.D01=SI;R1.D02=NO;R2.D01=SI;R2.D02=NO;R2.D04=SI;R2.D05=SI;R2.D06=SI,MUNICIPIO_SIN_CN_VIV,MUNICIPIO30622,No,Si,,30622,Regla 2 coherente para validaciones implementadas.
GPA-001__R2-003__R1-002__0147,GPA-001__R2-003__R1-002,02_inputs_xml_flat/GPA-001__R2-003__R1-002__0147.xml,PASS,INFO,R1.D01=SI;R1.D02=NO;R2.D01=SI;R2.D02=NO;R2.D04=SI;R2.D05=SI;R2.D06=SI,MUNICIPIO_SIN_CN_VIV,MUNICIPIO30623,No,Si,,30623,Regla 2 coherente para validaciones implementadas.
GPA-001__R2-003__R1-002__0148,GPA-001__R2-003__R1-002,02_inputs_xml_flat/GPA-001__R2-003__R1-002__0148.xml,PASS,INFO,R1.D01=SI;R1.D02=NO;R2.D01=SI;R2.D02=NO;R2.D04=SI;R2.D05=SI;R2.D06=SI,MUNICIPIO_SIN_CN_VIV,MUNICIPIO30621,No,Si,,30621,Regla 2 coherente para validaciones implementadas.
GPA-001__R2-003__R1-002__0149,GPA-001__R2-003__R1-002,02_inputs_xml_flat/GPA-001__R2-003__R1-002__0149.xml,PASS,INFO,R1.D01=SI;R1.D02=NO;R2.D01=SI;R2.D02=NO;R2.D04=SI;R2.D05=SI;R2.D06=SI,MUNICIPIO_SIN_CN_VIV,MUNICIPIO30622,No,Si,,30622,Regla 2 coherente para validaciones implementadas.
GPA-001__R2-003__R1-002__0150,GPA-001__R2-003__R1-002,02_inputs_xml_flat/GPA-001__R2-003__R1-002__0150.xml,PASS,INFO,R1.D01=SI;R1.D02=NO;R2.D01=SI;R2.D02=NO;R2.D04=SI;R2.D05=SI;R2.D06=SI,MUNICIPIO_SIN_CN_VIV,MUNICIPIO30623,No,Si,,30623,Regla 2 coherente para validaciones implementadas.
GPA-001__R2-003__R1-002__0151,GPA-001__R2-003__R1-002,02_inputs_xml_flat/GPA-001__R2-003__R1-002__0151.xml,PASS,INFO,R1.D01=SI;R1.D02=NO;R2.D01=SI;R2.D02=NO;R2.D04=SI;R2.D05=SI;R2.D06=SI,MUNICIPIO_SIN_CN_VIV,MUNICIPIO30621,No,Si,,30621,Regla 2 coherente para validaciones implementadas.
GPA-001__R2-003__R1-002__0152,GPA-001__R2-003__R1-002,02_inputs_xml_flat/GPA-001__R2-003__R1-002__0152.xml,PASS,INFO,R1.D01=SI;R1.D02=NO;R2.D01=SI;R2.D02=NO;R2.D04=SI;R2.D05=SI;R2.D06=SI,MUNICIPIO_SIN_CN_VIV,MUNICIPIO30622,No,Si,,30622,Regla 2 coherente para validaciones implementadas.
GPA-001__R2-003__R1-002__0153,GPA-001__R2-003__R1-002,02_inputs_xml_flat/GPA-001__R2-003__R1-002__0153.xml,PASS,INFO,R1.D01=SI;R1.D02=NO;R2.D01=SI;R2.D02=NO;R2.D04=SI;R2.D05=SI;R2.D06=SI,MUNICIPIO_SIN_CN_VIV,MUNICIPIO30623,No,Si,,30623,Regla 2 coherente para validaciones implementadas.
GPA-001__R2-003__R1-002__0154,GPA-001__R2-003__R1-002,02_inputs_xml_flat/GPA-001__R2-003__R1-002__0154.xml,PASS,INFO,R1.D01=SI;R1.D02=NO;R2.D01=SI;R2.D02=NO;R2.D04=SI;R2.D05=SI;R2.D06=SI,MUNICIPIO_SIN_CN_VIV,MUNICIPIO30621,No,Si,,30621,Regla 2 coherente para validaciones implementadas.
GPA-001__R2-003__R1-002__0155,GPA-001__R2-003__R1-002,02_inputs_xml_flat/GPA-001__R2-003__R1-002__0155.xml,PASS,INFO,R1.D01=SI;R1.D02=NO;R2.D01=SI;R2.D02=NO;R2.D04=SI;R2.D05=SI;R2.D06=SI,MUNICIPIO_SIN_CN_VIV,MUNICIPIO30622,No,Si,,30622,Regla 2 coherente para validaciones implementadas.
GPA-001__R2-003__R1-002__0156,GPA-001__R2-003__R1-002,02_inputs_xml_flat/GPA-001__R2-003__R1-002__0156.xml,PASS,INFO,R1.D01=SI;R1.D02=NO;R2.D01=SI;R2.D02=NO;R2.D04=SI;R2.D05=SI;R2.D06=SI,MUNICIPIO_SIN_CN_VIV,MUNICIPIO30623,No,Si,,30623,Regla 2 coherente para validaciones implementadas.
GPA-001__R2-003__R1-002__0157,GPA-001__R2-003__R1-002,02_inputs_xml_flat/GPA-001__R2-003__R1-002__0157.xml,PASS,INFO,R1.D01=SI;R1.D02=NO;R2.D01=SI;R2.D02=NO;R2.D04=SI;R2.D05=SI;R2.D06=SI,MUNICIPIO_SIN_CN_VIV,MUNICIPIO30621,No,Si,,30621,Regla 2 coherente para validaciones implementadas.
GPA-001__R2-003__R1-002__0158,GPA-001__R2-003__R1-002,02_inputs_xml_flat/GPA-001__R2-003__R1-002__0158.xml,PASS,INFO,R1.D01=SI;R1.D02=NO;R2.D01=SI;R2.D02=NO;R2.D04=SI;R2.D05=SI;R2.D06=SI,MUNICIPIO_SIN_CN_VIV,MUNICIPIO30622,No,Si,,30622,Regla 2 coherente para validaciones implementadas.
GPA-001__R2-003__R1-002__0159,GPA-001__R2-003__R1-002,02_inputs_xml_flat/GPA-001__R2-003__R1-002__0159.xml,PASS,INFO,R1.D01=SI;R1.D02=NO;R2.D01=SI;R2.D02=NO;R2.D04=SI;R2.D05=SI;R2.D06=SI,MUNICIPIO_SIN_CN_VIV,MUNICIPIO30623,No,Si,,30623,Regla 2 coherente para validaciones implementadas.
GPA-001__R2-003__R1-002__0160,GPA-001__R2-003__R1-002,02_inputs_xml_flat/GPA-001__R2-003__R1-002__0160.xml,PASS,INFO,R1.D01=SI;R1.D02=NO;R2.D01=SI;R2.D02=NO;R2.D04=SI;R2.D05=SI;R2.D06=SI,MUNICIPIO_SIN_CN_VIV,MUNICIPIO30621,No,Si,,30621,Regla 2 coherente para validaciones implementadas.
GPA-001__R2-003__R1-002__0161,GPA-001__R2-003__R1-002,02_inputs_xml_flat/GPA-001__R2-003__R1-002__0161.xml,PASS,INFO,R1.D01=SI;R1.D02=NO;R2.D01=SI;R2.D02=NO;R2.D04=SI;R2.D05=SI;R2.D06=SI,MUNICIPIO_SIN_CN_VIV,MUNICIPIO30622,No,Si,,30622,Regla 2 coherente para validaciones implementadas.
GPA-001__R2-003__R1-002__0162,GPA-001__R2-003__R1-002,02_inputs_xml_flat/GPA-001__R2-003__R1-002__0162.xml,PASS,INFO,R1.D01=SI;R1.D02=NO;R2.D01=SI;R2.D02=NO;R2.D04=SI;R2.D05=SI;R2.D06=SI,MUNICIPIO_SIN_CN_VIV,MUNICIPIO30623,No,Si,,30623,Regla 2 coherente para validaciones implementadas.
GPA-001__R2-003__R1-002__0163,GPA-001__R2-003__R1-002,02_inputs_xml_flat/GPA-001__R2-003__R1-002__0163.xml,PASS,INFO,R1.D01=SI;R1.D02=NO;R2.D01=SI;R2.D02=NO;R2.D04=SI;R2.D05=SI;R2.D06=SI,MUNICIPIO_SIN_CN_VIV,MUNICIPIO30621,No,Si,,30621,Regla 2 coherente para validaciones implementadas.
GPA-001__R2-003__R1-002__0164,GPA-001__R2-003__R1-002,02_inputs_xml_flat/GPA-001__R2-003__R1-002__0164.xml,PASS,INFO,R1.D01=SI;R1.D02=NO;R2.D01=SI;R2.D02=NO;R2.D04=SI;R2.D05=SI;R2.D06=SI,MUNICIPIO_SIN_CN_VIV,MUNICIPIO30622,No,Si,,30622,Regla 2 coherente para validaciones implementadas.
GPA-001__R2-003__R1-002__0165,GPA-001__R2-003__R1-002,02_inputs_xml_flat/GPA-001__R2-003__R1-002__0165.xml,PASS,INFO,R1.D01=SI;R1.D02=NO;R2.D01=SI;R2.D02=NO;R2.D04=SI;R2.D05=SI;R2.D06=SI,MUNICIPIO_SIN_CN_VIV,MUNICIPIO30623,No,Si,,30623,Regla 2 coherente para validaciones implementadas.
GPA-001__R2-003__R1-002__0166,GPA-001__R2-003__R1-002,02_inputs_xml_flat/GPA-001__R2-003__R1-002__0166.xml,PASS,INFO,R1.D01=SI;R1.D02=NO;R2.D01=SI;R2.D02=NO;R2.D04=SI;R2.D05=SI;R2.D06=SI,MUNICIPIO_SIN_CN_VIV,MUNICIPIO30621,No,Si,,30621,Regla 2 coherente para validaciones implementadas.
GPA-001__R2-003__R1-002__0167,GPA-001__R2-003__R1-002,02_inputs_xml_flat/GPA-001__R2-003__R1-002__0167.xml,PASS,INFO,R1.D01=SI;R1.D02=NO;R2.D01=SI;R2.D02=NO;R2.D04=SI;R2.D05=SI;R2.D06=SI,MUNICIPIO_SIN_CN_VIV,MUNICIPIO30622,No,Si,,30622,Regla 2 coherente para validaciones implementadas.
GPA-001__R2-003__R1-002__0168,GPA-001__R2-003__R1-002,02_inputs_xml_flat/GPA-001__R2-003__R1-002__0168.xml,PASS,INFO,R1.D01=SI;R1.D02=NO;R2.D01=SI;R2.D02=NO;R2.D04=SI;R2.D05=SI;R2.D06=SI,MUNICIPIO_SIN_CN_VIV,MUNICIPIO30623,No,Si,,30623,Regla 2 coherente para validaciones implementadas.
GPA-001__R2-003__R1-002__0169,GPA-001__R2-003__R1-002,02_inputs_xml_flat/GPA-001__R2-003__R1-002__0169.xml,PASS,INFO,R1.D01=SI;R1.D02=NO;R2.D01=SI;R2.D02=NO;R2.D04=SI;R2.D05=SI;R2.D06=SI,MUNICIPIO_SIN_CN_VIV,MUNICIPIO30621,No,Si,,30621,Regla 2 coherente para validaciones implementadas.
GPA-001__R2-003__R1-002__0170,GPA-001__R2-003__R1-002,02_inputs_xml_flat/GPA-001__R2-003__R1-002__0170.xml,PASS,INFO,R1.D01=SI;R1.D02=NO;R2.D01=SI;R2.D02=NO;R2.D04=SI;R2.D05=SI;R2.D06=SI,MUNICIPIO_SIN_CN_VIV,MUNICIPIO30622,No,Si,,30622,Regla 2 coherente para validaciones implementadas.
GPA-001__R2-003__R1-002__0171,GPA-001__R2-003__R1-002,02_inputs_xml_flat/GPA-001__R2-003__R1-002__0171.xml,PASS,INFO,R1.D01=SI;R1.D02=NO;R2.D01=SI;R2.D02=NO;R2.D04=SI;R2.D05=SI;R2.D06=SI,MUNICIPIO_SIN_CN_VIV,MUNICIPIO30623,No,Si,,30623,Regla 2 coherente para validaciones implementadas.
GPA-001__R2-003__R1-002__0172,GPA-001__R2-003__R1-002,02_inputs_xml_flat/GPA-001__R2-003__R1-002__0172.xml,PASS,INFO,R1.D01=SI;R1.D02=NO;R2.D01=SI;R2.D02=NO;R2.D04=SI;R2.D05=SI;R2.D06=SI,MUNICIPIO_SIN_CN_VIV,MUNICIPIO30621,No,Si,,30621,Regla 2 coherente para validaciones implementadas.
GPA-001__R2-003__R1-002__0173,GPA-001__R2-003__R1-002,02_inputs_xml_flat/GPA-001__R2-003__R1-002__0173.xml,PASS,INFO,R1.D01=SI;R1.D02=NO;R2.D01=SI;R2.D02=NO;R2.D04=SI;R2.D05=SI;R2.D06=SI,MUNICIPIO_SIN_CN_VIV,MUNICIPIO30622,No,Si,,30622,Regla 2 coherente para validaciones implementadas.
GPA-001__R2-003__R1-002__0174,GPA-001__R2-003__R1-002,02_inputs_xml_flat/GPA-001__R2-003__R1-002__0174.xml,PASS,INFO,R1.D01=SI;R1.D02=NO;R2.D01=SI;R2.D02=NO;R2.D04=SI;R2.D05=SI;R2.D06=SI,MUNICIPIO_SIN_CN_VIV,MUNICIPIO30623,No,Si,,30623,Regla 2 coherente para validaciones implementadas.
GPA-001__R2-003__R1-002__0175,GPA-001__R2-003__R1-002,02_inputs_xml_flat/GPA-001__R2-003__R1-002__0175.xml,PASS,INFO,R1.D01=SI;R1.D02=NO;R2.D01=SI;R2.D02=NO;R2.D04=SI;R2.D05=SI;R2.D06=SI,MUNICIPIO_SIN_CN_VIV,MUNICIPIO30621,No,Si,,30621,Regla 2 coherente para validaciones implementadas.
GPA-001__R2-003__R1-002__0176,GPA-001__R2-003__R1-002,02_inputs_xml_flat/GPA-001__R2-003__R1-002__0176.xml,PASS,INFO,R1.D01=SI;R1.D02=NO;R2.D01=SI;R2.D02=NO;R2.D04=SI;R2.D05=SI;R2.D06=SI,MUNICIPIO_SIN_CN_VIV,MUNICIPIO30622,No,Si,,30622,Regla 2 coherente para validaciones implementadas.
GPA-001__R2-003__R1-002__0177,GPA-001__R2-003__R1-002,02_inputs_xml_flat/GPA-001__R2-003__R1-002__0177.xml,PASS,INFO,R1.D01=SI;R1.D02=NO;R2.D01=SI;R2.D02=NO;R2.D04=SI;R2.D05=SI;R2.D06=SI,MUNICIPIO_SIN_CN_VIV,MUNICIPIO30623,No,Si,,30623,Regla 2 coherente para validaciones implementadas.
GPA-001__R2-003__R1-002__0178,GPA-001__R2-003__R1-002,02_inputs_xml_flat/GPA-001__R2-003__R1-002__0178.xml,PASS,INFO,R1.D01=SI;R1.D02=NO;R2.D01=SI;R2.D02=NO;R2.D04=SI;R2.D05=SI;R2.D06=SI,MUNICIPIO_SIN_CN_VIV,MUNICIPIO30621,No,Si,,30621,Regla 2 coherente para validaciones implementadas.
GPA-001__R2-003__R1-002__0179,GPA-001__R2-003__R1-002,02_inputs_xml_flat/GPA-001__R2-003__R1-002__0179.xml,PASS,INFO,R1.D01=SI;R1.D02=NO;R2.D01=SI;R2.D02=NO;R2.D04=SI;R2.D05=SI;R2.D06=SI,MUNICIPIO_SIN_CN_VIV,MUNICIPIO30622,No,Si,,30622,Regla 2 coherente para validaciones implementadas.
GPA-001__R2-003__R1-002__0180,GPA-001__R2-003__R1-002,02_inputs_xml_flat/GPA-001__R2-003__R1-002__0180.xml,PASS,INFO,R1.D01=SI;R1.D02=NO;R2.D01=SI;R2.D02=NO;R2.D04=SI;R2.D05=SI;R2.D06=SI,MUNICIPIO_SIN_CN_VIV,MUNICIPIO30623,No,Si,,30623,Regla 2 coherente para validaciones implementadas.
GPA-001__R2-003__R1-002__0181,GPA-001__R2-003__R1-002,02_inputs_xml_flat/GPA-001__R2-003__R1-002__0181.xml,PASS,INFO,R1.D01=SI;R1.D02=NO;R2.D01=SI;R2.D02=NO;R2.D04=SI;R2.D05=SI;R2.D06=SI,MUNICIPIO_SIN_CN_VIV,MUNICIPIO30621,No,Si,,30621,Regla 2 coherente para validaciones implementadas.
GPA-001__R2-003__R1-002__0182,GPA-001__R2-003__R1-002,02_inputs_xml_flat/GPA-001__R2-003__R1-002__0182.xml,PASS,INFO,R1.D01=SI;R1.D02=NO;R2.D01=SI;R2.D02=NO;R2.D04=SI;R2.D05=SI;R2.D06=SI,MUNICIPIO_SIN_CN_VIV,MUNICIPIO30622,No,Si,,30622,Regla 2 coherente para validaciones implementadas.
GPA-001__R2-003__R1-002__0183,GPA-001__R2-003__R1-002,02_inputs_xml_flat/GPA-001__R2-003__R1-002__0183.xml,PASS,INFO,R1.D01=SI;R1.D02=NO;R2.D01=SI;R2.D02=NO;R2.D04=SI;R2.D05=SI;R2.D06=SI,MUNICIPIO_SIN_CN_VIV,MUNICIPIO30623,No,Si,,30623,Regla 2 coherente para validaciones implementadas.
GPA-001__R2-003__R1-002__0184,GPA-001__R2-003__R1-002,02_inputs_xml_flat/GPA-001__R2-003__R1-002__0184.xml,PASS,INFO,R1.D01=SI;R1.D02=NO;R2.D01=SI;R2.D02=NO;R2.D04=SI;R2.D05=SI;R2.D06=SI,MUNICIPIO_SIN_CN_VIV,MUNICIPIO30621,No,Si,,30621,Regla 2 coherente para validaciones implementadas.
GPA-001__R2-003__R1-002__0185,GPA-001__R2-003__R1-002,02_inputs_xml_flat/GPA-001__R2-003__R1-002__0185.xml,PASS,INFO,R1.D01=SI;R1.D02=NO;R2.D01=SI;R2.D02=NO;R2.D04=SI;R2.D05=SI;R2.D06=SI,MUNICIPIO_SIN_CN_VIV,MUNICIPIO30622,No,Si,,30622,Regla 2 coherente para validaciones implementadas.
GPA-001__R2-003__R1-002__0186,GPA-001__R2-003__R1-002,02_inputs_xml_flat/GPA-001__R2-003__R1-002__0186.xml,PASS,INFO,R1.D01=SI;R1.D02=NO;R2.D01=SI;R2.D02=NO;R2.D04=SI;R2.D05=SI;R2.D06=SI,MUNICIPIO_SIN_CN_VIV,MUNICIPIO30623,No,Si,,30623,Regla 2 coherente para validaciones implementadas.
GPA-001__R2-003__R1-002__0187,GPA-001__R2-003__R1-002,02_inputs_xml_flat/GPA-001__R2-003__R1-002__0187.xml,PASS,INFO,R1.D01=SI;R1.D02=NO;R2.D01=SI;R2.D02=NO;R2.D04=SI;R2.D05=SI;R2.D06=SI,MUNICIPIO_SIN_CN_VIV,MUNICIPIO30621,No,Si,,30621,Regla 2 coherente para validaciones implementadas.
GPA-001__R2-003__R1-002__0188,GPA-001__R2-003__R1-002,02_inputs_xml_flat/GPA-001__R2-003__R1-002__0188.xml,PASS,INFO,R1.D01=SI;R1.D02=NO;R2.D01=SI;R2.D02=NO;R2.D04=SI;R2.D05=SI;R2.D06=SI,MUNICIPIO_SIN_CN_VIV,MUNICIPIO30622,No,Si,,30622,Regla 2 coherente para validaciones implementadas.
GPA-001__R2-003__R1-002__0189,GPA-001__R2-003__R1-002,02_inputs_xml_flat/GPA-001__R2-003__R1-002__0189.xml,PASS,INFO,R1.D01=SI;R1.D02=NO;R2.D01=SI;R2.D02=NO;R2.D04=SI;R2.D05=SI;R2.D06=SI,MUNICIPIO_SIN_CN_VIV,MUNICIPIO30623,No,Si,,30623,Regla 2 coherente para validaciones implementadas.
GPA-001__R2-003__R1-002__0190,GPA-001__R2-003__R1-002,02_inputs_xml_flat/GPA-001__R2-003__R1-002__0190.xml,PASS,INFO,R1.D01=SI;R1.D02=NO;R2.D01=SI;R2.D02=NO;R2.D04=SI;R2.D05=SI;R2.D06=SI,MUNICIPIO_SIN_CN_VIV,MUNICIPIO30621,No,Si,,30621,Regla 2 coherente para validaciones implementadas.
GPA-001__R2-003__R1-002__0191,GPA-001__R2-003__R1-002,02_inputs_xml_flat/GPA-001__R2-003__R1-002__0191.xml,PASS,INFO,R1.D01=SI;R1.D02=NO;R2.D01=SI;R2.D02=NO;R2.D04=SI;R2.D05=SI;R2.D06=SI,MUNICIPIO_SIN_CN_VIV,MUNICIPIO30622,No,Si,,30622,Regla 2 coherente para validaciones implementadas.
GPA-001__R2-003__R1-002__0192,GPA-001__R2-003__R1-002,02_inputs_xml_flat/GPA-001__R2-003__R1-002__0192.xml,PASS,INFO,R1.D01=SI;R1.D02=NO;R2.D01=SI;R2.D02=NO;R2.D04=SI;R2.D05=SI;R2.D06=SI,MUNICIPIO_SIN_CN_VIV,MUNICIPIO30623,No,Si,,30623,Regla 2 coherente para validaciones implementadas.
GPA-001__R2-003__R1-002__0193,GPA-001__R2-003__R1-002,02_inputs_xml_flat/GPA-001__R2-003__R1-002__0193.xml,PASS,INFO,R1.D01=SI;R1.D02=NO;R2.D01=SI;R2.D02=NO;R2.D04=SI;R2.D05=SI;R2.D06=SI,MUNICIPIO_SIN_CN_VIV,MUNICIPIO30621,No,Si,,30621,Regla 2 coherente para validaciones implementadas.
GPA-001__R2-003__R1-002__0194,GPA-001__R2-003__R1-002,02_inputs_xml_flat/GPA-001__R2-003__R1-002__0194.xml,PASS,INFO,R1.D01=SI;R1.D02=NO;R2.D01=SI;R2.D02=NO;R2.D04=SI;R2.D05=SI;R2.D06=SI,MUNICIPIO_SIN_CN_VIV,MUNICIPIO30622,No,Si,,30622,Regla 2 coherente para validaciones implementadas.
GPA-001__R2-003__R1-002__0195,GPA-001__R2-003__R1-002,02_inputs_xml_flat/GPA-001__R2-003__R1-002__0195.xml,PASS,INFO,R1.D01=SI;R1.D02=NO;R2.D01=SI;R2.D02=NO;R2.D04=SI;R2.D05=SI;R2.D06=SI,MUNICIPIO_SIN_CN_VIV,MUNICIPIO30623,No,Si,,30623,Regla 2 coherente para validaciones implementadas.
GPA-001__R2-003__R1-002__0196,GPA-001__R2-003__R1-002,02_inputs_xml_flat/GPA-001__R2-003__R1-002__0196.xml,PASS,INFO,R1.D01=SI;R1.D02=NO;R2.D01=SI;R2.D02=NO;R2.D04=SI;R2.D05=SI;R2.D06=SI,MUNICIPIO_SIN_CN_VIV,MUNICIPIO30621,No,Si,,30621,Regla 2 coherente para validaciones implementadas.
GPA-001__R2-003__R1-002__0197,GPA-001__R2-003__R1-002,02_inputs_xml_flat/GPA-001__R2-003__R1-002__0197.xml,PASS,INFO,R1.D01=SI;R1.D02=NO;R2.D01=SI;R2.D02=NO;R2.D04=SI;R2.D05=SI;R2.D06=SI,MUNICIPIO_SIN_CN_VIV,MUNICIPIO30622,No,Si,,30622,Regla 2 coherente para validaciones implementadas.
GPA-001__R2-003__R1-002__0198,GPA-001__R2-003__R1-002,02_inputs_xml_flat/GPA-001__R2-003__R1-002__0198.xml,PASS,INFO,R1.D01=SI;R1.D02=NO;R2.D01=SI;R2.D02=NO;R2.D04=SI;R2.D05=SI;R2.D06=SI,MUNICIPIO_SIN_CN_VIV,MUNICIPIO30623,No,Si,,30623,Regla 2 coherente para validaciones implementadas.
GPA-001__R2-003__R1-002__0199,GPA-001__R2-003__R1-002,02_inputs_xml_flat/GPA-001__R2-003__R1-002__0199.xml,PASS,INFO,R1.D01=SI;R1.D02=NO;R2.D01=SI;R2.D02=NO;R2.D04=SI;R2.D05=SI;R2.D06=SI,MUNICIPIO_SIN_CN_VIV,MUNICIPIO30621,No,Si,,30621,Regla 2 coherente para validaciones implementadas.
GPA-001__R2-003__R1-002__0200,GPA-001__R2-003__R1-002,02_inputs_xml_flat/GPA-001__R2-003__R1-002__0200.xml,PASS,INFO,R1.D01=SI;R1.D02=NO;R2.D01=SI;R2.D02=NO;R2.D04=SI;R2.D05=SI;R2.D06=SI,MUNICIPIO_SIN_CN_VIV,MUNICIPIO30622,No,Si,,30622,Regla 2 coherente para validaciones implementadas.
GPA-001__R2-003__R1-002__0201,GPA-001__R2-003__R1-002,02_inputs_xml_flat/GPA-001__R2-003__R1-002__0201.xml,PASS,INFO,R1.D01=SI;R1.D02=NO;R2.D01=SI;R2.D02=NO;R2.D04=SI;R2.D05=SI;R2.D06=SI,MUNICIPIO_SIN_CN_VIV,MUNICIPIO30623,No,Si,,30623,Regla 2 coherente para validaciones implementadas.
GPA-001__R2-003__R1-002__0202,GPA-001__R2-003__R1-002,02_inputs_xml_flat/GPA-001__R2-003__R1-002__0202.xml,PASS,INFO,R1.D01=SI;R1.D02=NO;R2.D01=SI;R2.D02=NO;R2.D04=SI;R2.D05=SI;R2.D06=SI,MUNICIPIO_SIN_CN_VIV,MUNICIPIO30621,No,Si,,30621,Regla 2 coherente para validaciones implementadas.
GPA-001__R2-003__R1-002__0203,GPA-001__R2-003__R1-002,02_inputs_xml_flat/GPA-001__R2-003__R1-002__0203.xml,PASS,INFO,R1.D01=SI;R1.D02=NO;R2.D01=SI;R2.D02=NO;R2.D04=SI;R2.D05=SI;R2.D06=SI,MUNICIPIO_SIN_CN_VIV,MUNICIPIO30622,No,Si,,30622,Regla 2 coherente para validaciones implementadas.
GPA-001__R2-003__R1-002__0204,GPA-001__R2-003__R1-002,02_inputs_xml_flat/GPA-001__R2-003__R1-002__0204.xml,PASS,INFO,R1.D01=SI;R1.D02=NO;R2.D01=SI;R2.D02=NO;R2.D04=SI;R2.D05=SI;R2.D06=SI,MUNICIPIO_SIN_CN_VIV,MUNICIPIO30623,No,Si,,30623,Regla 2 coherente para validaciones implementadas.
GPA-001__R2-003__R1-002__0205,GPA-001__R2-003__R1-002,02_inputs_xml_flat/GPA-001__R2-003__R1-002__0205.xml,PASS,INFO,R1.D01=SI;R1.D02=NO;R2.D01=SI;R2.D02=NO;R2.D04=SI;R2.D05=SI;R2.D06=SI,MUNICIPIO_SIN_CN_VIV,MUNICIPIO30621,No,Si,,30621,Regla 2 coherente para validaciones implementadas.
GPA-001__R2-003__R1-002__0206,GPA-001__R2-003__R1-002,02_inputs_xml_flat/GPA-001__R2-003__R1-002__0206.xml,PASS,INFO,R1.D01=SI;R1.D02=NO;R2.D01=SI;R2.D02=NO;R2.D04=SI;R2.D05=SI;R2.D06=SI,MUNICIPIO_SIN_CN_VIV,MUNICIPIO30622,No,Si,,30622,Regla 2 coherente para validaciones implementadas.
GPA-001__R2-003__R1-002__0207,GPA-001__R2-003__R1-002,02_inputs_xml_flat/GPA-001__R2-003__R1-002__0207.xml,PASS,INFO,R1.D01=SI;R1.D02=NO;R2.D01=SI;R2.D02=NO;R2.D04=SI;R2.D05=SI;R2.D06=SI,MUNICIPIO_SIN_CN_VIV,MUNICIPIO30623,No,Si,,30623,Regla 2 coherente para validaciones implementadas.
GPA-001__R2-003__R1-002__0208,GPA-001__R2-003__R1-002,02_inputs_xml_flat/GPA-001__R2-003__R1-002__0208.xml,PASS,INFO,R1.D01=SI;R1.D02=NO;R2.D01=SI;R2.D02=NO;R2.D04=SI;R2.D05=SI;R2.D06=SI,MUNICIPIO_SIN_CN_VIV,MUNICIPIO30621,No,Si,,30621,Regla 2 coherente para validaciones implementadas.
GPA-001__R2-003__R1-002__0209,GPA-001__R2-003__R1-002,02_inputs_xml_flat/GPA-001__R2-003__R1-002__0209.xml,PASS,INFO,R1.D01=SI;R1.D02=NO;R2.D01=SI;R2.D02=NO;R2.D04=SI;R2.D05=SI;R2.D06=SI,MUNICIPIO_SIN_CN_VIV,MUNICIPIO30622,No,Si,,30622,Regla 2 coherente para validaciones implementadas.
GPA-001__R2-003__R1-002__0210,GPA-001__R2-003__R1-002,02_inputs_xml_flat/GPA-001__R2-003__R1-002__0210.xml,PASS,INFO,R1.D01=SI;R1.D02=NO;R2.D01=SI;R2.D02=NO;R2.D04=SI;R2.D05=SI;R2.D06=SI,MUNICIPIO_SIN_CN_VIV,MUNICIPIO30623,No,Si,,30623,Regla 2 coherente para validaciones implementadas.
GPA-001__R2-003__R1-002__0211,GPA-001__R2-003__R1-002,02_inputs_xml_flat/GPA-001__R2-003__R1-002__0211.xml,PASS,INFO,R1.D01=SI;R1.D02=NO;R2.D01=SI;R2.D02=NO;R2.D04=SI;R2.D05=SI;R2.D06=SI,MUNICIPIO_SIN_CN_VIV,MUNICIPIO30621,No,Si,,30621,Regla 2 coherente para validaciones implementadas.
GPA-001__R2-003__R1-002__0212,GPA-001__R2-003__R1-002,02_inputs_xml_flat/GPA-001__R2-003__R1-002__0212.xml,PASS,INFO,R1.D01=SI;R1.D02=NO;R2.D01=SI;R2.D02=NO;R2.D04=SI;R2.D05=SI;R2.D06=SI,MUNICIPIO_SIN_CN_VIV,MUNICIPIO30622,No,Si,,30622,Regla 2 coherente para validaciones implementadas.
GPA-001__R2-003__R1-002__0213,GPA-001__R2-003__R1-002,02_inputs_xml_flat/GPA-001__R2-003__R1-002__0213.xml,PASS,INFO,R1.D01=SI;R1.D02=NO;R2.D01=SI;R2.D02=NO;R2.D04=SI;R2.D05=SI;R2.D06=SI,MUNICIPIO_SIN_CN_VIV,MUNICIPIO30623,No,Si,,30623,Regla 2 coherente para validaciones implementadas.
GPA-001__R2-003__R1-002__0214,GPA-001__R2-003__R1-002,02_inputs_xml_flat/GPA-001__R2-003__R1-002__0214.xml,PASS,INFO,R1.D01=SI;R1.D02=NO;R2.D01=SI;R2.D02=NO;R2.D04=SI;R2.D05=SI;R2.D06=SI,MUNICIPIO_SIN_CN_VIV,MUNICIPIO30621,No,Si,,30621,Regla 2 coherente para validaciones implementadas.
GPA-001__R2-003__R1-002__0215,GPA-001__R2-003__R1-002,02_inputs_xml_flat/GPA-001__R2-003__R1-002__0215.xml,PASS,INFO,R1.D01=SI;R1.D02=NO;R2.D01=SI;R2.D02=NO;R2.D04=SI;R2.D05=SI;R2.D06=SI,MUNICIPIO_SIN_CN_VIV,MUNICIPIO30622,No,Si,,30622,Regla 2 coherente para validaciones implementadas.
GPA-001__R2-003__R1-002__0216,GPA-001__R2-003__R1-002,02_inputs_xml_flat/GPA-001__R2-003__R1-002__0216.xml,PASS,INFO,R1.D01=SI;R1.D02=NO;R2.D01=SI;R2.D02=NO;R2.D04=SI;R2.D05=SI;R2.D06=SI,MUNICIPIO_SIN_CN_VIV,MUNICIPIO30623,No,Si,,30623,Regla 2 coherente para validaciones implementadas.
GPA-001__R2-003__R1-002__0217,GPA-001__R2-003__R1-002,02_inputs_xml_flat/GPA-001__R2-003__R1-002__0217.xml,PASS,INFO,R1.D01=SI;R1.D02=NO;R2.D01=SI;R2.D02=NO;R2.D04=SI;R2.D05=SI;R2.D06=SI,MUNICIPIO_SIN_CN_VIV,MUNICIPIO30621,No,Si,,30621,Regla 2 coherente para validaciones implementadas.
GPA-001__R2-003__R1-002__0218,GPA-001__R2-003__R1-002,02_inputs_xml_flat/GPA-001__R2-003__R1-002__0218.xml,PASS,INFO,R1.D01=SI;R1.D02=NO;R2.D01=SI;R2.D02=NO;R2.D04=SI;R2.D05=SI;R2.D06=SI,MUNICIPIO_SIN_CN_VIV,MUNICIPIO30622,No,Si,,30622,Regla 2 coherente para validaciones implementadas.
GPA-001__R2-003__R1-002__0219,GPA-001__R2-003__R1-002,02_inputs_xml_flat/GPA-001__R2-003__R1-002__0219.xml,PASS,INFO,R1.D01=SI;R1.D02=NO;R2.D01=SI;R2.D02=NO;R2.D04=SI;R2.D05=SI;R2.D06=SI,MUNICIPIO_SIN_CN_VIV,MUNICIPIO30623,No,Si,,30623,Regla 2 coherente para validaciones implementadas.
GPA-001__R2-003__R1-002__0220,GPA-001__R2-003__R1-002,02_inputs_xml_flat/GPA-001__R2-003__R1-002__0220.xml,PASS,INFO,R1.D01=SI;R1.D02=NO;R2.D01=SI;R2.D02=NO;R2.D04=SI;R2.D05=SI;R2.D06=SI,MUNICIPIO_SIN_CN_VIV,MUNICIPIO30621,No,Si,,30621,Regla 2 coherente para validaciones implementadas.
GPA-001__R2-003__R1-002__0221,GPA-001__R2-003__R1-002,02_inputs_xml_flat/GPA-001__R2-003__R1-002__0221.xml,PASS,INFO,R1.D01=SI;R1.D02=NO;R2.D01=SI;R2.D02=NO;R2.D04=SI;R2.D05=SI;R2.D06=SI,MUNICIPIO_SIN_CN_VIV,MUNICIPIO30622,No,Si,,30622,Regla 2 coherente para validaciones implementadas.
GPA-001__R2-003__R1-002__0222,GPA-001__R2-003__R1-002,02_inputs_xml_flat/GPA-001__R2-003__R1-002__0222.xml,PASS,INFO,R1.D01=SI;R1.D02=NO;R2.D01=SI;R2.D02=NO;R2.D04=SI;R2.D05=SI;R2.D06=SI,MUNICIPIO_SIN_CN_VIV,MUNICIPIO30623,No,Si,,30623,Regla 2 coherente para validaciones implementadas.
GPA-001__R2-003__R1-002__0223,GPA-001__R2-003__R1-002,02_inputs_xml_flat/GPA-001__R2-003__R1-002__0223.xml,PASS,INFO,R1.D01=SI;R1.D02=NO;R2.D01=SI;R2.D02=NO;R2.D04=SI;R2.D05=SI;R2.D06=SI,MUNICIPIO_SIN_CN_VIV,MUNICIPIO30621,No,Si,,30621,Regla 2 coherente para validaciones implementadas.
GPA-001__R2-003__R1-002__0224,GPA-001__R2-003__R1-002,02_inputs_xml_flat/GPA-001__R2-003__R1-002__0224.xml,PASS,INFO,R1.D01=SI;R1.D02=NO;R2.D01=SI;R2.D02=NO;R2.D04=SI;R2.D05=SI;R2.D06=SI,MUNICIPIO_SIN_CN_VIV,MUNICIPIO30622,No,Si,,30622,Regla 2 coherente para validaciones implementadas.
GPA-001__R2-003__R1-002__0225,GPA-001__R2-003__R1-002,02_inputs_xml_flat/GPA-001__R2-003__R1-002__0225.xml,PASS,INFO,R1.D01=SI;R1.D02=NO;R2.D01=SI;R2.D02=NO;R2.D04=SI;R2.D05=SI;R2.D06=SI,MUNICIPIO_SIN_CN_VIV,MUNICIPIO30623,No,Si,,30623,Regla 2 coherente para validaciones implementadas.
GPA-001__R2-003__R1-002__0226,GPA-001__R2-003__R1-002,02_inputs_xml_flat/GPA-001__R2-003__R1-002__0226.xml,PASS,INFO,R1.D01=SI;R1.D02=NO;R2.D01=SI;R2.D02=NO;R2.D04=SI;R2.D05=SI;R2.D06=SI,MUNICIPIO_SIN_CN_VIV,MUNICIPIO30621,No,Si,,30621,Regla 2 coherente para validaciones implementadas.
GPA-001__R2-003__R1-002__0227,GPA-001__R2-003__R1-002,02_inputs_xml_flat/GPA-001__R2-003__R1-002__0227.xml,PASS,INFO,R1.D01=SI;R1.D02=NO;R2.D01=SI;R2.D02=NO;R2.D04=SI;R2.D05=SI;R2.D06=SI,MUNICIPIO_SIN_CN_VIV,MUNICIPIO30622,No,Si,,30622,Regla 2 coherente para validaciones implementadas.
GPA-001__R2-003__R1-002__0228,GPA-001__R2-003__R1-002,02_inputs_xml_flat/GPA-001__R2-003__R1-002__0228.xml,PASS,INFO,R1.D01=SI;R1.D02=NO;R2.D01=SI;R2.D02=NO;R2.D04=SI;R2.D05=SI;R2.D06=SI,MUNICIPIO_SIN_CN_VIV,MUNICIPIO30623,No,Si,,30623,Regla 2 coherente para validaciones implementadas.
GPA-001__R2-003__R1-002__0229,GPA-001__R2-003__R1-002,02_inputs_xml_flat/GPA-001__R2-003__R1-002__0229.xml,PASS,INFO,R1.D01=SI;R1.D02=NO;R2.D01=SI;R2.D02=NO;R2.D04=SI;R2.D05=SI;R2.D06=SI,MUNICIPIO_SIN_CN_VIV,MUNICIPIO30621,No,Si,,30621,Regla 2 coherente para validaciones implementadas.
GPA-001__R2-003__R1-002__0230,GPA-001__R2-003__R1-002,02_inputs_xml_flat/GPA-001__R2-003__R1-002__0230.xml,PASS,INFO,R1.D01=SI;R1.D02=NO;R2.D01=SI;R2.D02=NO;R2.D04=SI;R2.D05=SI;R2.D06=SI,MUNICIPIO_SIN_CN_VIV,MUNICIPIO30622,No,Si,,30622,Regla 2 coherente para validaciones implementadas.
GPA-001__R2-003__R1-002__0231,GPA-001__R2-003__R1-002,02_inputs_xml_flat/GPA-001__R2-003__R1-002__0231.xml,PASS,INFO,R1.D01=SI;R1.D02=NO;R2.D01=SI;R2.D02=NO;R2.D04=SI;R2.D05=SI;R2.D06=SI,MUNICIPIO_SIN_CN_VIV,MUNICIPIO30623,No,Si,,30623,Regla 2 coherente para validaciones implementadas.
GPA-001__R2-003__R1-002__0232,GPA-001__R2-003__R1-002,02_inputs_xml_flat/GPA-001__R2-003__R1-002__0232.xml,PASS,INFO,R1.D01=SI;R1.D02=NO;R2.D01=SI;R2.D02=NO;R2.D04=SI;R2.D05=SI;R2.D06=SI,MUNICIPIO_SIN_CN_VIV,MUNICIPIO30621,No,Si,,30621,Regla 2 coherente para validaciones implementadas.
GPA-001__R2-003__R1-002__0233,GPA-001__R2-003__R1-002,02_inputs_xml_flat/GPA-001__R2-003__R1-002__0233.xml,PASS,INFO,R1.D01=SI;R1.D02=NO;R2.D01=SI;R2.D02=NO;R2.D04=SI;R2.D05=SI;R2.D06=SI,MUNICIPIO_SIN_CN_VIV,MUNICIPIO30622,No,Si,,30622,Regla 2 coherente para validaciones implementadas.
GPA-001__R2-003__R1-002__0234,GPA-001__R2-003__R1-002,02_inputs_xml_flat/GPA-001__R2-003__R1-002__0234.xml,PASS,INFO,R1.D01=SI;R1.D02=NO;R2.D01=SI;R2.D02=NO;R2.D04=SI;R2.D05=SI;R2.D06=SI,MUNICIPIO_SIN_CN_VIV,MUNICIPIO30623,No,Si,,30623,Regla 2 coherente para validaciones implementadas.
GPA-001__R2-003__R1-002__0235,GPA-001__R2-003__R1-002,02_inputs_xml_flat/GPA-001__R2-003__R1-002__0235.xml,PASS,INFO,R1.D01=SI;R1.D02=NO;R2.D01=SI;R2.D02=NO;R2.D04=SI;R2.D05=SI;R2.D06=SI,MUNICIPIO_SIN_CN_VIV,MUNICIPIO30621,No,Si,,30621,Regla 2 coherente para validaciones implementadas.
GPA-001__R2-003__R1-002__0236,GPA-001__R2-003__R1-002,02_inputs_xml_flat/GPA-001__R2-003__R1-002__0236.xml,PASS,INFO,R1.D01=SI;R1.D02=NO;R2.D01=SI;R2.D02=NO;R2.D04=SI;R2.D05=SI;R2.D06=SI,MUNICIPIO_SIN_CN_VIV,MUNICIPIO30622,No,Si,,30622,Regla 2 coherente para validaciones implementadas.
GPA-001__R2-003__R1-002__0237,GPA-001__R2-003__R1-002,02_inputs_xml_flat/GPA-001__R2-003__R1-002__0237.xml,PASS,INFO,R1.D01=SI;R1.D02=NO;R2.D01=SI;R2.D02=NO;R2.D04=SI;R2.D05=SI;R2.D06=SI,MUNICIPIO_SIN_CN_VIV,MUNICIPIO30623,No,Si,,30623,Regla 2 coherente para validaciones implementadas.
GPA-001__R2-003__R1-002__0238,GPA-001__R2-003__R1-002,02_inputs_xml_flat/GPA-001__R2-003__R1-002__0238.xml,PASS,INFO,R1.D01=SI;R1.D02=NO;R2.D01=SI;R2.D02=NO;R2.D04=SI;R2.D05=SI;R2.D06=SI,MUNICIPIO_SIN_CN_VIV,MUNICIPIO30621,No,Si,,30621,Regla 2 coherente para validaciones implementadas.
GPA-001__R2-003__R1-002__0239,GPA-001__R2-003__R1-002,02_inputs_xml_flat/GPA-001__R2-003__R1-002__0239.xml,PASS,INFO,R1.D01=SI;R1.D02=NO;R2.D01=SI;R2.D02=NO;R2.D04=SI;R2.D05=SI;R2.D06=SI,MUNICIPIO_SIN_CN_VIV,MUNICIPIO30622,No,Si,,30622,Regla 2 coherente para validaciones implementadas.
GPA-001__R2-003__R1-002__0240,GPA-001__R2-003__R1-002,02_inputs_xml_flat/GPA-001__R2-003__R1-002__0240.xml,PASS,INFO,R1.D01=SI;R1.D02=NO;R2.D01=SI;R2.D02=NO;R2.D04=SI;R2.D05=SI;R2.D06=SI,MUNICIPIO_SIN_CN_VIV,MUNICIPIO30623,No,Si,,30623,Regla 2 coherente para validaciones implementadas.
GPA-001__R2-003__R1-002__0241,GPA-001__R2-003__R1-002,02_inputs_xml_flat/GPA-001__R2-003__R1-002__0241.xml,PASS,INFO,R1.D01=SI;R1.D02=NO;R2.D01=SI;R2.D02=NO;R2.D04=SI;R2.D05=SI;R2.D06=SI,MUNICIPIO_SIN_CN_VIV,MUNICIPIO30621,No,Si,,30621,Regla 2 coherente para validaciones implementadas.
GPA-001__R2-003__R1-002__0242,GPA-001__R2-003__R1-002,02_inputs_xml_flat/GPA-001__R2-003__R1-002__0242.xml,PASS,INFO,R1.D01=SI;R1.D02=NO;R2.D01=SI;R2.D02=NO;R2.D04=SI;R2.D05=SI;R2.D06=SI,MUNICIPIO_SIN_CN_VIV,MUNICIPIO30622,No,Si,,30622,Regla 2 coherente para validaciones implementadas.
GPA-001__R2-003__R1-002__0243,GPA-001__R2-003__R1-002,02_inputs_xml_flat/GPA-001__R2-003__R1-002__0243.xml,PASS,INFO,R1.D01=SI;R1.D02=NO;R2.D01=SI;R2.D02=NO;R2.D04=SI;R2.D05=SI;R2.D06=SI,MUNICIPIO_SIN_CN_VIV,MUNICIPIO30623,No,Si,,30623,Regla 2 coherente para validaciones implementadas.
GPA-001__R2-003__R1-002__0244,GPA-001__R2-003__R1-002,02_inputs_xml_flat/GPA-001__R2-003__R1-002__0244.xml,PASS,INFO,R1.D01=SI;R1.D02=NO;R2.D01=SI;R2.D02=NO;R2.D04=SI;R2.D05=SI;R2.D06=SI,MUNICIPIO_SIN_CN_VIV,MUNICIPIO30621,No,Si,,30621,Regla 2 coherente para validaciones implementadas.
GPA-001__R2-003__R1-002__0245,GPA-001__R2-003__R1-002,02_inputs_xml_flat/GPA-001__R2-003__R1-002__0245.xml,PASS,INFO,R1.D01=SI;R1.D02=NO;R2.D01=SI;R2.D02=NO;R2.D04=SI;R2.D05=SI;R2.D06=SI,MUNICIPIO_SIN_CN_VIV,MUNICIPIO30622,No,Si,,30622,Regla 2 coherente para validaciones implementadas.
GPA-001__R2-003__R1-002__0246,GPA-001__R2-003__R1-002,02_inputs_xml_flat/GPA-001__R2-003__R1-002__0246.xml,PASS,INFO,R1.D01=SI;R1.D02=NO;R2.D01=SI;R2.D02=NO;R2.D04=SI;R2.D05=SI;R2.D06=SI,MUNICIPIO_SIN_CN_VIV,MUNICIPIO30623,No,Si,,30623,Regla 2 coherente para validaciones implementadas.
GPA-001__R2-003__R1-002__0247,GPA-001__R2-003__R1-002,02_inputs_xml_flat/GPA-001__R2-003__R1-002__0247.xml,PASS,INFO,R1.D01=SI;R1.D02=NO;R2.D01=SI;R2.D02=NO;R2.D04=SI;R2.D05=SI;R2.D06=SI,MUNICIPIO_SIN_CN_VIV,MUNICIPIO30621,No,Si,,30621,Regla 2 coherente para validaciones implementadas.
GPA-001__R2-003__R1-002__0248,GPA-001__R2-003__R1-002,02_inputs_xml_flat/GPA-001__R2-003__R1-002__0248.xml,PASS,INFO,R1.D01=SI;R1.D02=NO;R2.D01=SI;R2.D02=NO;R2.D04=SI;R2.D05=SI;R2.D06=SI,MUNICIPIO_SIN_CN_VIV,MUNICIPIO30622,No,Si,,30622,Regla 2 coherente para validaciones implementadas.
GPA-001__R2-003__R1-002__0249,GPA-001__R2-003__R1-002,02_inputs_xml_flat/GPA-001__R2-003__R1-002__0249.xml,PASS,INFO,R1.D01=SI;R1.D02=NO;R2.D01=SI;R2.D02=NO;R2.D04=SI;R2.D05=SI;R2.D06=SI,MUNICIPIO_SIN_CN_VIV,MUNICIPIO30623,No,Si,,30623,Regla 2 coherente para validaciones implementadas.
GPA-001__R2-003__R1-002__0250,GPA-001__R2-003__R1-002,02_inputs_xml_flat/GPA-001__R2-003__R1-002__0250.xml,PASS,INFO,R1.D01=SI;R1.D02=NO;R2.D01=SI;R2.D02=NO;R2.D04=SI;R2.D05=SI;R2.D06=SI,MUNICIPIO_SIN_CN_VIV,MUNICIPIO30621,No,Si,,30621,Regla 2 coherente para validaciones implementadas.
GPA-001__R2-003__R1-002__0251,GPA-001__R2-003__R1-002,02_inputs_xml_flat/GPA-001__R2-003__R1-002__0251.xml,PASS,INFO,R1.D01=SI;R1.D02=NO;R2.D01=SI;R2.D02=NO;R2.D04=SI;R2.D05=SI;R2.D06=SI,MUNICIPIO_SIN_CN_VIV,MUNICIPIO30622,No,Si,,30622,Regla 2 coherente para validaciones implementadas.
GPA-001__R2-003__R1-002__0252,GPA-001__R2-003__R1-002,02_inputs_xml_flat/GPA-001__R2-003__R1-002__0252.xml,PASS,INFO,R1.D01=SI;R1.D02=NO;R2.D01=SI;R2.D02=NO;R2.D04=SI;R2.D05=SI;R2.D06=SI,MUNICIPIO_SIN_CN_VIV,MUNICIPIO30623,No,Si,,30623,Regla 2 coherente para validaciones implementadas.
GPA-001__R2-003__R1-002__0253,GPA-001__R2-003__R1-002,02_inputs_xml_flat/GPA-001__R2-003__R1-002__0253.xml,PASS,INFO,R1.D01=SI;R1.D02=NO;R2.D01=SI;R2.D02=NO;R2.D04=SI;R2.D05=SI;R2.D06=SI,MUNICIPIO_SIN_CN_VIV,MUNICIPIO30621,No,Si,,30621,Regla 2 coherente para validaciones implementadas.
GPA-001__R2-003__R1-002__0254,GPA-001__R2-003__R1-002,02_inputs_xml_flat/GPA-001__R2-003__R1-002__0254.xml,PASS,INFO,R1.D01=SI;R1.D02=NO;R2.D01=SI;R2.D02=NO;R2.D04=SI;R2.D05=SI;R2.D06=SI,MUNICIPIO_SIN_CN_VIV,MUNICIPIO30622,No,Si,,30622,Regla 2 coherente para validaciones implementadas.
GPA-001__R2-003__R1-002__0255,GPA-001__R2-003__R1-002,02_inputs_xml_flat/GPA-001__R2-003__R1-002__0255.xml,PASS,INFO,R1.D01=SI;R1.D02=NO;R2.D01=SI;R2.D02=NO;R2.D04=SI;R2.D05=SI;R2.D06=SI,MUNICIPIO_SIN_CN_VIV,MUNICIPIO30623,No,Si,,30623,Regla 2 coherente para validaciones implementadas.
GPA-001__R2-003__R1-002__0256,GPA-001__R2-003__R1-002,02_inputs_xml_flat/GPA-001__R2-003__R1-002__0256.xml,PASS,INFO,R1.D01=SI;R1.D02=NO;R2.D01=SI;R2.D02=NO;R2.D04=SI;R2.D05=SI;R2.D06=SI,MUNICIPIO_SIN_CN_VIV,MUNICIPIO30621,No,Si,,30621,Regla 2 coherente para validaciones implementadas.
GPA-001__R2-003__R1-002__0257,GPA-001__R2-003__R1-002,02_inputs_xml_flat/GPA-001__R2-003__R1-002__0257.xml,PASS,INFO,R1.D01=SI;R1.D02=NO;R2.D01=SI;R2.D02=NO;R2.D04=SI;R2.D05=SI;R2.D06=SI,MUNICIPIO_SIN_CN_VIV,MUNICIPIO30622,No,Si,,30622,Regla 2 coherente para validaciones implementadas.
GPA-001__R2-003__R1-002__0258,GPA-001__R2-003__R1-002,02_inputs_xml_flat/GPA-001__R2-003__R1-002__0258.xml,PASS,INFO,R1.D01=SI;R1.D02=NO;R2.D01=SI;R2.D02=NO;R2.D04=SI;R2.D05=SI;R2.D06=SI,MUNICIPIO_SIN_CN_VIV,MUNICIPIO30623,No,Si,,30623,Regla 2 coherente para validaciones implementadas.
GPA-001__R2-003__R1-002__0259,GPA-001__R2-003__R1-002,02_inputs_xml_flat/GPA-001__R2-003__R1-002__0259.xml,PASS,INFO,R1.D01=SI;R1.D02=NO;R2.D01=SI;R2.D02=NO;R2.D04=SI;R2.D05=SI;R2.D06=SI,MUNICIPIO_SIN_CN_VIV,MUNICIPIO30621,No,Si,,30621,Regla 2 coherente para validaciones implementadas.
GPA-001__R2-003__R1-002__0260,GPA-001__R2-003__R1-002,02_inputs_xml_flat/GPA-001__R2-003__R1-002__0260.xml,PASS,INFO,R1.D01=SI;R1.D02=NO;R2.D01=SI;R2.D02=NO;R2.D04=SI;R2.D05=SI;R2.D06=SI,MUNICIPIO_SIN_CN_VIV,MUNICIPIO30622,No,Si,,30622,Regla 2 coherente para validaciones implementadas.
GPA-001__R2-003__R1-002__0261,GPA-001__R2-003__R1-002,02_inputs_xml_flat/GPA-001__R2-003__R1-002__0261.xml,PASS,INFO,R1.D01=SI;R1.D02=NO;R2.D01=SI;R2.D02=NO;R2.D04=SI;R2.D05=SI;R2.D06=SI,MUNICIPIO_SIN_CN_VIV,MUNICIPIO30623,No,Si,,30623,Regla 2 coherente para validaciones implementadas.
GPA-001__R2-003__R1-002__0262,GPA-001__R2-003__R1-002,02_inputs_xml_flat/GPA-001__R2-003__R1-002__0262.xml,PASS,INFO,R1.D01=SI;R1.D02=NO;R2.D01=SI;R2.D02=NO;R2.D04=SI;R2.D05=SI;R2.D06=SI,MUNICIPIO_SIN_CN_VIV,MUNICIPIO30621,No,Si,,30621,Regla 2 coherente para validaciones implementadas.
GPA-001__R2-003__R1-002__0263,GPA-001__R2-003__R1-002,02_inputs_xml_flat/GPA-001__R2-003__R1-002__0263.xml,PASS,INFO,R1.D01=SI;R1.D02=NO;R2.D01=SI;R2.D02=NO;R2.D04=SI;R2.D05=SI;R2.D06=SI,MUNICIPIO_SIN_CN_VIV,MUNICIPIO30622,No,Si,,30622,Regla 2 coherente para validaciones implementadas.
GPA-001__R2-003__R1-002__0264,GPA-001__R2-003__R1-002,02_inputs_xml_flat/GPA-001__R2-003__R1-002__0264.xml,PASS,INFO,R1.D01=SI;R1.D02=NO;R2.D01=SI;R2.D02=NO;R2.D04=SI;R2.D05=SI;R2.D06=SI,MUNICIPIO_SIN_CN_VIV,MUNICIPIO30623,No,Si,,30623,Regla 2 coherente para validaciones implementadas.
GPA-001__R2-003__R1-002__0265,GPA-001__R2-003__R1-002,02_inputs_xml_flat/GPA-001__R2-003__R1-002__0265.xml,PASS,INFO,R1.D01=SI;R1.D02=NO;R2.D01=SI;R2.D02=NO;R2.D04=SI;R2.D05=SI;R2.D06=SI,MUNICIPIO_SIN_CN_VIV,MUNICIPIO30621,No,Si,,30621,Regla 2 coherente para validaciones implementadas.
GPA-001__R2-003__R1-002__0266,GPA-001__R2-003__R1-002,02_inputs_xml_flat/GPA-001__R2-003__R1-002__0266.xml,PASS,INFO,R1.D01=SI;R1.D02=NO;R2.D01=SI;R2.D02=NO;R2.D04=SI;R2.D05=SI;R2.D06=SI,MUNICIPIO_SIN_CN_VIV,MUNICIPIO30622,No,Si,,30622,Regla 2 coherente para validaciones implementadas.
GPA-001__R2-003__R1-002__0267,GPA-001__R2-003__R1-002,02_inputs_xml_flat/GPA-001__R2-003__R1-002__0267.xml,PASS,INFO,R1.D01=SI;R1.D02=NO;R2.D01=SI;R2.D02=NO;R2.D04=SI;R2.D05=SI;R2.D06=SI,MUNICIPIO_SIN_CN_VIV,MUNICIPIO30623,No,Si,,30623,Regla 2 coherente para validaciones implementadas.
GPA-001__R2-003__R1-002__0268,GPA-001__R2-003__R1-002,02_inputs_xml_flat/GPA-001__R2-003__R1-002__0268.xml,PASS,INFO,R1.D01=SI;R1.D02=NO;R2.D01=SI;R2.D02=NO;R2.D04=SI;R2.D05=SI;R2.D06=SI,MUNICIPIO_SIN_CN_VIV,MUNICIPIO30621,No,Si,,30621,Regla 2 coherente para validaciones implementadas.
GPA-001__R2-003__R1-002__0269,GPA-001__R2-003__R1-002,02_inputs_xml_flat/GPA-001__R2-003__R1-002__0269.xml,PASS,INFO,R1.D01=SI;R1.D02=NO;R2.D01=SI;R2.D02=NO;R2.D04=SI;R2.D05=SI;R2.D06=SI,MUNICIPIO_SIN_CN_VIV,MUNICIPIO30622,No,Si,,30622,Regla 2 coherente para validaciones implementadas.
GPA-001__R2-003__R1-002__0270,GPA-001__R2-003__R1-002,02_inputs_xml_flat/GPA-001__R2-003__R1-002__0270.xml,PASS,INFO,R1.D01=SI;R1.D02=NO;R2.D01=SI;R2.D02=NO;R2.D04=SI;R2.D05=SI;R2.D06=SI,MUNICIPIO_SIN_CN_VIV,MUNICIPIO30623,No,Si,,30623,Regla 2 coherente para validaciones implementadas.
GPA-001__R2-003__R1-002__0271,GPA-001__R2-003__R1-002,02_inputs_xml_flat/GPA-001__R2-003__R1-002__0271.xml,PASS,INFO,R1.D01=SI;R1.D02=NO;R2.D01=SI;R2.D02=NO;R2.D04=SI;R2.D05=SI;R2.D06=SI,MUNICIPIO_SIN_CN_VIV,MUNICIPIO30621,No,Si,,30621,Regla 2 coherente para validaciones implementadas.
GPA-001__R2-003__R1-002__0272,GPA-001__R2-003__R1-002,02_inputs_xml_flat/GPA-001__R2-003__R1-002__0272.xml,PASS,INFO,R1.D01=SI;R1.D02=NO;R2.D01=SI;R2.D02=NO;R2.D04=SI;R2.D05=SI;R2.D06=SI,MUNICIPIO_SIN_CN_VIV,MUNICIPIO30622,No,Si,,30622,Regla 2 coherente para validaciones implementadas.
GPA-001__R2-003__R1-002__0273,GPA-001__R2-003__R1-002,02_inputs_xml_flat/GPA-001__R2-003__R1-002__0273.xml,PASS,INFO,R1.D01=SI;R1.D02=NO;R2.D01=SI;R2.D02=NO;R2.D04=SI;R2.D05=SI;R2.D06=SI,MUNICIPIO_SIN_CN_VIV,MUNICIPIO30623,No,Si,,30623,Regla 2 coherente para validaciones implementadas.
GPA-001__R2-003__R1-002__0274,GPA-001__R2-003__R1-002,02_inputs_xml_flat/GPA-001__R2-003__R1-002__0274.xml,PASS,INFO,R1.D01=SI;R1.D02=NO;R2.D01=SI;R2.D02=NO;R2.D04=SI;R2.D05=SI;R2.D06=SI,MUNICIPIO_SIN_CN_VIV,MUNICIPIO30621,No,Si,,30621,Regla 2 coherente para validaciones implementadas.
GPA-001__R2-003__R1-002__0275,GPA-001__R2-003__R1-002,02_inputs_xml_flat/GPA-001__R2-003__R1-002__0275.xml,PASS,INFO,R1.D01=SI;R1.D02=NO;R2.D01=SI;R2.D02=NO;R2.D04=SI;R2.D05=SI;R2.D06=SI,MUNICIPIO_SIN_CN_VIV,MUNICIPIO30622,No,Si,,30622,Regla 2 coherente para validaciones implementadas.
GPA-001__R2-003__R1-002__0276,GPA-001__R2-003__R1-002,02_inputs_xml_flat/GPA-001__R2-003__R1-002__0276.xml,PASS,INFO,R1.D01=SI;R1.D02=NO;R2.D01=SI;R2.D02=NO;R2.D04=SI;R2.D05=SI;R2.D06=SI,MUNICIPIO_SIN_CN_VIV,MUNICIPIO30623,No,Si,,30623,Regla 2 coherente para validaciones implementadas.
GPA-001__R2-003__R1-002__0277,GPA-001__R2-003__R1-002,02_inputs_xml_flat/GPA-001__R2-003__R1-002__0277.xml,PASS,INFO,R1.D01=SI;R1.D02=NO;R2.D01=SI;R2.D02=NO;R2.D04=SI;R2.D05=SI;R2.D06=SI,MUNICIPIO_SIN_CN_VIV,MUNICIPIO30621,No,Si,,30621,Regla 2 coherente para validaciones implementadas.
GPA-001__R2-003__R1-002__0278,GPA-001__R2-003__R1-002,02_inputs_xml_flat/GPA-001__R2-003__R1-002__0278.xml,PASS,INFO,R1.D01=SI;R1.D02=NO;R2.D01=SI;R2.D02=NO;R2.D04=SI;R2.D05=SI;R2.D06=SI,MUNICIPIO_SIN_CN_VIV,MUNICIPIO30622,No,Si,,30622,Regla 2 coherente para validaciones implementadas.
GPA-001__R2-003__R1-002__0279,GPA-001__R2-003__R1-002,02_inputs_xml_flat/GPA-001__R2-003__R1-002__0279.xml,PASS,INFO,R1.D01=SI;R1.D02=NO;R2.D01=SI;R2.D02=NO;R2.D04=SI;R2.D05=SI;R2.D06=SI,MUNICIPIO_SIN_CN_VIV,MUNICIPIO30623,No,Si,,30623,Regla 2 coherente para validaciones implementadas.
GPA-001__R2-003__R1-002__0280,GPA-001__R2-003__R1-002,02_inputs_xml_flat/GPA-001__R2-003__R1-002__0280.xml,PASS,INFO,R1.D01=SI;R1.D02=NO;R2.D01=SI;R2.D02=NO;R2.D04=SI;R2.D05=SI;R2.D06=SI,MUNICIPIO_SIN_CN_VIV,MUNICIPIO30621,No,Si,,30621,Regla 2 coherente para validaciones implementadas.
GPA-001__R2-003__R1-002__0281,GPA-001__R2-003__R1-002,02_inputs_xml_flat/GPA-001__R2-003__R1-002__0281.xml,PASS,INFO,R1.D01=SI;R1.D02=NO;R2.D01=SI;R2.D02=NO;R2.D04=SI;R2.D05=SI;R2.D06=SI,MUNICIPIO_SIN_CN_VIV,MUNICIPIO30622,No,Si,,30622,Regla 2 coherente para validaciones implementadas.
GPA-001__R2-003__R1-002__0282,GPA-001__R2-003__R1-002,02_inputs_xml_flat/GPA-001__R2-003__R1-002__0282.xml,PASS,INFO,R1.D01=SI;R1.D02=NO;R2.D01=SI;R2.D02=NO;R2.D04=SI;R2.D05=SI;R2.D06=SI,MUNICIPIO_SIN_CN_VIV,MUNICIPIO30623,No,Si,,30623,Regla 2 coherente para validaciones implementadas.
GPA-001__R2-003__R1-002__0283,GPA-001__R2-003__R1-002,02_inputs_xml_flat/GPA-001__R2-003__R1-002__0283.xml,PASS,INFO,R1.D01=SI;R1.D02=NO;R2.D01=SI;R2.D02=NO;R2.D04=SI;R2.D05=SI;R2.D06=SI,MUNICIPIO_SIN_CN_VIV,MUNICIPIO30621,No,Si,,30621,Regla 2 coherente para validaciones implementadas.
GPA-001__R2-003__R1-002__0284,GPA-001__R2-003__R1-002,02_inputs_xml_flat/GPA-001__R2-003__R1-002__0284.xml,PASS,INFO,R1.D01=SI;R1.D02=NO;R2.D01=SI;R2.D02=NO;R2.D04=SI;R2.D05=SI;R2.D06=SI,MUNICIPIO_SIN_CN_VIV,MUNICIPIO30622,No,Si,,30622,Regla 2 coherente para validaciones implementadas.
GPA-001__R2-003__R1-002__0285,GPA-001__R2-003__R1-002,02_inputs_xml_flat/GPA-001__R2-003__R1-002__0285.xml,PASS,INFO,R1.D01=SI;R1.D02=NO;R2.D01=SI;R2.D02=NO;R2.D04=SI;R2.D05=SI;R2.D06=SI,MUNICIPIO_SIN_CN_VIV,MUNICIPIO30623,No,Si,,30623,Regla 2 coherente para validaciones implementadas.
GPA-001__R2-003__R1-002__0286,GPA-001__R2-003__R1-002,02_inputs_xml_flat/GPA-001__R2-003__R1-002__0286.xml,PASS,INFO,R1.D01=SI;R1.D02=NO;R2.D01=SI;R2.D02=NO;R2.D04=SI;R2.D05=SI;R2.D06=SI,MUNICIPIO_SIN_CN_VIV,MUNICIPIO30621,No,Si,,30621,Regla 2 coherente para validaciones implementadas.
GPA-001__R2-003__R1-002__0287,GPA-001__R2-003__R1-002,02_inputs_xml_flat/GPA-001__R2-003__R1-002__0287.xml,PASS,INFO,R1.D01=SI;R1.D02=NO;R2.D01=SI;R2.D02=NO;R2.D04=SI;R2.D05=SI;R2.D06=SI,MUNICIPIO_SIN_CN_VIV,MUNICIPIO30622,No,Si,,30622,Regla 2 coherente para validaciones implementadas.
GPA-001__R2-003__R1-002__0288,GPA-001__R2-003__R1-002,02_inputs_xml_flat/GPA-001__R2-003__R1-002__0288.xml,PASS,INFO,R1.D01=SI;R1.D02=NO;R2.D01=SI;R2.D02=NO;R2.D04=SI;R2.D05=SI;R2.D06=SI,MUNICIPIO_SIN_CN_VIV,MUNICIPIO30623,No,Si,,30623,Regla 2 coherente para validaciones implementadas.
GPA-001__R2-003__R1-002__0289,GPA-001__R2-003__R1-002,02_inputs_xml_flat/GPA-001__R2-003__R1-002__0289.xml,PASS,INFO,R1.D01=SI;R1.D02=NO;R2.D01=SI;R2.D02=NO;R2.D04=SI;R2.D05=SI;R2.D06=SI,MUNICIPIO_SIN_CN_VIV,MUNICIPIO30621,No,Si,,30621,Regla 2 coherente para validaciones implementadas.
GPA-001__R2-003__R1-002__0290,GPA-001__R2-003__R1-002,02_inputs_xml_flat/GPA-001__R2-003__R1-002__0290.xml,PASS,INFO,R1.D01=SI;R1.D02=NO;R2.D01=SI;R2.D02=NO;R2.D04=SI;R2.D05=SI;R2.D06=SI,MUNICIPIO_SIN_CN_VIV,MUNICIPIO30622,No,Si,,30622,Regla 2 coherente para validaciones implementadas.
GPA-001__R2-003__R1-002__0291,GPA-001__R2-003__R1-002,02_inputs_xml_flat/GPA-001__R2-003__R1-002__0291.xml,PASS,INFO,R1.D01=SI;R1.D02=NO;R2.D01=SI;R2.D02=NO;R2.D04=SI;R2.D05=SI;R2.D06=SI,MUNICIPIO_SIN_CN_VIV,MUNICIPIO30623,No,Si,,30623,Regla 2 coherente para validaciones implementadas.
GPA-001__R2-003__R1-002__0292,GPA-001__R2-003__R1-002,02_inputs_xml_flat/GPA-001__R2-003__R1-002__0292.xml,PASS,INFO,R1.D01=SI;R1.D02=NO;R2.D01=SI;R2.D02=NO;R2.D04=SI;R2.D05=SI;R2.D06=SI,MUNICIPIO_SIN_CN_VIV,MUNICIPIO30621,No,Si,,30621,Regla 2 coherente para validaciones implementadas.
GPA-001__R2-003__R1-002__0293,GPA-001__R2-003__R1-002,02_inputs_xml_flat/GPA-001__R2-003__R1-002__0293.xml,PASS,INFO,R1.D01=SI;R1.D02=NO;R2.D01=SI;R2.D02=NO;R2.D04=SI;R2.D05=SI;R2.D06=SI,MUNICIPIO_SIN_CN_VIV,MUNICIPIO30622,No,Si,,30622,Regla 2 coherente para validaciones implementadas.
GPA-001__R2-003__R1-002__0294,GPA-001__R2-003__R1-002,02_inputs_xml_flat/GPA-001__R2-003__R1-002__0294.xml,PASS,INFO,R1.D01=SI;R1.D02=NO;R2.D01=SI;R2.D02=NO;R2.D04=SI;R2.D05=SI;R2.D06=SI,MUNICIPIO_SIN_CN_VIV,MUNICIPIO30623,No,Si,,30623,Regla 2 coherente para validaciones implementadas.
GPA-001__R2-003__R1-002__0295,GPA-001__R2-003__R1-002,02_inputs_xml_flat/GPA-001__R2-003__R1-002__0295.xml,PASS,INFO,R1.D01=SI;R1.D02=NO;R2.D01=SI;R2.D02=NO;R2.D04=SI;R2.D05=SI;R2.D06=SI,MUNICIPIO_SIN_CN_VIV,MUNICIPIO30621,No,Si,,30621,Regla 2 coherente para validaciones implementadas.
GPA-001__R2-003__R1-002__0296,GPA-001__R2-003__R1-002,02_inputs_xml_flat/GPA-001__R2-003__R1-002__0296.xml,PASS,INFO,R1.D01=SI;R1.D02=NO;R2.D01=SI;R2.D02=NO;R2.D04=SI;R2.D05=SI;R2.D06=SI,MUNICIPIO_SIN_CN_VIV,MUNICIPIO30622,No,Si,,30622,Regla 2 coherente para validaciones implementadas.
GPA-001__R2-003__R1-002__0297,GPA-001__R2-003__R1-002,02_inputs_xml_flat/GPA-001__R2-003__R1-002__0297.xml,PASS,INFO,R1.D01=SI;R1.D02=NO;R2.D01=SI;R2.D02=NO;R2.D04=SI;R2.D05=SI;R2.D06=SI,MUNICIPIO_SIN_CN_VIV,MUNICIPIO30623,No,Si,,30623,Regla 2 coherente para validaciones implementadas.
GPA-001__R2-003__R1-002__0298,GPA-001__R2-003__R1-002,02_inputs_xml_flat/GPA-001__R2-003__R1-002__0298.xml,PASS,INFO,R1.D01=SI;R1.D02=NO;R2.D01=SI;R2.D02=NO;R2.D04=SI;R2.D05=SI;R2.D06=SI,MUNICIPIO_SIN_CN_VIV,MUNICIPIO30621,No,Si,,30621,Regla 2 coherente para validaciones implementadas.
GPA-001__R2-003__R1-002__0299,GPA-001__R2-003__R1-002,02_inputs_xml_flat/GPA-001__R2-003__R1-002__0299.xml,PASS,INFO,R1.D01=SI;R1.D02=NO;R2.D01=SI;R2.D02=NO;R2.D04=SI;R2.D05=SI;R2.D06=SI,MUNICIPIO_SIN_CN_VIV,MUNICIPIO30622,No,Si,,30622,Regla 2 coherente para validaciones implementadas.
GPA-001__R2-003__R1-002__0300,GPA-001__R2-003__R1-002,02_inputs_xml_flat/GPA-001__R2-003__R1-002__0300.xml,PASS,INFO,R1.D01=SI;R1.D02=NO;R2.D01=SI;R2.D02=NO;R2.D04=SI;R2.D05=SI;R2.D06=SI,MUNICIPIO_SIN_CN_VIV,MUNICIPIO30623,No,Si,,30623,Regla 2 coherente para validaciones implementadas.
GPA-001__R2-003__R1-002__0301,GPA-001__R2-003__R1-002,02_inputs_xml_flat/GPA-001__R2-003__R1-002__0301.xml,PASS,INFO,R1.D01=SI;R1.D02=NO;R2.D01=SI;R2.D02=NO;R2.D04=SI;R2.D05=SI;R2.D06=SI,MUNICIPIO_SIN_CN_VIV,MUNICIPIO30621,No,Si,,30621,Regla 2 coherente para validaciones implementadas.
GPA-001__R2-003__R1-002__0302,GPA-001__R2-003__R1-002,02_inputs_xml_flat/GPA-001__R2-003__R1-002__0302.xml,PASS,INFO,R1.D01=SI;R1.D02=NO;R2.D01=SI;R2.D02=NO;R2.D04=SI;R2.D05=SI;R2.D06=SI,MUNICIPIO_SIN_CN_VIV,MUNICIPIO30622,No,Si,,30622,Regla 2 coherente para validaciones implementadas.
GPA-001__R2-003__R1-002__0303,GPA-001__R2-003__R1-002,02_inputs_xml_flat/GPA-001__R2-003__R1-002__0303.xml,PASS,INFO,R1.D01=SI;R1.D02=NO;R2.D01=SI;R2.D02=NO;R2.D04=SI;R2.D05=SI;R2.D06=SI,MUNICIPIO_SIN_CN_VIV,MUNICIPIO30623,No,Si,,30623,Regla 2 coherente para validaciones implementadas.
GPA-001__R2-003__R1-002__0304,GPA-001__R2-003__R1-002,02_inputs_xml_flat/GPA-001__R2-003__R1-002__0304.xml,PASS,INFO,R1.D01=SI;R1.D02=NO;R2.D01=SI;R2.D02=NO;R2.D04=SI;R2.D05=SI;R2.D06=SI,MUNICIPIO_SIN_CN_VIV,MUNICIPIO30621,No,Si,,30621,Regla 2 coherente para validaciones implementadas.
GPA-001__R2-003__R1-002__0305,GPA-001__R2-003__R1-002,02_inputs_xml_flat/GPA-001__R2-003__R1-002__0305.xml,PASS,INFO,R1.D01=SI;R1.D02=NO;R2.D01=SI;R2.D02=NO;R2.D04=SI;R2.D05=SI;R2.D06=SI,MUNICIPIO_SIN_CN_VIV,MUNICIPIO30622,No,Si,,30622,Regla 2 coherente para validaciones implementadas.
GPA-001__R2-003__R1-002__0306,GPA-001__R2-003__R1-002,02_inputs_xml_flat/GPA-001__R2-003__R1-002__0306.xml,PASS,INFO,R1.D01=SI;R1.D02=NO;R2.D01=SI;R2.D02=NO;R2.D04=SI;R2.D05=SI;R2.D06=SI,MUNICIPIO_SIN_CN_VIV,MUNICIPIO30623,No,Si,,30623,Regla 2 coherente para validaciones implementadas.
GPA-001__R2-003__R1-002__0307,GPA-001__R2-003__R1-002,02_inputs_xml_flat/GPA-001__R2-003__R1-002__0307.xml,PASS,INFO,R1.D01=SI;R1.D02=NO;R2.D01=SI;R2.D02=NO;R2.D04=SI;R2.D05=SI;R2.D06=SI,MUNICIPIO_SIN_CN_VIV,MUNICIPIO30621,No,Si,,30621,Regla 2 coherente para validaciones implementadas.
GPA-001__R2-003__R1-002__0308,GPA-001__R2-003__R1-002,02_inputs_xml_flat/GPA-001__R2-003__R1-002__0308.xml,PASS,INFO,R1.D01=SI;R1.D02=NO;R2.D01=SI;R2.D02=NO;R2.D04=SI;R2.D05=SI;R2.D06=SI,MUNICIPIO_SIN_CN_VIV,MUNICIPIO30622,No,Si,,30622,Regla 2 coherente para validaciones implementadas.
GPA-001__R2-003__R1-002__0309,GPA-001__R2-003__R1-002,02_inputs_xml_flat/GPA-001__R2-003__R1-002__0309.xml,PASS,INFO,R1.D01=SI;R1.D02=NO;R2.D01=SI;R2.D02=NO;R2.D04=SI;R2.D05=SI;R2.D06=SI,MUNICIPIO_SIN_CN_VIV,MUNICIPIO30623,No,Si,,30623,Regla 2 coherente para validaciones implementadas.
GPA-001__R2-003__R1-002__0310,GPA-001__R2-003__R1-002,02_inputs_xml_flat/GPA-001__R2-003__R1-002__0310.xml,PASS,INFO,R1.D01=SI;R1.D02=NO;R2.D01=SI;R2.D02=NO;R2.D04=SI;R2.D05=SI;R2.D06=SI,MUNICIPIO_SIN_CN_VIV,MUNICIPIO30621,No,Si,,30621,Regla 2 coherente para validaciones implementadas.
GPA-001__R2-003__R1-002__0311,GPA-001__R2-003__R1-002,02_inputs_xml_flat/GPA-001__R2-003__R1-002__0311.xml,PASS,INFO,R1.D01=SI;R1.D02=NO;R2.D01=SI;R2.D02=NO;R2.D04=SI;R2.D05=SI;R2.D06=SI,MUNICIPIO_SIN_CN_VIV,MUNICIPIO30622,No,Si,,30622,Regla 2 coherente para validaciones implementadas.
GPA-001__R2-003__R1-002__0312,GPA-001__R2-003__R1-002,02_inputs_xml_flat/GPA-001__R2-003__R1-002__0312.xml,PASS,INFO,R1.D01=SI;R1.D02=NO;R2.D01=SI;R2.D02=NO;R2.D04=SI;R2.D05=SI;R2.D06=SI,MUNICIPIO_SIN_CN_VIV,MUNICIPIO30623,No,Si,,30623,Regla 2 coherente para validaciones implementadas.
GPA-001__R2-003__R1-002__0313,GPA-001__R2-003__R1-002,02_inputs_xml_flat/GPA-001__R2-003__R1-002__0313.xml,PASS,INFO,R1.D01=SI;R1.D02=NO;R2.D01=SI;R2.D02=NO;R2.D04=SI;R2.D05=SI;R2.D06=SI,MUNICIPIO_SIN_CN_VIV,MUNICIPIO30621,No,Si,,30621,Regla 2 coherente para validaciones implementadas.
GPA-001__R2-003__R1-002__0314,GPA-001__R2-003__R1-002,02_inputs_xml_flat/GPA-001__R2-003__R1-002__0314.xml,PASS,INFO,R1.D01=SI;R1.D02=NO;R2.D01=SI;R2.D02=NO;R2.D04=SI;R2.D05=SI;R2.D06=SI,MUNICIPIO_SIN_CN_VIV,MUNICIPIO30622,No,Si,,30622,Regla 2 coherente para validaciones implementadas.
GPA-001__R2-003__R1-002__0315,GPA-001__R2-003__R1-002,02_inputs_xml_flat/GPA-001__R2-003__R1-002__0315.xml,PASS,INFO,R1.D01=SI;R1.D02=NO;R2.D01=SI;R2.D02=NO;R2.D04=SI;R2.D05=SI;R2.D06=SI,MUNICIPIO_SIN_CN_VIV,MUNICIPIO30623,No,Si,,30623,Regla 2 coherente para validaciones implementadas.
GPA-001__R2-003__R1-002__0316,GPA-001__R2-003__R1-002,02_inputs_xml_flat/GPA-001__R2-003__R1-002__0316.xml,PASS,INFO,R1.D01=SI;R1.D02=NO;R2.D01=SI;R2.D02=NO;R2.D04=SI;R2.D05=SI;R2.D06=SI,MUNICIPIO_SIN_CN_VIV,MUNICIPIO30621,No,Si,,30621,Regla 2 coherente para validaciones implementadas.
GPA-001__R2-003__R1-002__0317,GPA-001__R2-003__R1-002,02_inputs_xml_flat/GPA-001__R2-003__R1-002__0317.xml,PASS,INFO,R1.D01=SI;R1.D02=NO;R2.D01=SI;R2.D02=NO;R2.D04=SI;R2.D05=SI;R2.D06=SI,MUNICIPIO_SIN_CN_VIV,MUNICIPIO30622,No,Si,,30622,Regla 2 coherente para validaciones implementadas.
GPA-001__R2-003__R1-002__0318,GPA-001__R2-003__R1-002,02_inputs_xml_flat/GPA-001__R2-003__R1-002__0318.xml,PASS,INFO,R1.D01=SI;R1.D02=NO;R2.D01=SI;R2.D02=NO;R2.D04=SI;R2.D05=SI;R2.D06=SI,MUNICIPIO_SIN_CN_VIV,MUNICIPIO30623,No,Si,,30623,Regla 2 coherente para validaciones implementadas.
GPA-001__R2-003__R1-002__0319,GPA-001__R2-003__R1-002,02_inputs_xml_flat/GPA-001__R2-003__R1-002__0319.xml,PASS,INFO,R1.D01=SI;R1.D02=NO;R2.D01=SI;R2.D02=NO;R2.D04=SI;R2.D05=SI;R2.D06=SI,MUNICIPIO_SIN_CN_VIV,MUNICIPIO30621,No,Si,,30621,Regla 2 coherente para validaciones implementadas.
GPA-001__R2-003__R1-002__0320,GPA-001__R2-003__R1-002,02_inputs_xml_flat/GPA-001__R2-003__R1-002__0320.xml,PASS,INFO,R1.D01=SI;R1.D02=NO;R2.D01=SI;R2.D02=NO;R2.D04=SI;R2.D05=SI;R2.D06=SI,MUNICIPIO_SIN_CN_VIV,MUNICIPIO30622,No,Si,,30622,Regla 2 coherente para validaciones implementadas.
GPA-001__R2-003__R1-002__0321,GPA-001__R2-003__R1-002,02_inputs_xml_flat/GPA-001__R2-003__R1-002__0321.xml,PASS,INFO,R1.D01=SI;R1.D02=NO;R2.D01=SI;R2.D02=NO;R2.D04=SI;R2.D05=SI;R2.D06=SI,MUNICIPIO_SIN_CN_VIV,MUNICIPIO30623,No,Si,,30623,Regla 2 coherente para validaciones implementadas.
GPA-001__R2-003__R1-002__0322,GPA-001__R2-003__R1-002,02_inputs_xml_flat/GPA-001__R2-003__R1-002__0322.xml,PASS,INFO,R1.D01=SI;R1.D02=NO;R2.D01=SI;R2.D02=NO;R2.D04=SI;R2.D05=SI;R2.D06=SI,MUNICIPIO_SIN_CN_VIV,MUNICIPIO30621,No,Si,,30621,Regla 2 coherente para validaciones implementadas.
GPA-001__R2-003__R1-002__0323,GPA-001__R2-003__R1-002,02_inputs_xml_flat/GPA-001__R2-003__R1-002__0323.xml,PASS,INFO,R1.D01=SI;R1.D02=NO;R2.D01=SI;R2.D02=NO;R2.D04=SI;R2.D05=SI;R2.D06=SI,MUNICIPIO_SIN_CN_VIV,MUNICIPIO30622,No,Si,,30622,Regla 2 coherente para validaciones implementadas.
GPA-001__R2-003__R1-002__0324,GPA-001__R2-003__R1-002,02_inputs_xml_flat/GPA-001__R2-003__R1-002__0324.xml,PASS,INFO,R1.D01=SI;R1.D02=NO;R2.D01=SI;R2.D02=NO;R2.D04=SI;R2.D05=SI;R2.D06=SI,MUNICIPIO_SIN_CN_VIV,MUNICIPIO30623,No,Si,,30623,Regla 2 coherente para validaciones implementadas.
GPA-001__R2-003__R1-002__0325,GPA-001__R2-003__R1-002,02_inputs_xml_flat/GPA-001__R2-003__R1-002__0325.xml,PASS,INFO,R1.D01=SI;R1.D02=NO;R2.D01=SI;R2.D02=NO;R2.D04=SI;R2.D05=SI;R2.D06=SI,MUNICIPIO_SIN_CN_VIV,MUNICIPIO30621,No,Si,,30621,Regla 2 coherente para validaciones implementadas.
GPA-001__R2-003__R1-002__0326,GPA-001__R2-003__R1-002,02_inputs_xml_flat/GPA-001__R2-003__R1-002__0326.xml,PASS,INFO,R1.D01=SI;R1.D02=NO;R2.D01=SI;R2.D02=NO;R2.D04=SI;R2.D05=SI;R2.D06=SI,MUNICIPIO_SIN_CN_VIV,MUNICIPIO30622,No,Si,,30622,Regla 2 coherente para validaciones implementadas.
GPA-001__R2-003__R1-002__0327,GPA-001__R2-003__R1-002,02_inputs_xml_flat/GPA-001__R2-003__R1-002__0327.xml,PASS,INFO,R1.D01=SI;R1.D02=NO;R2.D01=SI;R2.D02=NO;R2.D04=SI;R2.D05=SI;R2.D06=SI,MUNICIPIO_SIN_CN_VIV,MUNICIPIO30623,No,Si,,30623,Regla 2 coherente para validaciones implementadas.
GPA-001__R2-003__R1-002__0328,GPA-001__R2-003__R1-002,02_inputs_xml_flat/GPA-001__R2-003__R1-002__0328.xml,PASS,INFO,R1.D01=SI;R1.D02=NO;R2.D01=SI;R2.D02=NO;R2.D04=SI;R2.D05=SI;R2.D06=SI,MUNICIPIO_SIN_CN_VIV,MUNICIPIO30621,No,Si,,30621,Regla 2 coherente para validaciones implementadas.
GPA-001__R2-003__R1-002__0329,GPA-001__R2-003__R1-002,02_inputs_xml_flat/GPA-001__R2-003__R1-002__0329.xml,PASS,INFO,R1.D01=SI;R1.D02=NO;R2.D01=SI;R2.D02=NO;R2.D04=SI;R2.D05=SI;R2.D06=SI,MUNICIPIO_SIN_CN_VIV,MUNICIPIO30622,No,Si,,30622,Regla 2 coherente para validaciones implementadas.
GPA-001__R2-003__R1-002__0330,GPA-001__R2-003__R1-002,02_inputs_xml_flat/GPA-001__R2-003__R1-002__0330.xml,PASS,INFO,R1.D01=SI;R1.D02=NO;R2.D01=SI;R2.D02=NO;R2.D04=SI;R2.D05=SI;R2.D06=SI,MUNICIPIO_SIN_CN_VIV,MUNICIPIO30623,No,Si,,30623,Regla 2 coherente para validaciones implementadas.
GPA-001__R2-003__R1-002__0331,GPA-001__R2-003__R1-002,02_inputs_xml_flat/GPA-001__R2-003__R1-002__0331.xml,PASS,INFO,R1.D01=SI;R1.D02=NO;R2.D01=SI;R2.D02=NO;R2.D04=SI;R2.D05=SI;R2.D06=SI,MUNICIPIO_SIN_CN_VIV,MUNICIPIO30621,No,Si,,30621,Regla 2 coherente para validaciones implementadas.
GPA-001__R2-003__R1-002__0332,GPA-001__R2-003__R1-002,02_inputs_xml_flat/GPA-001__R2-003__R1-002__0332.xml,PASS,INFO,R1.D01=SI;R1.D02=NO;R2.D01=SI;R2.D02=NO;R2.D04=SI;R2.D05=SI;R2.D06=SI,MUNICIPIO_SIN_CN_VIV,MUNICIPIO30622,No,Si,,30622,Regla 2 coherente para validaciones implementadas.
GPA-001__R2-003__R1-002__0333,GPA-001__R2-003__R1-002,02_inputs_xml_flat/GPA-001__R2-003__R1-002__0333.xml,PASS,INFO,R1.D01=SI;R1.D02=NO;R2.D01=SI;R2.D02=NO;R2.D04=SI;R2.D05=SI;R2.D06=SI,MUNICIPIO_SIN_CN_VIV,MUNICIPIO30623,No,Si,,30623,Regla 2 coherente para validaciones implementadas.
GPA-001__R2-003__R1-002__0334,GPA-001__R2-003__R1-002,02_inputs_xml_flat/GPA-001__R2-003__R1-002__0334.xml,PASS,INFO,R1.D01=SI;R1.D02=NO;R2.D01=SI;R2.D02=NO;R2.D04=SI;R2.D05=SI;R2.D06=SI,MUNICIPIO_SIN_CN_VIV,MUNICIPIO30621,No,Si,,30621,Regla 2 coherente para validaciones implementadas.
GPA-001__R2-003__R1-002__0335,GPA-001__R2-003__R1-002,02_inputs_xml_flat/GPA-001__R2-003__R1-002__0335.xml,PASS,INFO,R1.D01=SI;R1.D02=NO;R2.D01=SI;R2.D02=NO;R2.D04=SI;R2.D05=SI;R2.D06=SI,MUNICIPIO_SIN_CN_VIV,MUNICIPIO30622,No,Si,,30622,Regla 2 coherente para validaciones implementadas.
GPA-001__R2-003__R1-002__0336,GPA-001__R2-003__R1-002,02_inputs_xml_flat/GPA-001__R2-003__R1-002__0336.xml,PASS,INFO,R1.D01=SI;R1.D02=NO;R2.D01=SI;R2.D02=NO;R2.D04=SI;R2.D05=SI;R2.D06=SI,MUNICIPIO_SIN_CN_VIV,MUNICIPIO30623,No,Si,,30623,Regla 2 coherente para validaciones implementadas.
GPA-001__R2-003__R1-002__0337,GPA-001__R2-003__R1-002,02_inputs_xml_flat/GPA-001__R2-003__R1-002__0337.xml,PASS,INFO,R1.D01=SI;R1.D02=NO;R2.D01=SI;R2.D02=NO;R2.D04=SI;R2.D05=SI;R2.D06=SI,MUNICIPIO_SIN_CN_VIV,MUNICIPIO30621,No,Si,,30621,Regla 2 coherente para validaciones implementadas.
GPA-001__R2-003__R1-002__0338,GPA-001__R2-003__R1-002,02_inputs_xml_flat/GPA-001__R2-003__R1-002__0338.xml,PASS,INFO,R1.D01=SI;R1.D02=NO;R2.D01=SI;R2.D02=NO;R2.D04=SI;R2.D05=SI;R2.D06=SI,MUNICIPIO_SIN_CN_VIV,MUNICIPIO30622,No,Si,,30622,Regla 2 coherente para validaciones implementadas.
GPA-001__R2-003__R1-002__0339,GPA-001__R2-003__R1-002,02_inputs_xml_flat/GPA-001__R2-003__R1-002__0339.xml,PASS,INFO,R1.D01=SI;R1.D02=NO;R2.D01=SI;R2.D02=NO;R2.D04=SI;R2.D05=SI;R2.D06=SI,MUNICIPIO_SIN_CN_VIV,MUNICIPIO30623,No,Si,,30623,Regla 2 coherente para validaciones implementadas.
GPA-001__R2-003__R1-002__0340,GPA-001__R2-003__R1-002,02_inputs_xml_flat/GPA-001__R2-003__R1-002__0340.xml,PASS,INFO,R1.D01=SI;R1.D02=NO;R2.D01=SI;R2.D02=NO;R2.D04=SI;R2.D05=SI;R2.D06=SI,MUNICIPIO_SIN_CN_VIV,MUNICIPIO30621,No,Si,,30621,Regla 2 coherente para validaciones implementadas.
GPA-001__R2-003__R1-002__0341,GPA-001__R2-003__R1-002,02_inputs_xml_flat/GPA-001__R2-003__R1-002__0341.xml,PASS,INFO,R1.D01=SI;R1.D02=NO;R2.D01=SI;R2.D02=NO;R2.D04=SI;R2.D05=SI;R2.D06=SI,MUNICIPIO_SIN_CN_VIV,MUNICIPIO30622,No,Si,,30622,Regla 2 coherente para validaciones implementadas.
GPA-001__R2-003__R1-002__0342,GPA-001__R2-003__R1-002,02_inputs_xml_flat/GPA-001__R2-003__R1-002__0342.xml,PASS,INFO,R1.D01=SI;R1.D02=NO;R2.D01=SI;R2.D02=NO;R2.D04=SI;R2.D05=SI;R2.D06=SI,MUNICIPIO_SIN_CN_VIV,MUNICIPIO30623,No,Si,,30623,Regla 2 coherente para validaciones implementadas.
GPA-001__R2-003__R1-002__0343,GPA-001__R2-003__R1-002,02_inputs_xml_flat/GPA-001__R2-003__R1-002__0343.xml,PASS,INFO,R1.D01=SI;R1.D02=NO;R2.D01=SI;R2.D02=NO;R2.D04=SI;R2.D05=SI;R2.D06=SI,MUNICIPIO_SIN_CN_VIV,MUNICIPIO30621,No,Si,,30621,Regla 2 coherente para validaciones implementadas.
GPA-001__R2-003__R1-002__0344,GPA-001__R2-003__R1-002,02_inputs_xml_flat/GPA-001__R2-003__R1-002__0344.xml,PASS,INFO,R1.D01=SI;R1.D02=NO;R2.D01=SI;R2.D02=NO;R2.D04=SI;R2.D05=SI;R2.D06=SI,MUNICIPIO_SIN_CN_VIV,MUNICIPIO30622,No,Si,,30622,Regla 2 coherente para validaciones implementadas.
GPA-001__R2-003__R1-002__0345,GPA-001__R2-003__R1-002,02_inputs_xml_flat/GPA-001__R2-003__R1-002__0345.xml,PASS,INFO,R1.D01=SI;R1.D02=NO;R2.D01=SI;R2.D02=NO;R2.D04=SI;R2.D05=SI;R2.D06=SI,MUNICIPIO_SIN_CN_VIV,MUNICIPIO30623,No,Si,,30623,Regla 2 coherente para validaciones implementadas.
GPA-001__R2-003__R1-002__0346,GPA-001__R2-003__R1-002,02_inputs_xml_flat/GPA-001__R2-003__R1-002__0346.xml,PASS,INFO,R1.D01=SI;R1.D02=NO;R2.D01=SI;R2.D02=NO;R2.D04=SI;R2.D05=SI;R2.D06=SI,MUNICIPIO_SIN_CN_VIV,MUNICIPIO30621,No,Si,,30621,Regla 2 coherente para validaciones implementadas.
GPA-001__R2-003__R1-002__0347,GPA-001__R2-003__R1-002,02_inputs_xml_flat/GPA-001__R2-003__R1-002__0347.xml,PASS,INFO,R1.D01=SI;R1.D02=NO;R2.D01=SI;R2.D02=NO;R2.D04=SI;R2.D05=SI;R2.D06=SI,MUNICIPIO_SIN_CN_VIV,MUNICIPIO30622,No,Si,,30622,Regla 2 coherente para validaciones implementadas.
GPA-001__R2-003__R1-002__0348,GPA-001__R2-003__R1-002,02_inputs_xml_flat/GPA-001__R2-003__R1-002__0348.xml,PASS,INFO,R1.D01=SI;R1.D02=NO;R2.D01=SI;R2.D02=NO;R2.D04=SI;R2.D05=SI;R2.D06=SI,MUNICIPIO_SIN_CN_VIV,MUNICIPIO30623,No,Si,,30623,Regla 2 coherente para validaciones implementadas.
GPA-001__R2-003__R1-002__0349,GPA-001__R2-003__R1-002,02_inputs_xml_flat/GPA-001__R2-003__R1-002__0349.xml,PASS,INFO,R1.D01=SI;R1.D02=NO;R2.D01=SI;R2.D02=NO;R2.D04=SI;R2.D05=SI;R2.D06=SI,MUNICIPIO_SIN_CN_VIV,MUNICIPIO30621,No,Si,,30621,Regla 2 coherente para validaciones implementadas.
GPA-001__R2-003__R1-002__0350,GPA-001__R2-003__R1-002,02_inputs_xml_flat/GPA-001__R2-003__R1-002__0350.xml,PASS,INFO,R1.D01=SI;R1.D02=NO;R2.D01=SI;R2.D02=NO;R2.D04=SI;R2.D05=SI;R2.D06=SI,MUNICIPIO_SIN_CN_VIV,MUNICIPIO30622,No,Si,,30622,Regla 2 coherente para validaciones implementadas.
GPA-001__R2-003__R1-002__0351,GPA-001__R2-003__R1-002,02_inputs_xml_flat/GPA-001__R2-003__R1-002__0351.xml,PASS,INFO,R1.D01=SI;R1.D02=NO;R2.D01=SI;R2.D02=NO;R2.D04=SI;R2.D05=SI;R2.D06=SI,MUNICIPIO_SIN_CN_VIV,MUNICIPIO30623,No,Si,,30623,Regla 2 coherente para validaciones implementadas.
GPA-001__R2-003__R1-002__0352,GPA-001__R2-003__R1-002,02_inputs_xml_flat/GPA-001__R2-003__R1-002__0352.xml,PASS,INFO,R1.D01=SI;R1.D02=NO;R2.D01=SI;R2.D02=NO;R2.D04=SI;R2.D05=SI;R2.D06=SI,MUNICIPIO_SIN_CN_VIV,MUNICIPIO30621,No,Si,,30621,Regla 2 coherente para validaciones implementadas.
GPA-001__R2-003__R1-002__0353,GPA-001__R2-003__R1-002,02_inputs_xml_flat/GPA-001__R2-003__R1-002__0353.xml,PASS,INFO,R1.D01=SI;R1.D02=NO;R2.D01=SI;R2.D02=NO;R2.D04=SI;R2.D05=SI;R2.D06=SI,MUNICIPIO_SIN_CN_VIV,MUNICIPIO30622,No,Si,,30622,Regla 2 coherente para validaciones implementadas.
GPA-001__R2-003__R1-002__0354,GPA-001__R2-003__R1-002,02_inputs_xml_flat/GPA-001__R2-003__R1-002__0354.xml,PASS,INFO,R1.D01=SI;R1.D02=NO;R2.D01=SI;R2.D02=NO;R2.D04=SI;R2.D05=SI;R2.D06=SI,MUNICIPIO_SIN_CN_VIV,MUNICIPIO30623,No,Si,,30623,Regla 2 coherente para validaciones implementadas.
GPA-001__R2-003__R1-002__0355,GPA-001__R2-003__R1-002,02_inputs_xml_flat/GPA-001__R2-003__R1-002__0355.xml,PASS,INFO,R1.D01=SI;R1.D02=NO;R2.D01=SI;R2.D02=NO;R2.D04=SI;R2.D05=SI;R2.D06=SI,MUNICIPIO_SIN_CN_VIV,MUNICIPIO30621,No,Si,,30621,Regla 2 coherente para validaciones implementadas.
GPA-001__R2-003__R1-002__0356,GPA-001__R2-003__R1-002,02_inputs_xml_flat/GPA-001__R2-003__R1-002__0356.xml,PASS,INFO,R1.D01=SI;R1.D02=NO;R2.D01=SI;R2.D02=NO;R2.D04=SI;R2.D05=SI;R2.D06=SI,MUNICIPIO_SIN_CN_VIV,MUNICIPIO30622,No,Si,,30622,Regla 2 coherente para validaciones implementadas.
GPA-001__R2-003__R1-002__0357,GPA-001__R2-003__R1-002,02_inputs_xml_flat/GPA-001__R2-003__R1-002__0357.xml,PASS,INFO,R1.D01=SI;R1.D02=NO;R2.D01=SI;R2.D02=NO;R2.D04=SI;R2.D05=SI;R2.D06=SI,MUNICIPIO_SIN_CN_VIV,MUNICIPIO30623,No,Si,,30623,Regla 2 coherente para validaciones implementadas.
GPA-001__R2-003__R1-002__0358,GPA-001__R2-003__R1-002,02_inputs_xml_flat/GPA-001__R2-003__R1-002__0358.xml,PASS,INFO,R1.D01=SI;R1.D02=NO;R2.D01=SI;R2.D02=NO;R2.D04=SI;R2.D05=SI;R2.D06=SI,MUNICIPIO_SIN_CN_VIV,MUNICIPIO30621,No,Si,,30621,Regla 2 coherente para validaciones implementadas.
GPA-001__R2-003__R1-002__0359,GPA-001__R2-003__R1-002,02_inputs_xml_flat/GPA-001__R2-003__R1-002__0359.xml,PASS,INFO,R1.D01=SI;R1.D02=NO;R2.D01=SI;R2.D02=NO;R2.D04=SI;R2.D05=SI;R2.D06=SI,MUNICIPIO_SIN_CN_VIV,MUNICIPIO30622,No,Si,,30622,Regla 2 coherente para validaciones implementadas.
GPA-001__R2-003__R1-002__0360,GPA-001__R2-003__R1-002,02_inputs_xml_flat/GPA-001__R2-003__R1-002__0360.xml,PASS,INFO,R1.D01=SI;R1.D02=NO;R2.D01=SI;R2.D02=NO;R2.D04=SI;R2.D05=SI;R2.D06=SI,MUNICIPIO_SIN_CN_VIV,MUNICIPIO30623,No,Si,,30623,Regla 2 coherente para validaciones implementadas.
GPA-001__R2-003__R1-002__0361,GPA-001__R2-003__R1-002,02_inputs_xml_flat/GPA-001__R2-003__R1-002__0361.xml,PASS,INFO,R1.D01=SI;R1.D02=NO;R2.D01=SI;R2.D02=NO;R2.D04=SI;R2.D05=SI;R2.D06=SI,MUNICIPIO_SIN_CN_VIV,MUNICIPIO30621,No,Si,,30621,Regla 2 coherente para validaciones implementadas.
GPA-001__R2-003__R1-002__0362,GPA-001__R2-003__R1-002,02_inputs_xml_flat/GPA-001__R2-003__R1-002__0362.xml,PASS,INFO,R1.D01=SI;R1.D02=NO;R2.D01=SI;R2.D02=NO;R2.D04=SI;R2.D05=SI;R2.D06=SI,MUNICIPIO_SIN_CN_VIV,MUNICIPIO30622,No,Si,,30622,Regla 2 coherente para validaciones implementadas.
GPA-001__R2-003__R1-002__0363,GPA-001__R2-003__R1-002,02_inputs_xml_flat/GPA-001__R2-003__R1-002__0363.xml,PASS,INFO,R1.D01=SI;R1.D02=NO;R2.D01=SI;R2.D02=NO;R2.D04=SI;R2.D05=SI;R2.D06=SI,MUNICIPIO_SIN_CN_VIV,MUNICIPIO30623,No,Si,,30623,Regla 2 coherente para validaciones implementadas.
GPA-001__R2-003__R1-002__0364,GPA-001__R2-003__R1-002,02_inputs_xml_flat/GPA-001__R2-003__R1-002__0364.xml,PASS,INFO,R1.D01=SI;R1.D02=NO;R2.D01=SI;R2.D02=NO;R2.D04=SI;R2.D05=SI;R2.D06=SI,MUNICIPIO_SIN_CN_VIV,MUNICIPIO30621,No,Si,,30621,Regla 2 coherente para validaciones implementadas.
GPA-001__R2-003__R1-002__0365,GPA-001__R2-003__R1-002,02_inputs_xml_flat/GPA-001__R2-003__R1-002__0365.xml,PASS,INFO,R1.D01=SI;R1.D02=NO;R2.D01=SI;R2.D02=NO;R2.D04=SI;R2.D05=SI;R2.D06=SI,MUNICIPIO_SIN_CN_VIV,MUNICIPIO30622,No,Si,,30622,Regla 2 coherente para validaciones implementadas.
GPA-001__R2-003__R1-002__0366,GPA-001__R2-003__R1-002,02_inputs_xml_flat/GPA-001__R2-003__R1-002__0366.xml,PASS,INFO,R1.D01=SI;R1.D02=NO;R2.D01=SI;R2.D02=NO;R2.D04=SI;R2.D05=SI;R2.D06=SI,MUNICIPIO_SIN_CN_VIV,MUNICIPIO30623,No,Si,,30623,Regla 2 coherente para validaciones implementadas.
GPA-001__R2-003__R1-002__0367,GPA-001__R2-003__R1-002,02_inputs_xml_flat/GPA-001__R2-003__R1-002__0367.xml,PASS,INFO,R1.D01=SI;R1.D02=NO;R2.D01=SI;R2.D02=NO;R2.D04=SI;R2.D05=SI;R2.D06=SI,MUNICIPIO_SIN_CN_VIV,MUNICIPIO30621,No,Si,,30621,Regla 2 coherente para validaciones implementadas.
GPA-001__R2-003__R1-002__0368,GPA-001__R2-003__R1-002,02_inputs_xml_flat/GPA-001__R2-003__R1-002__0368.xml,PASS,INFO,R1.D01=SI;R1.D02=NO;R2.D01=SI;R2.D02=NO;R2.D04=SI;R2.D05=SI;R2.D06=SI,MUNICIPIO_SIN_CN_VIV,MUNICIPIO30622,No,Si,,30622,Regla 2 coherente para validaciones implementadas.
GPA-001__R2-003__R1-002__0369,GPA-001__R2-003__R1-002,02_inputs_xml_flat/GPA-001__R2-003__R1-002__0369.xml,PASS,INFO,R1.D01=SI;R1.D02=NO;R2.D01=SI;R2.D02=NO;R2.D04=SI;R2.D05=SI;R2.D06=SI,MUNICIPIO_SIN_CN_VIV,MUNICIPIO30623,No,Si,,30623,Regla 2 coherente para validaciones implementadas.
GPA-001__R2-003__R1-002__0370,GPA-001__R2-003__R1-002,02_inputs_xml_flat/GPA-001__R2-003__R1-002__0370.xml,PASS,INFO,R1.D01=SI;R1.D02=NO;R2.D01=SI;R2.D02=NO;R2.D04=SI;R2.D05=SI;R2.D06=SI,MUNICIPIO_SIN_CN_VIV,MUNICIPIO30621,No,Si,,30621,Regla 2 coherente para validaciones implementadas.
GPA-001__R2-003__R1-002__0371,GPA-001__R2-003__R1-002,02_inputs_xml_flat/GPA-001__R2-003__R1-002__0371.xml,PASS,INFO,R1.D01=SI;R1.D02=NO;R2.D01=SI;R2.D02=NO;R2.D04=SI;R2.D05=SI;R2.D06=SI,MUNICIPIO_SIN_CN_VIV,MUNICIPIO30622,No,Si,,30622,Regla 2 coherente para validaciones implementadas.
GPA-001__R2-003__R1-002__0372,GPA-001__R2-003__R1-002,02_inputs_xml_flat/GPA-001__R2-003__R1-002__0372.xml,PASS,INFO,R1.D01=SI;R1.D02=NO;R2.D01=SI;R2.D02=NO;R2.D04=SI;R2.D05=SI;R2.D06=SI,MUNICIPIO_SIN_CN_VIV,MUNICIPIO30623,No,Si,,30623,Regla 2 coherente para validaciones implementadas.
GPA-001__R2-003__R1-002__0373,GPA-001__R2-003__R1-002,02_inputs_xml_flat/GPA-001__R2-003__R1-002__0373.xml,PASS,INFO,R1.D01=SI;R1.D02=NO;R2.D01=SI;R2.D02=NO;R2.D04=SI;R2.D05=SI;R2.D06=SI,MUNICIPIO_SIN_CN_VIV,MUNICIPIO30621,No,Si,,30621,Regla 2 coherente para validaciones implementadas.
GPA-001__R2-003__R1-002__0374,GPA-001__R2-003__R1-002,02_inputs_xml_flat/GPA-001__R2-003__R1-002__0374.xml,PASS,INFO,R1.D01=SI;R1.D02=NO;R2.D01=SI;R2.D02=NO;R2.D04=SI;R2.D05=SI;R2.D06=SI,MUNICIPIO_SIN_CN_VIV,MUNICIPIO30622,No,Si,,30622,Regla 2 coherente para validaciones implementadas.
GPA-001__R2-003__R1-002__0375,GPA-001__R2-003__R1-002,02_inputs_xml_flat/GPA-001__R2-003__R1-002__0375.xml,PASS,INFO,R1.D01=SI;R1.D02=NO;R2.D01=SI;R2.D02=NO;R2.D04=SI;R2.D05=SI;R2.D06=SI,MUNICIPIO_SIN_CN_VIV,MUNICIPIO30623,No,Si,,30623,Regla 2 coherente para validaciones implementadas.
GPA-001__R2-003__R1-002__0376,GPA-001__R2-003__R1-002,02_inputs_xml_flat/GPA-001__R2-003__R1-002__0376.xml,PASS,INFO,R1.D01=SI;R1.D02=NO;R2.D01=SI;R2.D02=NO;R2.D04=SI;R2.D05=SI;R2.D06=SI,MUNICIPIO_SIN_CN_VIV,MUNICIPIO30621,No,Si,,30621,Regla 2 coherente para validaciones implementadas.
GPA-001__R2-003__R1-002__0377,GPA-001__R2-003__R1-002,02_inputs_xml_flat/GPA-001__R2-003__R1-002__0377.xml,PASS,INFO,R1.D01=SI;R1.D02=NO;R2.D01=SI;R2.D02=NO;R2.D04=SI;R2.D05=SI;R2.D06=SI,MUNICIPIO_SIN_CN_VIV,MUNICIPIO30622,No,Si,,30622,Regla 2 coherente para validaciones implementadas.
GPA-001__R2-003__R1-002__0378,GPA-001__R2-003__R1-002,02_inputs_xml_flat/GPA-001__R2-003__R1-002__0378.xml,PASS,INFO,R1.D01=SI;R1.D02=NO;R2.D01=SI;R2.D02=NO;R2.D04=SI;R2.D05=SI;R2.D06=SI,MUNICIPIO_SIN_CN_VIV,MUNICIPIO30623,No,Si,,30623,Regla 2 coherente para validaciones implementadas.
GPA-001__R2-003__R1-002__0379,GPA-001__R2-003__R1-002,02_inputs_xml_flat/GPA-001__R2-003__R1-002__0379.xml,PASS,INFO,R1.D01=SI;R1.D02=NO;R2.D01=SI;R2.D02=NO;R2.D04=SI;R2.D05=SI;R2.D06=SI,MUNICIPIO_SIN_CN_VIV,MUNICIPIO30621,No,Si,,30621,Regla 2 coherente para validaciones implementadas.
GPA-001__R2-003__R1-002__0380,GPA-001__R2-003__R1-002,02_inputs_xml_flat/GPA-001__R2-003__R1-002__0380.xml,PASS,INFO,R1.D01=SI;R1.D02=NO;R2.D01=SI;R2.D02=NO;R2.D04=SI;R2.D05=SI;R2.D06=SI,MUNICIPIO_SIN_CN_VIV,MUNICIPIO30622,No,Si,,30622,Regla 2 coherente para validaciones implementadas.
GPA-001__R2-003__R1-002__0381,GPA-001__R2-003__R1-002,02_inputs_xml_flat/GPA-001__R2-003__R1-002__0381.xml,PASS,INFO,R1.D01=SI;R1.D02=NO;R2.D01=SI;R2.D02=NO;R2.D04=SI;R2.D05=SI;R2.D06=SI,MUNICIPIO_SIN_CN_VIV,MUNICIPIO30623,No,Si,,30623,Regla 2 coherente para validaciones implementadas.
GPA-001__R2-003__R1-002__0382,GPA-001__R2-003__R1-002,02_inputs_xml_flat/GPA-001__R2-003__R1-002__0382.xml,PASS,INFO,R1.D01=SI;R1.D02=NO;R2.D01=SI;R2.D02=NO;R2.D04=SI;R2.D05=SI;R2.D06=SI,MUNICIPIO_SIN_CN_VIV,MUNICIPIO30621,No,Si,,30621,Regla 2 coherente para validaciones implementadas.
GPA-001__R2-003__R1-002__0383,GPA-001__R2-003__R1-002,02_inputs_xml_flat/GPA-001__R2-003__R1-002__0383.xml,PASS,INFO,R1.D01=SI;R1.D02=NO;R2.D01=SI;R2.D02=NO;R2.D04=SI;R2.D05=SI;R2.D06=SI,MUNICIPIO_SIN_CN_VIV,MUNICIPIO30622,No,Si,,30622,Regla 2 coherente para validaciones implementadas.
GPA-001__R2-003__R1-002__0384,GPA-001__R2-003__R1-002,02_inputs_xml_flat/GPA-001__R2-003__R1-002__0384.xml,PASS,INFO,R1.D01=SI;R1.D02=NO;R2.D01=SI;R2.D02=NO;R2.D04=SI;R2.D05=SI;R2.D06=SI,MUNICIPIO_SIN_CN_VIV,MUNICIPIO30623,No,Si,,30623,Regla 2 coherente para validaciones implementadas.
GPA-001__R2-003__R1-002__0385,GPA-001__R2-003__R1-002,02_inputs_xml_flat/GPA-001__R2-003__R1-002__0385.xml,PASS,INFO,R1.D01=SI;R1.D02=NO;R2.D01=SI;R2.D02=NO;R2.D04=SI;R2.D05=SI;R2.D06=SI,MUNICIPIO_SIN_CN_VIV,MUNICIPIO30621,No,Si,,30621,Regla 2 coherente para validaciones implementadas.
GPA-001__R2-003__R1-002__0386,GPA-001__R2-003__R1-002,02_inputs_xml_flat/GPA-001__R2-003__R1-002__0386.xml,PASS,INFO,R1.D01=SI;R1.D02=NO;R2.D01=SI;R2.D02=NO;R2.D04=SI;R2.D05=SI;R2.D06=SI,MUNICIPIO_SIN_CN_VIV,MUNICIPIO30622,No,Si,,30622,Regla 2 coherente para validaciones implementadas.
GPA-001__R2-003__R1-002__0387,GPA-001__R2-003__R1-002,02_inputs_xml_flat/GPA-001__R2-003__R1-002__0387.xml,PASS,INFO,R1.D01=SI;R1.D02=NO;R2.D01=SI;R2.D02=NO;R2.D04=SI;R2.D05=SI;R2.D06=SI,MUNICIPIO_SIN_CN_VIV,MUNICIPIO30623,No,Si,,30623,Regla 2 coherente para validaciones implementadas.
GPA-001__R2-003__R1-002__0388,GPA-001__R2-003__R1-002,02_inputs_xml_flat/GPA-001__R2-003__R1-002__0388.xml,PASS,INFO,R1.D01=SI;R1.D02=NO;R2.D01=SI;R2.D02=NO;R2.D04=SI;R2.D05=SI;R2.D06=SI,MUNICIPIO_SIN_CN_VIV,MUNICIPIO30621,No,Si,,30621,Regla 2 coherente para validaciones implementadas.
GPA-001__R2-003__R1-002__0389,GPA-001__R2-003__R1-002,02_inputs_xml_flat/GPA-001__R2-003__R1-002__0389.xml,PASS,INFO,R1.D01=SI;R1.D02=NO;R2.D01=SI;R2.D02=NO;R2.D04=SI;R2.D05=SI;R2.D06=SI,MUNICIPIO_SIN_CN_VIV,MUNICIPIO30622,No,Si,,30622,Regla 2 coherente para validaciones implementadas.
GPA-001__R2-003__R1-002__0390,GPA-001__R2-003__R1-002,02_inputs_xml_flat/GPA-001__R2-003__R1-002__0390.xml,PASS,INFO,R1.D01=SI;R1.D02=NO;R2.D01=SI;R2.D02=NO;R2.D04=SI;R2.D05=SI;R2.D06=SI,MUNICIPIO_SIN_CN_VIV,MUNICIPIO30623,No,Si,,30623,Regla 2 coherente para validaciones implementadas.
GPA-001__R2-003__R1-002__0391,GPA-001__R2-003__R1-002,02_inputs_xml_flat/GPA-001__R2-003__R1-002__0391.xml,PASS,INFO,R1.D01=SI;R1.D02=NO;R2.D01=SI;R2.D02=NO;R2.D04=SI;R2.D05=SI;R2.D06=SI,MUNICIPIO_SIN_CN_VIV,MUNICIPIO30621,No,Si,,30621,Regla 2 coherente para validaciones implementadas.
GPA-001__R2-003__R1-002__0392,GPA-001__R2-003__R1-002,02_inputs_xml_flat/GPA-001__R2-003__R1-002__0392.xml,PASS,INFO,R1.D01=SI;R1.D02=NO;R2.D01=SI;R2.D02=NO;R2.D04=SI;R2.D05=SI;R2.D06=SI,MUNICIPIO_SIN_CN_VIV,MUNICIPIO30622,No,Si,,30622,Regla 2 coherente para validaciones implementadas.
GPA-001__R2-003__R1-002__0393,GPA-001__R2-003__R1-002,02_inputs_xml_flat/GPA-001__R2-003__R1-002__0393.xml,PASS,INFO,R1.D01=SI;R1.D02=NO;R2.D01=SI;R2.D02=NO;R2.D04=SI;R2.D05=SI;R2.D06=SI,MUNICIPIO_SIN_CN_VIV,MUNICIPIO30623,No,Si,,30623,Regla 2 coherente para validaciones implementadas.
GPA-001__R2-003__R1-002__0394,GPA-001__R2-003__R1-002,02_inputs_xml_flat/GPA-001__R2-003__R1-002__0394.xml,PASS,INFO,R1.D01=SI;R1.D02=NO;R2.D01=SI;R2.D02=NO;R2.D04=SI;R2.D05=SI;R2.D06=SI,MUNICIPIO_SIN_CN_VIV,MUNICIPIO30621,No,Si,,30621,Regla 2 coherente para validaciones implementadas.
GPA-001__R2-003__R1-002__0395,GPA-001__R2-003__R1-002,02_inputs_xml_flat/GPA-001__R2-003__R1-002__0395.xml,PASS,INFO,R1.D01=SI;R1.D02=NO;R2.D01=SI;R2.D02=NO;R2.D04=SI;R2.D05=SI;R2.D06=SI,MUNICIPIO_SIN_CN_VIV,MUNICIPIO30622,No,Si,,30622,Regla 2 coherente para validaciones implementadas.
GPA-001__R2-003__R1-002__0396,GPA-001__R2-003__R1-002,02_inputs_xml_flat/GPA-001__R2-003__R1-002__0396.xml,PASS,INFO,R1.D01=SI;R1.D02=NO;R2.D01=SI;R2.D02=NO;R2.D04=SI;R2.D05=SI;R2.D06=SI,MUNICIPIO_SIN_CN_VIV,MUNICIPIO30623,No,Si,,30623,Regla 2 coherente para validaciones implementadas.
GPA-001__R2-003__R1-002__0397,GPA-001__R2-003__R1-002,02_inputs_xml_flat/GPA-001__R2-003__R1-002__0397.xml,PASS,INFO,R1.D01=SI;R1.D02=NO;R2.D01=SI;R2.D02=NO;R2.D04=SI;R2.D05=SI;R2.D06=SI,MUNICIPIO_SIN_CN_VIV,MUNICIPIO30621,No,Si,,30621,Regla 2 coherente para validaciones implementadas.
GPA-001__R2-003__R1-002__0398,GPA-001__R2-003__R1-002,02_inputs_xml_flat/GPA-001__R2-003__R1-002__0398.xml,PASS,INFO,R1.D01=SI;R1.D02=NO;R2.D01=SI;R2.D02=NO;R2.D04=SI;R2.D05=SI;R2.D06=SI,MUNICIPIO_SIN_CN_VIV,MUNICIPIO30622,No,Si,,30622,Regla 2 coherente para validaciones implementadas.
GPA-001__R2-003__R1-002__0399,GPA-001__R2-003__R1-002,02_inputs_xml_flat/GPA-001__R2-003__R1-002__0399.xml,PASS,INFO,R1.D01=SI;R1.D02=NO;R2.D01=SI;R2.D02=NO;R2.D04=SI;R2.D05=SI;R2.D06=SI,MUNICIPIO_SIN_CN_VIV,MUNICIPIO30623,No,Si,,30623,Regla 2 coherente para validaciones implementadas.
GPA-001__R2-003__R1-002__0400,GPA-001__R2-003__R1-002,02_inputs_xml_flat/GPA-001__R2-003__R1-002__0400.xml,PASS,INFO,R1.D01=SI;R1.D02=NO;R2.D01=SI;R2.D02=NO;R2.D04=SI;R2.D05=SI;R2.D06=SI,MUNICIPIO_SIN_CN_VIV,MUNICIPIO30621,No,Si,,30621,Regla 2 coherente para validaciones implementadas.
GPA-001__R2-003__R1-002__0401,GPA-001__R2-003__R1-002,02_inputs_xml_flat/GPA-001__R2-003__R1-002__0401.xml,PASS,INFO,R1.D01=SI;R1.D02=NO;R2.D01=SI;R2.D02=NO;R2.D04=SI;R2.D05=SI;R2.D06=SI,MUNICIPIO_SIN_CN_VIV,MUNICIPIO30622,No,Si,,30622,Regla 2 coherente para validaciones implementadas.
GPA-001__R2-003__R1-002__0402,GPA-001__R2-003__R1-002,02_inputs_xml_flat/GPA-001__R2-003__R1-002__0402.xml,PASS,INFO,R1.D01=SI;R1.D02=NO;R2.D01=SI;R2.D02=NO;R2.D04=SI;R2.D05=SI;R2.D06=SI,MUNICIPIO_SIN_CN_VIV,MUNICIPIO30623,No,Si,,30623,Regla 2 coherente para validaciones implementadas.
GPA-001__R2-003__R1-002__0403,GPA-001__R2-003__R1-002,02_inputs_xml_flat/GPA-001__R2-003__R1-002__0403.xml,PASS,INFO,R1.D01=SI;R1.D02=NO;R2.D01=SI;R2.D02=NO;R2.D04=SI;R2.D05=SI;R2.D06=SI,MUNICIPIO_SIN_CN_VIV,MUNICIPIO30621,No,Si,,30621,Regla 2 coherente para validaciones implementadas.
GPA-001__R2-003__R1-002__0404,GPA-001__R2-003__R1-002,02_inputs_xml_flat/GPA-001__R2-003__R1-002__0404.xml,PASS,INFO,R1.D01=SI;R1.D02=NO;R2.D01=SI;R2.D02=NO;R2.D04=SI;R2.D05=SI;R2.D06=SI,MUNICIPIO_SIN_CN_VIV,MUNICIPIO30622,No,Si,,30622,Regla 2 coherente para validaciones implementadas.
GPA-001__R2-003__R1-002__0405,GPA-001__R2-003__R1-002,02_inputs_xml_flat/GPA-001__R2-003__R1-002__0405.xml,PASS,INFO,R1.D01=SI;R1.D02=NO;R2.D01=SI;R2.D02=NO;R2.D04=SI;R2.D05=SI;R2.D06=SI,MUNICIPIO_SIN_CN_VIV,MUNICIPIO30623,No,Si,,30623,Regla 2 coherente para validaciones implementadas.
GPA-001__R2-003__R1-002__0406,GPA-001__R2-003__R1-002,02_inputs_xml_flat/GPA-001__R2-003__R1-002__0406.xml,PASS,INFO,R1.D01=SI;R1.D02=NO;R2.D01=SI;R2.D02=NO;R2.D04=SI;R2.D05=SI;R2.D06=SI,MUNICIPIO_SIN_CN_VIV,MUNICIPIO30621,No,Si,,30621,Regla 2 coherente para validaciones implementadas.
GPA-001__R2-003__R1-002__0407,GPA-001__R2-003__R1-002,02_inputs_xml_flat/GPA-001__R2-003__R1-002__0407.xml,PASS,INFO,R1.D01=SI;R1.D02=NO;R2.D01=SI;R2.D02=NO;R2.D04=SI;R2.D05=SI;R2.D06=SI,MUNICIPIO_SIN_CN_VIV,MUNICIPIO30622,No,Si,,30622,Regla 2 coherente para validaciones implementadas.
GPA-001__R2-003__R1-002__0408,GPA-001__R2-003__R1-002,02_inputs_xml_flat/GPA-001__R2-003__R1-002__0408.xml,PASS,INFO,R1.D01=SI;R1.D02=NO;R2.D01=SI;R2.D02=NO;R2.D04=SI;R2.D05=SI;R2.D06=SI,MUNICIPIO_SIN_CN_VIV,MUNICIPIO30623,No,Si,,30623,Regla 2 coherente para validaciones implementadas.
GPA-001__R2-003__R1-002__0409,GPA-001__R2-003__R1-002,02_inputs_xml_flat/GPA-001__R2-003__R1-002__0409.xml,PASS,INFO,R1.D01=SI;R1.D02=NO;R2.D01=SI;R2.D02=NO;R2.D04=SI;R2.D05=SI;R2.D06=SI,MUNICIPIO_SIN_CN_VIV,MUNICIPIO30621,No,Si,,30621,Regla 2 coherente para validaciones implementadas.
GPA-001__R2-003__R1-002__0410,GPA-001__R2-003__R1-002,02_inputs_xml_flat/GPA-001__R2-003__R1-002__0410.xml,PASS,INFO,R1.D01=SI;R1.D02=NO;R2.D01=SI;R2.D02=NO;R2.D04=SI;R2.D05=SI;R2.D06=SI,MUNICIPIO_SIN_CN_VIV,MUNICIPIO30622,No,Si,,30622,Regla 2 coherente para validaciones implementadas.
GPA-001__R2-003__R1-002__0411,GPA-001__R2-003__R1-002,02_inputs_xml_flat/GPA-001__R2-003__R1-002__0411.xml,PASS,INFO,R1.D01=SI;R1.D02=NO;R2.D01=SI;R2.D02=NO;R2.D04=SI;R2.D05=SI;R2.D06=SI,MUNICIPIO_SIN_CN_VIV,MUNICIPIO30623,No,Si,,30623,Regla 2 coherente para validaciones implementadas.
GPA-001__R2-003__R1-002__0412,GPA-001__R2-003__R1-002,02_inputs_xml_flat/GPA-001__R2-003__R1-002__0412.xml,PASS,INFO,R1.D01=SI;R1.D02=NO;R2.D01=SI;R2.D02=NO;R2.D04=SI;R2.D05=SI;R2.D06=SI,MUNICIPIO_SIN_CN_VIV,MUNICIPIO30621,No,Si,,30621,Regla 2 coherente para validaciones implementadas.
GPA-001__R2-003__R1-002__0413,GPA-001__R2-003__R1-002,02_inputs_xml_flat/GPA-001__R2-003__R1-002__0413.xml,PASS,INFO,R1.D01=SI;R1.D02=NO;R2.D01=SI;R2.D02=NO;R2.D04=SI;R2.D05=SI;R2.D06=SI,MUNICIPIO_SIN_CN_VIV,MUNICIPIO30622,No,Si,,30622,Regla 2 coherente para validaciones implementadas.
GPA-001__R2-003__R1-002__0414,GPA-001__R2-003__R1-002,02_inputs_xml_flat/GPA-001__R2-003__R1-002__0414.xml,PASS,INFO,R1.D01=SI;R1.D02=NO;R2.D01=SI;R2.D02=NO;R2.D04=SI;R2.D05=SI;R2.D06=SI,MUNICIPIO_SIN_CN_VIV,MUNICIPIO30623,No,Si,,30623,Regla 2 coherente para validaciones implementadas.
GPA-001__R2-003__R1-002__0415,GPA-001__R2-003__R1-002,02_inputs_xml_flat/GPA-001__R2-003__R1-002__0415.xml,PASS,INFO,R1.D01=SI;R1.D02=NO;R2.D01=SI;R2.D02=NO;R2.D04=SI;R2.D05=SI;R2.D06=SI,MUNICIPIO_SIN_CN_VIV,MUNICIPIO30621,No,Si,,30621,Regla 2 coherente para validaciones implementadas.
GPA-001__R2-003__R1-002__0416,GPA-001__R2-003__R1-002,02_inputs_xml_flat/GPA-001__R2-003__R1-002__0416.xml,PASS,INFO,R1.D01=SI;R1.D02=NO;R2.D01=SI;R2.D02=NO;R2.D04=SI;R2.D05=SI;R2.D06=SI,MUNICIPIO_SIN_CN_VIV,MUNICIPIO30622,No,Si,,30622,Regla 2 coherente para validaciones implementadas.
GPA-001__R2-003__R1-002__0417,GPA-001__R2-003__R1-002,02_inputs_xml_flat/GPA-001__R2-003__R1-002__0417.xml,PASS,INFO,R1.D01=SI;R1.D02=NO;R2.D01=SI;R2.D02=NO;R2.D04=SI;R2.D05=SI;R2.D06=SI,MUNICIPIO_SIN_CN_VIV,MUNICIPIO30623,No,Si,,30623,Regla 2 coherente para validaciones implementadas.
GPA-001__R2-003__R1-002__0418,GPA-001__R2-003__R1-002,02_inputs_xml_flat/GPA-001__R2-003__R1-002__0418.xml,PASS,INFO,R1.D01=SI;R1.D02=NO;R2.D01=SI;R2.D02=NO;R2.D04=SI;R2.D05=SI;R2.D06=SI,MUNICIPIO_SIN_CN_VIV,MUNICIPIO30621,No,Si,,30621,Regla 2 coherente para validaciones implementadas.
GPA-001__R2-003__R1-002__0419,GPA-001__R2-003__R1-002,02_inputs_xml_flat/GPA-001__R2-003__R1-002__0419.xml,PASS,INFO,R1.D01=SI;R1.D02=NO;R2.D01=SI;R2.D02=NO;R2.D04=SI;R2.D05=SI;R2.D06=SI,MUNICIPIO_SIN_CN_VIV,MUNICIPIO30622,No,Si,,30622,Regla 2 coherente para validaciones implementadas.
GPA-001__R2-003__R1-002__0420,GPA-001__R2-003__R1-002,02_inputs_xml_flat/GPA-001__R2-003__R1-002__0420.xml,PASS,INFO,R1.D01=SI;R1.D02=NO;R2.D01=SI;R2.D02=NO;R2.D04=SI;R2.D05=SI;R2.D06=SI,MUNICIPIO_SIN_CN_VIV,MUNICIPIO30623,No,Si,,30623,Regla 2 coherente para validaciones implementadas.
GPA-001__R2-003__R1-002__0421,GPA-001__R2-003__R1-002,02_inputs_xml_flat/GPA-001__R2-003__R1-002__0421.xml,PASS,INFO,R1.D01=SI;R1.D02=NO;R2.D01=SI;R2.D02=NO;R2.D04=SI;R2.D05=SI;R2.D06=SI,MUNICIPIO_SIN_CN_VIV,MUNICIPIO30621,No,Si,,30621,Regla 2 coherente para validaciones implementadas.
GPA-001__R2-003__R1-002__0422,GPA-001__R2-003__R1-002,02_inputs_xml_flat/GPA-001__R2-003__R1-002__0422.xml,PASS,INFO,R1.D01=SI;R1.D02=NO;R2.D01=SI;R2.D02=NO;R2.D04=SI;R2.D05=SI;R2.D06=SI,MUNICIPIO_SIN_CN_VIV,MUNICIPIO30622,No,Si,,30622,Regla 2 coherente para validaciones implementadas.
GPA-001__R2-003__R1-002__0423,GPA-001__R2-003__R1-002,02_inputs_xml_flat/GPA-001__R2-003__R1-002__0423.xml,PASS,INFO,R1.D01=SI;R1.D02=NO;R2.D01=SI;R2.D02=NO;R2.D04=SI;R2.D05=SI;R2.D06=SI,MUNICIPIO_SIN_CN_VIV,MUNICIPIO30623,No,Si,,30623,Regla 2 coherente para validaciones implementadas.
GPA-001__R2-003__R1-002__0424,GPA-001__R2-003__R1-002,02_inputs_xml_flat/GPA-001__R2-003__R1-002__0424.xml,PASS,INFO,R1.D01=SI;R1.D02=NO;R2.D01=SI;R2.D02=NO;R2.D04=SI;R2.D05=SI;R2.D06=SI,MUNICIPIO_SIN_CN_VIV,MUNICIPIO30621,No,Si,,30621,Regla 2 coherente para validaciones implementadas.
GPA-001__R2-003__R1-002__0425,GPA-001__R2-003__R1-002,02_inputs_xml_flat/GPA-001__R2-003__R1-002__0425.xml,PASS,INFO,R1.D01=SI;R1.D02=NO;R2.D01=SI;R2.D02=NO;R2.D04=SI;R2.D05=SI;R2.D06=SI,MUNICIPIO_SIN_CN_VIV,MUNICIPIO30622,No,Si,,30622,Regla 2 coherente para validaciones implementadas.
GPA-001__R2-003__R1-002__0426,GPA-001__R2-003__R1-002,02_inputs_xml_flat/GPA-001__R2-003__R1-002__0426.xml,PASS,INFO,R1.D01=SI;R1.D02=NO;R2.D01=SI;R2.D02=NO;R2.D04=SI;R2.D05=SI;R2.D06=SI,MUNICIPIO_SIN_CN_VIV,MUNICIPIO30623,No,Si,,30623,Regla 2 coherente para validaciones implementadas.
GPA-001__R2-003__R1-002__0427,GPA-001__R2-003__R1-002,02_inputs_xml_flat/GPA-001__R2-003__R1-002__0427.xml,PASS,INFO,R1.D01=SI;R1.D02=NO;R2.D01=SI;R2.D02=NO;R2.D04=SI;R2.D05=SI;R2.D06=SI,MUNICIPIO_SIN_CN_VIV,MUNICIPIO30621,No,Si,,30621,Regla 2 coherente para validaciones implementadas.
GPA-001__R2-003__R1-002__0428,GPA-001__R2-003__R1-002,02_inputs_xml_flat/GPA-001__R2-003__R1-002__0428.xml,PASS,INFO,R1.D01=SI;R1.D02=NO;R2.D01=SI;R2.D02=NO;R2.D04=SI;R2.D05=SI;R2.D06=SI,MUNICIPIO_SIN_CN_VIV,MUNICIPIO30622,No,Si,,30622,Regla 2 coherente para validaciones implementadas.
GPA-001__R2-003__R1-002__0429,GPA-001__R2-003__R1-002,02_inputs_xml_flat/GPA-001__R2-003__R1-002__0429.xml,PASS,INFO,R1.D01=SI;R1.D02=NO;R2.D01=SI;R2.D02=NO;R2.D04=SI;R2.D05=SI;R2.D06=SI,MUNICIPIO_SIN_CN_VIV,MUNICIPIO30623,No,Si,,30623,Regla 2 coherente para validaciones implementadas.
GPA-001__R2-003__R1-002__0430,GPA-001__R2-003__R1-002,02_inputs_xml_flat/GPA-001__R2-003__R1-002__0430.xml,PASS,INFO,R1.D01=SI;R1.D02=NO;R2.D01=SI;R2.D02=NO;R2.D04=SI;R2.D05=SI;R2.D06=SI,MUNICIPIO_SIN_CN_VIV,MUNICIPIO30621,No,Si,,30621,Regla 2 coherente para validaciones implementadas.
GPA-001__R2-003__R1-002__0431,GPA-001__R2-003__R1-002,02_inputs_xml_flat/GPA-001__R2-003__R1-002__0431.xml,PASS,INFO,R1.D01=SI;R1.D02=NO;R2.D01=SI;R2.D02=NO;R2.D04=SI;R2.D05=SI;R2.D06=SI,MUNICIPIO_SIN_CN_VIV,MUNICIPIO30622,No,Si,,30622,Regla 2 coherente para validaciones implementadas.
GPA-001__R2-003__R1-002__0432,GPA-001__R2-003__R1-002,02_inputs_xml_flat/GPA-001__R2-003__R1-002__0432.xml,PASS,INFO,R1.D01=SI;R1.D02=NO;R2.D01=SI;R2.D02=NO;R2.D04=SI;R2.D05=SI;R2.D06=SI,MUNICIPIO_SIN_CN_VIV,MUNICIPIO30623,No,Si,,30623,Regla 2 coherente para validaciones implementadas.
GPA-001__R2-003__R1-002__0433,GPA-001__R2-003__R1-002,02_inputs_xml_flat/GPA-001__R2-003__R1-002__0433.xml,PASS,INFO,R1.D01=SI;R1.D02=NO;R2.D01=SI;R2.D02=NO;R2.D04=SI;R2.D05=SI;R2.D06=SI,MUNICIPIO_SIN_CN_VIV,MUNICIPIO30621,No,Si,,30621,Regla 2 coherente para validaciones implementadas.
GPA-001__R2-003__R1-002__0434,GPA-001__R2-003__R1-002,02_inputs_xml_flat/GPA-001__R2-003__R1-002__0434.xml,PASS,INFO,R1.D01=SI;R1.D02=NO;R2.D01=SI;R2.D02=NO;R2.D04=SI;R2.D05=SI;R2.D06=SI,MUNICIPIO_SIN_CN_VIV,MUNICIPIO30622,No,Si,,30622,Regla 2 coherente para validaciones implementadas.
GPA-001__R2-003__R1-002__0435,GPA-001__R2-003__R1-002,02_inputs_xml_flat/GPA-001__R2-003__R1-002__0435.xml,PASS,INFO,R1.D01=SI;R1.D02=NO;R2.D01=SI;R2.D02=NO;R2.D04=SI;R2.D05=SI;R2.D06=SI,MUNICIPIO_SIN_CN_VIV,MUNICIPIO30623,No,Si,,30623,Regla 2 coherente para validaciones implementadas.
GPA-001__R2-003__R1-002__0436,GPA-001__R2-003__R1-002,02_inputs_xml_flat/GPA-001__R2-003__R1-002__0436.xml,PASS,INFO,R1.D01=SI;R1.D02=NO;R2.D01=SI;R2.D02=NO;R2.D04=SI;R2.D05=SI;R2.D06=SI,MUNICIPIO_SIN_CN_VIV,MUNICIPIO30621,No,Si,,30621,Regla 2 coherente para validaciones implementadas.
GPA-001__R2-003__R1-002__0437,GPA-001__R2-003__R1-002,02_inputs_xml_flat/GPA-001__R2-003__R1-002__0437.xml,PASS,INFO,R1.D01=SI;R1.D02=NO;R2.D01=SI;R2.D02=NO;R2.D04=SI;R2.D05=SI;R2.D06=SI,MUNICIPIO_SIN_CN_VIV,MUNICIPIO30622,No,Si,,30622,Regla 2 coherente para validaciones implementadas.
GPA-001__R2-003__R1-002__0438,GPA-001__R2-003__R1-002,02_inputs_xml_flat/GPA-001__R2-003__R1-002__0438.xml,PASS,INFO,R1.D01=SI;R1.D02=NO;R2.D01=SI;R2.D02=NO;R2.D04=SI;R2.D05=SI;R2.D06=SI,MUNICIPIO_SIN_CN_VIV,MUNICIPIO30623,No,Si,,30623,Regla 2 coherente para validaciones implementadas.
GPA-001__R2-003__R1-002__0439,GPA-001__R2-003__R1-002,02_inputs_xml_flat/GPA-001__R2-003__R1-002__0439.xml,PASS,INFO,R1.D01=SI;R1.D02=NO;R2.D01=SI;R2.D02=NO;R2.D04=SI;R2.D05=SI;R2.D06=SI,MUNICIPIO_SIN_CN_VIV,MUNICIPIO30621,No,Si,,30621,Regla 2 coherente para validaciones implementadas.
GPA-001__R2-003__R1-002__0440,GPA-001__R2-003__R1-002,02_inputs_xml_flat/GPA-001__R2-003__R1-002__0440.xml,PASS,INFO,R1.D01=SI;R1.D02=NO;R2.D01=SI;R2.D02=NO;R2.D04=SI;R2.D05=SI;R2.D06=SI,MUNICIPIO_SIN_CN_VIV,MUNICIPIO30622,No,Si,,30622,Regla 2 coherente para validaciones implementadas.
GPA-001__R2-003__R1-002__0441,GPA-001__R2-003__R1-002,02_inputs_xml_flat/GPA-001__R2-003__R1-002__0441.xml,PASS,INFO,R1.D01=SI;R1.D02=NO;R2.D01=SI;R2.D02=NO;R2.D04=SI;R2.D05=SI;R2.D06=SI,MUNICIPIO_SIN_CN_VIV,MUNICIPIO30623,No,Si,,30623,Regla 2 coherente para validaciones implementadas.
GPA-001__R2-003__R1-002__0442,GPA-001__R2-003__R1-002,02_inputs_xml_flat/GPA-001__R2-003__R1-002__0442.xml,PASS,INFO,R1.D01=SI;R1.D02=NO;R2.D01=SI;R2.D02=NO;R2.D04=SI;R2.D05=SI;R2.D06=SI,MUNICIPIO_SIN_CN_VIV,MUNICIPIO30621,No,Si,,30621,Regla 2 coherente para validaciones implementadas.
GPA-001__R2-003__R1-002__0443,GPA-001__R2-003__R1-002,02_inputs_xml_flat/GPA-001__R2-003__R1-002__0443.xml,PASS,INFO,R1.D01=SI;R1.D02=NO;R2.D01=SI;R2.D02=NO;R2.D04=SI;R2.D05=SI;R2.D06=SI,MUNICIPIO_SIN_CN_VIV,MUNICIPIO30622,No,Si,,30622,Regla 2 coherente para validaciones implementadas.
GPA-001__R2-003__R1-002__0444,GPA-001__R2-003__R1-002,02_inputs_xml_flat/GPA-001__R2-003__R1-002__0444.xml,PASS,INFO,R1.D01=SI;R1.D02=NO;R2.D01=SI;R2.D02=NO;R2.D04=SI;R2.D05=SI;R2.D06=SI,MUNICIPIO_SIN_CN_VIV,MUNICIPIO30623,No,Si,,30623,Regla 2 coherente para validaciones implementadas.
GPA-001__R2-003__R1-002__0445,GPA-001__R2-003__R1-002,02_inputs_xml_flat/GPA-001__R2-003__R1-002__0445.xml,PASS,INFO,R1.D01=SI;R1.D02=NO;R2.D01=SI;R2.D02=NO;R2.D04=SI;R2.D05=SI;R2.D06=SI,MUNICIPIO_SIN_CN_VIV,MUNICIPIO30621,No,Si,,30621,Regla 2 coherente para validaciones implementadas.
GPA-001__R2-003__R1-002__0446,GPA-001__R2-003__R1-002,02_inputs_xml_flat/GPA-001__R2-003__R1-002__0446.xml,PASS,INFO,R1.D01=SI;R1.D02=NO;R2.D01=SI;R2.D02=NO;R2.D04=SI;R2.D05=SI;R2.D06=SI,MUNICIPIO_SIN_CN_VIV,MUNICIPIO30622,No,Si,,30622,Regla 2 coherente para validaciones implementadas.
GPA-001__R2-003__R1-002__0447,GPA-001__R2-003__R1-002,02_inputs_xml_flat/GPA-001__R2-003__R1-002__0447.xml,PASS,INFO,R1.D01=SI;R1.D02=NO;R2.D01=SI;R2.D02=NO;R2.D04=SI;R2.D05=SI;R2.D06=SI,MUNICIPIO_SIN_CN_VIV,MUNICIPIO30623,No,Si,,30623,Regla 2 coherente para validaciones implementadas.
GPA-001__R2-003__R1-002__0448,GPA-001__R2-003__R1-002,02_inputs_xml_flat/GPA-001__R2-003__R1-002__0448.xml,PASS,INFO,R1.D01=SI;R1.D02=NO;R2.D01=SI;R2.D02=NO;R2.D04=SI;R2.D05=SI;R2.D06=SI,MUNICIPIO_SIN_CN_VIV,MUNICIPIO30621,No,Si,,30621,Regla 2 coherente para validaciones implementadas.
GPA-001__R2-003__R1-002__0449,GPA-001__R2-003__R1-002,02_inputs_xml_flat/GPA-001__R2-003__R1-002__0449.xml,PASS,INFO,R1.D01=SI;R1.D02=NO;R2.D01=SI;R2.D02=NO;R2.D04=SI;R2.D05=SI;R2.D06=SI,MUNICIPIO_SIN_CN_VIV,MUNICIPIO30622,No,Si,,30622,Regla 2 coherente para validaciones implementadas.
GPA-001__R2-003__R1-002__0450,GPA-001__R2-003__R1-002,02_inputs_xml_flat/GPA-001__R2-003__R1-002__0450.xml,PASS,INFO,R1.D01=SI;R1.D02=NO;R2.D01=SI;R2.D02=NO;R2.D04=SI;R2.D05=SI;R2.D06=SI,MUNICIPIO_SIN_CN_VIV,MUNICIPIO30623,No,Si,,30623,Regla 2 coherente para validaciones implementadas.
GPA-001__R2-003__R1-002__0451,GPA-001__R2-003__R1-002,02_inputs_xml_flat/GPA-001__R2-003__R1-002__0451.xml,PASS,INFO,R1.D01=SI;R1.D02=NO;R2.D01=SI;R2.D02=NO;R2.D04=SI;R2.D05=SI;R2.D06=SI,MUNICIPIO_SIN_CN_VIV,MUNICIPIO30621,No,Si,,30621,Regla 2 coherente para validaciones implementadas.
GPA-001__R2-003__R1-002__0452,GPA-001__R2-003__R1-002,02_inputs_xml_flat/GPA-001__R2-003__R1-002__0452.xml,PASS,INFO,R1.D01=SI;R1.D02=NO;R2.D01=SI;R2.D02=NO;R2.D04=SI;R2.D05=SI;R2.D06=SI,MUNICIPIO_SIN_CN_VIV,MUNICIPIO30622,No,Si,,30622,Regla 2 coherente para validaciones implementadas.
GPA-001__R2-003__R1-002__0453,GPA-001__R2-003__R1-002,02_inputs_xml_flat/GPA-001__R2-003__R1-002__0453.xml,PASS,INFO,R1.D01=SI;R1.D02=NO;R2.D01=SI;R2.D02=NO;R2.D04=SI;R2.D05=SI;R2.D06=SI,MUNICIPIO_SIN_CN_VIV,MUNICIPIO30623,No,Si,,30623,Regla 2 coherente para validaciones implementadas.
GPA-001__R2-003__R1-002__0454,GPA-001__R2-003__R1-002,02_inputs_xml_flat/GPA-001__R2-003__R1-002__0454.xml,PASS,INFO,R1.D01=SI;R1.D02=NO;R2.D01=SI;R2.D02=NO;R2.D04=SI;R2.D05=SI;R2.D06=SI,MUNICIPIO_SIN_CN_VIV,MUNICIPIO30621,No,Si,,30621,Regla 2 coherente para validaciones implementadas.
GPA-001__R2-003__R1-002__0455,GPA-001__R2-003__R1-002,02_inputs_xml_flat/GPA-001__R2-003__R1-002__0455.xml,PASS,INFO,R1.D01=SI;R1.D02=NO;R2.D01=SI;R2.D02=NO;R2.D04=SI;R2.D05=SI;R2.D06=SI,MUNICIPIO_SIN_CN_VIV,MUNICIPIO30622,No,Si,,30622,Regla 2 coherente para validaciones implementadas.
GPA-001__R2-003__R1-002__0456,GPA-001__R2-003__R1-002,02_inputs_xml_flat/GPA-001__R2-003__R1-002__0456.xml,PASS,INFO,R1.D01=SI;R1.D02=NO;R2.D01=SI;R2.D02=NO;R2.D04=SI;R2.D05=SI;R2.D06=SI,MUNICIPIO_SIN_CN_VIV,MUNICIPIO30623,No,Si,,30623,Regla 2 coherente para validaciones implementadas.
GPA-001__R2-003__R1-002__0457,GPA-001__R2-003__R1-002,02_inputs_xml_flat/GPA-001__R2-003__R1-002__0457.xml,PASS,INFO,R1.D01=SI;R1.D02=NO;R2.D01=SI;R2.D02=NO;R2.D04=SI;R2.D05=SI;R2.D06=SI,MUNICIPIO_SIN_CN_VIV,MUNICIPIO30621,No,Si,,30621,Regla 2 coherente para validaciones implementadas.
GPA-001__R2-003__R1-002__0458,GPA-001__R2-003__R1-002,02_inputs_xml_flat/GPA-001__R2-003__R1-002__0458.xml,PASS,INFO,R1.D01=SI;R1.D02=NO;R2.D01=SI;R2.D02=NO;R2.D04=SI;R2.D05=SI;R2.D06=SI,MUNICIPIO_SIN_CN_VIV,MUNICIPIO30622,No,Si,,30622,Regla 2 coherente para validaciones implementadas.
GPA-001__R2-003__R1-002__0459,GPA-001__R2-003__R1-002,02_inputs_xml_flat/GPA-001__R2-003__R1-002__0459.xml,PASS,INFO,R1.D01=SI;R1.D02=NO;R2.D01=SI;R2.D02=NO;R2.D04=SI;R2.D05=SI;R2.D06=SI,MUNICIPIO_SIN_CN_VIV,MUNICIPIO30623,No,Si,,30623,Regla 2 coherente para validaciones implementadas.
GPA-001__R2-003__R1-002__0460,GPA-001__R2-003__R1-002,02_inputs_xml_flat/GPA-001__R2-003__R1-002__0460.xml,PASS,INFO,R1.D01=SI;R1.D02=NO;R2.D01=SI;R2.D02=NO;R2.D04=SI;R2.D05=SI;R2.D06=SI,MUNICIPIO_SIN_CN_VIV,MUNICIPIO30621,No,Si,,30621,Regla 2 coherente para validaciones implementadas.
GPA-001__R2-003__R1-002__0461,GPA-001__R2-003__R1-002,02_inputs_xml_flat/GPA-001__R2-003__R1-002__0461.xml,PASS,INFO,R1.D01=SI;R1.D02=NO;R2.D01=SI;R2.D02=NO;R2.D04=SI;R2.D05=SI;R2.D06=SI,MUNICIPIO_SIN_CN_VIV,MUNICIPIO30622,No,Si,,30622,Regla 2 coherente para validaciones implementadas.
GPA-001__R2-003__R1-002__0462,GPA-001__R2-003__R1-002,02_inputs_xml_flat/GPA-001__R2-003__R1-002__0462.xml,PASS,INFO,R1.D01=SI;R1.D02=NO;R2.D01=SI;R2.D02=NO;R2.D04=SI;R2.D05=SI;R2.D06=SI,MUNICIPIO_SIN_CN_VIV,MUNICIPIO30623,No,Si,,30623,Regla 2 coherente para validaciones implementadas.
GPA-001__R2-003__R1-002__0463,GPA-001__R2-003__R1-002,02_inputs_xml_flat/GPA-001__R2-003__R1-002__0463.xml,PASS,INFO,R1.D01=SI;R1.D02=NO;R2.D01=SI;R2.D02=NO;R2.D04=SI;R2.D05=SI;R2.D06=SI,MUNICIPIO_SIN_CN_VIV,MUNICIPIO30621,No,Si,,30621,Regla 2 coherente para validaciones implementadas.
GPA-001__R2-003__R1-002__0464,GPA-001__R2-003__R1-002,02_inputs_xml_flat/GPA-001__R2-003__R1-002__0464.xml,PASS,INFO,R1.D01=SI;R1.D02=NO;R2.D01=SI;R2.D02=NO;R2.D04=SI;R2.D05=SI;R2.D06=SI,MUNICIPIO_SIN_CN_VIV,MUNICIPIO30622,No,Si,,30622,Regla 2 coherente para validaciones implementadas.
GPA-001__R2-003__R1-002__0465,GPA-001__R2-003__R1-002,02_inputs_xml_flat/GPA-001__R2-003__R1-002__0465.xml,PASS,INFO,R1.D01=SI;R1.D02=NO;R2.D01=SI;R2.D02=NO;R2.D04=SI;R2.D05=SI;R2.D06=SI,MUNICIPIO_SIN_CN_VIV,MUNICIPIO30623,No,Si,,30623,Regla 2 coherente para validaciones implementadas.
GPA-001__R2-003__R1-002__0466,GPA-001__R2-003__R1-002,02_inputs_xml_flat/GPA-001__R2-003__R1-002__0466.xml,PASS,INFO,R1.D01=SI;R1.D02=NO;R2.D01=SI;R2.D02=NO;R2.D04=SI;R2.D05=SI;R2.D06=SI,MUNICIPIO_SIN_CN_VIV,MUNICIPIO30621,No,Si,,30621,Regla 2 coherente para validaciones implementadas.
GPA-001__R2-003__R1-002__0467,GPA-001__R2-003__R1-002,02_inputs_xml_flat/GPA-001__R2-003__R1-002__0467.xml,PASS,INFO,R1.D01=SI;R1.D02=NO;R2.D01=SI;R2.D02=NO;R2.D04=SI;R2.D05=SI;R2.D06=SI,MUNICIPIO_SIN_CN_VIV,MUNICIPIO30622,No,Si,,30622,Regla 2 coherente para validaciones implementadas.
GPA-001__R2-003__R1-002__0468,GPA-001__R2-003__R1-002,02_inputs_xml_flat/GPA-001__R2-003__R1-002__0468.xml,PASS,INFO,R1.D01=SI;R1.D02=NO;R2.D01=SI;R2.D02=NO;R2.D04=SI;R2.D05=SI;R2.D06=SI,MUNICIPIO_SIN_CN_VIV,MUNICIPIO30623,No,Si,,30623,Regla 2 coherente para validaciones implementadas.
GPA-001__R2-003__R1-002__0469,GPA-001__R2-003__R1-002,02_inputs_xml_flat/GPA-001__R2-003__R1-002__0469.xml,PASS,INFO,R1.D01=SI;R1.D02=NO;R2.D01=SI;R2.D02=NO;R2.D04=SI;R2.D05=SI;R2.D06=SI,MUNICIPIO_SIN_CN_VIV,MUNICIPIO30621,No,Si,,30621,Regla 2 coherente para validaciones implementadas.
GPA-001__R2-003__R1-002__0470,GPA-001__R2-003__R1-002,02_inputs_xml_flat/GPA-001__R2-003__R1-002__0470.xml,PASS,INFO,R1.D01=SI;R1.D02=NO;R2.D01=SI;R2.D02=NO;R2.D04=SI;R2.D05=SI;R2.D06=SI,MUNICIPIO_SIN_CN_VIV,MUNICIPIO30622,No,Si,,30622,Regla 2 coherente para validaciones implementadas.
GPA-001__R2-003__R1-002__0471,GPA-001__R2-003__R1-002,02_inputs_xml_flat/GPA-001__R2-003__R1-002__0471.xml,PASS,INFO,R1.D01=SI;R1.D02=NO;R2.D01=SI;R2.D02=NO;R2.D04=SI;R2.D05=SI;R2.D06=SI,MUNICIPIO_SIN_CN_VIV,MUNICIPIO30623,No,Si,,30623,Regla 2 coherente para validaciones implementadas.
GPA-001__R2-003__R1-002__0472,GPA-001__R2-003__R1-002,02_inputs_xml_flat/GPA-001__R2-003__R1-002__0472.xml,PASS,INFO,R1.D01=SI;R1.D02=NO;R2.D01=SI;R2.D02=NO;R2.D04=SI;R2.D05=SI;R2.D06=SI,MUNICIPIO_SIN_CN_VIV,MUNICIPIO30621,No,Si,,30621,Regla 2 coherente para validaciones implementadas.
GPA-001__R2-003__R1-002__0473,GPA-001__R2-003__R1-002,02_inputs_xml_flat/GPA-001__R2-003__R1-002__0473.xml,PASS,INFO,R1.D01=SI;R1.D02=NO;R2.D01=SI;R2.D02=NO;R2.D04=SI;R2.D05=SI;R2.D06=SI,MUNICIPIO_SIN_CN_VIV,MUNICIPIO30622,No,Si,,30622,Regla 2 coherente para validaciones implementadas.
GPA-001__R2-003__R1-002__0474,GPA-001__R2-003__R1-002,02_inputs_xml_flat/GPA-001__R2-003__R1-002__0474.xml,PASS,INFO,R1.D01=SI;R1.D02=NO;R2.D01=SI;R2.D02=NO;R2.D04=SI;R2.D05=SI;R2.D06=SI,MUNICIPIO_SIN_CN_VIV,MUNICIPIO30623,No,Si,,30623,Regla 2 coherente para validaciones implementadas.
GPA-001__R2-003__R1-002__0475,GPA-001__R2-003__R1-002,02_inputs_xml_flat/GPA-001__R2-003__R1-002__0475.xml,PASS,INFO,R1.D01=SI;R1.D02=NO;R2.D01=SI;R2.D02=NO;R2.D04=SI;R2.D05=SI;R2.D06=SI,MUNICIPIO_SIN_CN_VIV,MUNICIPIO30621,No,Si,,30621,Regla 2 coherente para validaciones implementadas.
GPA-001__R2-003__R1-002__0476,GPA-001__R2-003__R1-002,02_inputs_xml_flat/GPA-001__R2-003__R1-002__0476.xml,PASS,INFO,R1.D01=SI;R1.D02=NO;R2.D01=SI;R2.D02=NO;R2.D04=SI;R2.D05=SI;R2.D06=SI,MUNICIPIO_SIN_CN_VIV,MUNICIPIO30622,No,Si,,30622,Regla 2 coherente para validaciones implementadas.
GPA-001__R2-003__R1-002__0477,GPA-001__R2-003__R1-002,02_inputs_xml_flat/GPA-001__R2-003__R1-002__0477.xml,PASS,INFO,R1.D01=SI;R1.D02=NO;R2.D01=SI;R2.D02=NO;R2.D04=SI;R2.D05=SI;R2.D06=SI,MUNICIPIO_SIN_CN_VIV,MUNICIPIO30623,No,Si,,30623,Regla 2 coherente para validaciones implementadas.
GPA-001__R2-003__R1-002__0478,GPA-001__R2-003__R1-002,02_inputs_xml_flat/GPA-001__R2-003__R1-002__0478.xml,PASS,INFO,R1.D01=SI;R1.D02=NO;R2.D01=SI;R2.D02=NO;R2.D04=SI;R2.D05=SI;R2.D06=SI,MUNICIPIO_SIN_CN_VIV,MUNICIPIO30621,No,Si,,30621,Regla 2 coherente para validaciones implementadas.
GPA-001__R2-003__R1-002__0479,GPA-001__R2-003__R1-002,02_inputs_xml_flat/GPA-001__R2-003__R1-002__0479.xml,PASS,INFO,R1.D01=SI;R1.D02=NO;R2.D01=SI;R2.D02=NO;R2.D04=SI;R2.D05=SI;R2.D06=SI,MUNICIPIO_SIN_CN_VIV,MUNICIPIO30622,No,Si,,30622,Regla 2 coherente para validaciones implementadas.
GPA-001__R2-003__R1-002__0480,GPA-001__R2-003__R1-002,02_inputs_xml_flat/GPA-001__R2-003__R1-002__0480.xml,PASS,INFO,R1.D01=SI;R1.D02=NO;R2.D01=SI;R2.D02=NO;R2.D04=SI;R2.D05=SI;R2.D06=SI,MUNICIPIO_SIN_CN_VIV,MUNICIPIO30623,No,Si,,30623,Regla 2 coherente para validaciones implementadas.
GPA-001__R2-003__R1-002__0481,GPA-001__R2-003__R1-002,02_inputs_xml_flat/GPA-001__R2-003__R1-002__0481.xml,PASS,INFO,R1.D01=SI;R1.D02=NO;R2.D01=SI;R2.D02=NO;R2.D04=SI;R2.D05=SI;R2.D06=SI,MUNICIPIO_SIN_CN_VIV,MUNICIPIO30621,No,Si,,30621,Regla 2 coherente para validaciones implementadas.
GPA-001__R2-003__R1-002__0482,GPA-001__R2-003__R1-002,02_inputs_xml_flat/GPA-001__R2-003__R1-002__0482.xml,PASS,INFO,R1.D01=SI;R1.D02=NO;R2.D01=SI;R2.D02=NO;R2.D04=SI;R2.D05=SI;R2.D06=SI,MUNICIPIO_SIN_CN_VIV,MUNICIPIO30622,No,Si,,30622,Regla 2 coherente para validaciones implementadas.
GPA-001__R2-003__R1-002__0483,GPA-001__R2-003__R1-002,02_inputs_xml_flat/GPA-001__R2-003__R1-002__0483.xml,PASS,INFO,R1.D01=SI;R1.D02=NO;R2.D01=SI;R2.D02=NO;R2.D04=SI;R2.D05=SI;R2.D06=SI,MUNICIPIO_SIN_CN_VIV,MUNICIPIO30623,No,Si,,30623,Regla 2 coherente para validaciones implementadas.
GPA-001__R2-003__R1-002__0484,GPA-001__R2-003__R1-002,02_inputs_xml_flat/GPA-001__R2-003__R1-002__0484.xml,PASS,INFO,R1.D01=SI;R1.D02=NO;R2.D01=SI;R2.D02=NO;R2.D04=SI;R2.D05=SI;R2.D06=SI,MUNICIPIO_SIN_CN_VIV,MUNICIPIO30621,No,Si,,30621,Regla 2 coherente para validaciones implementadas.
GPA-001__R2-003__R1-002__0485,GPA-001__R2-003__R1-002,02_inputs_xml_flat/GPA-001__R2-003__R1-002__0485.xml,PASS,INFO,R1.D01=SI;R1.D02=NO;R2.D01=SI;R2.D02=NO;R2.D04=SI;R2.D05=SI;R2.D06=SI,MUNICIPIO_SIN_CN_VIV,MUNICIPIO30622,No,Si,,30622,Regla 2 coherente para validaciones implementadas.
GPA-001__R2-003__R1-002__0486,GPA-001__R2-003__R1-002,02_inputs_xml_flat/GPA-001__R2-003__R1-002__0486.xml,PASS,INFO,R1.D01=SI;R1.D02=NO;R2.D01=SI;R2.D02=NO;R2.D04=SI;R2.D05=SI;R2.D06=SI,MUNICIPIO_SIN_CN_VIV,MUNICIPIO30623,No,Si,,30623,Regla 2 coherente para validaciones implementadas.
GPA-001__R2-003__R1-002__0487,GPA-001__R2-003__R1-002,02_inputs_xml_flat/GPA-001__R2-003__R1-002__0487.xml,PASS,INFO,R1.D01=SI;R1.D02=NO;R2.D01=SI;R2.D02=NO;R2.D04=SI;R2.D05=SI;R2.D06=SI,MUNICIPIO_SIN_CN_VIV,MUNICIPIO30621,No,Si,,30621,Regla 2 coherente para validaciones implementadas.
GPA-001__R2-003__R1-002__0488,GPA-001__R2-003__R1-002,02_inputs_xml_flat/GPA-001__R2-003__R1-002__0488.xml,PASS,INFO,R1.D01=SI;R1.D02=NO;R2.D01=SI;R2.D02=NO;R2.D04=SI;R2.D05=SI;R2.D06=SI,MUNICIPIO_SIN_CN_VIV,MUNICIPIO30622,No,Si,,30622,Regla 2 coherente para validaciones implementadas.
GPA-001__R2-003__R1-002__0489,GPA-001__R2-003__R1-002,02_inputs_xml_flat/GPA-001__R2-003__R1-002__0489.xml,PASS,INFO,R1.D01=SI;R1.D02=NO;R2.D01=SI;R2.D02=NO;R2.D04=SI;R2.D05=SI;R2.D06=SI,MUNICIPIO_SIN_CN_VIV,MUNICIPIO30623,No,Si,,30623,Regla 2 coherente para validaciones implementadas.
GPA-001__R2-003__R1-002__0490,GPA-001__R2-003__R1-002,02_inputs_xml_flat/GPA-001__R2-003__R1-002__0490.xml,PASS,INFO,R1.D01=SI;R1.D02=NO;R2.D01=SI;R2.D02=NO;R2.D04=SI;R2.D05=SI;R2.D06=SI,MUNICIPIO_SIN_CN_VIV,MUNICIPIO30621,No,Si,,30621,Regla 2 coherente para validaciones implementadas.
GPA-001__R2-003__R1-002__0491,GPA-001__R2-003__R1-002,02_inputs_xml_flat/GPA-001__R2-003__R1-002__0491.xml,PASS,INFO,R1.D01=SI;R1.D02=NO;R2.D01=SI;R2.D02=NO;R2.D04=SI;R2.D05=SI;R2.D06=SI,MUNICIPIO_SIN_CN_VIV,MUNICIPIO30622,No,Si,,30622,Regla 2 coherente para validaciones implementadas.
GPA-001__R2-003__R1-002__0492,GPA-001__R2-003__R1-002,02_inputs_xml_flat/GPA-001__R2-003__R1-002__0492.xml,PASS,INFO,R1.D01=SI;R1.D02=NO;R2.D01=SI;R2.D02=NO;R2.D04=SI;R2.D05=SI;R2.D06=SI,MUNICIPIO_SIN_CN_VIV,MUNICIPIO30623,No,Si,,30623,Regla 2 coherente para validaciones implementadas.
GPA-001__R2-003__R1-002__0493,GPA-001__R2-003__R1-002,02_inputs_xml_flat/GPA-001__R2-003__R1-002__0493.xml,PASS,INFO,R1.D01=SI;R1.D02=NO;R2.D01=SI;R2.D02=NO;R2.D04=SI;R2.D05=SI;R2.D06=SI,MUNICIPIO_SIN_CN_VIV,MUNICIPIO30621,No,Si,,30621,Regla 2 coherente para validaciones implementadas.
GPA-001__R2-003__R1-002__0494,GPA-001__R2-003__R1-002,02_inputs_xml_flat/GPA-001__R2-003__R1-002__0494.xml,PASS,INFO,R1.D01=SI;R1.D02=NO;R2.D01=SI;R2.D02=NO;R2.D04=SI;R2.D05=SI;R2.D06=SI,MUNICIPIO_SIN_CN_VIV,MUNICIPIO30622,No,Si,,30622,Regla 2 coherente para validaciones implementadas.
GPA-001__R2-003__R1-002__0495,GPA-001__R2-003__R1-002,02_inputs_xml_flat/GPA-001__R2-003__R1-002__0495.xml,PASS,INFO,R1.D01=SI;R1.D02=NO;R2.D01=SI;R2.D02=NO;R2.D04=SI;R2.D05=SI;R2.D06=SI,MUNICIPIO_SIN_CN_VIV,MUNICIPIO30623,No,Si,,30623,Regla 2 coherente para validaciones implementadas.
GPA-001__R2-003__R1-002__0496,GPA-001__R2-003__R1-002,02_inputs_xml_flat/GPA-001__R2-003__R1-002__0496.xml,PASS,INFO,R1.D01=SI;R1.D02=NO;R2.D01=SI;R2.D02=NO;R2.D04=SI;R2.D05=SI;R2.D06=SI,MUNICIPIO_SIN_CN_VIV,MUNICIPIO30621,No,Si,,30621,Regla 2 coherente para validaciones implementadas.
GPA-001__R2-003__R1-002__0497,GPA-001__R2-003__R1-002,02_inputs_xml_flat/GPA-001__R2-003__R1-002__0497.xml,PASS,INFO,R1.D01=SI;R1.D02=NO;R2.D01=SI;R2.D02=NO;R2.D04=SI;R2.D05=SI;R2.D06=SI,MUNICIPIO_SIN_CN_VIV,MUNICIPIO30622,No,Si,,30622,Regla 2 coherente para validaciones implementadas.
GPA-001__R2-003__R1-002__0498,GPA-001__R2-003__R1-002,02_inputs_xml_flat/GPA-001__R2-003__R1-002__0498.xml,PASS,INFO,R1.D01=SI;R1.D02=NO;R2.D01=SI;R2.D02=NO;R2.D04=SI;R2.D05=SI;R2.D06=SI,MUNICIPIO_SIN_CN_VIV,MUNICIPIO30623,No,Si,,30623,Regla 2 coherente para validaciones implementadas.
GPA-001__R2-003__R1-002__0499,GPA-001__R2-003__R1-002,02_inputs_xml_flat/GPA-001__R2-003__R1-002__0499.xml,PASS,INFO,R1.D01=SI;R1.D02=NO;R2.D01=SI;R2.D02=NO;R2.D04=SI;R2.D05=SI;R2.D06=SI,MUNICIPIO_SIN_CN_VIV,MUNICIPIO30621,No,Si,,30621,Regla 2 coherente para validaciones implementadas.
GPA-001__R2-003__R1-002__0500,GPA-001__R2-003__R1-002,02_inputs_xml_flat/GPA-001__R2-003__R1-002__0500.xml,PASS,INFO,R1.D01=SI;R1.D02=NO;R2.D01=SI;R2.D02=NO;R2.D04=SI;R2.D05=SI;R2.D06=SI,MUNICIPIO_SIN_CN_VIV,MUNICIPIO30622,No,Si,,30622,Regla 2 coherente para validaciones implementadas.
GPA-001__R2-003__R1-002__0501,GPA-001__R2-003__R1-002,02_inputs_xml_flat/GPA-001__R2-003__R1-002__0501.xml,PASS,INFO,R1.D01=SI;R1.D02=NO;R2.D01=SI;R2.D02=NO;R2.D04=SI;R2.D05=SI;R2.D06=SI,MUNICIPIO_SIN_CN_VIV,MUNICIPIO30623,No,Si,,30623,Regla 2 coherente para validaciones implementadas.
GPA-001__R2-003__R1-002__0502,GPA-001__R2-003__R1-002,02_inputs_xml_flat/GPA-001__R2-003__R1-002__0502.xml,PASS,INFO,R1.D01=SI;R1.D02=NO;R2.D01=SI;R2.D02=NO;R2.D04=SI;R2.D05=SI;R2.D06=SI,MUNICIPIO_SIN_CN_VIV,MUNICIPIO30621,No,Si,,30621,Regla 2 coherente para validaciones implementadas.
GPA-001__R2-003__R1-002__0503,GPA-001__R2-003__R1-002,02_inputs_xml_flat/GPA-001__R2-003__R1-002__0503.xml,PASS,INFO,R1.D01=SI;R1.D02=NO;R2.D01=SI;R2.D02=NO;R2.D04=SI;R2.D05=SI;R2.D06=SI,MUNICIPIO_SIN_CN_VIV,MUNICIPIO30622,No,Si,,30622,Regla 2 coherente para validaciones implementadas.
GPA-001__R2-003__R1-002__0504,GPA-001__R2-003__R1-002,02_inputs_xml_flat/GPA-001__R2-003__R1-002__0504.xml,PASS,INFO,R1.D01=SI;R1.D02=NO;R2.D01=SI;R2.D02=NO;R2.D04=SI;R2.D05=SI;R2.D06=SI,MUNICIPIO_SIN_CN_VIV,MUNICIPIO30623,No,Si,,30623,Regla 2 coherente para validaciones implementadas.
GPA-001__R2-003__R1-002__0505,GPA-001__R2-003__R1-002,02_inputs_xml_flat/GPA-001__R2-003__R1-002__0505.xml,PASS,INFO,R1.D01=SI;R1.D02=NO;R2.D01=SI;R2.D02=NO;R2.D04=SI;R2.D05=SI;R2.D06=SI,MUNICIPIO_SIN_CN_VIV,MUNICIPIO30621,No,Si,,30621,Regla 2 coherente para validaciones implementadas.
GPA-001__R2-003__R1-002__0506,GPA-001__R2-003__R1-002,02_inputs_xml_flat/GPA-001__R2-003__R1-002__0506.xml,PASS,INFO,R1.D01=SI;R1.D02=NO;R2.D01=SI;R2.D02=NO;R2.D04=SI;R2.D05=SI;R2.D06=SI,MUNICIPIO_SIN_CN_VIV,MUNICIPIO30622,No,Si,,30622,Regla 2 coherente para validaciones implementadas.
GPA-001__R2-003__R1-002__0507,GPA-001__R2-003__R1-002,02_inputs_xml_flat/GPA-001__R2-003__R1-002__0507.xml,PASS,INFO,R1.D01=SI;R1.D02=NO;R2.D01=SI;R2.D02=NO;R2.D04=SI;R2.D05=SI;R2.D06=SI,MUNICIPIO_SIN_CN_VIV,MUNICIPIO30623,No,Si,,30623,Regla 2 coherente para validaciones implementadas.
GPA-001__R2-003__R1-002__0508,GPA-001__R2-003__R1-002,02_inputs_xml_flat/GPA-001__R2-003__R1-002__0508.xml,PASS,INFO,R1.D01=SI;R1.D02=NO;R2.D01=SI;R2.D02=NO;R2.D04=SI;R2.D05=SI;R2.D06=SI,MUNICIPIO_SIN_CN_VIV,MUNICIPIO30621,No,Si,,30621,Regla 2 coherente para validaciones implementadas.
GPA-001__R2-003__R1-002__0509,GPA-001__R2-003__R1-002,02_inputs_xml_flat/GPA-001__R2-003__R1-002__0509.xml,PASS,INFO,R1.D01=SI;R1.D02=NO;R2.D01=SI;R2.D02=NO;R2.D04=SI;R2.D05=SI;R2.D06=SI,MUNICIPIO_SIN_CN_VIV,MUNICIPIO30622,No,Si,,30622,Regla 2 coherente para validaciones implementadas.
GPA-001__R2-003__R1-002__0510,GPA-001__R2-003__R1-002,02_inputs_xml_flat/GPA-001__R2-003__R1-002__0510.xml,PASS,INFO,R1.D01=SI;R1.D02=NO;R2.D01=SI;R2.D02=NO;R2.D04=SI;R2.D05=SI;R2.D06=SI,MUNICIPIO_SIN_CN_VIV,MUNICIPIO30623,No,Si,,30623,Regla 2 coherente para validaciones implementadas.
GPA-001__R2-003__R1-002__0511,GPA-001__R2-003__R1-002,02_inputs_xml_flat/GPA-001__R2-003__R1-002__0511.xml,PASS,INFO,R1.D01=SI;R1.D02=NO;R2.D01=SI;R2.D02=NO;R2.D04=SI;R2.D05=SI;R2.D06=SI,MUNICIPIO_SIN_CN_VIV,MUNICIPIO30621,No,Si,,30621,Regla 2 coherente para validaciones implementadas.
GPA-001__R2-003__R1-002__0512,GPA-001__R2-003__R1-002,02_inputs_xml_flat/GPA-001__R2-003__R1-002__0512.xml,PASS,INFO,R1.D01=SI;R1.D02=NO;R2.D01=SI;R2.D02=NO;R2.D04=SI;R2.D05=SI;R2.D06=SI,MUNICIPIO_SIN_CN_VIV,MUNICIPIO30622,No,Si,,30622,Regla 2 coherente para validaciones implementadas.
GPA-001__R2-003__R1-002__0513,GPA-001__R2-003__R1-002,02_inputs_xml_flat/GPA-001__R2-003__R1-002__0513.xml,PASS,INFO,R1.D01=SI;R1.D02=NO;R2.D01=SI;R2.D02=NO;R2.D04=SI;R2.D05=SI;R2.D06=SI,MUNICIPIO_SIN_CN_VIV,MUNICIPIO30623,No,Si,,30623,Regla 2 coherente para validaciones implementadas.
GPA-001__R2-003__R1-002__0514,GPA-001__R2-003__R1-002,02_inputs_xml_flat/GPA-001__R2-003__R1-002__0514.xml,PASS,INFO,R1.D01=SI;R1.D02=NO;R2.D01=SI;R2.D02=NO;R2.D04=SI;R2.D05=SI;R2.D06=SI,MUNICIPIO_SIN_CN_VIV,MUNICIPIO30621,No,Si,,30621,Regla 2 coherente para validaciones implementadas.
GPA-001__R2-003__R1-002__0515,GPA-001__R2-003__R1-002,02_inputs_xml_flat/GPA-001__R2-003__R1-002__0515.xml,PASS,INFO,R1.D01=SI;R1.D02=NO;R2.D01=SI;R2.D02=NO;R2.D04=SI;R2.D05=SI;R2.D06=SI,MUNICIPIO_SIN_CN_VIV,MUNICIPIO30622,No,Si,,30622,Regla 2 coherente para validaciones implementadas.
GPA-001__R2-003__R1-002__0516,GPA-001__R2-003__R1-002,02_inputs_xml_flat/GPA-001__R2-003__R1-002__0516.xml,PASS,INFO,R1.D01=SI;R1.D02=NO;R2.D01=SI;R2.D02=NO;R2.D04=SI;R2.D05=SI;R2.D06=SI,MUNICIPIO_SIN_CN_VIV,MUNICIPIO30623,No,Si,,30623,Regla 2 coherente para validaciones implementadas.
GPA-001__R2-003__R1-002__0517,GPA-001__R2-003__R1-002,02_inputs_xml_flat/GPA-001__R2-003__R1-002__0517.xml,PASS,INFO,R1.D01=SI;R1.D02=NO;R2.D01=SI;R2.D02=NO;R2.D04=SI;R2.D05=SI;R2.D06=SI,MUNICIPIO_SIN_CN_VIV,MUNICIPIO30621,No,Si,,30621,Regla 2 coherente para validaciones implementadas.
GPA-001__R2-003__R1-002__0518,GPA-001__R2-003__R1-002,02_inputs_xml_flat/GPA-001__R2-003__R1-002__0518.xml,PASS,INFO,R1.D01=SI;R1.D02=NO;R2.D01=SI;R2.D02=NO;R2.D04=SI;R2.D05=SI;R2.D06=SI,MUNICIPIO_SIN_CN_VIV,MUNICIPIO30622,No,Si,,30622,Regla 2 coherente para validaciones implementadas.
GPA-001__R2-003__R1-002__0519,GPA-001__R2-003__R1-002,02_inputs_xml_flat/GPA-001__R2-003__R1-002__0519.xml,PASS,INFO,R1.D01=SI;R1.D02=NO;R2.D01=SI;R2.D02=NO;R2.D04=SI;R2.D05=SI;R2.D06=SI,MUNICIPIO_SIN_CN_VIV,MUNICIPIO30623,No,Si,,30623,Regla 2 coherente para validaciones implementadas.
GPA-001__R2-003__R1-002__0520,GPA-001__R2-003__R1-002,02_inputs_xml_flat/GPA-001__R2-003__R1-002__0520.xml,PASS,INFO,R1.D01=SI;R1.D02=NO;R2.D01=SI;R2.D02=NO;R2.D04=SI;R2.D05=SI;R2.D06=SI,MUNICIPIO_SIN_CN_VIV,MUNICIPIO30621,No,Si,,30621,Regla 2 coherente para validaciones implementadas.
GPA-001__R2-003__R1-002__0521,GPA-001__R2-003__R1-002,02_inputs_xml_flat/GPA-001__R2-003__R1-002__0521.xml,PASS,INFO,R1.D01=SI;R1.D02=NO;R2.D01=SI;R2.D02=NO;R2.D04=SI;R2.D05=SI;R2.D06=SI,MUNICIPIO_SIN_CN_VIV,MUNICIPIO30622,No,Si,,30622,Regla 2 coherente para validaciones implementadas.
GPA-001__R2-003__R1-002__0522,GPA-001__R2-003__R1-002,02_inputs_xml_flat/GPA-001__R2-003__R1-002__0522.xml,PASS,INFO,R1.D01=SI;R1.D02=NO;R2.D01=SI;R2.D02=NO;R2.D04=SI;R2.D05=SI;R2.D06=SI,MUNICIPIO_SIN_CN_VIV,MUNICIPIO30623,No,Si,,30623,Regla 2 coherente para validaciones implementadas.
GPA-001__R2-003__R1-002__0523,GPA-001__R2-003__R1-002,02_inputs_xml_flat/GPA-001__R2-003__R1-002__0523.xml,PASS,INFO,R1.D01=SI;R1.D02=NO;R2.D01=SI;R2.D02=NO;R2.D04=SI;R2.D05=SI;R2.D06=SI,MUNICIPIO_SIN_CN_VIV,MUNICIPIO30621,No,Si,,30621,Regla 2 coherente para validaciones implementadas.
GPA-001__R2-003__R1-002__0524,GPA-001__R2-003__R1-002,02_inputs_xml_flat/GPA-001__R2-003__R1-002__0524.xml,PASS,INFO,R1.D01=SI;R1.D02=NO;R2.D01=SI;R2.D02=NO;R2.D04=SI;R2.D05=SI;R2.D06=SI,MUNICIPIO_SIN_CN_VIV,MUNICIPIO30622,No,Si,,30622,Regla 2 coherente para validaciones implementadas.
GPA-001__R2-003__R1-002__0525,GPA-001__R2-003__R1-002,02_inputs_xml_flat/GPA-001__R2-003__R1-002__0525.xml,PASS,INFO,R1.D01=SI;R1.D02=NO;R2.D01=SI;R2.D02=NO;R2.D04=SI;R2.D05=SI;R2.D06=SI,MUNICIPIO_SIN_CN_VIV,MUNICIPIO30623,No,Si,,30623,Regla 2 coherente para validaciones implementadas.
GPA-001__R2-003__R1-002__0526,GPA-001__R2-003__R1-002,02_inputs_xml_flat/GPA-001__R2-003__R1-002__0526.xml,PASS,INFO,R1.D01=SI;R1.D02=NO;R2.D01=SI;R2.D02=NO;R2.D04=SI;R2.D05=SI;R2.D06=SI,MUNICIPIO_SIN_CN_VIV,MUNICIPIO30621,No,Si,,30621,Regla 2 coherente para validaciones implementadas.
GPA-001__R2-003__R1-002__0527,GPA-001__R2-003__R1-002,02_inputs_xml_flat/GPA-001__R2-003__R1-002__0527.xml,PASS,INFO,R1.D01=SI;R1.D02=NO;R2.D01=SI;R2.D02=NO;R2.D04=SI;R2.D05=SI;R2.D06=SI,MUNICIPIO_SIN_CN_VIV,MUNICIPIO30622,No,Si,,30622,Regla 2 coherente para validaciones implementadas.
GPA-001__R2-003__R1-002__0528,GPA-001__R2-003__R1-002,02_inputs_xml_flat/GPA-001__R2-003__R1-002__0528.xml,PASS,INFO,R1.D01=SI;R1.D02=NO;R2.D01=SI;R2.D02=NO;R2.D04=SI;R2.D05=SI;R2.D06=SI,MUNICIPIO_SIN_CN_VIV,MUNICIPIO30623,No,Si,,30623,Regla 2 coherente para validaciones implementadas.
GPA-001__R2-003__R1-002__0529,GPA-001__R2-003__R1-002,02_inputs_xml_flat/GPA-001__R2-003__R1-002__0529.xml,PASS,INFO,R1.D01=SI;R1.D02=NO;R2.D01=SI;R2.D02=NO;R2.D04=SI;R2.D05=SI;R2.D06=SI,MUNICIPIO_SIN_CN_VIV,MUNICIPIO30621,No,Si,,30621,Regla 2 coherente para validaciones implementadas.
GPA-001__R2-003__R1-002__0530,GPA-001__R2-003__R1-002,02_inputs_xml_flat/GPA-001__R2-003__R1-002__0530.xml,PASS,INFO,R1.D01=SI;R1.D02=NO;R2.D01=SI;R2.D02=NO;R2.D04=SI;R2.D05=SI;R2.D06=SI,MUNICIPIO_SIN_CN_VIV,MUNICIPIO30622,No,Si,,30622,Regla 2 coherente para validaciones implementadas.
GPA-001__R2-003__R1-002__0531,GPA-001__R2-003__R1-002,02_inputs_xml_flat/GPA-001__R2-003__R1-002__0531.xml,PASS,INFO,R1.D01=SI;R1.D02=NO;R2.D01=SI;R2.D02=NO;R2.D04=SI;R2.D05=SI;R2.D06=SI,MUNICIPIO_SIN_CN_VIV,MUNICIPIO30623,No,Si,,30623,Regla 2 coherente para validaciones implementadas.
GPA-001__R2-003__R1-002__0532,GPA-001__R2-003__R1-002,02_inputs_xml_flat/GPA-001__R2-003__R1-002__0532.xml,PASS,INFO,R1.D01=SI;R1.D02=NO;R2.D01=SI;R2.D02=NO;R2.D04=SI;R2.D05=SI;R2.D06=SI,MUNICIPIO_SIN_CN_VIV,MUNICIPIO30621,No,Si,,30621,Regla 2 coherente para validaciones implementadas.
GPA-001__R2-003__R1-002__0533,GPA-001__R2-003__R1-002,02_inputs_xml_flat/GPA-001__R2-003__R1-002__0533.xml,PASS,INFO,R1.D01=SI;R1.D02=NO;R2.D01=SI;R2.D02=NO;R2.D04=SI;R2.D05=SI;R2.D06=SI,MUNICIPIO_SIN_CN_VIV,MUNICIPIO30622,No,Si,,30622,Regla 2 coherente para validaciones implementadas.
GPA-001__R2-003__R1-002__0534,GPA-001__R2-003__R1-002,02_inputs_xml_flat/GPA-001__R2-003__R1-002__0534.xml,PASS,INFO,R1.D01=SI;R1.D02=NO;R2.D01=SI;R2.D02=NO;R2.D04=SI;R2.D05=SI;R2.D06=SI,MUNICIPIO_SIN_CN_VIV,MUNICIPIO30623,No,Si,,30623,Regla 2 coherente para validaciones implementadas.
GPA-001__R2-003__R1-002__0535,GPA-001__R2-003__R1-002,02_inputs_xml_flat/GPA-001__R2-003__R1-002__0535.xml,PASS,INFO,R1.D01=SI;R1.D02=NO;R2.D01=SI;R2.D02=NO;R2.D04=SI;R2.D05=SI;R2.D06=SI,MUNICIPIO_SIN_CN_VIV,MUNICIPIO30621,No,Si,,30621,Regla 2 coherente para validaciones implementadas.
GPA-001__R2-003__R1-002__0536,GPA-001__R2-003__R1-002,02_inputs_xml_flat/GPA-001__R2-003__R1-002__0536.xml,PASS,INFO,R1.D01=SI;R1.D02=NO;R2.D01=SI;R2.D02=NO;R2.D04=SI;R2.D05=SI;R2.D06=SI,MUNICIPIO_SIN_CN_VIV,MUNICIPIO30622,No,Si,,30622,Regla 2 coherente para validaciones implementadas.
GPA-001__R2-003__R1-002__0537,GPA-001__R2-003__R1-002,02_inputs_xml_flat/GPA-001__R2-003__R1-002__0537.xml,PASS,INFO,R1.D01=SI;R1.D02=NO;R2.D01=SI;R2.D02=NO;R2.D04=SI;R2.D05=SI;R2.D06=SI,MUNICIPIO_SIN_CN_VIV,MUNICIPIO30623,No,Si,,30623,Regla 2 coherente para validaciones implementadas.
GPA-001__R2-003__R1-002__0538,GPA-001__R2-003__R1-002,02_inputs_xml_flat/GPA-001__R2-003__R1-002__0538.xml,PASS,INFO,R1.D01=SI;R1.D02=NO;R2.D01=SI;R2.D02=NO;R2.D04=SI;R2.D05=SI;R2.D06=SI,MUNICIPIO_SIN_CN_VIV,MUNICIPIO30621,No,Si,,30621,Regla 2 coherente para validaciones implementadas.
GPA-001__R2-003__R1-002__0539,GPA-001__R2-003__R1-002,02_inputs_xml_flat/GPA-001__R2-003__R1-002__0539.xml,PASS,INFO,R1.D01=SI;R1.D02=NO;R2.D01=SI;R2.D02=NO;R2.D04=SI;R2.D05=SI;R2.D06=SI,MUNICIPIO_SIN_CN_VIV,MUNICIPIO30622,No,Si,,30622,Regla 2 coherente para validaciones implementadas.
GPA-001__R2-003__R1-002__0540,GPA-001__R2-003__R1-002,02_inputs_xml_flat/GPA-001__R2-003__R1-002__0540.xml,PASS,INFO,R1.D01=SI;R1.D02=NO;R2.D01=SI;R2.D02=NO;R2.D04=SI;R2.D05=SI;R2.D06=SI,MUNICIPIO_SIN_CN_VIV,MUNICIPIO30623,No,Si,,30623,Regla 2 coherente para validaciones implementadas.
GPA-001__R2-003__R1-002__0541,GPA-001__R2-003__R1-002,02_inputs_xml_flat/GPA-001__R2-003__R1-002__0541.xml,PASS,INFO,R1.D01=SI;R1.D02=NO;R2.D01=SI;R2.D02=NO;R2.D04=SI;R2.D05=SI;R2.D06=SI,MUNICIPIO_SIN_CN_VIV,MUNICIPIO30621,No,Si,,30621,Regla 2 coherente para validaciones implementadas.
GPA-001__R2-003__R1-002__0542,GPA-001__R2-003__R1-002,02_inputs_xml_flat/GPA-001__R2-003__R1-002__0542.xml,PASS,INFO,R1.D01=SI;R1.D02=NO;R2.D01=SI;R2.D02=NO;R2.D04=SI;R2.D05=SI;R2.D06=SI,MUNICIPIO_SIN_CN_VIV,MUNICIPIO30622,No,Si,,30622,Regla 2 coherente para validaciones implementadas.
GPA-001__R2-003__R1-002__0543,GPA-001__R2-003__R1-002,02_inputs_xml_flat/GPA-001__R2-003__R1-002__0543.xml,PASS,INFO,R1.D01=SI;R1.D02=NO;R2.D01=SI;R2.D02=NO;R2.D04=SI;R2.D05=SI;R2.D06=SI,MUNICIPIO_SIN_CN_VIV,MUNICIPIO30623,No,Si,,30623,Regla 2 coherente para validaciones implementadas.
GPA-001__R2-003__R1-002__0544,GPA-001__R2-003__R1-002,02_inputs_xml_flat/GPA-001__R2-003__R1-002__0544.xml,PASS,INFO,R1.D01=SI;R1.D02=NO;R2.D01=SI;R2.D02=NO;R2.D04=SI;R2.D05=SI;R2.D06=SI,MUNICIPIO_SIN_CN_VIV,MUNICIPIO30621,No,Si,,30621,Regla 2 coherente para validaciones implementadas.
GPA-001__R2-003__R1-002__0545,GPA-001__R2-003__R1-002,02_inputs_xml_flat/GPA-001__R2-003__R1-002__0545.xml,PASS,INFO,R1.D01=SI;R1.D02=NO;R2.D01=SI;R2.D02=NO;R2.D04=SI;R2.D05=SI;R2.D06=SI,MUNICIPIO_SIN_CN_VIV,MUNICIPIO30622,No,Si,,30622,Regla 2 coherente para validaciones implementadas.
GPA-001__R2-003__R1-002__0546,GPA-001__R2-003__R1-002,02_inputs_xml_flat/GPA-001__R2-003__R1-002__0546.xml,PASS,INFO,R1.D01=SI;R1.D02=NO;R2.D01=SI;R2.D02=NO;R2.D04=SI;R2.D05=SI;R2.D06=SI,MUNICIPIO_SIN_CN_VIV,MUNICIPIO30623,No,Si,,30623,Regla 2 coherente para validaciones implementadas.
GPA-001__R2-003__R1-002__0547,GPA-001__R2-003__R1-002,02_inputs_xml_flat/GPA-001__R2-003__R1-002__0547.xml,PASS,INFO,R1.D01=SI;R1.D02=NO;R2.D01=SI;R2.D02=NO;R2.D04=SI;R2.D05=SI;R2.D06=SI,MUNICIPIO_SIN_CN_VIV,MUNICIPIO30621,No,Si,,30621,Regla 2 coherente para validaciones implementadas.
GPA-001__R2-003__R1-002__0548,GPA-001__R2-003__R1-002,02_inputs_xml_flat/GPA-001__R2-003__R1-002__0548.xml,PASS,INFO,R1.D01=SI;R1.D02=NO;R2.D01=SI;R2.D02=NO;R2.D04=SI;R2.D05=SI;R2.D06=SI,MUNICIPIO_SIN_CN_VIV,MUNICIPIO30622,No,Si,,30622,Regla 2 coherente para validaciones implementadas.
GPA-001__R2-003__R1-002__0549,GPA-001__R2-003__R1-002,02_inputs_xml_flat/GPA-001__R2-003__R1-002__0549.xml,PASS,INFO,R1.D01=SI;R1.D02=NO;R2.D01=SI;R2.D02=NO;R2.D04=SI;R2.D05=SI;R2.D06=SI,MUNICIPIO_SIN_CN_VIV,MUNICIPIO30623,No,Si,,30623,Regla 2 coherente para validaciones implementadas.
GPA-001__R2-003__R1-002__0550,GPA-001__R2-003__R1-002,02_inputs_xml_flat/GPA-001__R2-003__R1-002__0550.xml,PASS,INFO,R1.D01=SI;R1.D02=NO;R2.D01=SI;R2.D02=NO;R2.D04=SI;R2.D05=SI;R2.D06=SI,MUNICIPIO_SIN_CN_VIV,MUNICIPIO30621,No,Si,,30621,Regla 2 coherente para validaciones implementadas.
GPA-001__R2-003__R1-002__0551,GPA-001__R2-003__R1-002,02_inputs_xml_flat/GPA-001__R2-003__R1-002__0551.xml,PASS,INFO,R1.D01=SI;R1.D02=NO;R2.D01=SI;R2.D02=NO;R2.D04=SI;R2.D05=SI;R2.D06=SI,MUNICIPIO_SIN_CN_VIV,MUNICIPIO30622,No,Si,,30622,Regla 2 coherente para validaciones implementadas.
GPA-001__R2-003__R1-002__0552,GPA-001__R2-003__R1-002,02_inputs_xml_flat/GPA-001__R2-003__R1-002__0552.xml,PASS,INFO,R1.D01=SI;R1.D02=NO;R2.D01=SI;R2.D02=NO;R2.D04=SI;R2.D05=SI;R2.D06=SI,MUNICIPIO_SIN_CN_VIV,MUNICIPIO30623,No,Si,,30623,Regla 2 coherente para validaciones implementadas.
GPA-001__R2-003__R1-002__0553,GPA-001__R2-003__R1-002,02_inputs_xml_flat/GPA-001__R2-003__R1-002__0553.xml,PASS,INFO,R1.D01=SI;R1.D02=NO;R2.D01=SI;R2.D02=NO;R2.D04=SI;R2.D05=SI;R2.D06=SI,MUNICIPIO_SIN_CN_VIV,MUNICIPIO30621,No,Si,,30621,Regla 2 coherente para validaciones implementadas.
GPA-001__R2-003__R1-002__0554,GPA-001__R2-003__R1-002,02_inputs_xml_flat/GPA-001__R2-003__R1-002__0554.xml,PASS,INFO,R1.D01=SI;R1.D02=NO;R2.D01=SI;R2.D02=NO;R2.D04=SI;R2.D05=SI;R2.D06=SI,MUNICIPIO_SIN_CN_VIV,MUNICIPIO30622,No,Si,,30622,Regla 2 coherente para validaciones implementadas.
GPA-001__R2-003__R1-002__0555,GPA-001__R2-003__R1-002,02_inputs_xml_flat/GPA-001__R2-003__R1-002__0555.xml,PASS,INFO,R1.D01=SI;R1.D02=NO;R2.D01=SI;R2.D02=NO;R2.D04=SI;R2.D05=SI;R2.D06=SI,MUNICIPIO_SIN_CN_VIV,MUNICIPIO30623,No,Si,,30623,Regla 2 coherente para validaciones implementadas.
GPA-001__R2-003__R1-002__0556,GPA-001__R2-003__R1-002,02_inputs_xml_flat/GPA-001__R2-003__R1-002__0556.xml,PASS,INFO,R1.D01=SI;R1.D02=NO;R2.D01=SI;R2.D02=NO;R2.D04=SI;R2.D05=SI;R2.D06=SI,MUNICIPIO_SIN_CN_VIV,MUNICIPIO30621,No,Si,,30621,Regla 2 coherente para validaciones implementadas.
GPA-001__R2-003__R1-002__0557,GPA-001__R2-003__R1-002,02_inputs_xml_flat/GPA-001__R2-003__R1-002__0557.xml,PASS,INFO,R1.D01=SI;R1.D02=NO;R2.D01=SI;R2.D02=NO;R2.D04=SI;R2.D05=SI;R2.D06=SI,MUNICIPIO_SIN_CN_VIV,MUNICIPIO30622,No,Si,,30622,Regla 2 coherente para validaciones implementadas.
GPA-001__R2-003__R1-002__0558,GPA-001__R2-003__R1-002,02_inputs_xml_flat/GPA-001__R2-003__R1-002__0558.xml,PASS,INFO,R1.D01=SI;R1.D02=NO;R2.D01=SI;R2.D02=NO;R2.D04=SI;R2.D05=SI;R2.D06=SI,MUNICIPIO_SIN_CN_VIV,MUNICIPIO30623,No,Si,,30623,Regla 2 coherente para validaciones implementadas.
GPA-001__R2-003__R1-002__0559,GPA-001__R2-003__R1-002,02_inputs_xml_flat/GPA-001__R2-003__R1-002__0559.xml,PASS,INFO,R1.D01=SI;R1.D02=NO;R2.D01=SI;R2.D02=NO;R2.D04=SI;R2.D05=SI;R2.D06=SI,MUNICIPIO_SIN_CN_VIV,MUNICIPIO30621,No,Si,,30621,Regla 2 coherente para validaciones implementadas.
GPA-001__R2-003__R1-002__0560,GPA-001__R2-003__R1-002,02_inputs_xml_flat/GPA-001__R2-003__R1-002__0560.xml,PASS,INFO,R1.D01=SI;R1.D02=NO;R2.D01=SI;R2.D02=NO;R2.D04=SI;R2.D05=SI;R2.D06=SI,MUNICIPIO_SIN_CN_VIV,MUNICIPIO30622,No,Si,,30622,Regla 2 coherente para validaciones implementadas.
GPA-001__R2-003__R1-002__0561,GPA-001__R2-003__R1-002,02_inputs_xml_flat/GPA-001__R2-003__R1-002__0561.xml,PASS,INFO,R1.D01=SI;R1.D02=NO;R2.D01=SI;R2.D02=NO;R2.D04=SI;R2.D05=SI;R2.D06=SI,MUNICIPIO_SIN_CN_VIV,MUNICIPIO30623,No,Si,,30623,Regla 2 coherente para validaciones implementadas.
GPA-001__R2-003__R1-002__0562,GPA-001__R2-003__R1-002,02_inputs_xml_flat/GPA-001__R2-003__R1-002__0562.xml,PASS,INFO,R1.D01=SI;R1.D02=NO;R2.D01=SI;R2.D02=NO;R2.D04=SI;R2.D05=SI;R2.D06=SI,MUNICIPIO_SIN_CN_VIV,MUNICIPIO30621,No,Si,,30621,Regla 2 coherente para validaciones implementadas.
GPA-001__R2-003__R1-002__0563,GPA-001__R2-003__R1-002,02_inputs_xml_flat/GPA-001__R2-003__R1-002__0563.xml,PASS,INFO,R1.D01=SI;R1.D02=NO;R2.D01=SI;R2.D02=NO;R2.D04=SI;R2.D05=SI;R2.D06=SI,MUNICIPIO_SIN_CN_VIV,MUNICIPIO30622,No,Si,,30622,Regla 2 coherente para validaciones implementadas.
GPA-001__R2-003__R1-002__0564,GPA-001__R2-003__R1-002,02_inputs_xml_flat/GPA-001__R2-003__R1-002__0564.xml,PASS,INFO,R1.D01=SI;R1.D02=NO;R2.D01=SI;R2.D02=NO;R2.D04=SI;R2.D05=SI;R2.D06=SI,MUNICIPIO_SIN_CN_VIV,MUNICIPIO30623,No,Si,,30623,Regla 2 coherente para validaciones implementadas.
GPA-001__R2-003__R1-002__0565,GPA-001__R2-003__R1-002,02_inputs_xml_flat/GPA-001__R2-003__R1-002__0565.xml,PASS,INFO,R1.D01=SI;R1.D02=NO;R2.D01=SI;R2.D02=NO;R2.D04=SI;R2.D05=SI;R2.D06=SI,MUNICIPIO_SIN_CN_VIV,MUNICIPIO30621,No,Si,,30621,Regla 2 coherente para validaciones implementadas.
GPA-001__R2-003__R1-002__0566,GPA-001__R2-003__R1-002,02_inputs_xml_flat/GPA-001__R2-003__R1-002__0566.xml,PASS,INFO,R1.D01=SI;R1.D02=NO;R2.D01=SI;R2.D02=NO;R2.D04=SI;R2.D05=SI;R2.D06=SI,MUNICIPIO_SIN_CN_VIV,MUNICIPIO30622,No,Si,,30622,Regla 2 coherente para validaciones implementadas.
GPA-001__R2-003__R1-002__0567,GPA-001__R2-003__R1-002,02_inputs_xml_flat/GPA-001__R2-003__R1-002__0567.xml,PASS,INFO,R1.D01=SI;R1.D02=NO;R2.D01=SI;R2.D02=NO;R2.D04=SI;R2.D05=SI;R2.D06=SI,MUNICIPIO_SIN_CN_VIV,MUNICIPIO30623,No,Si,,30623,Regla 2 coherente para validaciones implementadas.
GPA-001__R2-003__R1-002__0568,GPA-001__R2-003__R1-002,02_inputs_xml_flat/GPA-001__R2-003__R1-002__0568.xml,PASS,INFO,R1.D01=SI;R1.D02=NO;R2.D01=SI;R2.D02=NO;R2.D04=SI;R2.D05=SI;R2.D06=SI,MUNICIPIO_SIN_CN_VIV,MUNICIPIO30621,No,Si,,30621,Regla 2 coherente para validaciones implementadas.
GPA-001__R2-003__R1-002__0569,GPA-001__R2-003__R1-002,02_inputs_xml_flat/GPA-001__R2-003__R1-002__0569.xml,PASS,INFO,R1.D01=SI;R1.D02=NO;R2.D01=SI;R2.D02=NO;R2.D04=SI;R2.D05=SI;R2.D06=SI,MUNICIPIO_SIN_CN_VIV,MUNICIPIO30622,No,Si,,30622,Regla 2 coherente para validaciones implementadas.
GPA-001__R2-003__R1-002__0570,GPA-001__R2-003__R1-002,02_inputs_xml_flat/GPA-001__R2-003__R1-002__0570.xml,PASS,INFO,R1.D01=SI;R1.D02=NO;R2.D01=SI;R2.D02=NO;R2.D04=SI;R2.D05=SI;R2.D06=SI,MUNICIPIO_SIN_CN_VIV,MUNICIPIO30623,No,Si,,30623,Regla 2 coherente para validaciones implementadas.
GPA-001__R2-003__R1-002__0571,GPA-001__R2-003__R1-002,02_inputs_xml_flat/GPA-001__R2-003__R1-002__0571.xml,PASS,INFO,R1.D01=SI;R1.D02=NO;R2.D01=SI;R2.D02=NO;R2.D04=SI;R2.D05=SI;R2.D06=SI,MUNICIPIO_SIN_CN_VIV,MUNICIPIO30621,No,Si,,30621,Regla 2 coherente para validaciones implementadas.
GPA-001__R2-003__R1-002__0572,GPA-001__R2-003__R1-002,02_inputs_xml_flat/GPA-001__R2-003__R1-002__0572.xml,PASS,INFO,R1.D01=SI;R1.D02=NO;R2.D01=SI;R2.D02=NO;R2.D04=SI;R2.D05=SI;R2.D06=SI,MUNICIPIO_SIN_CN_VIV,MUNICIPIO30622,No,Si,,30622,Regla 2 coherente para validaciones implementadas.
GPA-001__R2-003__R1-002__0573,GPA-001__R2-003__R1-002,02_inputs_xml_flat/GPA-001__R2-003__R1-002__0573.xml,PASS,INFO,R1.D01=SI;R1.D02=NO;R2.D01=SI;R2.D02=NO;R2.D04=SI;R2.D05=SI;R2.D06=SI,MUNICIPIO_SIN_CN_VIV,MUNICIPIO30623,No,Si,,30623,Regla 2 coherente para validaciones implementadas.
GPA-001__R2-003__R1-002__0574,GPA-001__R2-003__R1-002,02_inputs_xml_flat/GPA-001__R2-003__R1-002__0574.xml,PASS,INFO,R1.D01=SI;R1.D02=NO;R2.D01=SI;R2.D02=NO;R2.D04=SI;R2.D05=SI;R2.D06=SI,MUNICIPIO_SIN_CN_VIV,MUNICIPIO30621,No,Si,,30621,Regla 2 coherente para validaciones implementadas.
GPA-001__R2-003__R1-002__0575,GPA-001__R2-003__R1-002,02_inputs_xml_flat/GPA-001__R2-003__R1-002__0575.xml,PASS,INFO,R1.D01=SI;R1.D02=NO;R2.D01=SI;R2.D02=NO;R2.D04=SI;R2.D05=SI;R2.D06=SI,MUNICIPIO_SIN_CN_VIV,MUNICIPIO30622,No,Si,,30622,Regla 2 coherente para validaciones implementadas.
GPA-001__R2-003__R1-002__0576,GPA-001__R2-003__R1-002,02_inputs_xml_flat/GPA-001__R2-003__R1-002__0576.xml,PASS,INFO,R1.D01=SI;R1.D02=NO;R2.D01=SI;R2.D02=NO;R2.D04=SI;R2.D05=SI;R2.D06=SI,MUNICIPIO_SIN_CN_VIV,MUNICIPIO30623,No,Si,,30623,Regla 2 coherente para validaciones implementadas.
GPA-001__R2-003__R1-002__0577,GPA-001__R2-003__R1-002,02_inputs_xml_flat/GPA-001__R2-003__R1-002__0577.xml,PASS,INFO,R1.D01=SI;R1.D02=NO;R2.D01=SI;R2.D02=NO;R2.D04=SI;R2.D05=SI;R2.D06=SI,MUNICIPIO_SIN_CN_VIV,MUNICIPIO30621,No,Si,,30621,Regla 2 coherente para validaciones implementadas.
GPA-001__R2-003__R1-002__0578,GPA-001__R2-003__R1-002,02_inputs_xml_flat/GPA-001__R2-003__R1-002__0578.xml,PASS,INFO,R1.D01=SI;R1.D02=NO;R2.D01=SI;R2.D02=NO;R2.D04=SI;R2.D05=SI;R2.D06=SI,MUNICIPIO_SIN_CN_VIV,MUNICIPIO30622,No,Si,,30622,Regla 2 coherente para validaciones implementadas.
GPA-001__R2-003__R1-002__0579,GPA-001__R2-003__R1-002,02_inputs_xml_flat/GPA-001__R2-003__R1-002__0579.xml,PASS,INFO,R1.D01=SI;R1.D02=NO;R2.D01=SI;R2.D02=NO;R2.D04=SI;R2.D05=SI;R2.D06=SI,MUNICIPIO_SIN_CN_VIV,MUNICIPIO30623,No,Si,,30623,Regla 2 coherente para validaciones implementadas.
GPA-001__R2-003__R1-002__0580,GPA-001__R2-003__R1-002,02_inputs_xml_flat/GPA-001__R2-003__R1-002__0580.xml,PASS,INFO,R1.D01=SI;R1.D02=NO;R2.D01=SI;R2.D02=NO;R2.D04=SI;R2.D05=SI;R2.D06=SI,MUNICIPIO_SIN_CN_VIV,MUNICIPIO30621,No,Si,,30621,Regla 2 coherente para validaciones implementadas.
GPA-001__R2-003__R1-002__0581,GPA-001__R2-003__R1-002,02_inputs_xml_flat/GPA-001__R2-003__R1-002__0581.xml,PASS,INFO,R1.D01=SI;R1.D02=NO;R2.D01=SI;R2.D02=NO;R2.D04=SI;R2.D05=SI;R2.D06=SI,MUNICIPIO_SIN_CN_VIV,MUNICIPIO30622,No,Si,,30622,Regla 2 coherente para validaciones implementadas.
GPA-001__R2-003__R1-002__0582,GPA-001__R2-003__R1-002,02_inputs_xml_flat/GPA-001__R2-003__R1-002__0582.xml,PASS,INFO,R1.D01=SI;R1.D02=NO;R2.D01=SI;R2.D02=NO;R2.D04=SI;R2.D05=SI;R2.D06=SI,MUNICIPIO_SIN_CN_VIV,MUNICIPIO30623,No,Si,,30623,Regla 2 coherente para validaciones implementadas.
GPA-001__R2-003__R1-002__0583,GPA-001__R2-003__R1-002,02_inputs_xml_flat/GPA-001__R2-003__R1-002__0583.xml,PASS,INFO,R1.D01=SI;R1.D02=NO;R2.D01=SI;R2.D02=NO;R2.D04=SI;R2.D05=SI;R2.D06=SI,MUNICIPIO_SIN_CN_VIV,MUNICIPIO30621,No,Si,,30621,Regla 2 coherente para validaciones implementadas.
GPA-001__R2-003__R1-002__0584,GPA-001__R2-003__R1-002,02_inputs_xml_flat/GPA-001__R2-003__R1-002__0584.xml,PASS,INFO,R1.D01=SI;R1.D02=NO;R2.D01=SI;R2.D02=NO;R2.D04=SI;R2.D05=SI;R2.D06=SI,MUNICIPIO_SIN_CN_VIV,MUNICIPIO30622,No,Si,,30622,Regla 2 coherente para validaciones implementadas.
GPA-001__R2-003__R1-002__0585,GPA-001__R2-003__R1-002,02_inputs_xml_flat/GPA-001__R2-003__R1-002__0585.xml,PASS,INFO,R1.D01=SI;R1.D02=NO;R2.D01=SI;R2.D02=NO;R2.D04=SI;R2.D05=SI;R2.D06=SI,MUNICIPIO_SIN_CN_VIV,MUNICIPIO30623,No,Si,,30623,Regla 2 coherente para validaciones implementadas.
GPA-001__R2-003__R1-002__0586,GPA-001__R2-003__R1-002,02_inputs_xml_flat/GPA-001__R2-003__R1-002__0586.xml,PASS,INFO,R1.D01=SI;R1.D02=NO;R2.D01=SI;R2.D02=NO;R2.D04=SI;R2.D05=SI;R2.D06=SI,MUNICIPIO_SIN_CN_VIV,MUNICIPIO30621,No,Si,,30621,Regla 2 coherente para validaciones implementadas.
GPA-001__R2-003__R1-002__0587,GPA-001__R2-003__R1-002,02_inputs_xml_flat/GPA-001__R2-003__R1-002__0587.xml,PASS,INFO,R1.D01=SI;R1.D02=NO;R2.D01=SI;R2.D02=NO;R2.D04=SI;R2.D05=SI;R2.D06=SI,MUNICIPIO_SIN_CN_VIV,MUNICIPIO30622,No,Si,,30622,Regla 2 coherente para validaciones implementadas.
GPA-001__R2-003__R1-002__0588,GPA-001__R2-003__R1-002,02_inputs_xml_flat/GPA-001__R2-003__R1-002__0588.xml,PASS,INFO,R1.D01=SI;R1.D02=NO;R2.D01=SI;R2.D02=NO;R2.D04=SI;R2.D05=SI;R2.D06=SI,MUNICIPIO_SIN_CN_VIV,MUNICIPIO30623,No,Si,,30623,Regla 2 coherente para validaciones implementadas.
GPA-001__R2-003__R1-002__0589,GPA-001__R2-003__R1-002,02_inputs_xml_flat/GPA-001__R2-003__R1-002__0589.xml,PASS,INFO,R1.D01=SI;R1.D02=NO;R2.D01=SI;R2.D02=NO;R2.D04=SI;R2.D05=SI;R2.D06=SI,MUNICIPIO_SIN_CN_VIV,MUNICIPIO30621,No,Si,,30621,Regla 2 coherente para validaciones implementadas.
GPA-001__R2-003__R1-002__0590,GPA-001__R2-003__R1-002,02_inputs_xml_flat/GPA-001__R2-003__R1-002__0590.xml,PASS,INFO,R1.D01=SI;R1.D02=NO;R2.D01=SI;R2.D02=NO;R2.D04=SI;R2.D05=SI;R2.D06=SI,MUNICIPIO_SIN_CN_VIV,MUNICIPIO30622,No,Si,,30622,Regla 2 coherente para validaciones implementadas.
GPA-001__R2-003__R1-002__0591,GPA-001__R2-003__R1-002,02_inputs_xml_flat/GPA-001__R2-003__R1-002__0591.xml,PASS,INFO,R1.D01=SI;R1.D02=NO;R2.D01=SI;R2.D02=NO;R2.D04=SI;R2.D05=SI;R2.D06=SI,MUNICIPIO_SIN_CN_VIV,MUNICIPIO30623,No,Si,,30623,Regla 2 coherente para validaciones implementadas.
GPA-001__R2-003__R1-002__0592,GPA-001__R2-003__R1-002,02_inputs_xml_flat/GPA-001__R2-003__R1-002__0592.xml,PASS,INFO,R1.D01=SI;R1.D02=NO;R2.D01=SI;R2.D02=NO;R2.D04=SI;R2.D05=SI;R2.D06=SI,MUNICIPIO_SIN_CN_VIV,MUNICIPIO30621,No,Si,,30621,Regla 2 coherente para validaciones implementadas.
GPA-001__R2-003__R1-002__0593,GPA-001__R2-003__R1-002,02_inputs_xml_flat/GPA-001__R2-003__R1-002__0593.xml,PASS,INFO,R1.D01=SI;R1.D02=NO;R2.D01=SI;R2.D02=NO;R2.D04=SI;R2.D05=SI;R2.D06=SI,MUNICIPIO_SIN_CN_VIV,MUNICIPIO30622,No,Si,,30622,Regla 2 coherente para validaciones implementadas.
GPA-001__R2-003__R1-002__0594,GPA-001__R2-003__R1-002,02_inputs_xml_flat/GPA-001__R2-003__R1-002__0594.xml,PASS,INFO,R1.D01=SI;R1.D02=NO;R2.D01=SI;R2.D02=NO;R2.D04=SI;R2.D05=SI;R2.D06=SI,MUNICIPIO_SIN_CN_VIV,MUNICIPIO30623,No,Si,,30623,Regla 2 coherente para validaciones implementadas.
GPA-001__R2-003__R1-002__0595,GPA-001__R2-003__R1-002,02_inputs_xml_flat/GPA-001__R2-003__R1-002__0595.xml,PASS,INFO,R1.D01=SI;R1.D02=NO;R2.D01=SI;R2.D02=NO;R2.D04=SI;R2.D05=SI;R2.D06=SI,MUNICIPIO_SIN_CN_VIV,MUNICIPIO30621,No,Si,,30621,Regla 2 coherente para validaciones implementadas.
GPA-001__R2-003__R1-002__0596,GPA-001__R2-003__R1-002,02_inputs_xml_flat/GPA-001__R2-003__R1-002__0596.xml,PASS,INFO,R1.D01=SI;R1.D02=NO;R2.D01=SI;R2.D02=NO;R2.D04=SI;R2.D05=SI;R2.D06=SI,MUNICIPIO_SIN_CN_VIV,MUNICIPIO30622,No,Si,,30622,Regla 2 coherente para validaciones implementadas.
GPA-001__R2-003__R1-002__0597,GPA-001__R2-003__R1-002,02_inputs_xml_flat/GPA-001__R2-003__R1-002__0597.xml,PASS,INFO,R1.D01=SI;R1.D02=NO;R2.D01=SI;R2.D02=NO;R2.D04=SI;R2.D05=SI;R2.D06=SI,MUNICIPIO_SIN_CN_VIV,MUNICIPIO30623,No,Si,,30623,Regla 2 coherente para validaciones implementadas.
GPA-001__R2-003__R1-002__0598,GPA-001__R2-003__R1-002,02_inputs_xml_flat/GPA-001__R2-003__R1-002__0598.xml,PASS,INFO,R1.D01=SI;R1.D02=NO;R2.D01=SI;R2.D02=NO;R2.D04=SI;R2.D05=SI;R2.D06=SI,MUNICIPIO_SIN_CN_VIV,MUNICIPIO30621,No,Si,,30621,Regla 2 coherente para validaciones implementadas.
GPA-001__R2-003__R1-002__0599,GPA-001__R2-003__R1-002,02_inputs_xml_flat/GPA-001__R2-003__R1-002__0599.xml,PASS,INFO,R1.D01=SI;R1.D02=NO;R2.D01=SI;R2.D02=NO;R2.D04=SI;R2.D05=SI;R2.D06=SI,MUNICIPIO_SIN_CN_VIV,MUNICIPIO30622,No,Si,,30622,Regla 2 coherente para validaciones implementadas.
GPA-001__R2-003__R1-002__0600,GPA-001__R2-003__R1-002,02_inputs_xml_flat/GPA-001__R2-003__R1-002__0600.xml,PASS,INFO,R1.D01=SI;R1.D02=NO;R2.D01=SI;R2.D02=NO;R2.D04=SI;R2.D05=SI;R2.D06=SI,MUNICIPIO_SIN_CN_VIV,MUNICIPIO30623,No,Si,,30623,Regla 2 coherente para validaciones implementadas.
GPA-001__R2-003__R1-002__0601,GPA-001__R2-003__R1-002,02_inputs_xml_flat/GPA-001__R2-003__R1-002__0601.xml,PASS,INFO,R1.D01=SI;R1.D02=NO;R2.D01=SI;R2.D02=NO;R2.D04=SI;R2.D05=SI;R2.D06=SI,MUNICIPIO_SIN_CN_VIV,MUNICIPIO30621,No,Si,,30621,Regla 2 coherente para validaciones implementadas.
GPA-001__R2-003__R1-002__0602,GPA-001__R2-003__R1-002,02_inputs_xml_flat/GPA-001__R2-003__R1-002__0602.xml,PASS,INFO,R1.D01=SI;R1.D02=NO;R2.D01=SI;R2.D02=NO;R2.D04=SI;R2.D05=SI;R2.D06=SI,MUNICIPIO_SIN_CN_VIV,MUNICIPIO30622,No,Si,,30622,Regla 2 coherente para validaciones implementadas.
GPA-001__R2-003__R1-002__0603,GPA-001__R2-003__R1-002,02_inputs_xml_flat/GPA-001__R2-003__R1-002__0603.xml,PASS,INFO,R1.D01=SI;R1.D02=NO;R2.D01=SI;R2.D02=NO;R2.D04=SI;R2.D05=SI;R2.D06=SI,MUNICIPIO_SIN_CN_VIV,MUNICIPIO30623,No,Si,,30623,Regla 2 coherente para validaciones implementadas.
GPA-001__R2-003__R1-002__0604,GPA-001__R2-003__R1-002,02_inputs_xml_flat/GPA-001__R2-003__R1-002__0604.xml,PASS,INFO,R1.D01=SI;R1.D02=NO;R2.D01=SI;R2.D02=NO;R2.D04=SI;R2.D05=SI;R2.D06=SI,MUNICIPIO_SIN_CN_VIV,MUNICIPIO30621,No,Si,,30621,Regla 2 coherente para validaciones implementadas.
GPA-001__R2-003__R1-002__0605,GPA-001__R2-003__R1-002,02_inputs_xml_flat/GPA-001__R2-003__R1-002__0605.xml,PASS,INFO,R1.D01=SI;R1.D02=NO;R2.D01=SI;R2.D02=NO;R2.D04=SI;R2.D05=SI;R2.D06=SI,MUNICIPIO_SIN_CN_VIV,MUNICIPIO30622,No,Si,,30622,Regla 2 coherente para validaciones implementadas.
GPA-001__R2-003__R1-002__0606,GPA-001__R2-003__R1-002,02_inputs_xml_flat/GPA-001__R2-003__R1-002__0606.xml,PASS,INFO,R1.D01=SI;R1.D02=NO;R2.D01=SI;R2.D02=NO;R2.D04=SI;R2.D05=SI;R2.D06=SI,MUNICIPIO_SIN_CN_VIV,MUNICIPIO30623,No,Si,,30623,Regla 2 coherente para validaciones implementadas.
GPA-001__R2-003__R1-002__0607,GPA-001__R2-003__R1-002,02_inputs_xml_flat/GPA-001__R2-003__R1-002__0607.xml,PASS,INFO,R1.D01=SI;R1.D02=NO;R2.D01=SI;R2.D02=NO;R2.D04=SI;R2.D05=SI;R2.D06=SI,MUNICIPIO_SIN_CN_VIV,MUNICIPIO30621,No,Si,,30621,Regla 2 coherente para validaciones implementadas.
GPA-001__R2-003__R1-002__0608,GPA-001__R2-003__R1-002,02_inputs_xml_flat/GPA-001__R2-003__R1-002__0608.xml,PASS,INFO,R1.D01=SI;R1.D02=NO;R2.D01=SI;R2.D02=NO;R2.D04=SI;R2.D05=SI;R2.D06=SI,MUNICIPIO_SIN_CN_VIV,MUNICIPIO30622,No,Si,,30622,Regla 2 coherente para validaciones implementadas.
GPA-001__R2-003__R1-002__0609,GPA-001__R2-003__R1-002,02_inputs_xml_flat/GPA-001__R2-003__R1-002__0609.xml,PASS,INFO,R1.D01=SI;R1.D02=NO;R2.D01=SI;R2.D02=NO;R2.D04=SI;R2.D05=SI;R2.D06=SI,MUNICIPIO_SIN_CN_VIV,MUNICIPIO30623,No,Si,,30623,Regla 2 coherente para validaciones implementadas.
GPA-001__R2-003__R1-002__0610,GPA-001__R2-003__R1-002,02_inputs_xml_flat/GPA-001__R2-003__R1-002__0610.xml,PASS,INFO,R1.D01=SI;R1.D02=NO;R2.D01=SI;R2.D02=NO;R2.D04=SI;R2.D05=SI;R2.D06=SI,MUNICIPIO_SIN_CN_VIV,MUNICIPIO30621,No,Si,,30621,Regla 2 coherente para validaciones implementadas.
GPA-001__R2-003__R1-002__0611,GPA-001__R2-003__R1-002,02_inputs_xml_flat/GPA-001__R2-003__R1-002__0611.xml,PASS,INFO,R1.D01=SI;R1.D02=NO;R2.D01=SI;R2.D02=NO;R2.D04=SI;R2.D05=SI;R2.D06=SI,MUNICIPIO_SIN_CN_VIV,MUNICIPIO30622,No,Si,,30622,Regla 2 coherente para validaciones implementadas.
GPA-001__R2-003__R1-002__0612,GPA-001__R2-003__R1-002,02_inputs_xml_flat/GPA-001__R2-003__R1-002__0612.xml,PASS,INFO,R1.D01=SI;R1.D02=NO;R2.D01=SI;R2.D02=NO;R2.D04=SI;R2.D05=SI;R2.D06=SI,MUNICIPIO_SIN_CN_VIV,MUNICIPIO30623,No,Si,,30623,Regla 2 coherente para validaciones implementadas.
GPA-001__R2-003__R1-002__0613,GPA-001__R2-003__R1-002,02_inputs_xml_flat/GPA-001__R2-003__R1-002__0613.xml,PASS,INFO,R1.D01=SI;R1.D02=NO;R2.D01=SI;R2.D02=NO;R2.D04=SI;R2.D05=SI;R2.D06=SI,MUNICIPIO_SIN_CN_VIV,MUNICIPIO30621,No,Si,,30621,Regla 2 coherente para validaciones implementadas.
GPA-001__R2-003__R1-002__0614,GPA-001__R2-003__R1-002,02_inputs_xml_flat/GPA-001__R2-003__R1-002__0614.xml,PASS,INFO,R1.D01=SI;R1.D02=NO;R2.D01=SI;R2.D02=NO;R2.D04=SI;R2.D05=SI;R2.D06=SI,MUNICIPIO_SIN_CN_VIV,MUNICIPIO30622,No,Si,,30622,Regla 2 coherente para validaciones implementadas.
GPA-001__R2-003__R1-002__0615,GPA-001__R2-003__R1-002,02_inputs_xml_flat/GPA-001__R2-003__R1-002__0615.xml,PASS,INFO,R1.D01=SI;R1.D02=NO;R2.D01=SI;R2.D02=NO;R2.D04=SI;R2.D05=SI;R2.D06=SI,MUNICIPIO_SIN_CN_VIV,MUNICIPIO30623,No,Si,,30623,Regla 2 coherente para validaciones implementadas.
GPA-001__R2-003__R1-002__0616,GPA-001__R2-003__R1-002,02_inputs_xml_flat/GPA-001__R2-003__R1-002__0616.xml,PASS,INFO,R1.D01=SI;R1.D02=NO;R2.D01=SI;R2.D02=NO;R2.D04=SI;R2.D05=SI;R2.D06=SI,MUNICIPIO_SIN_CN_VIV,MUNICIPIO30621,No,Si,,30621,Regla 2 coherente para validaciones implementadas.
GPA-001__R2-003__R1-002__0617,GPA-001__R2-003__R1-002,02_inputs_xml_flat/GPA-001__R2-003__R1-002__0617.xml,PASS,INFO,R1.D01=SI;R1.D02=NO;R2.D01=SI;R2.D02=NO;R2.D04=SI;R2.D05=SI;R2.D06=SI,MUNICIPIO_SIN_CN_VIV,MUNICIPIO30622,No,Si,,30622,Regla 2 coherente para validaciones implementadas.
GPA-001__R2-003__R1-002__0618,GPA-001__R2-003__R1-002,02_inputs_xml_flat/GPA-001__R2-003__R1-002__0618.xml,PASS,INFO,R1.D01=SI;R1.D02=NO;R2.D01=SI;R2.D02=NO;R2.D04=SI;R2.D05=SI;R2.D06=SI,MUNICIPIO_SIN_CN_VIV,MUNICIPIO30623,No,Si,,30623,Regla 2 coherente para validaciones implementadas.
GPA-001__R2-003__R1-002__0619,GPA-001__R2-003__R1-002,02_inputs_xml_flat/GPA-001__R2-003__R1-002__0619.xml,PASS,INFO,R1.D01=SI;R1.D02=NO;R2.D01=SI;R2.D02=NO;R2.D04=SI;R2.D05=SI;R2.D06=SI,MUNICIPIO_SIN_CN_VIV,MUNICIPIO30621,No,Si,,30621,Regla 2 coherente para validaciones implementadas.
GPA-001__R2-003__R1-002__0620,GPA-001__R2-003__R1-002,02_inputs_xml_flat/GPA-001__R2-003__R1-002__0620.xml,PASS,INFO,R1.D01=SI;R1.D02=NO;R2.D01=SI;R2.D02=NO;R2.D04=SI;R2.D05=SI;R2.D06=SI,MUNICIPIO_SIN_CN_VIV,MUNICIPIO30622,No,Si,,30622,Regla 2 coherente para validaciones implementadas.
GPA-001__R2-003__R1-002__0621,GPA-001__R2-003__R1-002,02_inputs_xml_flat/GPA-001__R2-003__R1-002__0621.xml,PASS,INFO,R1.D01=SI;R1.D02=NO;R2.D01=SI;R2.D02=NO;R2.D04=SI;R2.D05=SI;R2.D06=SI,MUNICIPIO_SIN_CN_VIV,MUNICIPIO30623,No,Si,,30623,Regla 2 coherente para validaciones implementadas.
GPA-001__R2-003__R1-002__0622,GPA-001__R2-003__R1-002,02_inputs_xml_flat/GPA-001__R2-003__R1-002__0622.xml,PASS,INFO,R1.D01=SI;R1.D02=NO;R2.D01=SI;R2.D02=NO;R2.D04=SI;R2.D05=SI;R2.D06=SI,MUNICIPIO_SIN_CN_VIV,MUNICIPIO30621,No,Si,,30621,Regla 2 coherente para validaciones implementadas.
GPA-001__R2-003__R1-002__0623,GPA-001__R2-003__R1-002,02_inputs_xml_flat/GPA-001__R2-003__R1-002__0623.xml,PASS,INFO,R1.D01=SI;R1.D02=NO;R2.D01=SI;R2.D02=NO;R2.D04=SI;R2.D05=SI;R2.D06=SI,MUNICIPIO_SIN_CN_VIV,MUNICIPIO30622,No,Si,,30622,Regla 2 coherente para validaciones implementadas.
GPA-001__R2-003__R1-002__0624,GPA-001__R2-003__R1-002,02_inputs_xml_flat/GPA-001__R2-003__R1-002__0624.xml,PASS,INFO,R1.D01=SI;R1.D02=NO;R2.D01=SI;R2.D02=NO;R2.D04=SI;R2.D05=SI;R2.D06=SI,MUNICIPIO_SIN_CN_VIV,MUNICIPIO30623,No,Si,,30623,Regla 2 coherente para validaciones implementadas.
GPA-001__R2-003__R1-002__0625,GPA-001__R2-003__R1-002,02_inputs_xml_flat/GPA-001__R2-003__R1-002__0625.xml,PASS,INFO,R1.D01=SI;R1.D02=NO;R2.D01=SI;R2.D02=NO;R2.D04=SI;R2.D05=SI;R2.D06=SI,MUNICIPIO_SIN_CN_VIV,MUNICIPIO30621,No,Si,,30621,Regla 2 coherente para validaciones implementadas.
GPA-001__R2-003__R1-002__0626,GPA-001__R2-003__R1-002,02_inputs_xml_flat/GPA-001__R2-003__R1-002__0626.xml,PASS,INFO,R1.D01=SI;R1.D02=NO;R2.D01=SI;R2.D02=NO;R2.D04=SI;R2.D05=SI;R2.D06=SI,MUNICIPIO_SIN_CN_VIV,MUNICIPIO30622,No,Si,,30622,Regla 2 coherente para validaciones implementadas.
GPA-001__R2-003__R1-002__0627,GPA-001__R2-003__R1-002,02_inputs_xml_flat/GPA-001__R2-003__R1-002__0627.xml,PASS,INFO,R1.D01=SI;R1.D02=NO;R2.D01=SI;R2.D02=NO;R2.D04=SI;R2.D05=SI;R2.D06=SI,MUNICIPIO_SIN_CN_VIV,MUNICIPIO30623,No,Si,,30623,Regla 2 coherente para validaciones implementadas.
GPA-001__R2-003__R1-002__0628,GPA-001__R2-003__R1-002,02_inputs_xml_flat/GPA-001__R2-003__R1-002__0628.xml,PASS,INFO,R1.D01=SI;R1.D02=NO;R2.D01=SI;R2.D02=NO;R2.D04=SI;R2.D05=SI;R2.D06=SI,MUNICIPIO_SIN_CN_VIV,MUNICIPIO30621,No,Si,,30621,Regla 2 coherente para validaciones implementadas.
GPA-001__R2-003__R1-002__0629,GPA-001__R2-003__R1-002,02_inputs_xml_flat/GPA-001__R2-003__R1-002__0629.xml,PASS,INFO,R1.D01=SI;R1.D02=NO;R2.D01=SI;R2.D02=NO;R2.D04=SI;R2.D05=SI;R2.D06=SI,MUNICIPIO_SIN_CN_VIV,MUNICIPIO30622,No,Si,,30622,Regla 2 coherente para validaciones implementadas.
GPA-001__R2-003__R1-002__0630,GPA-001__R2-003__R1-002,02_inputs_xml_flat/GPA-001__R2-003__R1-002__0630.xml,PASS,INFO,R1.D01=SI;R1.D02=NO;R2.D01=SI;R2.D02=NO;R2.D04=SI;R2.D05=SI;R2.D06=SI,MUNICIPIO_SIN_CN_VIV,MUNICIPIO30623,No,Si,,30623,Regla 2 coherente para validaciones implementadas.
GPA-001__R2-003__R1-002__0631,GPA-001__R2-003__R1-002,02_inputs_xml_flat/GPA-001__R2-003__R1-002__0631.xml,PASS,INFO,R1.D01=SI;R1.D02=NO;R2.D01=SI;R2.D02=NO;R2.D04=SI;R2.D05=SI;R2.D06=SI,MUNICIPIO_SIN_CN_VIV,MUNICIPIO30621,No,Si,,30621,Regla 2 coherente para validaciones implementadas.
GPA-001__R2-003__R1-002__0632,GPA-001__R2-003__R1-002,02_inputs_xml_flat/GPA-001__R2-003__R1-002__0632.xml,PASS,INFO,R1.D01=SI;R1.D02=NO;R2.D01=SI;R2.D02=NO;R2.D04=SI;R2.D05=SI;R2.D06=SI,MUNICIPIO_SIN_CN_VIV,MUNICIPIO30622,No,Si,,30622,Regla 2 coherente para validaciones implementadas.
GPA-001__R2-003__R1-002__0633,GPA-001__R2-003__R1-002,02_inputs_xml_flat/GPA-001__R2-003__R1-002__0633.xml,PASS,INFO,R1.D01=SI;R1.D02=NO;R2.D01=SI;R2.D02=NO;R2.D04=SI;R2.D05=SI;R2.D06=SI,MUNICIPIO_SIN_CN_VIV,MUNICIPIO30623,No,Si,,30623,Regla 2 coherente para validaciones implementadas.
GPA-001__R2-003__R1-002__0634,GPA-001__R2-003__R1-002,02_inputs_xml_flat/GPA-001__R2-003__R1-002__0634.xml,PASS,INFO,R1.D01=SI;R1.D02=NO;R2.D01=SI;R2.D02=NO;R2.D04=SI;R2.D05=SI;R2.D06=SI,MUNICIPIO_SIN_CN_VIV,MUNICIPIO30621,No,Si,,30621,Regla 2 coherente para validaciones implementadas.
GPA-001__R2-003__R1-002__0635,GPA-001__R2-003__R1-002,02_inputs_xml_flat/GPA-001__R2-003__R1-002__0635.xml,PASS,INFO,R1.D01=SI;R1.D02=NO;R2.D01=SI;R2.D02=NO;R2.D04=SI;R2.D05=SI;R2.D06=SI,MUNICIPIO_SIN_CN_VIV,MUNICIPIO30622,No,Si,,30622,Regla 2 coherente para validaciones implementadas.
GPA-001__R2-003__R1-002__0636,GPA-001__R2-003__R1-002,02_inputs_xml_flat/GPA-001__R2-003__R1-002__0636.xml,PASS,INFO,R1.D01=SI;R1.D02=NO;R2.D01=SI;R2.D02=NO;R2.D04=SI;R2.D05=SI;R2.D06=SI,MUNICIPIO_SIN_CN_VIV,MUNICIPIO30623,No,Si,,30623,Regla 2 coherente para validaciones implementadas.
GPA-001__R2-003__R1-002__0637,GPA-001__R2-003__R1-002,02_inputs_xml_flat/GPA-001__R2-003__R1-002__0637.xml,PASS,INFO,R1.D01=SI;R1.D02=NO;R2.D01=SI;R2.D02=NO;R2.D04=SI;R2.D05=SI;R2.D06=SI,MUNICIPIO_SIN_CN_VIV,MUNICIPIO30621,No,Si,,30621,Regla 2 coherente para validaciones implementadas.
GPA-001__R2-003__R1-002__0638,GPA-001__R2-003__R1-002,02_inputs_xml_flat/GPA-001__R2-003__R1-002__0638.xml,PASS,INFO,R1.D01=SI;R1.D02=NO;R2.D01=SI;R2.D02=NO;R2.D04=SI;R2.D05=SI;R2.D06=SI,MUNICIPIO_SIN_CN_VIV,MUNICIPIO30622,No,Si,,30622,Regla 2 coherente para validaciones implementadas.
GPA-001__R2-003__R1-002__0639,GPA-001__R2-003__R1-002,02_inputs_xml_flat/GPA-001__R2-003__R1-002__0639.xml,PASS,INFO,R1.D01=SI;R1.D02=NO;R2.D01=SI;R2.D02=NO;R2.D04=SI;R2.D05=SI;R2.D06=SI,MUNICIPIO_SIN_CN_VIV,MUNICIPIO30623,No,Si,,30623,Regla 2 coherente para validaciones implementadas.
GPA-001__R2-003__R1-002__0640,GPA-001__R2-003__R1-002,02_inputs_xml_flat/GPA-001__R2-003__R1-002__0640.xml,PASS,INFO,R1.D01=SI;R1.D02=NO;R2.D01=SI;R2.D02=NO;R2.D04=SI;R2.D05=SI;R2.D06=SI,MUNICIPIO_SIN_CN_VIV,MUNICIPIO30621,No,Si,,30621,Regla 2 coherente para validaciones implementadas.
GPA-001__R2-003__R1-002__0641,GPA-001__R2-003__R1-002,02_inputs_xml_flat/GPA-001__R2-003__R1-002__0641.xml,PASS,INFO,R1.D01=SI;R1.D02=NO;R2.D01=SI;R2.D02=NO;R2.D04=SI;R2.D05=SI;R2.D06=SI,MUNICIPIO_SIN_CN_VIV,MUNICIPIO30622,No,Si,,30622,Regla 2 coherente para validaciones implementadas.
GPA-001__R2-003__R1-002__0642,GPA-001__R2-003__R1-002,02_inputs_xml_flat/GPA-001__R2-003__R1-002__0642.xml,PASS,INFO,R1.D01=SI;R1.D02=NO;R2.D01=SI;R2.D02=NO;R2.D04=SI;R2.D05=SI;R2.D06=SI,MUNICIPIO_SIN_CN_VIV,MUNICIPIO30623,No,Si,,30623,Regla 2 coherente para validaciones implementadas.
GPA-001__R2-003__R1-002__0643,GPA-001__R2-003__R1-002,02_inputs_xml_flat/GPA-001__R2-003__R1-002__0643.xml,PASS,INFO,R1.D01=SI;R1.D02=NO;R2.D01=SI;R2.D02=NO;R2.D04=SI;R2.D05=SI;R2.D06=SI,MUNICIPIO_SIN_CN_VIV,MUNICIPIO30621,No,Si,,30621,Regla 2 coherente para validaciones implementadas.
GPA-001__R2-003__R1-002__0644,GPA-001__R2-003__R1-002,02_inputs_xml_flat/GPA-001__R2-003__R1-002__0644.xml,PASS,INFO,R1.D01=SI;R1.D02=NO;R2.D01=SI;R2.D02=NO;R2.D04=SI;R2.D05=SI;R2.D06=SI,MUNICIPIO_SIN_CN_VIV,MUNICIPIO30622,No,Si,,30622,Regla 2 coherente para validaciones implementadas.
GPA-001__R2-003__R1-002__0645,GPA-001__R2-003__R1-002,02_inputs_xml_flat/GPA-001__R2-003__R1-002__0645.xml,PASS,INFO,R1.D01=SI;R1.D02=NO;R2.D01=SI;R2.D02=NO;R2.D04=SI;R2.D05=SI;R2.D06=SI,MUNICIPIO_SIN_CN_VIV,MUNICIPIO30623,No,Si,,30623,Regla 2 coherente para validaciones implementadas.
GPA-001__R2-003__R1-002__0646,GPA-001__R2-003__R1-002,02_inputs_xml_flat/GPA-001__R2-003__R1-002__0646.xml,PASS,INFO,R1.D01=SI;R1.D02=NO;R2.D01=SI;R2.D02=NO;R2.D04=SI;R2.D05=SI;R2.D06=SI,MUNICIPIO_SIN_CN_VIV,MUNICIPIO30621,No,Si,,30621,Regla 2 coherente para validaciones implementadas.
GPA-001__R2-003__R1-002__0647,GPA-001__R2-003__R1-002,02_inputs_xml_flat/GPA-001__R2-003__R1-002__0647.xml,PASS,INFO,R1.D01=SI;R1.D02=NO;R2.D01=SI;R2.D02=NO;R2.D04=SI;R2.D05=SI;R2.D06=SI,MUNICIPIO_SIN_CN_VIV,MUNICIPIO30622,No,Si,,30622,Regla 2 coherente para validaciones implementadas.
GPA-001__R2-003__R1-002__0648,GPA-001__R2-003__R1-002,02_inputs_xml_flat/GPA-001__R2-003__R1-002__0648.xml,PASS,INFO,R1.D01=SI;R1.D02=NO;R2.D01=SI;R2.D02=NO;R2.D04=SI;R2.D05=SI;R2.D06=SI,MUNICIPIO_SIN_CN_VIV,MUNICIPIO30623,No,Si,,30623,Regla 2 coherente para validaciones implementadas.
GPA-001__R2-003__R1-002__0649,GPA-001__R2-003__R1-002,02_inputs_xml_flat/GPA-001__R2-003__R1-002__0649.xml,PASS,INFO,R1.D01=SI;R1.D02=NO;R2.D01=SI;R2.D02=NO;R2.D04=SI;R2.D05=SI;R2.D06=SI,MUNICIPIO_SIN_CN_VIV,MUNICIPIO30621,No,Si,,30621,Regla 2 coherente para validaciones implementadas.
GPA-001__R2-003__R1-002__0650,GPA-001__R2-003__R1-002,02_inputs_xml_flat/GPA-001__R2-003__R1-002__0650.xml,PASS,INFO,R1.D01=SI;R1.D02=NO;R2.D01=SI;R2.D02=NO;R2.D04=SI;R2.D05=SI;R2.D06=SI,MUNICIPIO_SIN_CN_VIV,MUNICIPIO30622,No,Si,,30622,Regla 2 coherente para validaciones implementadas.
GPA-001__R2-003__R1-002__0651,GPA-001__R2-003__R1-002,02_inputs_xml_flat/GPA-001__R2-003__R1-002__0651.xml,PASS,INFO,R1.D01=SI;R1.D02=NO;R2.D01=SI;R2.D02=NO;R2.D04=SI;R2.D05=SI;R2.D06=SI,MUNICIPIO_SIN_CN_VIV,MUNICIPIO30623,No,Si,,30623,Regla 2 coherente para validaciones implementadas.
GPA-001__R2-003__R1-002__0652,GPA-001__R2-003__R1-002,02_inputs_xml_flat/GPA-001__R2-003__R1-002__0652.xml,PASS,INFO,R1.D01=SI;R1.D02=NO;R2.D01=SI;R2.D02=NO;R2.D04=SI;R2.D05=SI;R2.D06=SI,MUNICIPIO_SIN_CN_VIV,MUNICIPIO30621,No,Si,,30621,Regla 2 coherente para validaciones implementadas.
GPA-001__R2-003__R1-002__0653,GPA-001__R2-003__R1-002,02_inputs_xml_flat/GPA-001__R2-003__R1-002__0653.xml,PASS,INFO,R1.D01=SI;R1.D02=NO;R2.D01=SI;R2.D02=NO;R2.D04=SI;R2.D05=SI;R2.D06=SI,MUNICIPIO_SIN_CN_VIV,MUNICIPIO30622,No,Si,,30622,Regla 2 coherente para validaciones implementadas.
GPA-001__R2-003__R1-002__0654,GPA-001__R2-003__R1-002,02_inputs_xml_flat/GPA-001__R2-003__R1-002__0654.xml,PASS,INFO,R1.D01=SI;R1.D02=NO;R2.D01=SI;R2.D02=NO;R2.D04=SI;R2.D05=SI;R2.D06=SI,MUNICIPIO_SIN_CN_VIV,MUNICIPIO30623,No,Si,,30623,Regla 2 coherente para validaciones implementadas.
GPA-001__R2-003__R1-002__0655,GPA-001__R2-003__R1-002,02_inputs_xml_flat/GPA-001__R2-003__R1-002__0655.xml,PASS,INFO,R1.D01=SI;R1.D02=NO;R2.D01=SI;R2.D02=NO;R2.D04=SI;R2.D05=SI;R2.D06=SI,MUNICIPIO_SIN_CN_VIV,MUNICIPIO30621,No,Si,,30621,Regla 2 coherente para validaciones implementadas.
GPA-001__R2-003__R1-002__0656,GPA-001__R2-003__R1-002,02_inputs_xml_flat/GPA-001__R2-003__R1-002__0656.xml,PASS,INFO,R1.D01=SI;R1.D02=NO;R2.D01=SI;R2.D02=NO;R2.D04=SI;R2.D05=SI;R2.D06=SI,MUNICIPIO_SIN_CN_VIV,MUNICIPIO30622,No,Si,,30622,Regla 2 coherente para validaciones implementadas.
GPA-001__R2-003__R1-002__0657,GPA-001__R2-003__R1-002,02_inputs_xml_flat/GPA-001__R2-003__R1-002__0657.xml,PASS,INFO,R1.D01=SI;R1.D02=NO;R2.D01=SI;R2.D02=NO;R2.D04=SI;R2.D05=SI;R2.D06=SI,MUNICIPIO_SIN_CN_VIV,MUNICIPIO30623,No,Si,,30623,Regla 2 coherente para validaciones implementadas.
GPA-001__R2-003__R1-002__0658,GPA-001__R2-003__R1-002,02_inputs_xml_flat/GPA-001__R2-003__R1-002__0658.xml,PASS,INFO,R1.D01=SI;R1.D02=NO;R2.D01=SI;R2.D02=NO;R2.D04=SI;R2.D05=SI;R2.D06=SI,MUNICIPIO_SIN_CN_VIV,MUNICIPIO30621,No,Si,,30621,Regla 2 coherente para validaciones implementadas.
GPA-001__R2-003__R1-002__0659,GPA-001__R2-003__R1-002,02_inputs_xml_flat/GPA-001__R2-003__R1-002__0659.xml,PASS,INFO,R1.D01=SI;R1.D02=NO;R2.D01=SI;R2.D02=NO;R2.D04=SI;R2.D05=SI;R2.D06=SI,MUNICIPIO_SIN_CN_VIV,MUNICIPIO30622,No,Si,,30622,Regla 2 coherente para validaciones implementadas.
GPA-001__R2-003__R1-002__0660,GPA-001__R2-003__R1-002,02_inputs_xml_flat/GPA-001__R2-003__R1-002__0660.xml,PASS,INFO,R1.D01=SI;R1.D02=NO;R2.D01=SI;R2.D02=NO;R2.D04=SI;R2.D05=SI;R2.D06=SI,MUNICIPIO_SIN_CN_VIV,MUNICIPIO30623,No,Si,,30623,Regla 2 coherente para validaciones implementadas.
GPA-001__R2-003__R1-002__0661,GPA-001__R2-003__R1-002,02_inputs_xml_flat/GPA-001__R2-003__R1-002__0661.xml,PASS,INFO,R1.D01=SI;R1.D02=NO;R2.D01=SI;R2.D02=NO;R2.D04=SI;R2.D05=SI;R2.D06=SI,MUNICIPIO_SIN_CN_VIV,MUNICIPIO30621,No,Si,,30621,Regla 2 coherente para validaciones implementadas.
GPA-001__R2-003__R1-002__0662,GPA-001__R2-003__R1-002,02_inputs_xml_flat/GPA-001__R2-003__R1-002__0662.xml,PASS,INFO,R1.D01=SI;R1.D02=NO;R2.D01=SI;R2.D02=NO;R2.D04=SI;R2.D05=SI;R2.D06=SI,MUNICIPIO_SIN_CN_VIV,MUNICIPIO30622,No,Si,,30622,Regla 2 coherente para validaciones implementadas.
GPA-001__R2-003__R1-002__0663,GPA-001__R2-003__R1-002,02_inputs_xml_flat/GPA-001__R2-003__R1-002__0663.xml,PASS,INFO,R1.D01=SI;R1.D02=NO;R2.D01=SI;R2.D02=NO;R2.D04=SI;R2.D05=SI;R2.D06=SI,MUNICIPIO_SIN_CN_VIV,MUNICIPIO30623,No,Si,,30623,Regla 2 coherente para validaciones implementadas.
GPA-001__R2-003__R1-002__0664,GPA-001__R2-003__R1-002,02_inputs_xml_flat/GPA-001__R2-003__R1-002__0664.xml,PASS,INFO,R1.D01=SI;R1.D02=NO;R2.D01=SI;R2.D02=NO;R2.D04=SI;R2.D05=SI;R2.D06=SI,MUNICIPIO_SIN_CN_VIV,MUNICIPIO30621,No,Si,,30621,Regla 2 coherente para validaciones implementadas.
GPA-001__R2-003__R1-002__0665,GPA-001__R2-003__R1-002,02_inputs_xml_flat/GPA-001__R2-003__R1-002__0665.xml,PASS,INFO,R1.D01=SI;R1.D02=NO;R2.D01=SI;R2.D02=NO;R2.D04=SI;R2.D05=SI;R2.D06=SI,MUNICIPIO_SIN_CN_VIV,MUNICIPIO30622,No,Si,,30622,Regla 2 coherente para validaciones implementadas.
GPA-001__R2-003__R1-002__0666,GPA-001__R2-003__R1-002,02_inputs_xml_flat/GPA-001__R2-003__R1-002__0666.xml,PASS,INFO,R1.D01=SI;R1.D02=NO;R2.D01=SI;R2.D02=NO;R2.D04=SI;R2.D05=SI;R2.D06=SI,MUNICIPIO_SIN_CN_VIV,MUNICIPIO30623,No,Si,,30623,Regla 2 coherente para validaciones implementadas.
GPA-001__R2-003__R1-002__0667,GPA-001__R2-003__R1-002,02_inputs_xml_flat/GPA-001__R2-003__R1-002__0667.xml,PASS,INFO,R1.D01=SI;R1.D02=NO;R2.D01=SI;R2.D02=NO;R2.D04=SI;R2.D05=SI;R2.D06=SI,MUNICIPIO_SIN_CN_VIV,MUNICIPIO30621,No,Si,,30621,Regla 2 coherente para validaciones implementadas.
GPA-001__R2-003__R1-002__0668,GPA-001__R2-003__R1-002,02_inputs_xml_flat/GPA-001__R2-003__R1-002__0668.xml,PASS,INFO,R1.D01=SI;R1.D02=NO;R2.D01=SI;R2.D02=NO;R2.D04=SI;R2.D05=SI;R2.D06=SI,MUNICIPIO_SIN_CN_VIV,MUNICIPIO30622,No,Si,,30622,Regla 2 coherente para validaciones implementadas.
GPA-001__R2-003__R1-002__0669,GPA-001__R2-003__R1-002,02_inputs_xml_flat/GPA-001__R2-003__R1-002__0669.xml,PASS,INFO,R1.D01=SI;R1.D02=NO;R2.D01=SI;R2.D02=NO;R2.D04=SI;R2.D05=SI;R2.D06=SI,MUNICIPIO_SIN_CN_VIV,MUNICIPIO30623,No,Si,,30623,Regla 2 coherente para validaciones implementadas.
GPA-001__R2-003__R1-002__0670,GPA-001__R2-003__R1-002,02_inputs_xml_flat/GPA-001__R2-003__R1-002__0670.xml,PASS,INFO,R1.D01=SI;R1.D02=NO;R2.D01=SI;R2.D02=NO;R2.D04=SI;R2.D05=SI;R2.D06=SI,MUNICIPIO_SIN_CN_VIV,MUNICIPIO30621,No,Si,,30621,Regla 2 coherente para validaciones implementadas.
GPA-001__R2-003__R1-002__0671,GPA-001__R2-003__R1-002,02_inputs_xml_flat/GPA-001__R2-003__R1-002__0671.xml,PASS,INFO,R1.D01=SI;R1.D02=NO;R2.D01=SI;R2.D02=NO;R2.D04=SI;R2.D05=SI;R2.D06=SI,MUNICIPIO_SIN_CN_VIV,MUNICIPIO30622,No,Si,,30622,Regla 2 coherente para validaciones implementadas.
GPA-001__R2-003__R1-002__0672,GPA-001__R2-003__R1-002,02_inputs_xml_flat/GPA-001__R2-003__R1-002__0672.xml,PASS,INFO,R1.D01=SI;R1.D02=NO;R2.D01=SI;R2.D02=NO;R2.D04=SI;R2.D05=SI;R2.D06=SI,MUNICIPIO_SIN_CN_VIV,MUNICIPIO30623,No,Si,,30623,Regla 2 coherente para validaciones implementadas.
GPA-001__R2-003__R1-002__0673,GPA-001__R2-003__R1-002,02_inputs_xml_flat/GPA-001__R2-003__R1-002__0673.xml,PASS,INFO,R1.D01=SI;R1.D02=NO;R2.D01=SI;R2.D02=NO;R2.D04=SI;R2.D05=SI;R2.D06=SI,MUNICIPIO_SIN_CN_VIV,MUNICIPIO30621,No,Si,,30621,Regla 2 coherente para validaciones implementadas.
GPA-001__R2-003__R1-002__0674,GPA-001__R2-003__R1-002,02_inputs_xml_flat/GPA-001__R2-003__R1-002__0674.xml,PASS,INFO,R1.D01=SI;R1.D02=NO;R2.D01=SI;R2.D02=NO;R2.D04=SI;R2.D05=SI;R2.D06=SI,MUNICIPIO_SIN_CN_VIV,MUNICIPIO30622,No,Si,,30622,Regla 2 coherente para validaciones implementadas.
GPA-001__R2-003__R1-002__0675,GPA-001__R2-003__R1-002,02_inputs_xml_flat/GPA-001__R2-003__R1-002__0675.xml,PASS,INFO,R1.D01=SI;R1.D02=NO;R2.D01=SI;R2.D02=NO;R2.D04=SI;R2.D05=SI;R2.D06=SI,MUNICIPIO_SIN_CN_VIV,MUNICIPIO30623,No,Si,,30623,Regla 2 coherente para validaciones implementadas.
GPA-001__R2-003__R1-002__0676,GPA-001__R2-003__R1-002,02_inputs_xml_flat/GPA-001__R2-003__R1-002__0676.xml,PASS,INFO,R1.D01=SI;R1.D02=NO;R2.D01=SI;R2.D02=NO;R2.D04=SI;R2.D05=SI;R2.D06=SI,MUNICIPIO_SIN_CN_VIV,MUNICIPIO30621,No,Si,,30621,Regla 2 coherente para validaciones implementadas.
GPA-001__R2-003__R1-002__0677,GPA-001__R2-003__R1-002,02_inputs_xml_flat/GPA-001__R2-003__R1-002__0677.xml,PASS,INFO,R1.D01=SI;R1.D02=NO;R2.D01=SI;R2.D02=NO;R2.D04=SI;R2.D05=SI;R2.D06=SI,MUNICIPIO_SIN_CN_VIV,MUNICIPIO30622,No,Si,,30622,Regla 2 coherente para validaciones implementadas.
GPA-001__R2-003__R1-002__0678,GPA-001__R2-003__R1-002,02_inputs_xml_flat/GPA-001__R2-003__R1-002__0678.xml,PASS,INFO,R1.D01=SI;R1.D02=NO;R2.D01=SI;R2.D02=NO;R2.D04=SI;R2.D05=SI;R2.D06=SI,MUNICIPIO_SIN_CN_VIV,MUNICIPIO30623,No,Si,,30623,Regla 2 coherente para validaciones implementadas.
GPA-001__R2-003__R1-002__0679,GPA-001__R2-003__R1-002,02_inputs_xml_flat/GPA-001__R2-003__R1-002__0679.xml,PASS,INFO,R1.D01=SI;R1.D02=NO;R2.D01=SI;R2.D02=NO;R2.D04=SI;R2.D05=SI;R2.D06=SI,MUNICIPIO_SIN_CN_VIV,MUNICIPIO30621,No,Si,,30621,Regla 2 coherente para validaciones implementadas.
GPA-001__R2-003__R1-002__0680,GPA-001__R2-003__R1-002,02_inputs_xml_flat/GPA-001__R2-003__R1-002__0680.xml,PASS,INFO,R1.D01=SI;R1.D02=NO;R2.D01=SI;R2.D02=NO;R2.D04=SI;R2.D05=SI;R2.D06=SI,MUNICIPIO_SIN_CN_VIV,MUNICIPIO30622,No,Si,,30622,Regla 2 coherente para validaciones implementadas.
GPA-001__R2-003__R1-002__0681,GPA-001__R2-003__R1-002,02_inputs_xml_flat/GPA-001__R2-003__R1-002__0681.xml,PASS,INFO,R1.D01=SI;R1.D02=NO;R2.D01=SI;R2.D02=NO;R2.D04=SI;R2.D05=SI;R2.D06=SI,MUNICIPIO_SIN_CN_VIV,MUNICIPIO30623,No,Si,,30623,Regla 2 coherente para validaciones implementadas.
GPA-001__R2-003__R1-002__0682,GPA-001__R2-003__R1-002,02_inputs_xml_flat/GPA-001__R2-003__R1-002__0682.xml,PASS,INFO,R1.D01=SI;R1.D02=NO;R2.D01=SI;R2.D02=NO;R2.D04=SI;R2.D05=SI;R2.D06=SI,MUNICIPIO_SIN_CN_VIV,MUNICIPIO30621,No,Si,,30621,Regla 2 coherente para validaciones implementadas.
GPA-001__R2-003__R1-002__0683,GPA-001__R2-003__R1-002,02_inputs_xml_flat/GPA-001__R2-003__R1-002__0683.xml,PASS,INFO,R1.D01=SI;R1.D02=NO;R2.D01=SI;R2.D02=NO;R2.D04=SI;R2.D05=SI;R2.D06=SI,MUNICIPIO_SIN_CN_VIV,MUNICIPIO30622,No,Si,,30622,Regla 2 coherente para validaciones implementadas.
GPA-001__R2-003__R1-002__0684,GPA-001__R2-003__R1-002,02_inputs_xml_flat/GPA-001__R2-003__R1-002__0684.xml,PASS,INFO,R1.D01=SI;R1.D02=NO;R2.D01=SI;R2.D02=NO;R2.D04=SI;R2.D05=SI;R2.D06=SI,MUNICIPIO_SIN_CN_VIV,MUNICIPIO30623,No,Si,,30623,Regla 2 coherente para validaciones implementadas.
GPA-001__R2-003__R1-002__0685,GPA-001__R2-003__R1-002,02_inputs_xml_flat/GPA-001__R2-003__R1-002__0685.xml,PASS,INFO,R1.D01=SI;R1.D02=NO;R2.D01=SI;R2.D02=NO;R2.D04=SI;R2.D05=SI;R2.D06=SI,MUNICIPIO_SIN_CN_VIV,MUNICIPIO30621,No,Si,,30621,Regla 2 coherente para validaciones implementadas.
GPA-001__R2-003__R1-002__0686,GPA-001__R2-003__R1-002,02_inputs_xml_flat/GPA-001__R2-003__R1-002__0686.xml,PASS,INFO,R1.D01=SI;R1.D02=NO;R2.D01=SI;R2.D02=NO;R2.D04=SI;R2.D05=SI;R2.D06=SI,MUNICIPIO_SIN_CN_VIV,MUNICIPIO30622,No,Si,,30622,Regla 2 coherente para validaciones implementadas.
GPA-001__R2-003__R1-002__0687,GPA-001__R2-003__R1-002,02_inputs_xml_flat/GPA-001__R2-003__R1-002__0687.xml,PASS,INFO,R1.D01=SI;R1.D02=NO;R2.D01=SI;R2.D02=NO;R2.D04=SI;R2.D05=SI;R2.D06=SI,MUNICIPIO_SIN_CN_VIV,MUNICIPIO30623,No,Si,,30623,Regla 2 coherente para validaciones implementadas.
GPA-001__R2-003__R1-002__0688,GPA-001__R2-003__R1-002,02_inputs_xml_flat/GPA-001__R2-003__R1-002__0688.xml,PASS,INFO,R1.D01=SI;R1.D02=NO;R2.D01=SI;R2.D02=NO;R2.D04=SI;R2.D05=SI;R2.D06=SI,MUNICIPIO_SIN_CN_VIV,MUNICIPIO30621,No,Si,,30621,Regla 2 coherente para validaciones implementadas.
GPA-001__R2-003__R1-002__0689,GPA-001__R2-003__R1-002,02_inputs_xml_flat/GPA-001__R2-003__R1-002__0689.xml,PASS,INFO,R1.D01=SI;R1.D02=NO;R2.D01=SI;R2.D02=NO;R2.D04=SI;R2.D05=SI;R2.D06=SI,MUNICIPIO_SIN_CN_VIV,MUNICIPIO30622,No,Si,,30622,Regla 2 coherente para validaciones implementadas.
GPA-001__R2-003__R1-002__0690,GPA-001__R2-003__R1-002,02_inputs_xml_flat/GPA-001__R2-003__R1-002__0690.xml,PASS,INFO,R1.D01=SI;R1.D02=NO;R2.D01=SI;R2.D02=NO;R2.D04=SI;R2.D05=SI;R2.D06=SI,MUNICIPIO_SIN_CN_VIV,MUNICIPIO30623,No,Si,,30623,Regla 2 coherente para validaciones implementadas.
GPA-001__R2-003__R1-002__0691,GPA-001__R2-003__R1-002,02_inputs_xml_flat/GPA-001__R2-003__R1-002__0691.xml,PASS,INFO,R1.D01=SI;R1.D02=NO;R2.D01=SI;R2.D02=NO;R2.D04=SI;R2.D05=SI;R2.D06=SI,MUNICIPIO_SIN_CN_VIV,MUNICIPIO30621,No,Si,,30621,Regla 2 coherente para validaciones implementadas.
GPA-001__R2-003__R1-002__0692,GPA-001__R2-003__R1-002,02_inputs_xml_flat/GPA-001__R2-003__R1-002__0692.xml,PASS,INFO,R1.D01=SI;R1.D02=NO;R2.D01=SI;R2.D02=NO;R2.D04=SI;R2.D05=SI;R2.D06=SI,MUNICIPIO_SIN_CN_VIV,MUNICIPIO30622,No,Si,,30622,Regla 2 coherente para validaciones implementadas.
GPA-001__R2-003__R1-002__0693,GPA-001__R2-003__R1-002,02_inputs_xml_flat/GPA-001__R2-003__R1-002__0693.xml,PASS,INFO,R1.D01=SI;R1.D02=NO;R2.D01=SI;R2.D02=NO;R2.D04=SI;R2.D05=SI;R2.D06=SI,MUNICIPIO_SIN_CN_VIV,MUNICIPIO30623,No,Si,,30623,Regla 2 coherente para validaciones implementadas.
GPA-001__R2-003__R1-002__0694,GPA-001__R2-003__R1-002,02_inputs_xml_flat/GPA-001__R2-003__R1-002__0694.xml,PASS,INFO,R1.D01=SI;R1.D02=NO;R2.D01=SI;R2.D02=NO;R2.D04=SI;R2.D05=SI;R2.D06=SI,MUNICIPIO_SIN_CN_VIV,MUNICIPIO30621,No,Si,,30621,Regla 2 coherente para validaciones implementadas.
GPA-001__R2-003__R1-002__0695,GPA-001__R2-003__R1-002,02_inputs_xml_flat/GPA-001__R2-003__R1-002__0695.xml,PASS,INFO,R1.D01=SI;R1.D02=NO;R2.D01=SI;R2.D02=NO;R2.D04=SI;R2.D05=SI;R2.D06=SI,MUNICIPIO_SIN_CN_VIV,MUNICIPIO30622,No,Si,,30622,Regla 2 coherente para validaciones implementadas.
GPA-001__R2-003__R1-002__0696,GPA-001__R2-003__R1-002,02_inputs_xml_flat/GPA-001__R2-003__R1-002__0696.xml,PASS,INFO,R1.D01=SI;R1.D02=NO;R2.D01=SI;R2.D02=NO;R2.D04=SI;R2.D05=SI;R2.D06=SI,MUNICIPIO_SIN_CN_VIV,MUNICIPIO30623,No,Si,,30623,Regla 2 coherente para validaciones implementadas.
GPA-001__R2-003__R1-002__0697,GPA-001__R2-003__R1-002,02_inputs_xml_flat/GPA-001__R2-003__R1-002__0697.xml,PASS,INFO,R1.D01=SI;R1.D02=NO;R2.D01=SI;R2.D02=NO;R2.D04=SI;R2.D05=SI;R2.D06=SI,MUNICIPIO_SIN_CN_VIV,MUNICIPIO30621,No,Si,,30621,Regla 2 coherente para validaciones implementadas.
GPA-001__R2-003__R1-002__0698,GPA-001__R2-003__R1-002,02_inputs_xml_flat/GPA-001__R2-003__R1-002__0698.xml,PASS,INFO,R1.D01=SI;R1.D02=NO;R2.D01=SI;R2.D02=NO;R2.D04=SI;R2.D05=SI;R2.D06=SI,MUNICIPIO_SIN_CN_VIV,MUNICIPIO30622,No,Si,,30622,Regla 2 coherente para validaciones implementadas.
GPA-001__R2-003__R1-002__0699,GPA-001__R2-003__R1-002,02_inputs_xml_flat/GPA-001__R2-003__R1-002__0699.xml,PASS,INFO,R1.D01=SI;R1.D02=NO;R2.D01=SI;R2.D02=NO;R2.D04=SI;R2.D05=SI;R2.D06=SI,MUNICIPIO_SIN_CN_VIV,MUNICIPIO30623,No,Si,,30623,Regla 2 coherente para validaciones implementadas.
GPA-001__R2-003__R1-002__0700,GPA-001__R2-003__R1-002,02_inputs_xml_flat/GPA-001__R2-003__R1-002__0700.xml,PASS,INFO,R1.D01=SI;R1.D02=NO;R2.D01=SI;R2.D02=NO;R2.D04=SI;R2.D05=SI;R2.D06=SI,MUNICIPIO_SIN_CN_VIV,MUNICIPIO30621,No,Si,,30621,Regla 2 coherente para validaciones implementadas.
GPA-001__R2-003__R1-002__0701,GPA-001__R2-003__R1-002,02_inputs_xml_flat/GPA-001__R2-003__R1-002__0701.xml,PASS,INFO,R1.D01=SI;R1.D02=NO;R2.D01=SI;R2.D02=NO;R2.D04=SI;R2.D05=SI;R2.D06=SI,MUNICIPIO_SIN_CN_VIV,MUNICIPIO30622,No,Si,,30622,Regla 2 coherente para validaciones implementadas.
GPA-001__R2-003__R1-002__0702,GPA-001__R2-003__R1-002,02_inputs_xml_flat/GPA-001__R2-003__R1-002__0702.xml,PASS,INFO,R1.D01=SI;R1.D02=NO;R2.D01=SI;R2.D02=NO;R2.D04=SI;R2.D05=SI;R2.D06=SI,MUNICIPIO_SIN_CN_VIV,MUNICIPIO30623,No,Si,,30623,Regla 2 coherente para validaciones implementadas.
GPA-001__R2-003__R1-002__0703,GPA-001__R2-003__R1-002,02_inputs_xml_flat/GPA-001__R2-003__R1-002__0703.xml,PASS,INFO,R1.D01=SI;R1.D02=NO;R2.D01=SI;R2.D02=NO;R2.D04=SI;R2.D05=SI;R2.D06=SI,MUNICIPIO_SIN_CN_VIV,MUNICIPIO30621,No,Si,,30621,Regla 2 coherente para validaciones implementadas.
GPA-001__R2-003__R1-002__0704,GPA-001__R2-003__R1-002,02_inputs_xml_flat/GPA-001__R2-003__R1-002__0704.xml,PASS,INFO,R1.D01=SI;R1.D02=NO;R2.D01=SI;R2.D02=NO;R2.D04=SI;R2.D05=SI;R2.D06=SI,MUNICIPIO_SIN_CN_VIV,MUNICIPIO30622,No,Si,,30622,Regla 2 coherente para validaciones implementadas.
GPA-001__R2-003__R1-002__0705,GPA-001__R2-003__R1-002,02_inputs_xml_flat/GPA-001__R2-003__R1-002__0705.xml,PASS,INFO,R1.D01=SI;R1.D02=NO;R2.D01=SI;R2.D02=NO;R2.D04=SI;R2.D05=SI;R2.D06=SI,MUNICIPIO_SIN_CN_VIV,MUNICIPIO30623,No,Si,,30623,Regla 2 coherente para validaciones implementadas.
GPA-001__R2-003__R1-002__0706,GPA-001__R2-003__R1-002,02_inputs_xml_flat/GPA-001__R2-003__R1-002__0706.xml,PASS,INFO,R1.D01=SI;R1.D02=NO;R2.D01=SI;R2.D02=NO;R2.D04=SI;R2.D05=SI;R2.D06=SI,MUNICIPIO_SIN_CN_VIV,MUNICIPIO30621,No,Si,,30621,Regla 2 coherente para validaciones implementadas.
GPA-001__R2-003__R1-002__0707,GPA-001__R2-003__R1-002,02_inputs_xml_flat/GPA-001__R2-003__R1-002__0707.xml,PASS,INFO,R1.D01=SI;R1.D02=NO;R2.D01=SI;R2.D02=NO;R2.D04=SI;R2.D05=SI;R2.D06=SI,MUNICIPIO_SIN_CN_VIV,MUNICIPIO30622,No,Si,,30622,Regla 2 coherente para validaciones implementadas.
GPA-001__R2-003__R1-002__0708,GPA-001__R2-003__R1-002,02_inputs_xml_flat/GPA-001__R2-003__R1-002__0708.xml,PASS,INFO,R1.D01=SI;R1.D02=NO;R2.D01=SI;R2.D02=NO;R2.D04=SI;R2.D05=SI;R2.D06=SI,MUNICIPIO_SIN_CN_VIV,MUNICIPIO30623,No,Si,,30623,Regla 2 coherente para validaciones implementadas.
GPA-001__R2-003__R1-002__0709,GPA-001__R2-003__R1-002,02_inputs_xml_flat/GPA-001__R2-003__R1-002__0709.xml,PASS,INFO,R1.D01=SI;R1.D02=NO;R2.D01=SI;R2.D02=NO;R2.D04=SI;R2.D05=SI;R2.D06=SI,MUNICIPIO_SIN_CN_VIV,MUNICIPIO30621,No,Si,,30621,Regla 2 coherente para validaciones implementadas.
GPA-001__R2-003__R1-002__0710,GPA-001__R2-003__R1-002,02_inputs_xml_flat/GPA-001__R2-003__R1-002__0710.xml,PASS,INFO,R1.D01=SI;R1.D02=NO;R2.D01=SI;R2.D02=NO;R2.D04=SI;R2.D05=SI;R2.D06=SI,MUNICIPIO_SIN_CN_VIV,MUNICIPIO30622,No,Si,,30622,Regla 2 coherente para validaciones implementadas.
GPA-001__R2-003__R1-002__0711,GPA-001__R2-003__R1-002,02_inputs_xml_flat/GPA-001__R2-003__R1-002__0711.xml,PASS,INFO,R1.D01=SI;R1.D02=NO;R2.D01=SI;R2.D02=NO;R2.D04=SI;R2.D05=SI;R2.D06=SI,MUNICIPIO_SIN_CN_VIV,MUNICIPIO30623,No,Si,,30623,Regla 2 coherente para validaciones implementadas.
GPA-001__R2-003__R1-002__0712,GPA-001__R2-003__R1-002,02_inputs_xml_flat/GPA-001__R2-003__R1-002__0712.xml,PASS,INFO,R1.D01=SI;R1.D02=NO;R2.D01=SI;R2.D02=NO;R2.D04=SI;R2.D05=SI;R2.D06=SI,MUNICIPIO_SIN_CN_VIV,MUNICIPIO30621,No,Si,,30621,Regla 2 coherente para validaciones implementadas.
GPA-001__R2-003__R1-002__0713,GPA-001__R2-003__R1-002,02_inputs_xml_flat/GPA-001__R2-003__R1-002__0713.xml,PASS,INFO,R1.D01=SI;R1.D02=NO;R2.D01=SI;R2.D02=NO;R2.D04=SI;R2.D05=SI;R2.D06=SI,MUNICIPIO_SIN_CN_VIV,MUNICIPIO30622,No,Si,,30622,Regla 2 coherente para validaciones implementadas.
GPA-001__R2-003__R1-002__0714,GPA-001__R2-003__R1-002,02_inputs_xml_flat/GPA-001__R2-003__R1-002__0714.xml,PASS,INFO,R1.D01=SI;R1.D02=NO;R2.D01=SI;R2.D02=NO;R2.D04=SI;R2.D05=SI;R2.D06=SI,MUNICIPIO_SIN_CN_VIV,MUNICIPIO30623,No,Si,,30623,Regla 2 coherente para validaciones implementadas.
GPA-001__R2-003__R1-002__0715,GPA-001__R2-003__R1-002,02_inputs_xml_flat/GPA-001__R2-003__R1-002__0715.xml,PASS,INFO,R1.D01=SI;R1.D02=NO;R2.D01=SI;R2.D02=NO;R2.D04=SI;R2.D05=SI;R2.D06=SI,MUNICIPIO_SIN_CN_VIV,MUNICIPIO30621,No,Si,,30621,Regla 2 coherente para validaciones implementadas.
GPA-001__R2-003__R1-002__0716,GPA-001__R2-003__R1-002,02_inputs_xml_flat/GPA-001__R2-003__R1-002__0716.xml,PASS,INFO,R1.D01=SI;R1.D02=NO;R2.D01=SI;R2.D02=NO;R2.D04=SI;R2.D05=SI;R2.D06=SI,MUNICIPIO_SIN_CN_VIV,MUNICIPIO30622,No,Si,,30622,Regla 2 coherente para validaciones implementadas.
GPA-001__R2-003__R1-002__0717,GPA-001__R2-003__R1-002,02_inputs_xml_flat/GPA-001__R2-003__R1-002__0717.xml,PASS,INFO,R1.D01=SI;R1.D02=NO;R2.D01=SI;R2.D02=NO;R2.D04=SI;R2.D05=SI;R2.D06=SI,MUNICIPIO_SIN_CN_VIV,MUNICIPIO30623,No,Si,,30623,Regla 2 coherente para validaciones implementadas.
GPA-001__R2-003__R1-002__0718,GPA-001__R2-003__R1-002,02_inputs_xml_flat/GPA-001__R2-003__R1-002__0718.xml,PASS,INFO,R1.D01=SI;R1.D02=NO;R2.D01=SI;R2.D02=NO;R2.D04=SI;R2.D05=SI;R2.D06=SI,MUNICIPIO_SIN_CN_VIV,MUNICIPIO30621,No,Si,,30621,Regla 2 coherente para validaciones implementadas.
GPA-001__R2-003__R1-002__0719,GPA-001__R2-003__R1-002,02_inputs_xml_flat/GPA-001__R2-003__R1-002__0719.xml,PASS,INFO,R1.D01=SI;R1.D02=NO;R2.D01=SI;R2.D02=NO;R2.D04=SI;R2.D05=SI;R2.D06=SI,MUNICIPIO_SIN_CN_VIV,MUNICIPIO30622,No,Si,,30622,Regla 2 coherente para validaciones implementadas.
GPA-001__R2-003__R1-002__0720,GPA-001__R2-003__R1-002,02_inputs_xml_flat/GPA-001__R2-003__R1-002__0720.xml,PASS,INFO,R1.D01=SI;R1.D02=NO;R2.D01=SI;R2.D02=NO;R2.D04=SI;R2.D05=SI;R2.D06=SI,MUNICIPIO_SIN_CN_VIV,MUNICIPIO30623,No,Si,,30623,Regla 2 coherente para validaciones implementadas.
GPA-001__R2-003__R1-002__0721,GPA-001__R2-003__R1-002,02_inputs_xml_flat/GPA-001__R2-003__R1-002__0721.xml,PASS,INFO,R1.D01=SI;R1.D02=NO;R2.D01=SI;R2.D02=NO;R2.D04=SI;R2.D05=SI;R2.D06=SI,MUNICIPIO_SIN_CN_VIV,MUNICIPIO30621,No,Si,,30621,Regla 2 coherente para validaciones implementadas.
GPA-001__R2-003__R1-002__0722,GPA-001__R2-003__R1-002,02_inputs_xml_flat/GPA-001__R2-003__R1-002__0722.xml,PASS,INFO,R1.D01=SI;R1.D02=NO;R2.D01=SI;R2.D02=NO;R2.D04=SI;R2.D05=SI;R2.D06=SI,MUNICIPIO_SIN_CN_VIV,MUNICIPIO30622,No,Si,,30622,Regla 2 coherente para validaciones implementadas.
GPA-001__R2-003__R1-002__0723,GPA-001__R2-003__R1-002,02_inputs_xml_flat/GPA-001__R2-003__R1-002__0723.xml,PASS,INFO,R1.D01=SI;R1.D02=NO;R2.D01=SI;R2.D02=NO;R2.D04=SI;R2.D05=SI;R2.D06=SI,MUNICIPIO_SIN_CN_VIV,MUNICIPIO30623,No,Si,,30623,Regla 2 coherente para validaciones implementadas.
GPA-001__R2-003__R1-002__0724,GPA-001__R2-003__R1-002,02_inputs_xml_flat/GPA-001__R2-003__R1-002__0724.xml,PASS,INFO,R1.D01=SI;R1.D02=NO;R2.D01=SI;R2.D02=NO;R2.D04=SI;R2.D05=SI;R2.D06=SI,MUNICIPIO_SIN_CN_VIV,MUNICIPIO30621,No,Si,,30621,Regla 2 coherente para validaciones implementadas.
GPA-001__R2-003__R1-002__0725,GPA-001__R2-003__R1-002,02_inputs_xml_flat/GPA-001__R2-003__R1-002__0725.xml,PASS,INFO,R1.D01=SI;R1.D02=NO;R2.D01=SI;R2.D02=NO;R2.D04=SI;R2.D05=SI;R2.D06=SI,MUNICIPIO_SIN_CN_VIV,MUNICIPIO30622,No,Si,,30622,Regla 2 coherente para validaciones implementadas.
GPA-001__R2-003__R1-002__0726,GPA-001__R2-003__R1-002,02_inputs_xml_flat/GPA-001__R2-003__R1-002__0726.xml,PASS,INFO,R1.D01=SI;R1.D02=NO;R2.D01=SI;R2.D02=NO;R2.D04=SI;R2.D05=SI;R2.D06=SI,MUNICIPIO_SIN_CN_VIV,MUNICIPIO30623,No,Si,,30623,Regla 2 coherente para validaciones implementadas.
GPA-001__R2-003__R1-002__0727,GPA-001__R2-003__R1-002,02_inputs_xml_flat/GPA-001__R2-003__R1-002__0727.xml,PASS,INFO,R1.D01=SI;R1.D02=NO;R2.D01=SI;R2.D02=NO;R2.D04=SI;R2.D05=SI;R2.D06=SI,MUNICIPIO_SIN_CN_VIV,MUNICIPIO30621,No,Si,,30621,Regla 2 coherente para validaciones implementadas.
GPA-001__R2-003__R1-002__0728,GPA-001__R2-003__R1-002,02_inputs_xml_flat/GPA-001__R2-003__R1-002__0728.xml,PASS,INFO,R1.D01=SI;R1.D02=NO;R2.D01=SI;R2.D02=NO;R2.D04=SI;R2.D05=SI;R2.D06=SI,MUNICIPIO_SIN_CN_VIV,MUNICIPIO30622,No,Si,,30622,Regla 2 coherente para validaciones implementadas.
GPA-001__R2-003__R1-002__0729,GPA-001__R2-003__R1-002,02_inputs_xml_flat/GPA-001__R2-003__R1-002__0729.xml,PASS,INFO,R1.D01=SI;R1.D02=NO;R2.D01=SI;R2.D02=NO;R2.D04=SI;R2.D05=SI;R2.D06=SI,MUNICIPIO_SIN_CN_VIV,MUNICIPIO30623,No,Si,,30623,Regla 2 coherente para validaciones implementadas.
GPA-001__R2-003__R1-002__0730,GPA-001__R2-003__R1-002,02_inputs_xml_flat/GPA-001__R2-003__R1-002__0730.xml,PASS,INFO,R1.D01=SI;R1.D02=NO;R2.D01=SI;R2.D02=NO;R2.D04=SI;R2.D05=SI;R2.D06=SI,MUNICIPIO_SIN_CN_VIV,MUNICIPIO30621,No,Si,,30621,Regla 2 coherente para validaciones implementadas.
GPA-001__R2-003__R1-002__0731,GPA-001__R2-003__R1-002,02_inputs_xml_flat/GPA-001__R2-003__R1-002__0731.xml,PASS,INFO,R1.D01=SI;R1.D02=NO;R2.D01=SI;R2.D02=NO;R2.D04=SI;R2.D05=SI;R2.D06=SI,MUNICIPIO_SIN_CN_VIV,MUNICIPIO30622,No,Si,,30622,Regla 2 coherente para validaciones implementadas.
GPA-001__R2-003__R1-002__0732,GPA-001__R2-003__R1-002,02_inputs_xml_flat/GPA-001__R2-003__R1-002__0732.xml,PASS,INFO,R1.D01=SI;R1.D02=NO;R2.D01=SI;R2.D02=NO;R2.D04=SI;R2.D05=SI;R2.D06=SI,MUNICIPIO_SIN_CN_VIV,MUNICIPIO30623,No,Si,,30623,Regla 2 coherente para validaciones implementadas.
GPA-001__R2-003__R1-002__0733,GPA-001__R2-003__R1-002,02_inputs_xml_flat/GPA-001__R2-003__R1-002__0733.xml,PASS,INFO,R1.D01=SI;R1.D02=NO;R2.D01=SI;R2.D02=NO;R2.D04=SI;R2.D05=SI;R2.D06=SI,MUNICIPIO_SIN_CN_VIV,MUNICIPIO30621,No,Si,,30621,Regla 2 coherente para validaciones implementadas.
GPA-001__R2-003__R1-002__0734,GPA-001__R2-003__R1-002,02_inputs_xml_flat/GPA-001__R2-003__R1-002__0734.xml,PASS,INFO,R1.D01=SI;R1.D02=NO;R2.D01=SI;R2.D02=NO;R2.D04=SI;R2.D05=SI;R2.D06=SI,MUNICIPIO_SIN_CN_VIV,MUNICIPIO30622,No,Si,,30622,Regla 2 coherente para validaciones implementadas.
GPA-001__R2-003__R1-002__0735,GPA-001__R2-003__R1-002,02_inputs_xml_flat/GPA-001__R2-003__R1-002__0735.xml,PASS,INFO,R1.D01=SI;R1.D02=NO;R2.D01=SI;R2.D02=NO;R2.D04=SI;R2.D05=SI;R2.D06=SI,MUNICIPIO_SIN_CN_VIV,MUNICIPIO30623,No,Si,,30623,Regla 2 coherente para validaciones implementadas.
GPA-001__R2-003__R1-002__0736,GPA-001__R2-003__R1-002,02_inputs_xml_flat/GPA-001__R2-003__R1-002__0736.xml,PASS,INFO,R1.D01=SI;R1.D02=NO;R2.D01=SI;R2.D02=NO;R2.D04=SI;R2.D05=SI;R2.D06=SI,MUNICIPIO_SIN_CN_VIV,MUNICIPIO30621,No,Si,,30621,Regla 2 coherente para validaciones implementadas.
GPA-001__R2-003__R1-002__0737,GPA-001__R2-003__R1-002,02_inputs_xml_flat/GPA-001__R2-003__R1-002__0737.xml,PASS,INFO,R1.D01=SI;R1.D02=NO;R2.D01=SI;R2.D02=NO;R2.D04=SI;R2.D05=SI;R2.D06=SI,MUNICIPIO_SIN_CN_VIV,MUNICIPIO30622,No,Si,,30622,Regla 2 coherente para validaciones implementadas.
GPA-001__R2-003__R1-002__0738,GPA-001__R2-003__R1-002,02_inputs_xml_flat/GPA-001__R2-003__R1-002__0738.xml,PASS,INFO,R1.D01=SI;R1.D02=NO;R2.D01=SI;R2.D02=NO;R2.D04=SI;R2.D05=SI;R2.D06=SI,MUNICIPIO_SIN_CN_VIV,MUNICIPIO30623,No,Si,,30623,Regla 2 coherente para validaciones implementadas.
GPA-001__R2-003__R1-002__0739,GPA-001__R2-003__R1-002,02_inputs_xml_flat/GPA-001__R2-003__R1-002__0739.xml,PASS,INFO,R1.D01=SI;R1.D02=NO;R2.D01=SI;R2.D02=NO;R2.D04=SI;R2.D05=SI;R2.D06=SI,MUNICIPIO_SIN_CN_VIV,MUNICIPIO30621,No,Si,,30621,Regla 2 coherente para validaciones implementadas.
GPA-001__R2-003__R1-002__0740,GPA-001__R2-003__R1-002,02_inputs_xml_flat/GPA-001__R2-003__R1-002__0740.xml,PASS,INFO,R1.D01=SI;R1.D02=NO;R2.D01=SI;R2.D02=NO;R2.D04=SI;R2.D05=SI;R2.D06=SI,MUNICIPIO_SIN_CN_VIV,MUNICIPIO30622,No,Si,,30622,Regla 2 coherente para validaciones implementadas.
GPA-001__R2-003__R1-002__0741,GPA-001__R2-003__R1-002,02_inputs_xml_flat/GPA-001__R2-003__R1-002__0741.xml,PASS,INFO,R1.D01=SI;R1.D02=NO;R2.D01=SI;R2.D02=NO;R2.D04=SI;R2.D05=SI;R2.D06=SI,MUNICIPIO_SIN_CN_VIV,MUNICIPIO30623,No,Si,,30623,Regla 2 coherente para validaciones implementadas.
GPA-001__R2-003__R1-002__0742,GPA-001__R2-003__R1-002,02_inputs_xml_flat/GPA-001__R2-003__R1-002__0742.xml,PASS,INFO,R1.D01=SI;R1.D02=NO;R2.D01=SI;R2.D02=NO;R2.D04=SI;R2.D05=SI;R2.D06=SI,MUNICIPIO_SIN_CN_VIV,MUNICIPIO30621,No,Si,,30621,Regla 2 coherente para validaciones implementadas.
GPA-001__R2-003__R1-002__0743,GPA-001__R2-003__R1-002,02_inputs_xml_flat/GPA-001__R2-003__R1-002__0743.xml,PASS,INFO,R1.D01=SI;R1.D02=NO;R2.D01=SI;R2.D02=NO;R2.D04=SI;R2.D05=SI;R2.D06=SI,MUNICIPIO_SIN_CN_VIV,MUNICIPIO30622,No,Si,,30622,Regla 2 coherente para validaciones implementadas.
GPA-001__R2-003__R1-002__0744,GPA-001__R2-003__R1-002,02_inputs_xml_flat/GPA-001__R2-003__R1-002__0744.xml,PASS,INFO,R1.D01=SI;R1.D02=NO;R2.D01=SI;R2.D02=NO;R2.D04=SI;R2.D05=SI;R2.D06=SI,MUNICIPIO_SIN_CN_VIV,MUNICIPIO30623,No,Si,,30623,Regla 2 coherente para validaciones implementadas.
GPA-001__R2-003__R1-002__0745,GPA-001__R2-003__R1-002,02_inputs_xml_flat/GPA-001__R2-003__R1-002__0745.xml,PASS,INFO,R1.D01=SI;R1.D02=NO;R2.D01=SI;R2.D02=NO;R2.D04=SI;R2.D05=SI;R2.D06=SI,MUNICIPIO_SIN_CN_VIV,MUNICIPIO30621,No,Si,,30621,Regla 2 coherente para validaciones implementadas.
GPA-001__R2-003__R1-002__0746,GPA-001__R2-003__R1-002,02_inputs_xml_flat/GPA-001__R2-003__R1-002__0746.xml,PASS,INFO,R1.D01=SI;R1.D02=NO;R2.D01=SI;R2.D02=NO;R2.D04=SI;R2.D05=SI;R2.D06=SI,MUNICIPIO_SIN_CN_VIV,MUNICIPIO30622,No,Si,,30622,Regla 2 coherente para validaciones implementadas.
GPA-001__R2-003__R1-002__0747,GPA-001__R2-003__R1-002,02_inputs_xml_flat/GPA-001__R2-003__R1-002__0747.xml,PASS,INFO,R1.D01=SI;R1.D02=NO;R2.D01=SI;R2.D02=NO;R2.D04=SI;R2.D05=SI;R2.D06=SI,MUNICIPIO_SIN_CN_VIV,MUNICIPIO30623,No,Si,,30623,Regla 2 coherente para validaciones implementadas.
GPA-001__R2-003__R1-002__0748,GPA-001__R2-003__R1-002,02_inputs_xml_flat/GPA-001__R2-003__R1-002__0748.xml,PASS,INFO,R1.D01=SI;R1.D02=NO;R2.D01=SI;R2.D02=NO;R2.D04=SI;R2.D05=SI;R2.D06=SI,MUNICIPIO_SIN_CN_VIV,MUNICIPIO30621,No,Si,,30621,Regla 2 coherente para validaciones implementadas.
GPA-001__R2-003__R1-002__0749,GPA-001__R2-003__R1-002,02_inputs_xml_flat/GPA-001__R2-003__R1-002__0749.xml,PASS,INFO,R1.D01=SI;R1.D02=NO;R2.D01=SI;R2.D02=NO;R2.D04=SI;R2.D05=SI;R2.D06=SI,MUNICIPIO_SIN_CN_VIV,MUNICIPIO30622,No,Si,,30622,Regla 2 coherente para validaciones implementadas.
GPA-001__R2-003__R1-002__0750,GPA-001__R2-003__R1-002,02_inputs_xml_flat/GPA-001__R2-003__R1-002__0750.xml,PASS,INFO,R1.D01=SI;R1.D02=NO;R2.D01=SI;R2.D02=NO;R2.D04=SI;R2.D05=SI;R2.D06=SI,MUNICIPIO_SIN_CN_VIV,MUNICIPIO30623,No,Si,,30623,Regla 2 coherente para validaciones implementadas.
GPA-001__R2-003__R1-002__0751,GPA-001__R2-003__R1-002,02_inputs_xml_flat/GPA-001__R2-003__R1-002__0751.xml,PASS,INFO,R1.D01=SI;R1.D02=NO;R2.D01=SI;R2.D02=NO;R2.D04=SI;R2.D05=SI;R2.D06=SI,MUNICIPIO_SIN_CN_VIV,MUNICIPIO30621,No,Si,,30621,Regla 2 coherente para validaciones implementadas.
GPA-001__R2-003__R1-002__0752,GPA-001__R2-003__R1-002,02_inputs_xml_flat/GPA-001__R2-003__R1-002__0752.xml,PASS,INFO,R1.D01=SI;R1.D02=NO;R2.D01=SI;R2.D02=NO;R2.D04=SI;R2.D05=SI;R2.D06=SI,MUNICIPIO_SIN_CN_VIV,MUNICIPIO30622,No,Si,,30622,Regla 2 coherente para validaciones implementadas.
GPA-001__R2-003__R1-002__0753,GPA-001__R2-003__R1-002,02_inputs_xml_flat/GPA-001__R2-003__R1-002__0753.xml,PASS,INFO,R1.D01=SI;R1.D02=NO;R2.D01=SI;R2.D02=NO;R2.D04=SI;R2.D05=SI;R2.D06=SI,MUNICIPIO_SIN_CN_VIV,MUNICIPIO30623,No,Si,,30623,Regla 2 coherente para validaciones implementadas.
GPA-001__R2-003__R1-002__0754,GPA-001__R2-003__R1-002,02_inputs_xml_flat/GPA-001__R2-003__R1-002__0754.xml,PASS,INFO,R1.D01=SI;R1.D02=NO;R2.D01=SI;R2.D02=NO;R2.D04=SI;R2.D05=SI;R2.D06=SI,MUNICIPIO_SIN_CN_VIV,MUNICIPIO30621,No,Si,,30621,Regla 2 coherente para validaciones implementadas.
GPA-001__R2-003__R1-002__0755,GPA-001__R2-003__R1-002,02_inputs_xml_flat/GPA-001__R2-003__R1-002__0755.xml,PASS,INFO,R1.D01=SI;R1.D02=NO;R2.D01=SI;R2.D02=NO;R2.D04=SI;R2.D05=SI;R2.D06=SI,MUNICIPIO_SIN_CN_VIV,MUNICIPIO30622,No,Si,,30622,Regla 2 coherente para validaciones implementadas.
GPA-001__R2-003__R1-002__0756,GPA-001__R2-003__R1-002,02_inputs_xml_flat/GPA-001__R2-003__R1-002__0756.xml,PASS,INFO,R1.D01=SI;R1.D02=NO;R2.D01=SI;R2.D02=NO;R2.D04=SI;R2.D05=SI;R2.D06=SI,MUNICIPIO_SIN_CN_VIV,MUNICIPIO30623,No,Si,,30623,Regla 2 coherente para validaciones implementadas.
GPA-001__R2-003__R1-002__0757,GPA-001__R2-003__R1-002,02_inputs_xml_flat/GPA-001__R2-003__R1-002__0757.xml,PASS,INFO,R1.D01=SI;R1.D02=NO;R2.D01=SI;R2.D02=NO;R2.D04=SI;R2.D05=SI;R2.D06=SI,MUNICIPIO_SIN_CN_VIV,MUNICIPIO30621,No,Si,,30621,Regla 2 coherente para validaciones implementadas.
GPA-001__R2-003__R1-002__0758,GPA-001__R2-003__R1-002,02_inputs_xml_flat/GPA-001__R2-003__R1-002__0758.xml,PASS,INFO,R1.D01=SI;R1.D02=NO;R2.D01=SI;R2.D02=NO;R2.D04=SI;R2.D05=SI;R2.D06=SI,MUNICIPIO_SIN_CN_VIV,MUNICIPIO30622,No,Si,,30622,Regla 2 coherente para validaciones implementadas.
GPA-001__R2-003__R1-002__0759,GPA-001__R2-003__R1-002,02_inputs_xml_flat/GPA-001__R2-003__R1-002__0759.xml,PASS,INFO,R1.D01=SI;R1.D02=NO;R2.D01=SI;R2.D02=NO;R2.D04=SI;R2.D05=SI;R2.D06=SI,MUNICIPIO_SIN_CN_VIV,MUNICIPIO30623,No,Si,,30623,Regla 2 coherente para validaciones implementadas.
GPA-001__R2-003__R1-002__0760,GPA-001__R2-003__R1-002,02_inputs_xml_flat/GPA-001__R2-003__R1-002__0760.xml,PASS,INFO,R1.D01=SI;R1.D02=NO;R2.D01=SI;R2.D02=NO;R2.D04=SI;R2.D05=SI;R2.D06=SI,MUNICIPIO_SIN_CN_VIV,MUNICIPIO30621,No,Si,,30621,Regla 2 coherente para validaciones implementadas.
GPA-001__R2-003__R1-002__0761,GPA-001__R2-003__R1-002,02_inputs_xml_flat/GPA-001__R2-003__R1-002__0761.xml,PASS,INFO,R1.D01=SI;R1.D02=NO;R2.D01=SI;R2.D02=NO;R2.D04=SI;R2.D05=SI;R2.D06=SI,MUNICIPIO_SIN_CN_VIV,MUNICIPIO30622,No,Si,,30622,Regla 2 coherente para validaciones implementadas.
GPA-001__R2-003__R1-002__0762,GPA-001__R2-003__R1-002,02_inputs_xml_flat/GPA-001__R2-003__R1-002__0762.xml,PASS,INFO,R1.D01=SI;R1.D02=NO;R2.D01=SI;R2.D02=NO;R2.D04=SI;R2.D05=SI;R2.D06=SI,MUNICIPIO_SIN_CN_VIV,MUNICIPIO30623,No,Si,,30623,Regla 2 coherente para validaciones implementadas.
GPA-001__R2-003__R1-002__0763,GPA-001__R2-003__R1-002,02_inputs_xml_flat/GPA-001__R2-003__R1-002__0763.xml,PASS,INFO,R1.D01=SI;R1.D02=NO;R2.D01=SI;R2.D02=NO;R2.D04=SI;R2.D05=SI;R2.D06=SI,MUNICIPIO_SIN_CN_VIV,MUNICIPIO30621,No,Si,,30621,Regla 2 coherente para validaciones implementadas.
GPA-001__R2-003__R1-002__0764,GPA-001__R2-003__R1-002,02_inputs_xml_flat/GPA-001__R2-003__R1-002__0764.xml,PASS,INFO,R1.D01=SI;R1.D02=NO;R2.D01=SI;R2.D02=NO;R2.D04=SI;R2.D05=SI;R2.D06=SI,MUNICIPIO_SIN_CN_VIV,MUNICIPIO30622,No,Si,,30622,Regla 2 coherente para validaciones implementadas.
GPA-001__R2-003__R1-002__0765,GPA-001__R2-003__R1-002,02_inputs_xml_flat/GPA-001__R2-003__R1-002__0765.xml,PASS,INFO,R1.D01=SI;R1.D02=NO;R2.D01=SI;R2.D02=NO;R2.D04=SI;R2.D05=SI;R2.D06=SI,MUNICIPIO_SIN_CN_VIV,MUNICIPIO30623,No,Si,,30623,Regla 2 coherente para validaciones implementadas.
GPA-001__R2-003__R1-002__0766,GPA-001__R2-003__R1-002,02_inputs_xml_flat/GPA-001__R2-003__R1-002__0766.xml,PASS,INFO,R1.D01=SI;R1.D02=NO;R2.D01=SI;R2.D02=NO;R2.D04=SI;R2.D05=SI;R2.D06=SI,MUNICIPIO_SIN_CN_VIV,MUNICIPIO30621,No,Si,,30621,Regla 2 coherente para validaciones implementadas.
GPA-001__R2-003__R1-002__0767,GPA-001__R2-003__R1-002,02_inputs_xml_flat/GPA-001__R2-003__R1-002__0767.xml,PASS,INFO,R1.D01=SI;R1.D02=NO;R2.D01=SI;R2.D02=NO;R2.D04=SI;R2.D05=SI;R2.D06=SI,MUNICIPIO_SIN_CN_VIV,MUNICIPIO30622,No,Si,,30622,Regla 2 coherente para validaciones implementadas.
GPA-001__R2-003__R1-002__0768,GPA-001__R2-003__R1-002,02_inputs_xml_flat/GPA-001__R2-003__R1-002__0768.xml,PASS,INFO,R1.D01=SI;R1.D02=NO;R2.D01=SI;R2.D02=NO;R2.D04=SI;R2.D05=SI;R2.D06=SI,MUNICIPIO_SIN_CN_VIV,MUNICIPIO30623,No,Si,,30623,Regla 2 coherente para validaciones implementadas.
GPA-001__R2-003__R1-002__0769,GPA-001__R2-003__R1-002,02_inputs_xml_flat/GPA-001__R2-003__R1-002__0769.xml,PASS,INFO,R1.D01=SI;R1.D02=NO;R2.D01=SI;R2.D02=NO;R2.D04=SI;R2.D05=SI;R2.D06=SI,MUNICIPIO_SIN_CN_VIV,MUNICIPIO30621,No,Si,,30621,Regla 2 coherente para validaciones implementadas.
GPA-001__R2-003__R1-002__0770,GPA-001__R2-003__R1-002,02_inputs_xml_flat/GPA-001__R2-003__R1-002__0770.xml,PASS,INFO,R1.D01=SI;R1.D02=NO;R2.D01=SI;R2.D02=NO;R2.D04=SI;R2.D05=SI;R2.D06=SI,MUNICIPIO_SIN_CN_VIV,MUNICIPIO30622,No,Si,,30622,Regla 2 coherente para validaciones implementadas.
GPA-001__R2-003__R1-002__0771,GPA-001__R2-003__R1-002,02_inputs_xml_flat/GPA-001__R2-003__R1-002__0771.xml,PASS,INFO,R1.D01=SI;R1.D02=NO;R2.D01=SI;R2.D02=NO;R2.D04=SI;R2.D05=SI;R2.D06=SI,MUNICIPIO_SIN_CN_VIV,MUNICIPIO30623,No,Si,,30623,Regla 2 coherente para validaciones implementadas.
GPA-001__R2-003__R1-002__0772,GPA-001__R2-003__R1-002,02_inputs_xml_flat/GPA-001__R2-003__R1-002__0772.xml,PASS,INFO,R1.D01=SI;R1.D02=NO;R2.D01=SI;R2.D02=NO;R2.D04=SI;R2.D05=SI;R2.D06=SI,MUNICIPIO_SIN_CN_VIV,MUNICIPIO30621,No,Si,,30621,Regla 2 coherente para validaciones implementadas.
GPA-001__R2-003__R1-002__0773,GPA-001__R2-003__R1-002,02_inputs_xml_flat/GPA-001__R2-003__R1-002__0773.xml,PASS,INFO,R1.D01=SI;R1.D02=NO;R2.D01=SI;R2.D02=NO;R2.D04=SI;R2.D05=SI;R2.D06=SI,MUNICIPIO_SIN_CN_VIV,MUNICIPIO30622,No,Si,,30622,Regla 2 coherente para validaciones implementadas.
GPA-001__R2-003__R1-002__0774,GPA-001__R2-003__R1-002,02_inputs_xml_flat/GPA-001__R2-003__R1-002__0774.xml,PASS,INFO,R1.D01=SI;R1.D02=NO;R2.D01=SI;R2.D02=NO;R2.D04=SI;R2.D05=SI;R2.D06=SI,MUNICIPIO_SIN_CN_VIV,MUNICIPIO30623,No,Si,,30623,Regla 2 coherente para validaciones implementadas.
GPA-001__R2-003__R1-002__0775,GPA-001__R2-003__R1-002,02_inputs_xml_flat/GPA-001__R2-003__R1-002__0775.xml,PASS,INFO,R1.D01=SI;R1.D02=NO;R2.D01=SI;R2.D02=NO;R2.D04=SI;R2.D05=SI;R2.D06=SI,MUNICIPIO_SIN_CN_VIV,MUNICIPIO30621,No,Si,,30621,Regla 2 coherente para validaciones implementadas.
GPA-001__R2-003__R1-002__0776,GPA-001__R2-003__R1-002,02_inputs_xml_flat/GPA-001__R2-003__R1-002__0776.xml,PASS,INFO,R1.D01=SI;R1.D02=NO;R2.D01=SI;R2.D02=NO;R2.D04=SI;R2.D05=SI;R2.D06=SI,MUNICIPIO_SIN_CN_VIV,MUNICIPIO30622,No,Si,,30622,Regla 2 coherente para validaciones implementadas.
GPA-001__R2-003__R1-002__0777,GPA-001__R2-003__R1-002,02_inputs_xml_flat/GPA-001__R2-003__R1-002__0777.xml,PASS,INFO,R1.D01=SI;R1.D02=NO;R2.D01=SI;R2.D02=NO;R2.D04=SI;R2.D05=SI;R2.D06=SI,MUNICIPIO_SIN_CN_VIV,MUNICIPIO30623,No,Si,,30623,Regla 2 coherente para validaciones implementadas.
GPA-001__R2-003__R1-002__0778,GPA-001__R2-003__R1-002,02_inputs_xml_flat/GPA-001__R2-003__R1-002__0778.xml,PASS,INFO,R1.D01=SI;R1.D02=NO;R2.D01=SI;R2.D02=NO;R2.D04=SI;R2.D05=SI;R2.D06=SI,MUNICIPIO_SIN_CN_VIV,MUNICIPIO30621,No,Si,,30621,Regla 2 coherente para validaciones implementadas.
GPA-001__R2-003__R1-002__0779,GPA-001__R2-003__R1-002,02_inputs_xml_flat/GPA-001__R2-003__R1-002__0779.xml,PASS,INFO,R1.D01=SI;R1.D02=NO;R2.D01=SI;R2.D02=NO;R2.D04=SI;R2.D05=SI;R2.D06=SI,MUNICIPIO_SIN_CN_VIV,MUNICIPIO30622,No,Si,,30622,Regla 2 coherente para validaciones implementadas.
GPA-001__R2-003__R1-002__0780,GPA-001__R2-003__R1-002,02_inputs_xml_flat/GPA-001__R2-003__R1-002__0780.xml,PASS,INFO,R1.D01=SI;R1.D02=NO;R2.D01=SI;R2.D02=NO;R2.D04=SI;R2.D05=SI;R2.D06=SI,MUNICIPIO_SIN_CN_VIV,MUNICIPIO30623,No,Si,,30623,Regla 2 coherente para validaciones implementadas.
GPA-001__R2-003__R1-002__0781,GPA-001__R2-003__R1-002,02_inputs_xml_flat/GPA-001__R2-003__R1-002__0781.xml,PASS,INFO,R1.D01=SI;R1.D02=NO;R2.D01=SI;R2.D02=NO;R2.D04=SI;R2.D05=SI;R2.D06=SI,MUNICIPIO_SIN_CN_VIV,MUNICIPIO30621,No,Si,,30621,Regla 2 coherente para validaciones implementadas.
GPA-001__R2-003__R1-002__0782,GPA-001__R2-003__R1-002,02_inputs_xml_flat/GPA-001__R2-003__R1-002__0782.xml,PASS,INFO,R1.D01=SI;R1.D02=NO;R2.D01=SI;R2.D02=NO;R2.D04=SI;R2.D05=SI;R2.D06=SI,MUNICIPIO_SIN_CN_VIV,MUNICIPIO30622,No,Si,,30622,Regla 2 coherente para validaciones implementadas.
GPA-001__R2-003__R1-002__0783,GPA-001__R2-003__R1-002,02_inputs_xml_flat/GPA-001__R2-003__R1-002__0783.xml,PASS,INFO,R1.D01=SI;R1.D02=NO;R2.D01=SI;R2.D02=NO;R2.D04=SI;R2.D05=SI;R2.D06=SI,MUNICIPIO_SIN_CN_VIV,MUNICIPIO30623,No,Si,,30623,Regla 2 coherente para validaciones implementadas.
GPA-001__R2-003__R1-002__0784,GPA-001__R2-003__R1-002,02_inputs_xml_flat/GPA-001__R2-003__R1-002__0784.xml,PASS,INFO,R1.D01=SI;R1.D02=NO;R2.D01=SI;R2.D02=NO;R2.D04=SI;R2.D05=SI;R2.D06=SI,MUNICIPIO_SIN_CN_VIV,MUNICIPIO30621,No,Si,,30621,Regla 2 coherente para validaciones implementadas.
GPA-001__R2-003__R1-002__0785,GPA-001__R2-003__R1-002,02_inputs_xml_flat/GPA-001__R2-003__R1-002__0785.xml,PASS,INFO,R1.D01=SI;R1.D02=NO;R2.D01=SI;R2.D02=NO;R2.D04=SI;R2.D05=SI;R2.D06=SI,MUNICIPIO_SIN_CN_VIV,MUNICIPIO30622,No,Si,,30622,Regla 2 coherente para validaciones implementadas.
GPA-001__R2-003__R1-002__0786,GPA-001__R2-003__R1-002,02_inputs_xml_flat/GPA-001__R2-003__R1-002__0786.xml,PASS,INFO,R1.D01=SI;R1.D02=NO;R2.D01=SI;R2.D02=NO;R2.D04=SI;R2.D05=SI;R2.D06=SI,MUNICIPIO_SIN_CN_VIV,MUNICIPIO30623,No,Si,,30623,Regla 2 coherente para validaciones implementadas.
GPA-001__R2-003__R1-002__0787,GPA-001__R2-003__R1-002,02_inputs_xml_flat/GPA-001__R2-003__R1-002__0787.xml,PASS,INFO,R1.D01=SI;R1.D02=NO;R2.D01=SI;R2.D02=NO;R2.D04=SI;R2.D05=SI;R2.D06=SI,MUNICIPIO_SIN_CN_VIV,MUNICIPIO30621,No,Si,,30621,Regla 2 coherente para validaciones implementadas.
GPA-001__R2-003__R1-002__0788,GPA-001__R2-003__R1-002,02_inputs_xml_flat/GPA-001__R2-003__R1-002__0788.xml,PASS,INFO,R1.D01=SI;R1.D02=NO;R2.D01=SI;R2.D02=NO;R2.D04=SI;R2.D05=SI;R2.D06=SI,MUNICIPIO_SIN_CN_VIV,MUNICIPIO30622,No,Si,,30622,Regla 2 coherente para validaciones implementadas.
GPA-001__R2-003__R1-002__0789,GPA-001__R2-003__R1-002,02_inputs_xml_flat/GPA-001__R2-003__R1-002__0789.xml,PASS,INFO,R1.D01=SI;R1.D02=NO;R2.D01=SI;R2.D02=NO;R2.D04=SI;R2.D05=SI;R2.D06=SI,MUNICIPIO_SIN_CN_VIV,MUNICIPIO30623,No,Si,,30623,Regla 2 coherente para validaciones implementadas.
GPA-001__R2-003__R1-002__0790,GPA-001__R2-003__R1-002,02_inputs_xml_flat/GPA-001__R2-003__R1-002__0790.xml,PASS,INFO,R1.D01=SI;R1.D02=NO;R2.D01=SI;R2.D02=NO;R2.D04=SI;R2.D05=SI;R2.D06=SI,MUNICIPIO_SIN_CN_VIV,MUNICIPIO30621,No,Si,,30621,Regla 2 coherente para validaciones implementadas.
GPA-001__R2-003__R1-002__0791,GPA-001__R2-003__R1-002,02_inputs_xml_flat/GPA-001__R2-003__R1-002__0791.xml,PASS,INFO,R1.D01=SI;R1.D02=NO;R2.D01=SI;R2.D02=NO;R2.D04=SI;R2.D05=SI;R2.D06=SI,MUNICIPIO_SIN_CN_VIV,MUNICIPIO30622,No,Si,,30622,Regla 2 coherente para validaciones implementadas.
GPA-001__R2-003__R1-002__0792,GPA-001__R2-003__R1-002,02_inputs_xml_flat/GPA-001__R2-003__R1-002__0792.xml,PASS,INFO,R1.D01=SI;R1.D02=NO;R2.D01=SI;R2.D02=NO;R2.D04=SI;R2.D05=SI;R2.D06=SI,MUNICIPIO_SIN_CN_VIV,MUNICIPIO30623,No,Si,,30623,Regla 2 coherente para validaciones implementadas.
GPA-001__R2-003__R1-002__0793,GPA-001__R2-003__R1-002,02_inputs_xml_flat/GPA-001__R2-003__R1-002__0793.xml,PASS,INFO,R1.D01=SI;R1.D02=NO;R2.D01=SI;R2.D02=NO;R2.D04=SI;R2.D05=SI;R2.D06=SI,MUNICIPIO_SIN_CN_VIV,MUNICIPIO30621,No,Si,,30621,Regla 2 coherente para validaciones implementadas.
GPA-001__R2-003__R1-002__0794,GPA-001__R2-003__R1-002,02_inputs_xml_flat/GPA-001__R2-003__R1-002__0794.xml,PASS,INFO,R1.D01=SI;R1.D02=NO;R2.D01=SI;R2.D02=NO;R2.D04=SI;R2.D05=SI;R2.D06=SI,MUNICIPIO_SIN_CN_VIV,MUNICIPIO30622,No,Si,,30622,Regla 2 coherente para validaciones implementadas.
GPA-001__R2-003__R1-002__0795,GPA-001__R2-003__R1-002,02_inputs_xml_flat/GPA-001__R2-003__R1-002__0795.xml,PASS,INFO,R1.D01=SI;R1.D02=NO;R2.D01=SI;R2.D02=NO;R2.D04=SI;R2.D05=SI;R2.D06=SI,MUNICIPIO_SIN_CN_VIV,MUNICIPIO30623,No,Si,,30623,Regla 2 coherente para validaciones implementadas.
GPA-001__R2-003__R1-002__0796,GPA-001__R2-003__R1-002,02_inputs_xml_flat/GPA-001__R2-003__R1-002__0796.xml,PASS,INFO,R1.D01=SI;R1.D02=NO;R2.D01=SI;R2.D02=NO;R2.D04=SI;R2.D05=SI;R2.D06=SI,MUNICIPIO_SIN_CN_VIV,MUNICIPIO30621,No,Si,,30621,Regla 2 coherente para validaciones implementadas.
GPA-001__R2-003__R1-002__0797,GPA-001__R2-003__R1-002,02_inputs_xml_flat/GPA-001__R2-003__R1-002__0797.xml,PASS,INFO,R1.D01=SI;R1.D02=NO;R2.D01=SI;R2.D02=NO;R2.D04=SI;R2.D05=SI;R2.D06=SI,MUNICIPIO_SIN_CN_VIV,MUNICIPIO30622,No,Si,,30622,Regla 2 coherente para validaciones implementadas.
GPA-001__R2-003__R1-002__0798,GPA-001__R2-003__R1-002,02_inputs_xml_flat/GPA-001__R2-003__R1-002__0798.xml,PASS,INFO,R1.D01=SI;R1.D02=NO;R2.D01=SI;R2.D02=NO;R2.D04=SI;R2.D05=SI;R2.D06=SI,MUNICIPIO_SIN_CN_VIV,MUNICIPIO30623,No,Si,,30623,Regla 2 coherente para validaciones implementadas.
GPA-001__R2-003__R1-002__0799,GPA-001__R2-003__R1-002,02_inputs_xml_flat/GPA-001__R2-003__R1-002__0799.xml,PASS,INFO,R1.D01=SI;R1.D02=NO;R2.D01=SI;R2.D02=NO;R2.D04=SI;R2.D05=SI;R2.D06=SI,MUNICIPIO_SIN_CN_VIV,MUNICIPIO30621,No,Si,,30621,Regla 2 coherente para validaciones implementadas.
GPA-001__R2-003__R1-002__0800,GPA-001__R2-003__R1-002,02_inputs_xml_flat/GPA-001__R2-003__R1-002__0800.xml,PASS,INFO,R1.D01=SI;R1.D02=NO;R2.D01=SI;R2.D02=NO;R2.D04=SI;R2.D05=SI;R2.D06=SI,MUNICIPIO_SIN_CN_VIV,MUNICIPIO30622,No,Si,,30622,Regla 2 coherente para validaciones implementadas.
GPA-001__R2-003__R1-002__0801,GPA-001__R2-003__R1-002,02_inputs_xml_flat/GPA-001__R2-003__R1-002__0801.xml,PASS,INFO,R1.D01=SI;R1.D02=NO;R2.D01=SI;R2.D02=NO;R2.D04=SI;R2.D05=SI;R2.D06=SI,MUNICIPIO_SIN_CN_VIV,MUNICIPIO30623,No,Si,,30623,Regla 2 coherente para validaciones implementadas.
GPA-001__R2-003__R1-002__0802,GPA-001__R2-003__R1-002,02_inputs_xml_flat/GPA-001__R2-003__R1-002__0802.xml,PASS,INFO,R1.D01=SI;R1.D02=NO;R2.D01=SI;R2.D02=NO;R2.D04=SI;R2.D05=SI;R2.D06=SI,MUNICIPIO_SIN_CN_VIV,MUNICIPIO30621,No,Si,,30621,Regla 2 coherente para validaciones implementadas.
GPA-001__R2-003__R1-002__0803,GPA-001__R2-003__R1-002,02_inputs_xml_flat/GPA-001__R2-003__R1-002__0803.xml,PASS,INFO,R1.D01=SI;R1.D02=NO;R2.D01=SI;R2.D02=NO;R2.D04=SI;R2.D05=SI;R2.D06=SI,MUNICIPIO_SIN_CN_VIV,MUNICIPIO30622,No,Si,,30622,Regla 2 coherente para validaciones implementadas.
GPA-001__R2-003__R1-002__0804,GPA-001__R2-003__R1-002,02_inputs_xml_flat/GPA-001__R2-003__R1-002__0804.xml,PASS,INFO,R1.D01=SI;R1.D02=NO;R2.D01=SI;R2.D02=NO;R2.D04=SI;R2.D05=SI;R2.D06=SI,MUNICIPIO_SIN_CN_VIV,MUNICIPIO30623,No,Si,,30623,Regla 2 coherente para validaciones implementadas.
GPA-001__R2-003__R1-002__0805,GPA-001__R2-003__R1-002,02_inputs_xml_flat/GPA-001__R2-003__R1-002__0805.xml,PASS,INFO,R1.D01=SI;R1.D02=NO;R2.D01=SI;R2.D02=NO;R2.D04=SI;R2.D05=SI;R2.D06=SI,MUNICIPIO_SIN_CN_VIV,MUNICIPIO30621,No,Si,,30621,Regla 2 coherente para validaciones implementadas.
GPA-001__R2-003__R1-002__0806,GPA-001__R2-003__R1-002,02_inputs_xml_flat/GPA-001__R2-003__R1-002__0806.xml,PASS,INFO,R1.D01=SI;R1.D02=NO;R2.D01=SI;R2.D02=NO;R2.D04=SI;R2.D05=SI;R2.D06=SI,MUNICIPIO_SIN_CN_VIV,MUNICIPIO30622,No,Si,,30622,Regla 2 coherente para validaciones implementadas.
GPA-001__R2-003__R1-002__0807,GPA-001__R2-003__R1-002,02_inputs_xml_flat/GPA-001__R2-003__R1-002__0807.xml,PASS,INFO,R1.D01=SI;R1.D02=NO;R2.D01=SI;R2.D02=NO;R2.D04=SI;R2.D05=SI;R2.D06=SI,MUNICIPIO_SIN_CN_VIV,MUNICIPIO30623,No,Si,,30623,Regla 2 coherente para validaciones implementadas.
GPA-001__R2-003__R1-002__0808,GPA-001__R2-003__R1-002,02_inputs_xml_flat/GPA-001__R2-003__R1-002__0808.xml,PASS,INFO,R1.D01=SI;R1.D02=NO;R2.D01=SI;R2.D02=NO;R2.D04=SI;R2.D05=SI;R2.D06=SI,MUNICIPIO_SIN_CN_VIV,MUNICIPIO30621,No,Si,,30621,Regla 2 coherente para validaciones implementadas.
GPA-001__R2-003__R1-002__0809,GPA-001__R2-003__R1-002,02_inputs_xml_flat/GPA-001__R2-003__R1-002__0809.xml,PASS,INFO,R1.D01=SI;R1.D02=NO;R2.D01=SI;R2.D02=NO;R2.D04=SI;R2.D05=SI;R2.D06=SI,MUNICIPIO_SIN_CN_VIV,MUNICIPIO30622,No,Si,,30622,Regla 2 coherente para validaciones implementadas.
GPA-001__R2-003__R1-002__0810,GPA-001__R2-003__R1-002,02_inputs_xml_flat/GPA-001__R2-003__R1-002__0810.xml,PASS,INFO,R1.D01=SI;R1.D02=NO;R2.D01=SI;R2.D02=NO;R2.D04=SI;R2.D05=SI;R2.D06=SI,MUNICIPIO_SIN_CN_VIV,MUNICIPIO30623,No,Si,,30623,Regla 2 coherente para validaciones implementadas.
GPA-001__R2-003__R1-002__0811,GPA-001__R2-003__R1-002,02_inputs_xml_flat/GPA-001__R2-003__R1-002__0811.xml,PASS,INFO,R1.D01=SI;R1.D02=NO;R2.D01=SI;R2.D02=NO;R2.D04=SI;R2.D05=SI;R2.D06=SI,MUNICIPIO_SIN_CN_VIV,MUNICIPIO30621,No,Si,,30621,Regla 2 coherente para validaciones implementadas.
GPA-001__R2-003__R1-002__0812,GPA-001__R2-003__R1-002,02_inputs_xml_flat/GPA-001__R2-003__R1-002__0812.xml,PASS,INFO,R1.D01=SI;R1.D02=NO;R2.D01=SI;R2.D02=NO;R2.D04=SI;R2.D05=SI;R2.D06=SI,MUNICIPIO_SIN_CN_VIV,MUNICIPIO30622,No,Si,,30622,Regla 2 coherente para validaciones implementadas.
GPA-001__R2-003__R1-002__0813,GPA-001__R2-003__R1-002,02_inputs_xml_flat/GPA-001__R2-003__R1-002__0813.xml,PASS,INFO,R1.D01=SI;R1.D02=NO;R2.D01=SI;R2.D02=NO;R2.D04=SI;R2.D05=SI;R2.D06=SI,MUNICIPIO_SIN_CN_VIV,MUNICIPIO30623,No,Si,,30623,Regla 2 coherente para validaciones implementadas.
GPA-001__R2-003__R1-002__0814,GPA-001__R2-003__R1-002,02_inputs_xml_flat/GPA-001__R2-003__R1-002__0814.xml,PASS,INFO,R1.D01=SI;R1.D02=NO;R2.D01=SI;R2.D02=NO;R2.D04=SI;R2.D05=SI;R2.D06=SI,MUNICIPIO_SIN_CN_VIV,MUNICIPIO30621,No,Si,,30621,Regla 2 coherente para validaciones implementadas.
GPA-001__R2-003__R1-002__0815,GPA-001__R2-003__R1-002,02_inputs_xml_flat/GPA-001__R2-003__R1-002__0815.xml,PASS,INFO,R1.D01=SI;R1.D02=NO;R2.D01=SI;R2.D02=NO;R2.D04=SI;R2.D05=SI;R2.D06=SI,MUNICIPIO_SIN_CN_VIV,MUNICIPIO30622,No,Si,,30622,Regla 2 coherente para validaciones implementadas.
GPA-001__R2-003__R1-002__0816,GPA-001__R2-003__R1-002,02_inputs_xml_flat/GPA-001__R2-003__R1-002__0816.xml,PASS,INFO,R1.D01=SI;R1.D02=NO;R2.D01=SI;R2.D02=NO;R2.D04=SI;R2.D05=SI;R2.D06=SI,MUNICIPIO_SIN_CN_VIV,MUNICIPIO30623,No,Si,,30623,Regla 2 coherente para validaciones implementadas.
GPA-001__R2-003__R1-002__0817,GPA-001__R2-003__R1-002,02_inputs_xml_flat/GPA-001__R2-003__R1-002__0817.xml,PASS,INFO,R1.D01=SI;R1.D02=NO;R2.D01=SI;R2.D02=NO;R2.D04=SI;R2.D05=SI;R2.D06=SI,MUNICIPIO_SIN_CN_VIV,MUNICIPIO30621,No,Si,,30621,Regla 2 coherente para validaciones implementadas.
GPA-001__R2-003__R1-002__0818,GPA-001__R2-003__R1-002,02_inputs_xml_flat/GPA-001__R2-003__R1-002__0818.xml,PASS,INFO,R1.D01=SI;R1.D02=NO;R2.D01=SI;R2.D02=NO;R2.D04=SI;R2.D05=SI;R2.D06=SI,MUNICIPIO_SIN_CN_VIV,MUNICIPIO30622,No,Si,,30622,Regla 2 coherente para validaciones implementadas.
GPA-001__R2-003__R1-002__0819,GPA-001__R2-003__R1-002,02_inputs_xml_flat/GPA-001__R2-003__R1-002__0819.xml,PASS,INFO,R1.D01=SI;R1.D02=NO;R2.D01=SI;R2.D02=NO;R2.D04=SI;R2.D05=SI;R2.D06=SI,MUNICIPIO_SIN_CN_VIV,MUNICIPIO30623,No,Si,,30623,Regla 2 coherente para validaciones implementadas.
GPA-001__R2-003__R1-002__0820,GPA-001__R2-003__R1-002,02_inputs_xml_flat/GPA-001__R2-003__R1-002__0820.xml,PASS,INFO,R1.D01=SI;R1.D02=NO;R2.D01=SI;R2.D02=NO;R2.D04=SI;R2.D05=SI;R2.D06=SI,MUNICIPIO_SIN_CN_VIV,MUNICIPIO30621,No,Si,,30621,Regla 2 coherente para validaciones implementadas.
GPA-001__R2-003__R1-002__0821,GPA-001__R2-003__R1-002,02_inputs_xml_flat/GPA-001__R2-003__R1-002__0821.xml,PASS,INFO,R1.D01=SI;R1.D02=NO;R2.D01=SI;R2.D02=NO;R2.D04=SI;R2.D05=SI;R2.D06=SI,MUNICIPIO_SIN_CN_VIV,MUNICIPIO30622,No,Si,,30622,Regla 2 coherente para validaciones implementadas.
GPA-001__R2-003__R1-002__0822,GPA-001__R2-003__R1-002,02_inputs_xml_flat/GPA-001__R2-003__R1-002__0822.xml,PASS,INFO,R1.D01=SI;R1.D02=NO;R2.D01=SI;R2.D02=NO;R2.D04=SI;R2.D05=SI;R2.D06=SI,MUNICIPIO_SIN_CN_VIV,MUNICIPIO30623,No,Si,,30623,Regla 2 coherente para validaciones implementadas.
GPA-001__R2-003__R1-002__0823,GPA-001__R2-003__R1-002,02_inputs_xml_flat/GPA-001__R2-003__R1-002__0823.xml,PASS,INFO,R1.D01=SI;R1.D02=NO;R2.D01=SI;R2.D02=NO;R2.D04=SI;R2.D05=SI;R2.D06=SI,MUNICIPIO_SIN_CN_VIV,MUNICIPIO30621,No,Si,,30621,Regla 2 coherente para validaciones implementadas.
GPA-001__R2-003__R1-002__0824,GPA-001__R2-003__R1-002,02_inputs_xml_flat/GPA-001__R2-003__R1-002__0824.xml,PASS,INFO,R1.D01=SI;R1.D02=NO;R2.D01=SI;R2.D02=NO;R2.D04=SI;R2.D05=SI;R2.D06=SI,MUNICIPIO_SIN_CN_VIV,MUNICIPIO30622,No,Si,,30622,Regla 2 coherente para validaciones implementadas.
GPA-001__R2-003__R1-002__0825,GPA-001__R2-003__R1-002,02_inputs_xml_flat/GPA-001__R2-003__R1-002__0825.xml,PASS,INFO,R1.D01=SI;R1.D02=NO;R2.D01=SI;R2.D02=NO;R2.D04=SI;R2.D05=SI;R2.D06=SI,MUNICIPIO_SIN_CN_VIV,MUNICIPIO30623,No,Si,,30623,Regla 2 coherente para validaciones implementadas.
GPA-001__R2-003__R1-002__0826,GPA-001__R2-003__R1-002,02_inputs_xml_flat/GPA-001__R2-003__R1-002__0826.xml,PASS,INFO,R1.D01=SI;R1.D02=NO;R2.D01=SI;R2.D02=NO;R2.D04=SI;R2.D05=SI;R2.D06=SI,MUNICIPIO_SIN_CN_VIV,MUNICIPIO30621,No,Si,,30621,Regla 2 coherente para validaciones implementadas.
GPA-001__R2-003__R1-002__0827,GPA-001__R2-003__R1-002,02_inputs_xml_flat/GPA-001__R2-003__R1-002__0827.xml,PASS,INFO,R1.D01=SI;R1.D02=NO;R2.D01=SI;R2.D02=NO;R2.D04=SI;R2.D05=SI;R2.D06=SI,MUNICIPIO_SIN_CN_VIV,MUNICIPIO30622,No,Si,,30622,Regla 2 coherente para validaciones implementadas.
GPA-001__R2-003__R1-002__0828,GPA-001__R2-003__R1-002,02_inputs_xml_flat/GPA-001__R2-003__R1-002__0828.xml,PASS,INFO,R1.D01=SI;R1.D02=NO;R2.D01=SI;R2.D02=NO;R2.D04=SI;R2.D05=SI;R2.D06=SI,MUNICIPIO_SIN_CN_VIV,MUNICIPIO30623,No,Si,,30623,Regla 2 coherente para validaciones implementadas.
GPA-001__R2-003__R1-002__0829,GPA-001__R2-003__R1-002,02_inputs_xml_flat/GPA-001__R2-003__R1-002__0829.xml,PASS,INFO,R1.D01=SI;R1.D02=NO;R2.D01=SI;R2.D02=NO;R2.D04=SI;R2.D05=SI;R2.D06=SI,MUNICIPIO_SIN_CN_VIV,MUNICIPIO30621,No,Si,,30621,Regla 2 coherente para validaciones implementadas.
GPA-001__R2-003__R1-002__0830,GPA-001__R2-003__R1-002,02_inputs_xml_flat/GPA-001__R2-003__R1-002__0830.xml,PASS,INFO,R1.D01=SI;R1.D02=NO;R2.D01=SI;R2.D02=NO;R2.D04=SI;R2.D05=SI;R2.D06=SI,MUNICIPIO_SIN_CN_VIV,MUNICIPIO30622,No,Si,,30622,Regla 2 coherente para validaciones implementadas.
GPA-001__R2-003__R1-002__0831,GPA-001__R2-003__R1-002,02_inputs_xml_flat/GPA-001__R2-003__R1-002__0831.xml,PASS,INFO,R1.D01=SI;R1.D02=NO;R2.D01=SI;R2.D02=NO;R2.D04=SI;R2.D05=SI;R2.D06=SI,MUNICIPIO_SIN_CN_VIV,MUNICIPIO30623,No,Si,,30623,Regla 2 coherente para validaciones implementadas.
GPA-001__R2-003__R1-002__0832,GPA-001__R2-003__R1-002,02_inputs_xml_flat/GPA-001__R2-003__R1-002__0832.xml,PASS,INFO,R1.D01=SI;R1.D02=NO;R2.D01=SI;R2.D02=NO;R2.D04=SI;R2.D05=SI;R2.D06=SI,MUNICIPIO_SIN_CN_VIV,MUNICIPIO30621,No,Si,,30621,Regla 2 coherente para validaciones implementadas.
GPA-001__R2-003__R1-002__0833,GPA-001__R2-003__R1-002,02_inputs_xml_flat/GPA-001__R2-003__R1-002__0833.xml,PASS,INFO,R1.D01=SI;R1.D02=NO;R2.D01=SI;R2.D02=NO;R2.D04=SI;R2.D05=SI;R2.D06=SI,MUNICIPIO_SIN_CN_VIV,MUNICIPIO30622,No,Si,,30622,Regla 2 coherente para validaciones implementadas.
GPA-001__R2-003__R1-002__0834,GPA-001__R2-003__R1-002,02_inputs_xml_flat/GPA-001__R2-003__R1-002__0834.xml,PASS,INFO,R1.D01=SI;R1.D02=NO;R2.D01=SI;R2.D02=NO;R2.D04=SI;R2.D05=SI;R2.D06=SI,MUNICIPIO_SIN_CN_VIV,MUNICIPIO30623,No,Si,,30623,Regla 2 coherente para validaciones implementadas.
GPA-001__R2-003__R1-002__0835,GPA-001__R2-003__R1-002,02_inputs_xml_flat/GPA-001__R2-003__R1-002__0835.xml,PASS,INFO,R1.D01=SI;R1.D02=NO;R2.D01=SI;R2.D02=NO;R2.D04=SI;R2.D05=SI;R2.D06=SI,MUNICIPIO_SIN_CN_VIV,MUNICIPIO30621,No,Si,,30621,Regla 2 coherente para validaciones implementadas.
GPA-001__R2-003__R1-002__0836,GPA-001__R2-003__R1-002,02_inputs_xml_flat/GPA-001__R2-003__R1-002__0836.xml,PASS,INFO,R1.D01=SI;R1.D02=NO;R2.D01=SI;R2.D02=NO;R2.D04=SI;R2.D05=SI;R2.D06=SI,MUNICIPIO_SIN_CN_VIV,MUNICIPIO30622,No,Si,,30622,Regla 2 coherente para validaciones implementadas.
GPA-001__R2-003__R1-002__0837,GPA-001__R2-003__R1-002,02_inputs_xml_flat/GPA-001__R2-003__R1-002__0837.xml,PASS,INFO,R1.D01=SI;R1.D02=NO;R2.D01=SI;R2.D02=NO;R2.D04=SI;R2.D05=SI;R2.D06=SI,MUNICIPIO_SIN_CN_VIV,MUNICIPIO30623,No,Si,,30623,Regla 2 coherente para validaciones implementadas.
GPA-001__R2-003__R1-002__0838,GPA-001__R2-003__R1-002,02_inputs_xml_flat/GPA-001__R2-003__R1-002__0838.xml,PASS,INFO,R1.D01=SI;R1.D02=NO;R2.D01=SI;R2.D02=NO;R2.D04=SI;R2.D05=SI;R2.D06=SI,MUNICIPIO_SIN_CN_VIV,MUNICIPIO30621,No,Si,,30621,Regla 2 coherente para validaciones implementadas.
GPA-001__R2-003__R1-002__0839,GPA-001__R2-003__R1-002,02_inputs_xml_flat/GPA-001__R2-003__R1-002__0839.xml,PASS,INFO,R1.D01=SI;R1.D02=NO;R2.D01=SI;R2.D02=NO;R2.D04=SI;R2.D05=SI;R2.D06=SI,MUNICIPIO_SIN_CN_VIV,MUNICIPIO30622,No,Si,,30622,Regla 2 coherente para validaciones implementadas.
GPA-001__R2-003__R1-002__0840,GPA-001__R2-003__R1-002,02_inputs_xml_flat/GPA-001__R2-003__R1-002__0840.xml,PASS,INFO,R1.D01=SI;R1.D02=NO;R2.D01=SI;R2.D02=NO;R2.D04=SI;R2.D05=SI;R2.D06=SI,MUNICIPIO_SIN_CN_VIV,MUNICIPIO30623,No,Si,,30623,Regla 2 coherente para validaciones implementadas.
GPA-001__R2-003__R1-002__0841,GPA-001__R2-003__R1-002,02_inputs_xml_flat/GPA-001__R2-003__R1-002__0841.xml,PASS,INFO,R1.D01=SI;R1.D02=NO;R2.D01=SI;R2.D02=NO;R2.D04=SI;R2.D05=SI;R2.D06=SI,MUNICIPIO_SIN_CN_VIV,MUNICIPIO30621,No,Si,,30621,Regla 2 coherente para validaciones implementadas.
GPA-001__R2-003__R1-002__0842,GPA-001__R2-003__R1-002,02_inputs_xml_flat/GPA-001__R2-003__R1-002__0842.xml,PASS,INFO,R1.D01=SI;R1.D02=NO;R2.D01=SI;R2.D02=NO;R2.D04=SI;R2.D05=SI;R2.D06=SI,MUNICIPIO_SIN_CN_VIV,MUNICIPIO30622,No,Si,,30622,Regla 2 coherente para validaciones implementadas.
GPA-001__R2-003__R1-002__0843,GPA-001__R2-003__R1-002,02_inputs_xml_flat/GPA-001__R2-003__R1-002__0843.xml,PASS,INFO,R1.D01=SI;R1.D02=NO;R2.D01=SI;R2.D02=NO;R2.D04=SI;R2.D05=SI;R2.D06=SI,MUNICIPIO_SIN_CN_VIV,MUNICIPIO30623,No,Si,,30623,Regla 2 coherente para validaciones implementadas.
GPA-001__R2-003__R1-002__0844,GPA-001__R2-003__R1-002,02_inputs_xml_flat/GPA-001__R2-003__R1-002__0844.xml,PASS,INFO,R1.D01=SI;R1.D02=NO;R2.D01=SI;R2.D02=NO;R2.D04=SI;R2.D05=SI;R2.D06=SI,MUNICIPIO_SIN_CN_VIV,MUNICIPIO30621,No,Si,,30621,Regla 2 coherente para validaciones implementadas.
GPA-001__R2-003__R1-002__0845,GPA-001__R2-003__R1-002,02_inputs_xml_flat/GPA-001__R2-003__R1-002__0845.xml,PASS,INFO,R1.D01=SI;R1.D02=NO;R2.D01=SI;R2.D02=NO;R2.D04=SI;R2.D05=SI;R2.D06=SI,MUNICIPIO_SIN_CN_VIV,MUNICIPIO30622,No,Si,,30622,Regla 2 coherente para validaciones implementadas.
GPA-001__R2-003__R1-002__0846,GPA-001__R2-003__R1-002,02_inputs_xml_flat/GPA-001__R2-003__R1-002__0846.xml,PASS,INFO,R1.D01=SI;R1.D02=NO;R2.D01=SI;R2.D02=NO;R2.D04=SI;R2.D05=SI;R2.D06=SI,MUNICIPIO_SIN_CN_VIV,MUNICIPIO30623,No,Si,,30623,Regla 2 coherente para validaciones implementadas.
GPA-001__R2-003__R1-002__0847,GPA-001__R2-003__R1-002,02_inputs_xml_flat/GPA-001__R2-003__R1-002__0847.xml,PASS,INFO,R1.D01=SI;R1.D02=NO;R2.D01=SI;R2.D02=NO;R2.D04=SI;R2.D05=SI;R2.D06=SI,MUNICIPIO_SIN_CN_VIV,MUNICIPIO30621,No,Si,,30621,Regla 2 coherente para validaciones implementadas.
GPA-001__R2-003__R1-002__0848,GPA-001__R2-003__R1-002,02_inputs_xml_flat/GPA-001__R2-003__R1-002__0848.xml,PASS,INFO,R1.D01=SI;R1.D02=NO;R2.D01=SI;R2.D02=NO;R2.D04=SI;R2.D05=SI;R2.D06=SI,MUNICIPIO_SIN_CN_VIV,MUNICIPIO30622,No,Si,,30622,Regla 2 coherente para validaciones implementadas.
GPA-001__R2-003__R1-002__0849,GPA-001__R2-003__R1-002,02_inputs_xml_flat/GPA-001__R2-003__R1-002__0849.xml,PASS,INFO,R1.D01=SI;R1.D02=NO;R2.D01=SI;R2.D02=NO;R2.D04=SI;R2.D05=SI;R2.D06=SI,MUNICIPIO_SIN_CN_VIV,MUNICIPIO30623,No,Si,,30623,Regla 2 coherente para validaciones implementadas.
GPA-001__R2-003__R1-002__0850,GPA-001__R2-003__R1-002,02_inputs_xml_flat/GPA-001__R2-003__R1-002__0850.xml,PASS,INFO,R1.D01=SI;R1.D02=NO;R2.D01=SI;R2.D02=NO;R2.D04=SI;R2.D05=SI;R2.D06=SI,MUNICIPIO_SIN_CN_VIV,MUNICIPIO30621,No,Si,,30621,Regla 2 coherente para validaciones implementadas.
GPA-001__R2-003__R1-002__0851,GPA-001__R2-003__R1-002,02_inputs_xml_flat/GPA-001__R2-003__R1-002__0851.xml,PASS,INFO,R1.D01=SI;R1.D02=NO;R2.D01=SI;R2.D02=NO;R2.D04=SI;R2.D05=SI;R2.D06=SI,MUNICIPIO_SIN_CN_VIV,MUNICIPIO30622,No,Si,,30622,Regla 2 coherente para validaciones implementadas.
GPA-001__R2-003__R1-002__0852,GPA-001__R2-003__R1-002,02_inputs_xml_flat/GPA-001__R2-003__R1-002__0852.xml,PASS,INFO,R1.D01=SI;R1.D02=NO;R2.D01=SI;R2.D02=NO;R2.D04=SI;R2.D05=SI;R2.D06=SI,MUNICIPIO_SIN_CN_VIV,MUNICIPIO30623,No,Si,,30623,Regla 2 coherente para validaciones implementadas.
GPA-001__R2-003__R1-002__0853,GPA-001__R2-003__R1-002,02_inputs_xml_flat/GPA-001__R2-003__R1-002__0853.xml,PASS,INFO,R1.D01=SI;R1.D02=NO;R2.D01=SI;R2.D02=NO;R2.D04=SI;R2.D05=SI;R2.D06=SI,MUNICIPIO_SIN_CN_VIV,MUNICIPIO30621,No,Si,,30621,Regla 2 coherente para validaciones implementadas.
GPA-001__R2-003__R1-002__0854,GPA-001__R2-003__R1-002,02_inputs_xml_flat/GPA-001__R2-003__R1-002__0854.xml,PASS,INFO,R1.D01=SI;R1.D02=NO;R2.D01=SI;R2.D02=NO;R2.D04=SI;R2.D05=SI;R2.D06=SI,MUNICIPIO_SIN_CN_VIV,MUNICIPIO30622,No,Si,,30622,Regla 2 coherente para validaciones implementadas.
GPA-001__R2-003__R1-002__0855,GPA-001__R2-003__R1-002,02_inputs_xml_flat/GPA-001__R2-003__R1-002__0855.xml,PASS,INFO,R1.D01=SI;R1.D02=NO;R2.D01=SI;R2.D02=NO;R2.D04=SI;R2.D05=SI;R2.D06=SI,MUNICIPIO_SIN_CN_VIV,MUNICIPIO30623,No,Si,,30623,Regla 2 coherente para validaciones implementadas.
GPA-001__R2-003__R1-002__0856,GPA-001__R2-003__R1-002,02_inputs_xml_flat/GPA-001__R2-003__R1-002__0856.xml,PASS,INFO,R1.D01=SI;R1.D02=NO;R2.D01=SI;R2.D02=NO;R2.D04=SI;R2.D05=SI;R2.D06=SI,MUNICIPIO_SIN_CN_VIV,MUNICIPIO30621,No,Si,,30621,Regla 2 coherente para validaciones implementadas.
GPA-001__R2-003__R1-002__0857,GPA-001__R2-003__R1-002,02_inputs_xml_flat/GPA-001__R2-003__R1-002__0857.xml,PASS,INFO,R1.D01=SI;R1.D02=NO;R2.D01=SI;R2.D02=NO;R2.D04=SI;R2.D05=SI;R2.D06=SI,MUNICIPIO_SIN_CN_VIV,MUNICIPIO30622,No,Si,,30622,Regla 2 coherente para validaciones implementadas.
GPA-001__R2-003__R1-002__0858,GPA-001__R2-003__R1-002,02_inputs_xml_flat/GPA-001__R2-003__R1-002__0858.xml,PASS,INFO,R1.D01=SI;R1.D02=NO;R2.D01=SI;R2.D02=NO;R2.D04=SI;R2.D05=SI;R2.D06=SI,MUNICIPIO_SIN_CN_VIV,MUNICIPIO30623,No,Si,,30623,Regla 2 coherente para validaciones implementadas.
GPA-001__R2-003__R1-002__0859,GPA-001__R2-003__R1-002,02_inputs_xml_flat/GPA-001__R2-003__R1-002__0859.xml,PASS,INFO,R1.D01=SI;R1.D02=NO;R2.D01=SI;R2.D02=NO;R2.D04=SI;R2.D05=SI;R2.D06=SI,MUNICIPIO_SIN_CN_VIV,MUNICIPIO30621,No,Si,,30621,Regla 2 coherente para validaciones implementadas.
GPA-001__R2-003__R1-002__0860,GPA-001__R2-003__R1-002,02_inputs_xml_flat/GPA-001__R2-003__R1-002__0860.xml,PASS,INFO,R1.D01=SI;R1.D02=NO;R2.D01=SI;R2.D02=NO;R2.D04=SI;R2.D05=SI;R2.D06=SI,MUNICIPIO_SIN_CN_VIV,MUNICIPIO30622,No,Si,,30622,Regla 2 coherente para validaciones implementadas.
GPA-001__R2-003__R1-002__0861,GPA-001__R2-003__R1-002,02_inputs_xml_flat/GPA-001__R2-003__R1-002__0861.xml,PASS,INFO,R1.D01=SI;R1.D02=NO;R2.D01=SI;R2.D02=NO;R2.D04=SI;R2.D05=SI;R2.D06=SI,MUNICIPIO_SIN_CN_VIV,MUNICIPIO30623,No,Si,,30623,Regla 2 coherente para validaciones implementadas.
GPA-001__R2-003__R1-002__0862,GPA-001__R2-003__R1-002,02_inputs_xml_flat/GPA-001__R2-003__R1-002__0862.xml,PASS,INFO,R1.D01=SI;R1.D02=NO;R2.D01=SI;R2.D02=NO;R2.D04=SI;R2.D05=SI;R2.D06=SI,MUNICIPIO_SIN_CN_VIV,MUNICIPIO30621,No,Si,,30621,Regla 2 coherente para validaciones implementadas.
GPA-001__R2-003__R1-002__0863,GPA-001__R2-003__R1-002,02_inputs_xml_flat/GPA-001__R2-003__R1-002__0863.xml,PASS,INFO,R1.D01=SI;R1.D02=NO;R2.D01=SI;R2.D02=NO;R2.D04=SI;R2.D05=SI;R2.D06=SI,MUNICIPIO_SIN_CN_VIV,MUNICIPIO30622,No,Si,,30622,Regla 2 coherente para validaciones implementadas.
GPA-001__R2-003__R1-002__0864,GPA-001__R2-003__R1-002,02_inputs_xml_flat/GPA-001__R2-003__R1-002__0864.xml,PASS,INFO,R1.D01=SI;R1.D02=NO;R2.D01=SI;R2.D02=NO;R2.D04=SI;R2.D05=SI;R2.D06=SI,MUNICIPIO_SIN_CN_VIV,MUNICIPIO30623,No,Si,,30623,Regla 2 coherente para validaciones implementadas.
GPA-001__R2-003__R1-002__0865,GPA-001__R2-003__R1-002,02_inputs_xml_flat/GPA-001__R2-003__R1-002__0865.xml,PASS,INFO,R1.D01=SI;R1.D02=NO;R2.D01=SI;R2.D02=NO;R2.D04=SI;R2.D05=SI;R2.D06=SI,MUNICIPIO_SIN_CN_VIV,MUNICIPIO30621,No,Si,,30621,Regla 2 coherente para validaciones implementadas.
GPA-001__R2-003__R1-002__0866,GPA-001__R2-003__R1-002,02_inputs_xml_flat/GPA-001__R2-003__R1-002__0866.xml,PASS,INFO,R1.D01=SI;R1.D02=NO;R2.D01=SI;R2.D02=NO;R2.D04=SI;R2.D05=SI;R2.D06=SI,MUNICIPIO_SIN_CN_VIV,MUNICIPIO30622,No,Si,,30622,Regla 2 coherente para validaciones implementadas.
GPA-001__R2-003__R1-002__0867,GPA-001__R2-003__R1-002,02_inputs_xml_flat/GPA-001__R2-003__R1-002__0867.xml,PASS,INFO,R1.D01=SI;R1.D02=NO;R2.D01=SI;R2.D02=NO;R2.D04=SI;R2.D05=SI;R2.D06=SI,MUNICIPIO_SIN_CN_VIV,MUNICIPIO30623,No,Si,,30623,Regla 2 coherente para validaciones implementadas.
GPA-001__R2-003__R1-002__0868,GPA-001__R2-003__R1-002,02_inputs_xml_flat/GPA-001__R2-003__R1-002__0868.xml,PASS,INFO,R1.D01=SI;R1.D02=NO;R2.D01=SI;R2.D02=NO;R2.D04=SI;R2.D05=SI;R2.D06=SI,MUNICIPIO_SIN_CN_VIV,MUNICIPIO30621,No,Si,,30621,Regla 2 coherente para validaciones implementadas.
GPA-001__R2-003__R1-002__0869,GPA-001__R2-003__R1-002,02_inputs_xml_flat/GPA-001__R2-003__R1-002__0869.xml,PASS,INFO,R1.D01=SI;R1.D02=NO;R2.D01=SI;R2.D02=NO;R2.D04=SI;R2.D05=SI;R2.D06=SI,MUNICIPIO_SIN_CN_VIV,MUNICIPIO30622,No,Si,,30622,Regla 2 coherente para validaciones implementadas.
GPA-001__R2-003__R1-002__0870,GPA-001__R2-003__R1-002,02_inputs_xml_flat/GPA-001__R2-003__R1-002__0870.xml,PASS,INFO,R1.D01=SI;R1.D02=NO;R2.D01=SI;R2.D02=NO;R2.D04=SI;R2.D05=SI;R2.D06=SI,MUNICIPIO_SIN_CN_VIV,MUNICIPIO30623,No,Si,,30623,Regla 2 coherente para validaciones implementadas.
GPA-001__R2-003__R1-002__0871,GPA-001__R2-003__R1-002,02_inputs_xml_flat/GPA-001__R2-003__R1-002__0871.xml,PASS,INFO,R1.D01=SI;R1.D02=NO;R2.D01=SI;R2.D02=NO;R2.D04=SI;R2.D05=SI;R2.D06=SI,MUNICIPIO_SIN_CN_VIV,MUNICIPIO30621,No,Si,,30621,Regla 2 coherente para validaciones implementadas.
GPA-001__R2-003__R1-002__0872,GPA-001__R2-003__R1-002,02_inputs_xml_flat/GPA-001__R2-003__R1-002__0872.xml,PASS,INFO,R1.D01=SI;R1.D02=NO;R2.D01=SI;R2.D02=NO;R2.D04=SI;R2.D05=SI;R2.D06=SI,MUNICIPIO_SIN_CN_VIV,MUNICIPIO30622,No,Si,,30622,Regla 2 coherente para validaciones implementadas.
GPA-001__R2-003__R1-002__0873,GPA-001__R2-003__R1-002,02_inputs_xml_flat/GPA-001__R2-003__R1-002__0873.xml,PASS,INFO,R1.D01=SI;R1.D02=NO;R2.D01=SI;R2.D02=NO;R2.D04=SI;R2.D05=SI;R2.D06=SI,MUNICIPIO_SIN_CN_VIV,MUNICIPIO30623,No,Si,,30623,Regla 2 coherente para validaciones implementadas.
GPA-001__R2-003__R1-002__0874,GPA-001__R2-003__R1-002,02_inputs_xml_flat/GPA-001__R2-003__R1-002__0874.xml,PASS,INFO,R1.D01=SI;R1.D02=NO;R2.D01=SI;R2.D02=NO;R2.D04=SI;R2.D05=SI;R2.D06=SI,MUNICIPIO_SIN_CN_VIV,MUNICIPIO30621,No,Si,,30621,Regla 2 coherente para validaciones implementadas.
GPA-001__R2-003__R1-002__0875,GPA-001__R2-003__R1-002,02_inputs_xml_flat/GPA-001__R2-003__R1-002__0875.xml,PASS,INFO,R1.D01=SI;R1.D02=NO;R2.D01=SI;R2.D02=NO;R2.D04=SI;R2.D05=SI;R2.D06=SI,MUNICIPIO_SIN_CN_VIV,MUNICIPIO30622,No,Si,,30622,Regla 2 coherente para validaciones implementadas.
GPA-001__R2-003__R1-002__0876,GPA-001__R2-003__R1-002,02_inputs_xml_flat/GPA-001__R2-003__R1-002__0876.xml,PASS,INFO,R1.D01=SI;R1.D02=NO;R2.D01=SI;R2.D02=NO;R2.D04=SI;R2.D05=SI;R2.D06=SI,MUNICIPIO_SIN_CN_VIV,MUNICIPIO30623,No,Si,,30623,Regla 2 coherente para validaciones implementadas.
GPA-001__R2-003__R1-002__0877,GPA-001__R2-003__R1-002,02_inputs_xml_flat/GPA-001__R2-003__R1-002__0877.xml,PASS,INFO,R1.D01=SI;R1.D02=NO;R2.D01=SI;R2.D02=NO;R2.D04=SI;R2.D05=SI;R2.D06=SI,MUNICIPIO_SIN_CN_VIV,MUNICIPIO30621,No,Si,,30621,Regla 2 coherente para validaciones implementadas.
GPA-001__R2-003__R1-002__0878,GPA-001__R2-003__R1-002,02_inputs_xml_flat/GPA-001__R2-003__R1-002__0878.xml,PASS,INFO,R1.D01=SI;R1.D02=NO;R2.D01=SI;R2.D02=NO;R2.D04=SI;R2.D05=SI;R2.D06=SI,MUNICIPIO_SIN_CN_VIV,MUNICIPIO30622,No,Si,,30622,Regla 2 coherente para validaciones implementadas.
GPA-001__R2-003__R1-002__0879,GPA-001__R2-003__R1-002,02_inputs_xml_flat/GPA-001__R2-003__R1-002__0879.xml,PASS,INFO,R1.D01=SI;R1.D02=NO;R2.D01=SI;R2.D02=NO;R2.D04=SI;R2.D05=SI;R2.D06=SI,MUNICIPIO_SIN_CN_VIV,MUNICIPIO30623,No,Si,,30623,Regla 2 coherente para validaciones implementadas.
GPA-001__R2-003__R1-002__0880,GPA-001__R2-003__R1-002,02_inputs_xml_flat/GPA-001__R2-003__R1-002__0880.xml,PASS,INFO,R1.D01=SI;R1.D02=NO;R2.D01=SI;R2.D02=NO;R2.D04=SI;R2.D05=SI;R2.D06=SI,MUNICIPIO_SIN_CN_VIV,MUNICIPIO30621,No,Si,,30621,Regla 2 coherente para validaciones implementadas.
GPA-001__R2-003__R1-002__0881,GPA-001__R2-003__R1-002,02_inputs_xml_flat/GPA-001__R2-003__R1-002__0881.xml,PASS,INFO,R1.D01=SI;R1.D02=NO;R2.D01=SI;R2.D02=NO;R2.D04=SI;R2.D05=SI;R2.D06=SI,MUNICIPIO_SIN_CN_VIV,MUNICIPIO30622,No,Si,,30622,Regla 2 coherente para validaciones implementadas.
GPA-001__R2-003__R1-002__0882,GPA-001__R2-003__R1-002,02_inputs_xml_flat/GPA-001__R2-003__R1-002__0882.xml,PASS,INFO,R1.D01=SI;R1.D02=NO;R2.D01=SI;R2.D02=NO;R2.D04=SI;R2.D05=SI;R2.D06=SI,MUNICIPIO_SIN_CN_VIV,MUNICIPIO30623,No,Si,,30623,Regla 2 coherente para validaciones implementadas.
GPA-001__R2-003__R1-002__0883,GPA-001__R2-003__R1-002,02_inputs_xml_flat/GPA-001__R2-003__R1-002__0883.xml,PASS,INFO,R1.D01=SI;R1.D02=NO;R2.D01=SI;R2.D02=NO;R2.D04=SI;R2.D05=SI;R2.D06=SI,MUNICIPIO_SIN_CN_VIV,MUNICIPIO30621,No,Si,,30621,Regla 2 coherente para validaciones implementadas.
GPA-001__R2-003__R1-002__0884,GPA-001__R2-003__R1-002,02_inputs_xml_flat/GPA-001__R2-003__R1-002__0884.xml,PASS,INFO,R1.D01=SI;R1.D02=NO;R2.D01=SI;R2.D02=NO;R2.D04=SI;R2.D05=SI;R2.D06=SI,MUNICIPIO_SIN_CN_VIV,MUNICIPIO30622,No,Si,,30622,Regla 2 coherente para validaciones implementadas.
GPA-001__R2-003__R1-002__0885,GPA-001__R2-003__R1-002,02_inputs_xml_flat/GPA-001__R2-003__R1-002__0885.xml,PASS,INFO,R1.D01=SI;R1.D02=NO;R2.D01=SI;R2.D02=NO;R2.D04=SI;R2.D05=SI;R2.D06=SI,MUNICIPIO_SIN_CN_VIV,MUNICIPIO30623,No,Si,,30623,Regla 2 coherente para validaciones implementadas.
GPA-001__R2-003__R1-002__0886,GPA-001__R2-003__R1-002,02_inputs_xml_flat/GPA-001__R2-003__R1-002__0886.xml,PASS,INFO,R1.D01=SI;R1.D02=NO;R2.D01=SI;R2.D02=NO;R2.D04=SI;R2.D05=SI;R2.D06=SI,MUNICIPIO_SIN_CN_VIV,MUNICIPIO30621,No,Si,,30621,Regla 2 coherente para validaciones implementadas.
GPA-001__R2-003__R1-002__0887,GPA-001__R2-003__R1-002,02_inputs_xml_flat/GPA-001__R2-003__R1-002__0887.xml,PASS,INFO,R1.D01=SI;R1.D02=NO;R2.D01=SI;R2.D02=NO;R2.D04=SI;R2.D05=SI;R2.D06=SI,MUNICIPIO_SIN_CN_VIV,MUNICIPIO30622,No,Si,,30622,Regla 2 coherente para validaciones implementadas.
GPA-001__R2-003__R1-002__0888,GPA-001__R2-003__R1-002,02_inputs_xml_flat/GPA-001__R2-003__R1-002__0888.xml,PASS,INFO,R1.D01=SI;R1.D02=NO;R2.D01=SI;R2.D02=NO;R2.D04=SI;R2.D05=SI;R2.D06=SI,MUNICIPIO_SIN_CN_VIV,MUNICIPIO30623,No,Si,,30623,Regla 2 coherente para validaciones implementadas.
GPA-001__R2-003__R1-002__0889,GPA-001__R2-003__R1-002,02_inputs_xml_flat/GPA-001__R2-003__R1-002__0889.xml,PASS,INFO,R1.D01=SI;R1.D02=NO;R2.D01=SI;R2.D02=NO;R2.D04=SI;R2.D05=SI;R2.D06=SI,MUNICIPIO_SIN_CN_VIV,MUNICIPIO30621,No,Si,,30621,Regla 2 coherente para validaciones implementadas.
GPA-001__R2-003__R1-002__0890,GPA-001__R2-003__R1-002,02_inputs_xml_flat/GPA-001__R2-003__R1-002__0890.xml,PASS,INFO,R1.D01=SI;R1.D02=NO;R2.D01=SI;R2.D02=NO;R2.D04=SI;R2.D05=SI;R2.D06=SI,MUNICIPIO_SIN_CN_VIV,MUNICIPIO30622,No,Si,,30622,Regla 2 coherente para validaciones implementadas.
GPA-001__R2-003__R1-002__0891,GPA-001__R2-003__R1-002,02_inputs_xml_flat/GPA-001__R2-003__R1-002__0891.xml,PASS,INFO,R1.D01=SI;R1.D02=NO;R2.D01=SI;R2.D02=NO;R2.D04=SI;R2.D05=SI;R2.D06=SI,MUNICIPIO_SIN_CN_VIV,MUNICIPIO30623,No,Si,,30623,Regla 2 coherente para validaciones implementadas.
GPA-001__R2-003__R1-002__0892,GPA-001__R2-003__R1-002,02_inputs_xml_flat/GPA-001__R2-003__R1-002__0892.xml,PASS,INFO,R1.D01=SI;R1.D02=NO;R2.D01=SI;R2.D02=NO;R2.D04=SI;R2.D05=SI;R2.D06=SI,MUNICIPIO_SIN_CN_VIV,MUNICIPIO30621,No,Si,,30621,Regla 2 coherente para validaciones implementadas.
GPA-001__R2-003__R1-002__0893,GPA-001__R2-003__R1-002,02_inputs_xml_flat/GPA-001__R2-003__R1-002__0893.xml,PASS,INFO,R1.D01=SI;R1.D02=NO;R2.D01=SI;R2.D02=NO;R2.D04=SI;R2.D05=SI;R2.D06=SI,MUNICIPIO_SIN_CN_VIV,MUNICIPIO30622,No,Si,,30622,Regla 2 coherente para validaciones implementadas.
GPA-001__R2-003__R1-002__0894,GPA-001__R2-003__R1-002,02_inputs_xml_flat/GPA-001__R2-003__R1-002__0894.xml,PASS,INFO,R1.D01=SI;R1.D02=NO;R2.D01=SI;R2.D02=NO;R2.D04=SI;R2.D05=SI;R2.D06=SI,MUNICIPIO_SIN_CN_VIV,MUNICIPIO30623,No,Si,,30623,Regla 2 coherente para validaciones implementadas.
GPA-001__R2-003__R1-002__0895,GPA-001__R2-003__R1-002,02_inputs_xml_flat/GPA-001__R2-003__R1-002__0895.xml,PASS,INFO,R1.D01=SI;R1.D02=NO;R2.D01=SI;R2.D02=NO;R2.D04=SI;R2.D05=SI;R2.D06=SI,MUNICIPIO_SIN_CN_VIV,MUNICIPIO30621,No,Si,,30621,Regla 2 coherente para validaciones implementadas.
GPA-001__R2-003__R1-002__0896,GPA-001__R2-003__R1-002,02_inputs_xml_flat/GPA-001__R2-003__R1-002__0896.xml,PASS,INFO,R1.D01=SI;R1.D02=NO;R2.D01=SI;R2.D02=NO;R2.D04=SI;R2.D05=SI;R2.D06=SI,MUNICIPIO_SIN_CN_VIV,MUNICIPIO30622,No,Si,,30622,Regla 2 coherente para validaciones implementadas.
GPA-001__R2-003__R1-002__0897,GPA-001__R2-003__R1-002,02_inputs_xml_flat/GPA-001__R2-003__R1-002__0897.xml,PASS,INFO,R1.D01=SI;R1.D02=NO;R2.D01=SI;R2.D02=NO;R2.D04=SI;R2.D05=SI;R2.D06=SI,MUNICIPIO_SIN_CN_VIV,MUNICIPIO30623,No,Si,,30623,Regla 2 coherente para validaciones implementadas.
GPA-001__R2-003__R1-002__0898,GPA-001__R2-003__R1-002,02_inputs_xml_flat/GPA-001__R2-003__R1-002__0898.xml,PASS,INFO,R1.D01=SI;R1.D02=NO;R2.D01=SI;R2.D02=NO;R2.D04=SI;R2.D05=SI;R2.D06=SI,MUNICIPIO_SIN_CN_VIV,MUNICIPIO30621,No,Si,,30621,Regla 2 coherente para validaciones implementadas.
GPA-001__R2-003__R1-002__0899,GPA-001__R2-003__R1-002,02_inputs_xml_flat/GPA-001__R2-003__R1-002__0899.xml,PASS,INFO,R1.D01=SI;R1.D02=NO;R2.D01=SI;R2.D02=NO;R2.D04=SI;R2.D05=SI;R2.D06=SI,MUNICIPIO_SIN_CN_VIV,MUNICIPIO30622,No,Si,,30622,Regla 2 coherente para validaciones implementadas.
GPA-001__R2-003__R1-002__0900,GPA-001__R2-003__R1-002,02_inputs_xml_flat/GPA-001__R2-003__R1-002__0900.xml,PASS,INFO,R1.D01=SI;R1.D02=NO;R2.D01=SI;R2.D02=NO;R2.D04=SI;R2.D05=SI;R2.D06=SI,MUNICIPIO_SIN_CN_VIV,MUNICIPIO30623,No,Si,,30623,Regla 2 coherente para validaciones implementadas.
GPA-001__R2-003__R1-002__0901,GPA-001__R2-003__R1-002,02_inputs_xml_flat/GPA-001__R2-003__R1-002__0901.xml,PASS,INFO,R1.D01=SI;R1.D02=NO;R2.D01=SI;R2.D02=NO;R2.D04=SI;R2.D05=SI;R2.D06=SI,MUNICIPIO_SIN_CN_VIV,MUNICIPIO30621,No,Si,,30621,Regla 2 coherente para validaciones implementadas.
GPA-001__R2-003__R1-002__0902,GPA-001__R2-003__R1-002,02_inputs_xml_flat/GPA-001__R2-003__R1-002__0902.xml,PASS,INFO,R1.D01=SI;R1.D02=NO;R2.D01=SI;R2.D02=NO;R2.D04=SI;R2.D05=SI;R2.D06=SI,MUNICIPIO_SIN_CN_VIV,MUNICIPIO30622,No,Si,,30622,Regla 2 coherente para validaciones implementadas.
GPA-001__R2-003__R1-002__0903,GPA-001__R2-003__R1-002,02_inputs_xml_flat/GPA-001__R2-003__R1-002__0903.xml,PASS,INFO,R1.D01=SI;R1.D02=NO;R2.D01=SI;R2.D02=NO;R2.D04=SI;R2.D05=SI;R2.D06=SI,MUNICIPIO_SIN_CN_VIV,MUNICIPIO30623,No,Si,,30623,Regla 2 coherente para validaciones implementadas.
GPA-001__R2-003__R1-002__0904,GPA-001__R2-003__R1-002,02_inputs_xml_flat/GPA-001__R2-003__R1-002__0904.xml,PASS,INFO,R1.D01=SI;R1.D02=NO;R2.D01=SI;R2.D02=NO;R2.D04=SI;R2.D05=SI;R2.D06=SI,MUNICIPIO_SIN_CN_VIV,MUNICIPIO30621,No,Si,,30621,Regla 2 coherente para validaciones implementadas.
GPA-001__R2-003__R1-002__0905,GPA-001__R2-003__R1-002,02_inputs_xml_flat/GPA-001__R2-003__R1-002__0905.xml,PASS,INFO,R1.D01=SI;R1.D02=NO;R2.D01=SI;R2.D02=NO;R2.D04=SI;R2.D05=SI;R2.D06=SI,MUNICIPIO_SIN_CN_VIV,MUNICIPIO30622,No,Si,,30622,Regla 2 coherente para validaciones implementadas.
GPA-001__R2-003__R1-002__0906,GPA-001__R2-003__R1-002,02_inputs_xml_flat/GPA-001__R2-003__R1-002__0906.xml,PASS,INFO,R1.D01=SI;R1.D02=NO;R2.D01=SI;R2.D02=NO;R2.D04=SI;R2.D05=SI;R2.D06=SI,MUNICIPIO_SIN_CN_VIV,MUNICIPIO30623,No,Si,,30623,Regla 2 coherente para validaciones implementadas.
GPA-001__R2-003__R1-002__0907,GPA-001__R2-003__R1-002,02_inputs_xml_flat/GPA-001__R2-003__R1-002__0907.xml,PASS,INFO,R1.D01=SI;R1.D02=NO;R2.D01=SI;R2.D02=NO;R2.D04=SI;R2.D05=SI;R2.D06=SI,MUNICIPIO_SIN_CN_VIV,MUNICIPIO30621,No,Si,,30621,Regla 2 coherente para validaciones implementadas.
GPA-001__R2-003__R1-002__0908,GPA-001__R2-003__R1-002,02_inputs_xml_flat/GPA-001__R2-003__R1-002__0908.xml,PASS,INFO,R1.D01=SI;R1.D02=NO;R2.D01=SI;R2.D02=NO;R2.D04=SI;R2.D05=SI;R2.D06=SI,MUNICIPIO_SIN_CN_VIV,MUNICIPIO30622,No,Si,,30622,Regla 2 coherente para validaciones implementadas.
GPA-001__R2-003__R1-002__0909,GPA-001__R2-003__R1-002,02_inputs_xml_flat/GPA-001__R2-003__R1-002__0909.xml,PASS,INFO,R1.D01=SI;R1.D02=NO;R2.D01=SI;R2.D02=NO;R2.D04=SI;R2.D05=SI;R2.D06=SI,MUNICIPIO_SIN_CN_VIV,MUNICIPIO30623,No,Si,,30623,Regla 2 coherente para validaciones implementadas.
GPA-001__R2-003__R1-002__0910,GPA-001__R2-003__R1-002,02_inputs_xml_flat/GPA-001__R2-003__R1-002__0910.xml,PASS,INFO,R1.D01=SI;R1.D02=NO;R2.D01=SI;R2.D02=NO;R2.D04=SI;R2.D05=SI;R2.D06=SI,MUNICIPIO_SIN_CN_VIV,MUNICIPIO30621,No,Si,,30621,Regla 2 coherente para validaciones implementadas.
GPA-001__R2-003__R1-002__0911,GPA-001__R2-003__R1-002,02_inputs_xml_flat/GPA-001__R2-003__R1-002__0911.xml,PASS,INFO,R1.D01=SI;R1.D02=NO;R2.D01=SI;R2.D02=NO;R2.D04=SI;R2.D05=SI;R2.D06=SI,MUNICIPIO_SIN_CN_VIV,MUNICIPIO30622,No,Si,,30622,Regla 2 coherente para validaciones implementadas.
GPA-001__R2-003__R1-002__0912,GPA-001__R2-003__R1-002,02_inputs_xml_flat/GPA-001__R2-003__R1-002__0912.xml,PASS,INFO,R1.D01=SI;R1.D02=NO;R2.D01=SI;R2.D02=NO;R2.D04=SI;R2.D05=SI;R2.D06=SI,MUNICIPIO_SIN_CN_VIV,MUNICIPIO30623,No,Si,,30623,Regla 2 coherente para validaciones implementadas.
GPA-001__R2-003__R1-002__0913,GPA-001__R2-003__R1-002,02_inputs_xml_flat/GPA-001__R2-003__R1-002__0913.xml,PASS,INFO,R1.D01=SI;R1.D02=NO;R2.D01=SI;R2.D02=NO;R2.D04=SI;R2.D05=SI;R2.D06=SI,MUNICIPIO_SIN_CN_VIV,MUNICIPIO30621,No,Si,,30621,Regla 2 coherente para validaciones implementadas.
GPA-001__R2-003__R1-002__0914,GPA-001__R2-003__R1-002,02_inputs_xml_flat/GPA-001__R2-003__R1-002__0914.xml,PASS,INFO,R1.D01=SI;R1.D02=NO;R2.D01=SI;R2.D02=NO;R2.D04=SI;R2.D05=SI;R2.D06=SI,MUNICIPIO_SIN_CN_VIV,MUNICIPIO30622,No,Si,,30622,Regla 2 coherente para validaciones implementadas.
GPA-001__R2-003__R1-002__0915,GPA-001__R2-003__R1-002,02_inputs_xml_flat/GPA-001__R2-003__R1-002__0915.xml,PASS,INFO,R1.D01=SI;R1.D02=NO;R2.D01=SI;R2.D02=NO;R2.D04=SI;R2.D05=SI;R2.D06=SI,MUNICIPIO_SIN_CN_VIV,MUNICIPIO30623,No,Si,,30623,Regla 2 coherente para validaciones implementadas.
GPA-001__R2-003__R1-002__0916,GPA-001__R2-003__R1-002,02_inputs_xml_flat/GPA-001__R2-003__R1-002__0916.xml,PASS,INFO,R1.D01=SI;R1.D02=NO;R2.D01=SI;R2.D02=NO;R2.D04=SI;R2.D05=SI;R2.D06=SI,MUNICIPIO_SIN_CN_VIV,MUNICIPIO30621,No,Si,,30621,Regla 2 coherente para validaciones implementadas.
GPA-001__R2-003__R1-002__0917,GPA-001__R2-003__R1-002,02_inputs_xml_flat/GPA-001__R2-003__R1-002__0917.xml,PASS,INFO,R1.D01=SI;R1.D02=NO;R2.D01=SI;R2.D02=NO;R2.D04=SI;R2.D05=SI;R2.D06=SI,MUNICIPIO_SIN_CN_VIV,MUNICIPIO30622,No,Si,,30622,Regla 2 coherente para validaciones implementadas.
GPA-001__R2-003__R1-002__0918,GPA-001__R2-003__R1-002,02_inputs_xml_flat/GPA-001__R2-003__R1-002__0918.xml,PASS,INFO,R1.D01=SI;R1.D02=NO;R2.D01=SI;R2.D02=NO;R2.D04=SI;R2.D05=SI;R2.D06=SI,MUNICIPIO_SIN_CN_VIV,MUNICIPIO30623,No,Si,,30623,Regla 2 coherente para validaciones implementadas.
GPA-001__R2-003__R1-002__0919,GPA-001__R2-003__R1-002,02_inputs_xml_flat/GPA-001__R2-003__R1-002__0919.xml,PASS,INFO,R1.D01=SI;R1.D02=NO;R2.D01=SI;R2.D02=NO;R2.D04=SI;R2.D05=SI;R2.D06=SI,MUNICIPIO_SIN_CN_VIV,MUNICIPIO30621,No,Si,,30621,Regla 2 coherente para validaciones implementadas.
GPA-001__R2-003__R1-002__0920,GPA-001__R2-003__R1-002,02_inputs_xml_flat/GPA-001__R2-003__R1-002__0920.xml,PASS,INFO,R1.D01=SI;R1.D02=NO;R2.D01=SI;R2.D02=NO;R2.D04=SI;R2.D05=SI;R2.D06=SI,MUNICIPIO_SIN_CN_VIV,MUNICIPIO30622,No,Si,,30622,Regla 2 coherente para validaciones implementadas.
GPA-001__R2-003__R1-002__0921,GPA-001__R2-003__R1-002,02_inputs_xml_flat/GPA-001__R2-003__R1-002__0921.xml,PASS,INFO,R1.D01=SI;R1.D02=NO;R2.D01=SI;R2.D02=NO;R2.D04=SI;R2.D05=SI;R2.D06=SI,MUNICIPIO_SIN_CN_VIV,MUNICIPIO30623,No,Si,,30623,Regla 2 coherente para validaciones implementadas.
GPA-001__R2-003__R1-002__0922,GPA-001__R2-003__R1-002,02_inputs_xml_flat/GPA-001__R2-003__R1-002__0922.xml,PASS,INFO,R1.D01=SI;R1.D02=NO;R2.D01=SI;R2.D02=NO;R2.D04=SI;R2.D05=SI;R2.D06=SI,MUNICIPIO_SIN_CN_VIV,MUNICIPIO30621,No,Si,,30621,Regla 2 coherente para validaciones implementadas.
GPA-001__R2-003__R1-002__0923,GPA-001__R2-003__R1-002,02_inputs_xml_flat/GPA-001__R2-003__R1-002__0923.xml,PASS,INFO,R1.D01=SI;R1.D02=NO;R2.D01=SI;R2.D02=NO;R2.D04=SI;R2.D05=SI;R2.D06=SI,MUNICIPIO_SIN_CN_VIV,MUNICIPIO30622,No,Si,,30622,Regla 2 coherente para validaciones implementadas.
GPA-001__R2-003__R1-002__0924,GPA-001__R2-003__R1-002,02_inputs_xml_flat/GPA-001__R2-003__R1-002__0924.xml,PASS,INFO,R1.D01=SI;R1.D02=NO;R2.D01=SI;R2.D02=NO;R2.D04=SI;R2.D05=SI;R2.D06=SI,MUNICIPIO_SIN_CN_VIV,MUNICIPIO30623,No,Si,,30623,Regla 2 coherente para validaciones implementadas.
GPA-001__R2-003__R1-002__0925,GPA-001__R2-003__R1-002,02_inputs_xml_flat/GPA-001__R2-003__R1-002__0925.xml,PASS,INFO,R1.D01=SI;R1.D02=NO;R2.D01=SI;R2.D02=NO;R2.D04=SI;R2.D05=SI;R2.D06=SI,MUNICIPIO_SIN_CN_VIV,MUNICIPIO30621,No,Si,,30621,Regla 2 coherente para validaciones implementadas.
GPA-001__R2-003__R1-002__0926,GPA-001__R2-003__R1-002,02_inputs_xml_flat/GPA-001__R2-003__R1-002__0926.xml,PASS,INFO,R1.D01=SI;R1.D02=NO;R2.D01=SI;R2.D02=NO;R2.D04=SI;R2.D05=SI;R2.D06=SI,MUNICIPIO_SIN_CN_VIV,MUNICIPIO30622,No,Si,,30622,Regla 2 coherente para validaciones implementadas.
GPA-001__R2-003__R1-002__0927,GPA-001__R2-003__R1-002,02_inputs_xml_flat/GPA-001__R2-003__R1-002__0927.xml,PASS,INFO,R1.D01=SI;R1.D02=NO;R2.D01=SI;R2.D02=NO;R2.D04=SI;R2.D05=SI;R2.D06=SI,MUNICIPIO_SIN_CN_VIV,MUNICIPIO30623,No,Si,,30623,Regla 2 coherente para validaciones implementadas.
GPA-001__R2-003__R1-002__0928,GPA-001__R2-003__R1-002,02_inputs_xml_flat/GPA-001__R2-003__R1-002__0928.xml,PASS,INFO,R1.D01=SI;R1.D02=NO;R2.D01=SI;R2.D02=NO;R2.D04=SI;R2.D05=SI;R2.D06=SI,MUNICIPIO_SIN_CN_VIV,MUNICIPIO30621,No,Si,,30621,Regla 2 coherente para validaciones implementadas.
GPA-001__R2-003__R1-002__0929,GPA-001__R2-003__R1-002,02_inputs_xml_flat/GPA-001__R2-003__R1-002__0929.xml,PASS,INFO,R1.D01=SI;R1.D02=NO;R2.D01=SI;R2.D02=NO;R2.D04=SI;R2.D05=SI;R2.D06=SI,MUNICIPIO_SIN_CN_VIV,MUNICIPIO30622,No,Si,,30622,Regla 2 coherente para validaciones implementadas.
GPA-001__R2-003__R1-002__0930,GPA-001__R2-003__R1-002,02_inputs_xml_flat/GPA-001__R2-003__R1-002__0930.xml,PASS,INFO,R1.D01=SI;R1.D02=NO;R2.D01=SI;R2.D02=NO;R2.D04=SI;R2.D05=SI;R2.D06=SI,MUNICIPIO_SIN_CN_VIV,MUNICIPIO30623,No,Si,,30623,Regla 2 coherente para validaciones implementadas.
GPA-001__R2-003__R1-002__0931,GPA-001__R2-003__R1-002,02_inputs_xml_flat/GPA-001__R2-003__R1-002__0931.xml,PASS,INFO,R1.D01=SI;R1.D02=NO;R2.D01=SI;R2.D02=NO;R2.D04=SI;R2.D05=SI;R2.D06=SI,MUNICIPIO_SIN_CN_VIV,MUNICIPIO30621,No,Si,,30621,Regla 2 coherente para validaciones implementadas.
GPA-001__R2-003__R1-002__0932,GPA-001__R2-003__R1-002,02_inputs_xml_flat/GPA-001__R2-003__R1-002__0932.xml,PASS,INFO,R1.D01=SI;R1.D02=NO;R2.D01=SI;R2.D02=NO;R2.D04=SI;R2.D05=SI;R2.D06=SI,MUNICIPIO_SIN_CN_VIV,MUNICIPIO30622,No,Si,,30622,Regla 2 coherente para validaciones implementadas.
GPA-001__R2-003__R1-002__0933,GPA-001__R2-003__R1-002,02_inputs_xml_flat/GPA-001__R2-003__R1-002__0933.xml,PASS,INFO,R1.D01=SI;R1.D02=NO;R2.D01=SI;R2.D02=NO;R2.D04=SI;R2.D05=SI;R2.D06=SI,MUNICIPIO_SIN_CN_VIV,MUNICIPIO30623,No,Si,,30623,Regla 2 coherente para validaciones implementadas.
GPA-001__R2-003__R1-002__0934,GPA-001__R2-003__R1-002,02_inputs_xml_flat/GPA-001__R2-003__R1-002__0934.xml,PASS,INFO,R1.D01=SI;R1.D02=NO;R2.D01=SI;R2.D02=NO;R2.D04=SI;R2.D05=SI;R2.D06=SI,MUNICIPIO_SIN_CN_VIV,MUNICIPIO30621,No,Si,,30621,Regla 2 coherente para validaciones implementadas.
GPA-001__R2-003__R1-002__0935,GPA-001__R2-003__R1-002,02_inputs_xml_flat/GPA-001__R2-003__R1-002__0935.xml,PASS,INFO,R1.D01=SI;R1.D02=NO;R2.D01=SI;R2.D02=NO;R2.D04=SI;R2.D05=SI;R2.D06=SI,MUNICIPIO_SIN_CN_VIV,MUNICIPIO30622,No,Si,,30622,Regla 2 coherente para validaciones implementadas.
GPA-001__R2-003__R1-002__0936,GPA-001__R2-003__R1-002,02_inputs_xml_flat/GPA-001__R2-003__R1-002__0936.xml,PASS,INFO,R1.D01=SI;R1.D02=NO;R2.D01=SI;R2.D02=NO;R2.D04=SI;R2.D05=SI;R2.D06=SI,MUNICIPIO_SIN_CN_VIV,MUNICIPIO30623,No,Si,,30623,Regla 2 coherente para validaciones implementadas.
GPA-001__R2-003__R1-002__0937,GPA-001__R2-003__R1-002,02_inputs_xml_flat/GPA-001__R2-003__R1-002__0937.xml,PASS,INFO,R1.D01=SI;R1.D02=NO;R2.D01=SI;R2.D02=NO;R2.D04=SI;R2.D05=SI;R2.D06=SI,MUNICIPIO_SIN_CN_VIV,MUNICIPIO30621,No,Si,,30621,Regla 2 coherente para validaciones implementadas.
GPA-001__R2-003__R1-002__0938,GPA-001__R2-003__R1-002,02_inputs_xml_flat/GPA-001__R2-003__R1-002__0938.xml,PASS,INFO,R1.D01=SI;R1.D02=NO;R2.D01=SI;R2.D02=NO;R2.D04=SI;R2.D05=SI;R2.D06=SI,MUNICIPIO_SIN_CN_VIV,MUNICIPIO30622,No,Si,,30622,Regla 2 coherente para validaciones implementadas.
GPA-001__R2-003__R1-002__0939,GPA-001__R2-003__R1-002,02_inputs_xml_flat/GPA-001__R2-003__R1-002__0939.xml,PASS,INFO,R1.D01=SI;R1.D02=NO;R2.D01=SI;R2.D02=NO;R2.D04=SI;R2.D05=SI;R2.D06=SI,MUNICIPIO_SIN_CN_VIV,MUNICIPIO30623,No,Si,,30623,Regla 2 coherente para validaciones implementadas.
GPA-001__R2-003__R1-002__0940,GPA-001__R2-003__R1-002,02_inputs_xml_flat/GPA-001__R2-003__R1-002__0940.xml,PASS,INFO,R1.D01=SI;R1.D02=NO;R2.D01=SI;R2.D02=NO;R2.D04=SI;R2.D05=SI;R2.D06=SI,MUNICIPIO_SIN_CN_VIV,MUNICIPIO30621,No,Si,,30621,Regla 2 coherente para validaciones implementadas.
GPA-001__R2-003__R1-002__0941,GPA-001__R2-003__R1-002,02_inputs_xml_flat/GPA-001__R2-003__R1-002__0941.xml,PASS,INFO,R1.D01=SI;R1.D02=NO;R2.D01=SI;R2.D02=NO;R2.D04=SI;R2.D05=SI;R2.D06=SI,MUNICIPIO_SIN_CN_VIV,MUNICIPIO30622,No,Si,,30622,Regla 2 coherente para validaciones implementadas.
GPA-001__R2-003__R1-002__0942,GPA-001__R2-003__R1-002,02_inputs_xml_flat/GPA-001__R2-003__R1-002__0942.xml,PASS,INFO,R1.D01=SI;R1.D02=NO;R2.D01=SI;R2.D02=NO;R2.D04=SI;R2.D05=SI;R2.D06=SI,MUNICIPIO_SIN_CN_VIV,MUNICIPIO30623,No,Si,,30623,Regla 2 coherente para validaciones implementadas.
GPA-001__R2-003__R1-002__0943,GPA-001__R2-003__R1-002,02_inputs_xml_flat/GPA-001__R2-003__R1-002__0943.xml,PASS,INFO,R1.D01=SI;R1.D02=NO;R2.D01=SI;R2.D02=NO;R2.D04=SI;R2.D05=SI;R2.D06=SI,MUNICIPIO_SIN_CN_VIV,MUNICIPIO30621,No,Si,,30621,Regla 2 coherente para validaciones implementadas.
GPA-001__R2-003__R1-002__0944,GPA-001__R2-003__R1-002,02_inputs_xml_flat/GPA-001__R2-003__R1-002__0944.xml,PASS,INFO,R1.D01=SI;R1.D02=NO;R2.D01=SI;R2.D02=NO;R2.D04=SI;R2.D05=SI;R2.D06=SI,MUNICIPIO_SIN_CN_VIV,MUNICIPIO30622,No,Si,,30622,Regla 2 coherente para validaciones implementadas.
GPA-001__R2-003__R1-002__0945,GPA-001__R2-003__R1-002,02_inputs_xml_flat/GPA-001__R2-003__R1-002__0945.xml,PASS,INFO,R1.D01=SI;R1.D02=NO;R2.D01=SI;R2.D02=NO;R2.D04=SI;R2.D05=SI;R2.D06=SI,MUNICIPIO_SIN_CN_VIV,MUNICIPIO30623,No,Si,,30623,Regla 2 coherente para validaciones implementadas.
GPA-001__R2-003__R1-002__0946,GPA-001__R2-003__R1-002,02_inputs_xml_flat/GPA-001__R2-003__R1-002__0946.xml,PASS,INFO,R1.D01=SI;R1.D02=NO;R2.D01=SI;R2.D02=NO;R2.D04=SI;R2.D05=SI;R2.D06=SI,MUNICIPIO_SIN_CN_VIV,MUNICIPIO30621,No,Si,,30621,Regla 2 coherente para validaciones implementadas.
GPA-001__R2-003__R1-002__0947,GPA-001__R2-003__R1-002,02_inputs_xml_flat/GPA-001__R2-003__R1-002__0947.xml,PASS,INFO,R1.D01=SI;R1.D02=NO;R2.D01=SI;R2.D02=NO;R2.D04=SI;R2.D05=SI;R2.D06=SI,MUNICIPIO_SIN_CN_VIV,MUNICIPIO30622,No,Si,,30622,Regla 2 coherente para validaciones implementadas.
GPA-001__R2-003__R1-002__0948,GPA-001__R2-003__R1-002,02_inputs_xml_flat/GPA-001__R2-003__R1-002__0948.xml,PASS,INFO,R1.D01=SI;R1.D02=NO;R2.D01=SI;R2.D02=NO;R2.D04=SI;R2.D05=SI;R2.D06=SI,MUNICIPIO_SIN_CN_VIV,MUNICIPIO30623,No,Si,,30623,Regla 2 coherente para validaciones implementadas.
GPA-001__R2-003__R1-002__0949,GPA-001__R2-003__R1-002,02_inputs_xml_flat/GPA-001__R2-003__R1-002__0949.xml,PASS,INFO,R1.D01=SI;R1.D02=NO;R2.D01=SI;R2.D02=NO;R2.D04=SI;R2.D05=SI;R2.D06=SI,MUNICIPIO_SIN_CN_VIV,MUNICIPIO30621,No,Si,,30621,Regla 2 coherente para validaciones implementadas.
GPA-001__R2-003__R1-002__0950,GPA-001__R2-003__R1-002,02_inputs_xml_flat/GPA-001__R2-003__R1-002__0950.xml,PASS,INFO,R1.D01=SI;R1.D02=NO;R2.D01=SI;R2.D02=NO;R2.D04=SI;R2.D05=SI;R2.D06=SI,MUNICIPIO_SIN_CN_VIV,MUNICIPIO30622,No,Si,,30622,Regla 2 coherente para validaciones implementadas.
GPA-001__R2-003__R1-002__0951,GPA-001__R2-003__R1-002,02_inputs_xml_flat/GPA-001__R2-003__R1-002__0951.xml,PASS,INFO,R1.D01=SI;R1.D02=NO;R2.D01=SI;R2.D02=NO;R2.D04=SI;R2.D05=SI;R2.D06=SI,MUNICIPIO_SIN_CN_VIV,MUNICIPIO30623,No,Si,,30623,Regla 2 coherente para validaciones implementadas.
GPA-001__R2-003__R1-002__0952,GPA-001__R2-003__R1-002,02_inputs_xml_flat/GPA-001__R2-003__R1-002__0952.xml,PASS,INFO,R1.D01=SI;R1.D02=NO;R2.D01=SI;R2.D02=NO;R2.D04=SI;R2.D05=SI;R2.D06=SI,MUNICIPIO_SIN_CN_VIV,MUNICIPIO30621,No,Si,,30621,Regla 2 coherente para validaciones implementadas.
GPA-001__R2-003__R1-002__0953,GPA-001__R2-003__R1-002,02_inputs_xml_flat/GPA-001__R2-003__R1-002__0953.xml,PASS,INFO,R1.D01=SI;R1.D02=NO;R2.D01=SI;R2.D02=NO;R2.D04=SI;R2.D05=SI;R2.D06=SI,MUNICIPIO_SIN_CN_VIV,MUNICIPIO30622,No,Si,,30622,Regla 2 coherente para validaciones implementadas.
GPA-001__R2-003__R1-002__0954,GPA-001__R2-003__R1-002,02_inputs_xml_flat/GPA-001__R2-003__R1-002__0954.xml,PASS,INFO,R1.D01=SI;R1.D02=NO;R2.D01=SI;R2.D02=NO;R2.D04=SI;R2.D05=SI;R2.D06=SI,MUNICIPIO_SIN_CN_VIV,MUNICIPIO30623,No,Si,,30623,Regla 2 coherente para validaciones implementadas.
GPA-001__R2-003__R1-002__0955,GPA-001__R2-003__R1-002,02_inputs_xml_flat/GPA-001__R2-003__R1-002__0955.xml,PASS,INFO,R1.D01=SI;R1.D02=NO;R2.D01=SI;R2.D02=NO;R2.D04=SI;R2.D05=SI;R2.D06=SI,MUNICIPIO_SIN_CN_VIV,MUNICIPIO30621,No,Si,,30621,Regla 2 coherente para validaciones implementadas.
GPA-001__R2-003__R1-002__0956,GPA-001__R2-003__R1-002,02_inputs_xml_flat/GPA-001__R2-003__R1-002__0956.xml,PASS,INFO,R1.D01=SI;R1.D02=NO;R2.D01=SI;R2.D02=NO;R2.D04=SI;R2.D05=SI;R2.D06=SI,MUNICIPIO_SIN_CN_VIV,MUNICIPIO30622,No,Si,,30622,Regla 2 coherente para validaciones implementadas.
GPA-001__R2-003__R1-002__0957,GPA-001__R2-003__R1-002,02_inputs_xml_flat/GPA-001__R2-003__R1-002__0957.xml,PASS,INFO,R1.D01=SI;R1.D02=NO;R2.D01=SI;R2.D02=NO;R2.D04=SI;R2.D05=SI;R2.D06=SI,MUNICIPIO_SIN_CN_VIV,MUNICIPIO30623,No,Si,,30623,Regla 2 coherente para validaciones implementadas.
GPA-001__R2-003__R1-002__0958,GPA-001__R2-003__R1-002,02_inputs_xml_flat/GPA-001__R2-003__R1-002__0958.xml,PASS,INFO,R1.D01=SI;R1.D02=NO;R2.D01=SI;R2.D02=NO;R2.D04=SI;R2.D05=SI;R2.D06=SI,MUNICIPIO_SIN_CN_VIV,MUNICIPIO30621,No,Si,,30621,Regla 2 coherente para validaciones implementadas.
GPA-001__R2-003__R1-002__0959,GPA-001__R2-003__R1-002,02_inputs_xml_flat/GPA-001__R2-003__R1-002__0959.xml,PASS,INFO,R1.D01=SI;R1.D02=NO;R2.D01=SI;R2.D02=NO;R2.D04=SI;R2.D05=SI;R2.D06=SI,MUNICIPIO_SIN_CN_VIV,MUNICIPIO30622,No,Si,,30622,Regla 2 coherente para validaciones implementadas.
GPA-001__R2-003__R1-002__0960,GPA-001__R2-003__R1-002,02_inputs_xml_flat/GPA-001__R2-003__R1-002__0960.xml,PASS,INFO,R1.D01=SI;R1.D02=NO;R2.D01=SI;R2.D02=NO;R2.D04=SI;R2.D05=SI;R2.D06=SI,MUNICIPIO_SIN_CN_VIV,MUNICIPIO30623,No,Si,,30623,Regla 2 coherente para validaciones implementadas.
GPA-001__R2-003__R1-002__0961,GPA-001__R2-003__R1-002,02_inputs_xml_flat/GPA-001__R2-003__R1-002__0961.xml,PASS,INFO,R1.D01=SI;R1.D02=NO;R2.D01=SI;R2.D02=NO;R2.D04=SI;R2.D05=SI;R2.D06=SI,MUNICIPIO_SIN_CN_VIV,MUNICIPIO30621,No,Si,,30621,Regla 2 coherente para validaciones implementadas.
GPA-001__R2-003__R1-002__0962,GPA-001__R2-003__R1-002,02_inputs_xml_flat/GPA-001__R2-003__R1-002__0962.xml,PASS,INFO,R1.D01=SI;R1.D02=NO;R2.D01=SI;R2.D02=NO;R2.D04=SI;R2.D05=SI;R2.D06=SI,MUNICIPIO_SIN_CN_VIV,MUNICIPIO30622,No,Si,,30622,Regla 2 coherente para validaciones implementadas.
GPA-001__R2-003__R1-002__0963,GPA-001__R2-003__R1-002,02_inputs_xml_flat/GPA-001__R2-003__R1-002__0963.xml,PASS,INFO,R1.D01=SI;R1.D02=NO;R2.D01=SI;R2.D02=NO;R2.D04=SI;R2.D05=SI;R2.D06=SI,MUNICIPIO_SIN_CN_VIV,MUNICIPIO30623,No,Si,,30623,Regla 2 coherente para validaciones implementadas.
GPA-001__R2-003__R1-002__0964,GPA-001__R2-003__R1-002,02_inputs_xml_flat/GPA-001__R2-003__R1-002__0964.xml,PASS,INFO,R1.D01=SI;R1.D02=NO;R2.D01=SI;R2.D02=NO;R2.D04=SI;R2.D05=SI;R2.D06=SI,MUNICIPIO_SIN_CN_VIV,MUNICIPIO30621,No,Si,,30621,Regla 2 coherente para validaciones implementadas.
GPA-001__R2-003__R1-002__0965,GPA-001__R2-003__R1-002,02_inputs_xml_flat/GPA-001__R2-003__R1-002__0965.xml,PASS,INFO,R1.D01=SI;R1.D02=NO;R2.D01=SI;R2.D02=NO;R2.D04=SI;R2.D05=SI;R2.D06=SI,MUNICIPIO_SIN_CN_VIV,MUNICIPIO30622,No,Si,,30622,Regla 2 coherente para validaciones implementadas.
GPA-001__R2-003__R1-002__0966,GPA-001__R2-003__R1-002,02_inputs_xml_flat/GPA-001__R2-003__R1-002__0966.xml,PASS,INFO,R1.D01=SI;R1.D02=NO;R2.D01=SI;R2.D02=NO;R2.D04=SI;R2.D05=SI;R2.D06=SI,MUNICIPIO_SIN_CN_VIV,MUNICIPIO30623,No,Si,,30623,Regla 2 coherente para validaciones implementadas.
GPA-001__R2-003__R1-002__0967,GPA-001__R2-003__R1-002,02_inputs_xml_flat/GPA-001__R2-003__R1-002__0967.xml,PASS,INFO,R1.D01=SI;R1.D02=NO;R2.D01=SI;R2.D02=NO;R2.D04=SI;R2.D05=SI;R2.D06=SI,MUNICIPIO_SIN_CN_VIV,MUNICIPIO30621,No,Si,,30621,Regla 2 coherente para validaciones implementadas.
GPA-001__R2-003__R1-002__0968,GPA-001__R2-003__R1-002,02_inputs_xml_flat/GPA-001__R2-003__R1-002__0968.xml,PASS,INFO,R1.D01=SI;R1.D02=NO;R2.D01=SI;R2.D02=NO;R2.D04=SI;R2.D05=SI;R2.D06=SI,MUNICIPIO_SIN_CN_VIV,MUNICIPIO30622,No,Si,,30622,Regla 2 coherente para validaciones implementadas.
GPA-001__R2-003__R1-002__0969,GPA-001__R2-003__R1-002,02_inputs_xml_flat/GPA-001__R2-003__R1-002__0969.xml,PASS,INFO,R1.D01=SI;R1.D02=NO;R2.D01=SI;R2.D02=NO;R2.D04=SI;R2.D05=SI;R2.D06=SI,MUNICIPIO_SIN_CN_VIV,MUNICIPIO30623,No,Si,,30623,Regla 2 coherente para validaciones implementadas.
GPA-001__R2-003__R1-002__0970,GPA-001__R2-003__R1-002,02_inputs_xml_flat/GPA-001__R2-003__R1-002__0970.xml,PASS,INFO,R1.D01=SI;R1.D02=NO;R2.D01=SI;R2.D02=NO;R2.D04=SI;R2.D05=SI;R2.D06=SI,MUNICIPIO_SIN_CN_VIV,MUNICIPIO30621,No,Si,,30621,Regla 2 coherente para validaciones implementadas.
GPA-001__R2-003__R1-002__0971,GPA-001__R2-003__R1-002,02_inputs_xml_flat/GPA-001__R2-003__R1-002__0971.xml,PASS,INFO,R1.D01=SI;R1.D02=NO;R2.D01=SI;R2.D02=NO;R2.D04=SI;R2.D05=SI;R2.D06=SI,MUNICIPIO_SIN_CN_VIV,MUNICIPIO30622,No,Si,,30622,Regla 2 coherente para validaciones implementadas.
GPA-001__R2-003__R1-002__0972,GPA-001__R2-003__R1-002,02_inputs_xml_flat/GPA-001__R2-003__R1-002__0972.xml,PASS,INFO,R1.D01=SI;R1.D02=NO;R2.D01=SI;R2.D02=NO;R2.D04=SI;R2.D05=SI;R2.D06=SI,MUNICIPIO_SIN_CN_VIV,MUNICIPIO30623,No,Si,,30623,Regla 2 coherente para validaciones implementadas.
GPA-001__R2-003__R1-002__0973,GPA-001__R2-003__R1-002,02_inputs_xml_flat/GPA-001__R2-003__R1-002__0973.xml,PASS,INFO,R1.D01=SI;R1.D02=NO;R2.D01=SI;R2.D02=NO;R2.D04=SI;R2.D05=SI;R2.D06=SI,MUNICIPIO_SIN_CN_VIV,MUNICIPIO30621,No,Si,,30621,Regla 2 coherente para validaciones implementadas.
GPA-001__R2-003__R1-002__0974,GPA-001__R2-003__R1-002,02_inputs_xml_flat/GPA-001__R2-003__R1-002__0974.xml,PASS,INFO,R1.D01=SI;R1.D02=NO;R2.D01=SI;R2.D02=NO;R2.D04=SI;R2.D05=SI;R2.D06=SI,MUNICIPIO_SIN_CN_VIV,MUNICIPIO30622,No,Si,,30622,Regla 2 coherente para validaciones implementadas.
GPA-001__R2-003__R1-002__0975,GPA-001__R2-003__R1-002,02_inputs_xml_flat/GPA-001__R2-003__R1-002__0975.xml,PASS,INFO,R1.D01=SI;R1.D02=NO;R2.D01=SI;R2.D02=NO;R2.D04=SI;R2.D05=SI;R2.D06=SI,MUNICIPIO_SIN_CN_VIV,MUNICIPIO30623,No,Si,,30623,Regla 2 coherente para validaciones implementadas.
GPA-001__R2-003__R1-002__0976,GPA-001__R2-003__R1-002,02_inputs_xml_flat/GPA-001__R2-003__R1-002__0976.xml,PASS,INFO,R1.D01=SI;R1.D02=NO;R2.D01=SI;R2.D02=NO;R2.D04=SI;R2.D05=SI;R2.D06=SI,MUNICIPIO_SIN_CN_VIV,MUNICIPIO30621,No,Si,,30621,Regla 2 coherente para validaciones implementadas.
GPA-001__R2-003__R1-002__0977,GPA-001__R2-003__R1-002,02_inputs_xml_flat/GPA-001__R2-003__R1-002__0977.xml,PASS,INFO,R1.D01=SI;R1.D02=NO;R2.D01=SI;R2.D02=NO;R2.D04=SI;R2.D05=SI;R2.D06=SI,MUNICIPIO_SIN_CN_VIV,MUNICIPIO30622,No,Si,,30622,Regla 2 coherente para validaciones implementadas.
GPA-001__R2-003__R1-002__0978,GPA-001__R2-003__R1-002,02_inputs_xml_flat/GPA-001__R2-003__R1-002__0978.xml,PASS,INFO,R1.D01=SI;R1.D02=NO;R2.D01=SI;R2.D02=NO;R2.D04=SI;R2.D05=SI;R2.D06=SI,MUNICIPIO_SIN_CN_VIV,MUNICIPIO30623,No,Si,,30623,Regla 2 coherente para validaciones implementadas.
GPA-001__R2-003__R1-002__0979,GPA-001__R2-003__R1-002,02_inputs_xml_flat/GPA-001__R2-003__R1-002__0979.xml,PASS,INFO,R1.D01=SI;R1.D02=NO;R2.D01=SI;R2.D02=NO;R2.D04=SI;R2.D05=SI;R2.D06=SI,MUNICIPIO_SIN_CN_VIV,MUNICIPIO30621,No,Si,,30621,Regla 2 coherente para validaciones implementadas.
GPA-001__R2-003__R1-002__0980,GPA-001__R2-003__R1-002,02_inputs_xml_flat/GPA-001__R2-003__R1-002__0980.xml,PASS,INFO,R1.D01=SI;R1.D02=NO;R2.D01=SI;R2.D02=NO;R2.D04=SI;R2.D05=SI;R2.D06=SI,MUNICIPIO_SIN_CN_VIV,MUNICIPIO30622,No,Si,,30622,Regla 2 coherente para validaciones implementadas.
GPA-001__R2-003__R1-002__0981,GPA-001__R2-003__R1-002,02_inputs_xml_flat/GPA-001__R2-003__R1-002__0981.xml,PASS,INFO,R1.D01=SI;R1.D02=NO;R2.D01=SI;R2.D02=NO;R2.D04=SI;R2.D05=SI;R2.D06=SI,MUNICIPIO_SIN_CN_VIV,MUNICIPIO30623,No,Si,,30623,Regla 2 coherente para validaciones implementadas.
GPA-001__R2-003__R1-002__0982,GPA-001__R2-003__R1-002,02_inputs_xml_flat/GPA-001__R2-003__R1-002__0982.xml,PASS,INFO,R1.D01=SI;R1.D02=NO;R2.D01=SI;R2.D02=NO;R2.D04=SI;R2.D05=SI;R2.D06=SI,MUNICIPIO_SIN_CN_VIV,MUNICIPIO30621,No,Si,,30621,Regla 2 coherente para validaciones implementadas.
GPA-001__R2-003__R1-002__0983,GPA-001__R2-003__R1-002,02_inputs_xml_flat/GPA-001__R2-003__R1-002__0983.xml,PASS,INFO,R1.D01=SI;R1.D02=NO;R2.D01=SI;R2.D02=NO;R2.D04=SI;R2.D05=SI;R2.D06=SI,MUNICIPIO_SIN_CN_VIV,MUNICIPIO30622,No,Si,,30622,Regla 2 coherente para validaciones implementadas.
GPA-001__R2-003__R1-002__0984,GPA-001__R2-003__R1-002,02_inputs_xml_flat/GPA-001__R2-003__R1-002__0984.xml,PASS,INFO,R1.D01=SI;R1.D02=NO;R2.D01=SI;R2.D02=NO;R2.D04=SI;R2.D05=SI;R2.D06=SI,MUNICIPIO_SIN_CN_VIV,MUNICIPIO30623,No,Si,,30623,Regla 2 coherente para validaciones implementadas.
GPA-001__R2-003__R1-002__0985,GPA-001__R2-003__R1-002,02_inputs_xml_flat/GPA-001__R2-003__R1-002__0985.xml,PASS,INFO,R1.D01=SI;R1.D02=NO;R2.D01=SI;R2.D02=NO;R2.D04=SI;R2.D05=SI;R2.D06=SI,MUNICIPIO_SIN_CN_VIV,MUNICIPIO30621,No,Si,,30621,Regla 2 coherente para validaciones implementadas.
GPA-001__R2-003__R1-002__0986,GPA-001__R2-003__R1-002,02_inputs_xml_flat/GPA-001__R2-003__R1-002__0986.xml,PASS,INFO,R1.D01=SI;R1.D02=NO;R2.D01=SI;R2.D02=NO;R2.D04=SI;R2.D05=SI;R2.D06=SI,MUNICIPIO_SIN_CN_VIV,MUNICIPIO30622,No,Si,,30622,Regla 2 coherente para validaciones implementadas.
GPA-001__R2-003__R1-002__0987,GPA-001__R2-003__R1-002,02_inputs_xml_flat/GPA-001__R2-003__R1-002__0987.xml,PASS,INFO,R1.D01=SI;R1.D02=NO;R2.D01=SI;R2.D02=NO;R2.D04=SI;R2.D05=SI;R2.D06=SI,MUNICIPIO_SIN_CN_VIV,MUNICIPIO30623,No,Si,,30623,Regla 2 coherente para validaciones implementadas.
GPA-001__R2-003__R1-002__0988,GPA-001__R2-003__R1-002,02_inputs_xml_flat/GPA-001__R2-003__R1-002__0988.xml,PASS,INFO,R1.D01=SI;R1.D02=NO;R2.D01=SI;R2.D02=NO;R2.D04=SI;R2.D05=SI;R2.D06=SI,MUNICIPIO_SIN_CN_VIV,MUNICIPIO30621,No,Si,,30621,Regla 2 coherente para validaciones implementadas.
GPA-001__R2-003__R1-002__0989,GPA-001__R2-003__R1-002,02_inputs_xml_flat/GPA-001__R2-003__R1-002__0989.xml,PASS,INFO,R1.D01=SI;R1.D02=NO;R2.D01=SI;R2.D02=NO;R2.D04=SI;R2.D05=SI;R2.D06=SI,MUNICIPIO_SIN_CN_VIV,MUNICIPIO30622,No,Si,,30622,Regla 2 coherente para validaciones implementadas.
GPA-001__R2-003__R1-002__0990,GPA-001__R2-003__R1-002,02_inputs_xml_flat/GPA-001__R2-003__R1-002__0990.xml,PASS,INFO,R1.D01=SI;R1.D02=NO;R2.D01=SI;R2.D02=NO;R2.D04=SI;R2.D05=SI;R2.D06=SI,MUNICIPIO_SIN_CN_VIV,MUNICIPIO30623,No,Si,,30623,Regla 2 coherente para validaciones implementadas.
GPA-001__R2-003__R1-002__0991,GPA-001__R2-003__R1-002,02_inputs_xml_flat/GPA-001__R2-003__R1-002__0991.xml,PASS,INFO,R1.D01=SI;R1.D02=NO;R2.D01=SI;R2.D02=NO;R2.D04=SI;R2.D05=SI;R2.D06=SI,MUNICIPIO_SIN_CN_VIV,MUNICIPIO30621,No,Si,,30621,Regla 2 coherente para validaciones implementadas.
GPA-001__R2-003__R1-002__0992,GPA-001__R2-003__R1-002,02_inputs_xml_flat/GPA-001__R2-003__R1-002__0992.xml,PASS,INFO,R1.D01=SI;R1.D02=NO;R2.D01=SI;R2.D02=NO;R2.D04=SI;R2.D05=SI;R2.D06=SI,MUNICIPIO_SIN_CN_VIV,MUNICIPIO30622,No,Si,,30622,Regla 2 coherente para validaciones implementadas.
GPA-001__R2-003__R1-002__0993,GPA-001__R2-003__R1-002,02_inputs_xml_flat/GPA-001__R2-003__R1-002__0993.xml,PASS,INFO,R1.D01=SI;R1.D02=NO;R2.D01=SI;R2.D02=NO;R2.D04=SI;R2.D05=SI;R2.D06=SI,MUNICIPIO_SIN_CN_VIV,MUNICIPIO30623,No,Si,,30623,Regla 2 coherente para validaciones implementadas.
GPA-001__R2-003__R1-002__0994,GPA-001__R2-003__R1-002,02_inputs_xml_flat/GPA-001__R2-003__R1-002__0994.xml,PASS,INFO,R1.D01=SI;R1.D02=NO;R2.D01=SI;R2.D02=NO;R2.D04=SI;R2.D05=SI;R2.D06=SI,MUNICIPIO_SIN_CN_VIV,MUNICIPIO30621,No,Si,,30621,Regla 2 coherente para validaciones implementadas.
GPA-001__R2-003__R1-002__0995,GPA-001__R2-003__R1-002,02_inputs_xml_flat/GPA-001__R2-003__R1-002__0995.xml,PASS,INFO,R1.D01=SI;R1.D02=NO;R2.D01=SI;R2.D02=NO;R2.D04=SI;R2.D05=SI;R2.D06=SI,MUNICIPIO_SIN_CN_VIV,MUNICIPIO30622,No,Si,,30622,Regla 2 coherente para validaciones implementadas.
GPA-001__R2-003__R1-002__0996,GPA-001__R2-003__R1-002,02_inputs_xml_flat/GPA-001__R2-003__R1-002__0996.xml,PASS,INFO,R1.D01=SI;R1.D02=NO;R2.D01=SI;R2.D02=NO;R2.D04=SI;R2.D05=SI;R2.D06=SI,MUNICIPIO_SIN_CN_VIV,MUNICIPIO30623,No,Si,,30623,Regla 2 coherente para validaciones implementadas.
GPA-001__R2-003__R1-002__0997,GPA-001__R2-003__R1-002,02_inputs_xml_flat/GPA-001__R2-003__R1-002__0997.xml,PASS,INFO,R1.D01=SI;R1.D02=NO;R2.D01=SI;R2.D02=NO;R2.D04=SI;R2.D05=SI;R2.D06=SI,MUNICIPIO_SIN_CN_VIV,MUNICIPIO30621,No,Si,,30621,Regla 2 coherente para validaciones implementadas.
GPA-001__R2-003__R1-002__0998,GPA-001__R2-003__R1-002,02_inputs_xml_flat/GPA-001__R2-003__R1-002__0998.xml,PASS,INFO,R1.D01=SI;R1.D02=NO;R2.D01=SI;R2.D02=NO;R2.D04=SI;R2.D05=SI;R2.D06=SI,MUNICIPIO_SIN_CN_VIV,MUNICIPIO30622,No,Si,,30622,Regla 2 coherente para validaciones implementadas.
GPA-001__R2-003__R1-002__0999,GPA-001__R2-003__R1-002,02_inputs_xml_flat/GPA-001__R2-003__R1-002__0999.xml,PASS,INFO,R1.D01=SI;R1.D02=NO;R2.D01=SI;R2.D02=NO;R2.D04=SI;R2.D05=SI;R2.D06=SI,MUNICIPIO_SIN_CN_VIV,MUNICIPIO30623,No,Si,,30623,Regla 2 coherente para validaciones implementadas.
GPA-001__R2-003__R1-002__1000,GPA-001__R2-003__R1-002,02_inputs_xml_flat/GPA-001__R2-003__R1-002__1000.xml,PASS,INFO,R1.D01=SI;R1.D02=NO;R2.D01=SI;R2.D02=NO;R2.D04=SI;R2.D05=SI;R2.D06=SI,MUNICIPIO_SIN_CN_VIV,MUNICIPIO30621,No,Si,,30621,Regla 2 coherente para validaciones implementadas.
